-68.439203
-68.088514
-67.737824
-67.387134
-67.036444
-66.685755
-66.335065
-65.984375
-65.633685
-65.282996
-64.932306
-64.581616
-64.230927
-63.880237
-63.529547
-63.178857
-62.828168
-62.477478
-62.126788
-61.776098
-61.425409
-61.074719
-60.724029
-60.373339
-60.022650
-59.671960
-59.321270
-58.970580
-58.619891
-58.269201
-57.918511
-57.567822
-57.217132
-56.866442
-56.515752
-56.165063
-55.814373
-55.463683
-55.112993
-54.762304
-54.411614
-54.060924
-53.710234
-53.359545
-53.008855
-52.658165
-52.307475
-51.956786
-51.606096
-51.255406
-50.904717
-50.554027
-50.203337
-49.852647
-49.501958
-49.151268
-48.800578
-48.449888
-48.099199
-47.748509
-47.397819
-47.047129
-46.696440
-46.345750
-45.995060
-45.644370
-45.293681
-44.942991
-44.592301
-44.241612
-43.890922
-43.540232
-43.189542
-42.838853
-42.488163
-42.137473
-41.786783
-41.436094
-41.085404
-40.734714
-40.384024
-40.033335
-39.682645
-39.331955
-38.981266
-38.630576
-38.279886
-37.929196
-37.578507
-37.227817
-36.877127
-36.526437
-36.175748
-35.825058
-35.474368
-35.123678
-34.772989
-34.422299
-34.071609
-33.720919