0.378630 0.004209 0.374421 0.000000
0.381000 0.006373 0.374627 0.000000
0.377955 0.002613 0.375342 0.000000
0.382872 0.007539 0.375333 0.000000
0.378868 0.004863 0.374005 0.000000
0.386478 0.013454 0.373025 0.000000
0.382002 0.006128 0.375874 0.000000
0.379356 0.004376 0.374980 0.000000
0.381895 0.007618 0.374276 0.000000
0.382884 0.007889 0.374995 0.000000
0.379526 0.003381 0.376145 0.000000
0.384339 0.009777 0.374561 0.000000
0.381754 0.008186 0.373568 0.000000
0.377330 0.003288 0.374041 0.000000
0.385852 0.011022 0.374830 0.000000