0.171609 0.110559 0.061050 0.000000
0.181700 0.118021 0.063679 0.000000
0.221120 0.159083 0.062037 0.000000
0.217840 0.155288 0.062552 0.000000
0.134576 0.070607 0.063969 0.000000
0.224191 0.161457 0.062734 0.000000
0.161117 0.106283 0.054834 0.000000
0.188008 0.126179 0.061829 0.000000
0.181988 0.119516 0.062472 0.000000
0.188812 0.130939 0.057873 0.000000
0.192401 0.130392 0.062010 0.000000
0.219932 0.162657 0.057274 0.000000
0.144751 0.089503 0.055247 0.000000
0.182144 0.116847 0.065297 0.000000
0.254417 0.188485 0.065932 0.000000