0.633623 0.154186 0.479438 0.000000
0.631571 0.181624 0.449946 0.000000
0.518641 0.079358 0.439282 0.000000
0.757537 0.244307 0.513230 0.000000
0.573477 0.195408 0.378069 0.000000
0.607554 0.163447 0.444107 0.000000
0.465864 0.042941 0.422923 0.000000
0.811841 0.293866 0.517975 0.000000
0.778603 0.340839 0.437764 0.000000
0.571007 0.192755 0.378252 0.000000
0.649670 0.214084 0.435586 0.000000
0.501911 0.129624 0.372287 0.000000
0.587975 0.187541 0.400434 0.000000
0.451598 0.044616 0.406982 0.000000
0.671001 0.240470 0.430532 0.000000