  0.000000  31.622777
 15.000000  25.298221
 30.000000  20.238577
 45.000000  16.190862
 60.000000  12.952689
 75.000000  10.362151
 90.000000   8.289721
105.000000   6.631777
120.000000   5.305422
135.000000   4.244337
150.000000   3.395470
165.000000   2.716376
180.000000   2.173101
195.000000   1.738481
210.000000   1.390784
225.000000   1.112628
240.000000   0.890102
255.000000   0.712082
270.000000   0.569665
285.000000   0.455732
300.000000   0.364586
315.000000   0.291669
330.000000   0.233335
345.000000   0.186668
360.000000   0.149334
375.000000   0.119467
390.000000   0.095574
405.000000   0.076459
420.000000   0.061167
435.000000   0.048934
450.000000   0.039147
465.000000   0.031318
480.000000   0.025054
495.000000   0.020043
510.000000   0.016035
525.000000   0.012828
540.000000   0.010262
555.000000   0.008210
570.000000   0.006568
585.000000   0.005254