  0.000000   0.517752   0.450576   0.067175   0.000000
 15.000000   0.339193   0.279661   0.059531   0.000000
 30.000000   0.106038   0.054902   0.051136   0.000000
 45.000000   0.112605   0.060563   0.052042   0.000000
 60.000000   0.067155   0.014543   0.052612   0.000000
 75.000000   0.063491   0.007574   0.055917   0.000000
 90.000000   0.073759   0.017537   0.056222   0.000000
105.000000   0.057925   0.002715   0.055211   0.000000
120.000000   0.061164   0.006026   0.055138   0.000000
135.000000   0.063385   0.007939   0.055446   0.000000
150.000000   0.059237   0.003944   0.055293   0.000000
165.000000   0.061950   0.006557   0.055393   0.000000
180.000000   0.058833   0.003822   0.055011   0.000000
195.000000   0.057303   0.002388   0.054915   0.000000
210.000000   0.057090   0.002224   0.054866   0.000000
225.000000   0.056633   0.001854   0.054780   0.000000
240.000000   0.055375   0.000465   0.054910   0.000000
255.000000   0.055541   0.000583   0.054959   0.000000
270.000000   0.056246   0.001345   0.054901   0.000000
285.000000   0.055399   0.000460   0.054938   0.000000
300.000000   0.055878   0.000980   0.054898   0.000000
315.000000   0.055229   0.000286   0.054943   0.000000
330.000000   0.055119   0.000127   0.054991   0.000000
345.000000   0.055232   0.000228   0.055004   0.000000
360.000000   0.055337   0.000306   0.055031   0.000000
375.000000   0.055208   0.000163   0.055046   0.000000
390.000000   0.055170   0.000126   0.055044   0.000000
405.000000   0.055078   0.000037   0.055041   0.000000
420.000000   0.055128   0.000084   0.055044   0.000000
435.000000   0.055087   0.000044   0.055043   0.000000
450.000000   0.055103   0.000061   0.055041   0.000000
465.000000   0.055090   0.000046   0.055044   0.000000
480.000000   0.055100   0.000057   0.055043   0.000000
495.000000   0.055048   0.000003   0.055044   0.000000
510.000000   0.055052   0.000009   0.055043   0.000000
525.000000   0.055063   0.000017   0.055047   0.000000
540.000000   0.055053   0.000008   0.055046   0.000000
555.000000   0.055054   0.000009   0.055045   0.000000
570.000000   0.055051   0.000005   0.055045   0.000000
585.000000   0.055049   0.000003   0.055046   0.000000