0.375390 0.001119 0.374272 0.000000
0.378597 0.005896 0.372701 0.000000
0.379427 0.004949 0.374478 0.000000
0.381601 0.007896 0.373705 0.000000
0.378915 0.003569 0.375346 0.000000
0.381492 0.008196 0.373296 0.000000
0.381036 0.007231 0.373805 0.000000
0.379740 0.005538 0.374202 0.000000
0.385636 0.013144 0.372492 0.000000
0.377528 0.004115 0.373413 0.000000
0.379221 0.004095 0.375126 0.000000
0.376581 0.003235 0.373346 0.000000
0.379350 0.004995 0.374356 0.000000
0.378859 0.004806 0.374053 0.000000
0.382155 0.008857 0.373297 0.000000