time,left_s0,left_s1,left_e0,left_e1,left_w0,left_w1,left_w2,left_gripper,right_s0,right_s1,right_e0,right_e1,right_w0,right_w1,right_w2,right_gripper
0.695558,-0.00575242795457,-0.554917550018,-0.00383495196971,0.746281653306,-0.00383495196971,1.2536457989,-0.00421844716668,0.0,0.649640863669,-0.642737950124,-0.860179726807,0.316383537501,0.859412736413,1.48335942189,-0.541495218124,96.0848312378
0.695690,-0.00575242795457,-0.554917550018,-0.00383495196971,0.746281653306,-0.00383495196971,1.2536457989,-0.00421844716668,0.0,0.649640863669,-0.642737950124,-0.860179726807,0.316383537501,0.859412736413,1.48335942189,-0.541495218124,96.0848312378
0.705759,-0.0053689327576,-0.555301045215,-0.00460194236366,0.745514662912,-0.00345145677274,1.2536457989,-0.00460194236366,0.0,0.647723387685,-0.642354454927,-0.859412736413,0.316000042304,0.858645746019,1.48450990748,-0.541495218124,96.0848312378
0.715776,-0.00575242795457,-0.555301045215,-0.00345145677274,0.746281653306,-0.00345145677274,1.25287880851,-0.00498543756063,0.0,0.647339892488,-0.643121445321,-0.859412736413,0.316383537501,0.858262250822,1.48566039307,-0.541495218124,96.0848312378
0.725781,-0.0053689327576,-0.554917550018,-0.00383495196971,0.746281653306,-0.00345145677274,1.25479628449,-0.00460194236366,0.0,0.6458059117,-0.64197095973,-0.859412736413,0.316000042304,0.859029241216,1.48681087866,-0.541495218124,96.0848312378
0.735769,-0.00498543756063,-0.554917550018,-0.00421844716668,0.745898158109,-0.00383495196971,1.2532623037,-0.00460194236366,0.0,0.645038921306,-0.642354454927,-0.859412736413,0.316000042304,0.858645746019,1.48796136425,-0.541111722927,96.0848312378
0.745755,-0.00460194236366,-0.555684540411,-0.00460194236366,0.745898158109,-0.00383495196971,1.2532623037,-0.00460194236366,0.0,0.644271930912,-0.64197095973,-0.859029241216,0.316383537501,0.858645746019,1.48872835464,-0.541878713321,96.0848312378
0.755749,-0.00575242795457,-0.555301045215,-0.00421844716668,0.745898158109,-0.00345145677274,1.2540292941,-0.00460194236366,0.0,0.642737950124,-0.64197095973,-0.85979623161,0.316767032698,0.858645746019,1.49026233543,-0.54072822773,96.0848312378
0.765779,-0.00575242795457,-0.555301045215,-0.00421844716668,0.745898158109,-0.00345145677274,1.2540292941,-0.00460194236366,0.0,0.642354454927,-0.641203969336,-0.859029241216,0.316383537501,0.858262250822,1.49102932582,-0.541878713321,96.0848312378
0.775747,-0.00575242795457,-0.554917550018,-0.00383495196971,0.745898158109,-0.00383495196971,1.2532623037,-0.00383495196971,0.0,0.641203969336,-0.641203969336,-0.85979623161,0.316000042304,0.858262250822,1.49179631622,-0.541878713321,96.0848312378
0.785747,-0.0053689327576,-0.554917550018,-0.00345145677274,0.745898158109,-0.00421844716668,1.2536457989,-0.00421844716668,0.0,0.640053483745,-0.642354454927,-0.85979623161,0.316000042304,0.858262250822,1.49179631622,-0.541111722927,96.0848312378
0.795771,-0.00575242795457,-0.555301045215,-0.00421844716668,0.746665148503,-0.00383495196971,1.2540292941,-0.00460194236366,0.0,0.639286493351,-0.641203969336,-0.85979623161,0.316000042304,0.858645746019,1.49333029701,-0.541111722927,96.0848312378
0.805771,-0.00575242795457,-0.554917550018,-0.00383495196971,0.745514662912,-0.00383495196971,1.2536457989,-0.00460194236366,0.0,0.637752512563,-0.641587464533,-0.859412736413,0.316383537501,0.857878755625,1.4937137922,-0.541878713321,96.0848312378
0.815763,-0.00575242795457,-0.554534054821,-0.00345145677274,0.745514662912,-0.00460194236366,1.2540292941,-0.00421844716668,0.0,0.636985522169,-0.641203969336,-0.858645746019,0.316383537501,0.858262250822,1.49486427779,-0.541878713321,96.0848312378
0.825762,-0.0053689327576,-0.554917550018,-0.00421844716668,0.745898158109,-0.00345145677274,1.2540292941,-0.00498543756063,0.0,0.636218531775,-0.640820474139,-0.859412736413,0.316383537501,0.858262250822,1.49678175378,-0.541495218124,96.0848312378
0.835763,-0.0053689327576,-0.555301045215,-0.00460194236366,0.746281653306,-0.00345145677274,1.2540292941,-0.00498543756063,0.0,0.635068046185,-0.641587464533,-0.85979623161,0.316383537501,0.858262250822,1.49754874417,-0.541878713321,96.0848312378
0.845783,-0.0053689327576,-0.555301045215,-0.00421844716668,0.746281653306,-0.00383495196971,1.2540292941,-0.00460194236366,0.0,0.634301055791,-0.641203969336,-0.859029241216,0.317150527895,0.858645746019,1.49869922976,-0.541878713321,96.0848312378
0.855765,-0.0053689327576,-0.554917550018,-0.00421844716668,0.745898158109,-0.0026844663788,1.25441278929,-0.00498543756063,0.0,0.6331505702,-0.640820474139,-0.859412736413,0.316383537501,0.858262250822,1.49908272496,-0.541878713321,96.0848312378
0.865760,-0.0053689327576,-0.554917550018,-0.00460194236366,0.745898158109,-0.00383495196971,1.2540292941,-0.00498543756063,0.0,0.632000084609,-0.640820474139,-0.85979623161,0.316767032698,0.858262250822,1.49984971535,-0.543029198911,96.0848312378
0.875765,-0.00575242795457,-0.554917550018,-0.00383495196971,0.745514662912,-0.00383495196971,1.2536457989,-0.00460194236366,0.0,0.631233094215,-0.640820474139,-0.859412736413,0.316000042304,0.858262250822,1.50023321055,-0.542262208517,96.0848312378
0.885774,-0.0053689327576,-0.555301045215,-0.00421844716668,0.745898158109,-0.00383495196971,1.25441278929,-0.00460194236366,0.0,0.630466103821,-0.640820474139,-0.859412736413,0.316000042304,0.858645746019,1.50061670575,-0.543029198911,96.0848312378
0.895778,-0.0053689327576,-0.555684540411,-0.00383495196971,0.746281653306,-0.00345145677274,1.2540292941,-0.0053689327576,0.0,0.628932123033,-0.640436978942,-0.859412736413,0.316000042304,0.857878755625,1.50023321055,-0.543029198911,96.0848312378
0.905765,-0.00498543756063,-0.555684540411,-0.00345145677274,0.745898158109,-0.00383495196971,1.2536457989,-0.00460194236366,0.0,0.627781637442,-0.640436978942,-0.859412736413,0.315616547107,0.858262250822,1.50100020095,-0.542645703714,96.0848312378
0.915755,-0.00575242795457,-0.554917550018,-0.00460194236366,0.746281653306,-0.00383495196971,1.2536457989,-0.00498543756063,0.0,0.627014647048,-0.640053483745,-0.859412736413,0.316383537501,0.858262250822,1.50100020095,-0.542262208517,96.0848312378
0.925757,-0.0053689327576,-0.554917550018,-0.00383495196971,0.745514662912,-0.00383495196971,1.25441278929,-0.00498543756063,0.0,0.625864161457,-0.640053483745,-0.859412736413,0.316000042304,0.858262250822,1.50138369614,-0.541878713321,96.0848312378
0.935759,-0.00575242795457,-0.555301045215,-0.00383495196971,0.746281653306,-0.00345145677274,1.25441278929,-0.00498543756063,0.0,0.625097171063,-0.640820474139,-0.859412736413,0.316383537501,0.857495260428,1.50100020095,-0.542262208517,96.0848312378
0.945776,-0.0053689327576,-0.556068035608,-0.00383495196971,0.746665148503,-0.00345145677274,1.2532623037,-0.00460194236366,0.0,0.624330180669,-0.639669988548,-0.85979623161,0.316383537501,0.857495260428,1.50138369614,-0.542262208517,96.0848312378
0.955755,-0.00575242795457,-0.555301045215,-0.00383495196971,0.745514662912,-0.00345145677274,1.2532623037,-0.00498543756063,0.0,0.623563190275,-0.641203969336,-0.859412736413,0.315616547107,0.858645746019,1.50100020095,-0.542645703714,96.0848312378
0.965774,-0.00498543756063,-0.554534054821,-0.00383495196971,0.745898158109,-0.00306796157577,1.2540292941,-0.00421844716668,0.0,0.622412704685,-0.640820474139,-0.85979623161,0.316000042304,0.858645746019,1.50100020095,-0.542262208517,96.0848312378
0.975766,-0.0053689327576,-0.555684540411,-0.00460194236366,0.745514662912,-0.00383495196971,1.2540292941,-0.00460194236366,0.0,0.621262219094,-0.640820474139,-0.85979623161,0.316000042304,0.858645746019,1.50023321055,-0.542262208517,96.0848312378
0.985759,-0.0053689327576,-0.555301045215,-0.00460194236366,0.745514662912,-0.00345145677274,1.2532623037,-0.00498543756063,0.0,0.620111733503,-0.641203969336,-0.85979623161,0.31523305191,0.858262250822,1.49946622016,-0.542262208517,96.0848312378
0.995777,-0.00575242795457,-0.554917550018,-0.00383495196971,0.745898158109,-0.00345145677274,1.2536457989,-0.00421844716668,0.0,0.619344743109,-0.640820474139,-0.859412736413,0.316000042304,0.857878755625,1.50023321055,-0.542262208517,96.0848312378
1.005754,-0.0053689327576,-0.555301045215,-0.00460194236366,0.746281653306,-0.00345145677274,1.2536457989,-0.00460194236366,0.0,0.618577752715,-0.640436978942,-0.859412736413,0.315616547107,0.858645746019,1.50061670575,-0.542262208517,96.0848312378
1.015777,-0.0053689327576,-0.555301045215,-0.00383495196971,0.746281653306,-0.00383495196971,1.2540292941,-0.00498543756063,0.0,0.617810762321,-0.640436978942,-0.859412736413,0.31523305191,0.857495260428,1.50023321055,-0.541878713321,96.0848312378
1.025769,-0.00460194236366,-0.554917550018,-0.00383495196971,0.745514662912,-0.00345145677274,1.2536457989,-0.00498543756063,0.0,0.61666027673,-0.640436978942,-0.859029241216,0.31523305191,0.858262250822,1.49984971535,-0.542262208517,96.0848312378
1.035773,-0.00575242795457,-0.555684540411,-0.00421844716668,0.746281653306,-0.00345145677274,1.2536457989,-0.00460194236366,0.0,0.616276781533,-0.640820474139,-0.859412736413,0.31523305191,0.857878755625,1.49984971535,-0.542645703714,96.0848312378
1.045781,-0.00575242795457,-0.555301045215,-0.00383495196971,0.745898158109,-0.00306796157577,1.2532623037,-0.00421844716668,0.0,0.614742800745,-0.641203969336,-0.85979623161,0.316000042304,0.858262250822,1.49984971535,-0.542645703714,96.0848312378
1.055780,-0.00575242795457,-0.554917550018,-0.00383495196971,0.745514662912,-0.00345145677274,1.2540292941,-0.00498543756063,0.0,0.613592315154,-0.641203969336,-0.859412736413,0.315616547107,0.858262250822,1.49984971535,-0.542262208517,96.0848312378
1.065788,-0.00460194236366,-0.555684540411,-0.00383495196971,0.745898158109,-0.00383495196971,1.2536457989,-0.00460194236366,0.0,0.613208819957,-0.640820474139,-0.859412736413,0.316000042304,0.858645746019,1.49908272496,-0.542645703714,96.0848312378
1.075779,-0.0053689327576,-0.555301045215,-0.00421844716668,0.746281653306,-0.00306796157577,1.2536457989,-0.0053689327576,0.0,0.61282532476,-0.640053483745,-0.860179726807,0.316000042304,0.858262250822,1.49908272496,-0.542645703714,96.0848312378
1.085783,-0.0053689327576,-0.555301045215,-0.00460194236366,0.746281653306,-0.00345145677274,1.2540292941,-0.00498543756063,0.0,0.610524353578,-0.640436978942,-0.85979623161,0.316000042304,0.858262250822,1.49869922976,-0.541878713321,96.0848312378
1.095870,-0.00498543756063,-0.555301045215,-0.00345145677274,0.745898158109,-0.00421844716668,1.2536457989,-0.00460194236366,0.0,0.609757363184,-0.640436978942,-0.859412736413,0.316000042304,0.857878755625,1.49908272496,-0.542262208517,96.0848312378
1.105772,-0.00651941834851,-0.554917550018,-0.00345145677274,0.745131167715,-0.00383495196971,1.2532623037,-0.00498543756063,0.0,0.608990372791,-0.640436978942,-0.85979623161,0.316000042304,0.858262250822,1.49869922976,-0.542262208517,96.0848312378
1.115775,-0.00575242795457,-0.554917550018,-0.00421844716668,0.746281653306,-0.00383495196971,1.25441278929,-0.00460194236366,0.0,0.608223382397,-0.640436978942,-0.860179726807,0.316000042304,0.857878755625,1.49908272496,-0.542645703714,96.0848312378
1.125780,-0.0053689327576,-0.554917550018,-0.00345145677274,0.745898158109,-0.00383495196971,1.25441278929,-0.00460194236366,0.0,0.6078398872,-0.640436978942,-0.859412736413,0.316383537501,0.858262250822,1.49908272496,-0.542262208517,96.0848312378
1.135785,-0.00498543756063,-0.554917550018,-0.00421844716668,0.745898158109,-0.00383495196971,1.2540292941,-0.00498543756063,0.0,0.605922411215,-0.640820474139,-0.859412736413,0.316000042304,0.858645746019,1.49831573457,-0.541878713321,96.0848312378
1.146037,-0.00498543756063,-0.554534054821,-0.00345145677274,0.746281653306,-0.00306796157577,1.2540292941,-0.00460194236366,0.0,0.605538916018,-0.640436978942,-0.859029241216,0.316000042304,0.858262250822,1.49946622016,-0.542645703714,96.0848312378
1.155790,-0.00575242795457,-0.555301045215,-0.00383495196971,0.746281653306,-0.00383495196971,1.25441278929,-0.00421844716668,0.0,0.60400493523,-0.640053483745,-0.859412736413,0.316383537501,0.858262250822,1.49793223937,-0.542262208517,96.0848312378
1.165779,-0.00498543756063,-0.555301045215,-0.00383495196971,0.745514662912,-0.00345145677274,1.2536457989,-0.00498543756063,0.0,0.603237944836,-0.639286493351,-0.859029241216,0.316383537501,0.858262250822,1.49754874417,-0.542262208517,96.0848312378
1.175779,-0.00498543756063,-0.554534054821,-0.00383495196971,0.745898158109,-0.00306796157577,1.2540292941,-0.00460194236366,0.0,0.602087459245,-0.640436978942,-0.85979623161,0.316000042304,0.857878755625,1.49754874417,-0.542645703714,96.0848312378
1.185778,-0.0053689327576,-0.555301045215,-0.00460194236366,0.745898158109,-0.00345145677274,1.2540292941,-0.00498543756063,0.0,0.600936973654,-0.639669988548,-0.859412736413,0.316000042304,0.857878755625,1.49716524898,-0.542262208517,96.0848312378
1.195805,-0.00575242795457,-0.555301045215,-0.00383495196971,0.745514662912,-0.00345145677274,1.2540292941,-0.00498543756063,0.0,0.599786488063,-0.639669988548,-0.859412736413,0.315616547107,0.858262250822,1.49639825858,-0.542262208517,96.0848312378
1.205788,-0.00498543756063,-0.556068035608,-0.00345145677274,0.746281653306,-0.00383495196971,1.2532623037,-0.00460194236366,0.0,0.598252507275,-0.639669988548,-0.859412736413,0.315616547107,0.858645746019,1.49563126819,-0.541878713321,96.0848312378
1.215778,-0.00575242795457,-0.554917550018,-0.00421844716668,0.745514662912,-0.00421844716668,1.2540292941,-0.00460194236366,0.0,0.597485516881,-0.639286493351,-0.859029241216,0.316383537501,0.858645746019,1.4944807826,-0.542262208517,96.0848312378
1.225788,-0.00575242795457,-0.555301045215,-0.00383495196971,0.745898158109,-0.00345145677274,1.2536457989,-0.00421844716668,0.0,0.595568040897,-0.638902998154,-0.85979623161,0.316000042304,0.857878755625,1.49333029701,-0.541495218124,96.0848312378
1.235777,-0.00575242795457,-0.555301045215,-0.00345145677274,0.745131167715,-0.00383495196971,1.2536457989,-0.00460194236366,0.0,0.594801050503,-0.638902998154,-0.85979623161,0.316000042304,0.857878755625,1.49217981142,-0.541495218124,96.0848312378
1.245774,-0.0053689327576,-0.554917550018,-0.00306796157577,0.746281653306,-0.00345145677274,1.2532623037,-0.00421844716668,0.0,0.592883574518,-0.639286493351,-0.859029241216,0.316000042304,0.857878755625,1.49102932582,-0.541495218124,96.0848312378
1.255767,-0.00613592315154,-0.555684540411,-0.00460194236366,0.745898158109,-0.00421844716668,1.2532623037,-0.00421844716668,0.0,0.592500079321,-0.638902998154,-0.859029241216,0.316383537501,0.858262250822,1.48949534504,-0.541111722927,96.0848312378
1.265779,-0.0053689327576,-0.555301045215,-0.00383495196971,0.745514662912,-0.00345145677274,1.2536457989,-0.00421844716668,0.0,0.590966098533,-0.63813600776,-0.859029241216,0.316383537501,0.857878755625,1.48949534504,-0.541111722927,96.0848312378
1.275788,-0.0053689327576,-0.555301045215,-0.00421844716668,0.746281653306,-0.00421844716668,1.2536457989,-0.00498543756063,0.0,0.590582603336,-0.639286493351,-0.85979623161,0.316767032698,0.857878755625,1.48796136425,-0.540344732533,96.0848312378
1.285766,-0.00498543756063,-0.554917550018,-0.00345145677274,0.745898158109,-0.00345145677274,1.2540292941,-0.00498543756063,0.0,0.588281632154,-0.637369017366,-0.859412736413,0.316383537501,0.858645746019,1.48681087866,-0.54072822773,96.0848312378
1.295781,-0.00575242795457,-0.554917550018,-0.00345145677274,0.746281653306,-0.00383495196971,1.2536457989,-0.00460194236366,0.0,0.586747651366,-0.638519502957,-0.859412736413,0.316767032698,0.858262250822,1.48489340267,-0.541111722927,96.0848312378
1.305775,-0.0053689327576,-0.555301045215,-0.00383495196971,0.745898158109,-0.00383495196971,1.2536457989,-0.00498543756063,0.0,0.586364156169,-0.637369017366,-0.859412736413,0.316000042304,0.858645746019,1.48450990748,-0.54072822773,96.0848312378
1.315771,-0.0053689327576,-0.555684540411,-0.00421844716668,0.745131167715,-0.00383495196971,1.2536457989,-0.00460194236366,0.0,0.584446680184,-0.637369017366,-0.859412736413,0.316767032698,0.858262250822,1.48335942189,-0.54072822773,96.0848312378
1.325778,-0.0053689327576,-0.555684540411,-0.00421844716668,0.745898158109,-0.00383495196971,1.2536457989,-0.00498543756063,0.0,0.582529204199,-0.636985522169,-0.860179726807,0.316000042304,0.857878755625,1.4818254411,-0.540344732533,96.0848312378
1.335804,-0.00575242795457,-0.554917550018,-0.00383495196971,0.746281653306,-0.00345145677274,1.2536457989,-0.00498543756063,0.0,0.581378718609,-0.636218531775,-0.859412736413,0.316000042304,0.857878755625,1.4810584507,-0.54072822773,96.0848312378
1.345763,-0.0053689327576,-0.555301045215,-0.00345145677274,0.746665148503,-0.00345145677274,1.2532623037,-0.00498543756063,0.0,0.579077747427,-0.635068046185,-0.859412736413,0.316000042304,0.857878755625,1.48029146031,-0.54072822773,96.0848312378
1.355806,-0.00575242795457,-0.554534054821,-0.00345145677274,0.745898158109,-0.00383495196971,1.2540292941,-0.00498543756063,0.0,0.577927261836,-0.635451541382,-0.85979623161,0.316000042304,0.857878755625,1.47875747952,-0.54072822773,96.0848312378
1.365775,-0.0053689327576,-0.554534054821,-0.00421844716668,0.745514662912,-0.00383495196971,1.2536457989,-0.00498543756063,0.0,0.575626290654,-0.635451541382,-0.85979623161,0.316767032698,0.858262250822,1.47760699393,-0.540344732533,96.0848312378
1.375766,-0.00498543756063,-0.555301045215,-0.00383495196971,0.746281653306,-0.00383495196971,1.2536457989,-0.00460194236366,0.0,0.57485930026,-0.635451541382,-0.85979623161,0.316383537501,0.857878755625,1.47799048913,-0.54072822773,96.0848312378
1.385770,-0.00498543756063,-0.555684540411,-0.00383495196971,0.745514662912,-0.00421844716668,1.2536457989,-0.00460194236366,0.0,0.572558329078,-0.635068046185,-0.85979623161,0.316383537501,0.857111765231,1.47607301314,-0.539961237336,96.0848312378
1.395759,-0.0053689327576,-0.555301045215,-0.00383495196971,0.745898158109,-0.00383495196971,1.2536457989,-0.00498543756063,0.0,0.571407843487,-0.634301055791,-0.85979623161,0.316000042304,0.858262250822,1.47568951795,-0.540344732533,96.0848312378
1.405753,-0.0053689327576,-0.554917550018,-0.00460194236366,0.745514662912,-0.00345145677274,1.2540292941,-0.00460194236366,0.0,0.569490367502,-0.634684550988,-0.85979623161,0.316383537501,0.857878755625,1.47453903235,-0.540344732533,96.0848312378
1.415759,-0.00575242795457,-0.554917550018,-0.00383495196971,0.745898158109,-0.00345145677274,1.2540292941,-0.00421844716668,0.0,0.567956386715,-0.633534065397,-0.85979623161,0.316383537501,0.857495260428,1.47377204196,-0.540344732533,96.0848312378
1.425752,-0.00498543756063,-0.555301045215,-0.00421844716668,0.745898158109,-0.00345145677274,1.2540292941,-0.00498543756063,0.0,0.565271920336,-0.634301055791,-0.860179726807,0.315616547107,0.857111765231,1.47338854676,-0.539961237336,96.0848312378
1.435776,-0.0053689327576,-0.555301045215,-0.00383495196971,0.745898158109,-0.00383495196971,1.25441278929,-0.00421844716668,0.0,0.564121434745,-0.632383579806,-0.858645746019,0.316000042304,0.857878755625,1.47262155637,-0.540344732533,96.0848312378
1.445770,-0.0053689327576,-0.555301045215,-0.00345145677274,0.745898158109,-0.00345145677274,1.2536457989,-0.00421844716668,0.0,0.561436968366,-0.632767075003,-0.85979623161,0.316383537501,0.857495260428,1.47223806117,-0.539961237336,96.0848312378
1.455764,-0.0053689327576,-0.555684540411,-0.00345145677274,0.745898158109,-0.00383495196971,1.2540292941,-0.00460194236366,0.0,0.559519492381,-0.632767075003,-0.859412736413,0.316000042304,0.857111765231,1.47147107078,-0.540344732533,96.0848312378
1.465773,-0.00498543756063,-0.554917550018,-0.00383495196971,0.745514662912,-0.00421844716668,1.2540292941,-0.00498543756063,0.0,0.557602016396,-0.632383579806,-0.859412736413,0.316000042304,0.857111765231,1.47070408039,-0.540344732533,96.0848312378
1.475782,-0.00613592315154,-0.554917550018,-0.00345145677274,0.745514662912,-0.00345145677274,1.2532623037,-0.00421844716668,0.0,0.556068035608,-0.631616589412,-0.859412736413,0.316383537501,0.858262250822,1.47032058519,-0.540344732533,96.0848312378
1.485779,-0.0053689327576,-0.555684540411,-0.00383495196971,0.745898158109,-0.00383495196971,1.2540292941,-0.00460194236366,0.0,0.55338356923,-0.630849599018,-0.859029241216,0.316383537501,0.857495260428,1.46993708999,-0.540344732533,96.0848312378
1.495766,-0.00575242795457,-0.555684540411,-0.00460194236366,0.746281653306,-0.00383495196971,1.25441278929,-0.00460194236366,0.0,0.551849588442,-0.630849599018,-0.859412736413,0.316383537501,0.857111765231,1.46993708999,-0.540344732533,96.0848312378
1.505751,-0.00575242795457,-0.554917550018,-0.00383495196971,0.745898158109,-0.00421844716668,1.2540292941,-0.00421844716668,0.0,0.548781626866,-0.630082608624,-0.859029241216,0.316383537501,0.857111765231,1.4691700996,-0.540344732533,96.0848312378
1.515774,-0.00575242795457,-0.554917550018,-0.00345145677274,0.745514662912,-0.00345145677274,1.25441278929,-0.00498543756063,0.0,0.546864150881,-0.631233094215,-0.859412736413,0.316383537501,0.857495260428,1.46801961401,-0.540344732533,96.0848312378
1.525755,-0.0053689327576,-0.554917550018,-0.00345145677274,0.745514662912,-0.00383495196971,1.2536457989,-0.00460194236366,0.0,0.545330170093,-0.630849599018,-0.860563222004,0.317150527895,0.856728270034,1.46801961401,-0.540344732533,96.0848312378
1.535746,-0.0053689327576,-0.556068035608,-0.00383495196971,0.745898158109,-0.00345145677274,1.2536457989,-0.00460194236366,0.0,0.543029198911,-0.630466103821,-0.85979623161,0.317534023092,0.857495260428,1.46648563322,-0.539961237336,96.0848312378
1.545742,-0.00575242795457,-0.555684540411,-0.00383495196971,0.746281653306,-0.00345145677274,1.2540292941,-0.00460194236366,0.0,0.541495218124,-0.630082608624,-0.859029241216,0.317917518289,0.857495260428,1.46648563322,-0.540344732533,96.0848312378
1.555766,-0.00575242795457,-0.554917550018,-0.00383495196971,0.746665148503,-0.00345145677274,1.2536457989,-0.00460194236366,0.0,0.537660266154,-0.630082608624,-0.859412736413,0.317917518289,0.857111765231,1.46648563322,-0.54072822773,96.0848312378
1.565778,-0.0053689327576,-0.555684540411,-0.00421844716668,0.746281653306,-0.00345145677274,1.2540292941,-0.0053689327576,0.0,0.536509780563,-0.630082608624,-0.85979623161,0.317534023092,0.857495260428,1.46571864282,-0.540344732533,96.0848312378
1.575751,-0.0053689327576,-0.555301045215,-0.00421844716668,0.745514662912,-0.00383495196971,1.2540292941,-0.00460194236366,0.0,0.533825314184,-0.630082608624,-0.860179726807,0.317917518289,0.857878755625,1.46571864282,-0.539961237336,96.0848312378
1.585771,-0.00575242795457,-0.555684540411,-0.00421844716668,0.745898158109,-0.00383495196971,1.2540292941,-0.00498543756063,0.0,0.531524343002,-0.629699113427,-0.860179726807,0.317917518289,0.857495260428,1.46533514763,-0.539961237336,96.0848312378
1.595770,-0.0053689327576,-0.554917550018,-0.00345145677274,0.746281653306,-0.00345145677274,1.2536457989,-0.00421844716668,0.0,0.529990362214,-0.628548627836,-0.859412736413,0.317150527895,0.857495260428,1.46495165243,-0.539961237336,96.0848312378
1.605778,-0.0053689327576,-0.554917550018,-0.00383495196971,0.745131167715,-0.00383495196971,1.2536457989,-0.00421844716668,0.0,0.526538905442,-0.62931561823,-0.85979623161,0.317534023092,0.857495260428,1.46418466204,-0.539961237336,96.0848312378
1.615787,-0.0053689327576,-0.555301045215,-0.00383495196971,0.745898158109,-0.00421844716668,1.2536457989,-0.00460194236366,0.0,0.524621429457,-0.628165132639,-0.85979623161,0.317150527895,0.857495260428,1.46380116684,-0.539961237336,96.0848312378
1.625768,-0.00575242795457,-0.554917550018,-0.00383495196971,0.745898158109,-0.00345145677274,1.2536457989,-0.00498543756063,0.0,0.521553467881,-0.628932123033,-0.859412736413,0.316767032698,0.857495260428,1.46380116684,-0.539577742139,96.0848312378
1.635777,-0.00498543756063,-0.554917550018,-0.00421844716668,0.745514662912,-0.00383495196971,1.2536457989,-0.00460194236366,0.0,0.518485506305,-0.627781637442,-0.85979623161,0.317150527895,0.857111765231,1.46341767164,-0.539961237336,96.0848312378
1.645784,-0.0053689327576,-0.555684540411,-0.00345145677274,0.744747672518,-0.00421844716668,1.2536457989,-0.00498543756063,0.0,0.516184535123,-0.628548627836,-0.860179726807,0.316767032698,0.857878755625,1.46303417645,-0.539577742139,96.0848312378
1.655788,-0.00498543756063,-0.555301045215,-0.00383495196971,0.746281653306,-0.00345145677274,1.25441278929,-0.00498543756063,0.0,0.513500068745,-0.626631151851,-0.85979623161,0.317150527895,0.857495260428,1.46265068125,-0.539577742139,96.0848312378
1.665778,-0.00498543756063,-0.554917550018,-0.00345145677274,0.746281653306,-0.00345145677274,1.2536457989,-0.00498543756063,0.0,0.510432107169,-0.627781637442,-0.860179726807,0.317534023092,0.857111765231,1.46188369085,-0.540344732533,96.0848312378
1.675764,-0.0053689327576,-0.554534054821,-0.00421844716668,0.745514662912,-0.00383495196971,1.2532623037,-0.00498543756063,0.0,0.508514631184,-0.627781637442,-0.859412736413,0.317150527895,0.857495260428,1.46188369085,-0.539961237336,96.0848312378
1.685760,-0.0053689327576,-0.555301045215,-0.00306796157577,0.745131167715,-0.00383495196971,1.2536457989,-0.00421844716668,0.0,0.505446669608,-0.627781637442,-0.859029241216,0.317917518289,0.857111765231,1.46111670046,-0.540344732533,96.0848312378
1.695779,-0.00460194236366,-0.555684540411,-0.00345145677274,0.746281653306,-0.00421844716668,1.2536457989,-0.0053689327576,0.0,0.502762203229,-0.626631151851,-0.860179726807,0.317150527895,0.857111765231,1.45996621487,-0.539961237336,96.0848312378
1.705792,-0.00575242795457,-0.554917550018,-0.00421844716668,0.745898158109,-0.00460194236366,1.2536457989,-0.0053689327576,0.0,0.500461232048,-0.627781637442,-0.859412736413,0.317150527895,0.857495260428,1.45958271967,-0.539961237336,96.0848312378
1.715790,-0.00613592315154,-0.554917550018,-0.00345145677274,0.745898158109,-0.00383495196971,1.2540292941,-0.0053689327576,0.0,0.496626280078,-0.628165132639,-0.859412736413,0.317534023092,0.857878755625,1.45881572928,-0.539961237336,96.0848312378
1.725787,-0.0053689327576,-0.554917550018,-0.00421844716668,0.745898158109,-0.00383495196971,1.2536457989,-0.00498543756063,0.0,0.494708804093,-0.627014647048,-0.859412736413,0.316383537501,0.857878755625,1.45766524369,-0.539961237336,96.0848312378
1.735774,-0.0053689327576,-0.555301045215,-0.00421844716668,0.746281653306,-0.00306796157577,1.2536457989,-0.00498543756063,0.0,0.491640842517,-0.627398142245,-0.860179726807,0.317150527895,0.858262250822,1.4565147581,-0.541111722927,96.0848312378
1.745778,-0.0053689327576,-0.554534054821,-0.00421844716668,0.745898158109,-0.00383495196971,1.2536457989,-0.00498543756063,0.0,0.487422395351,-0.627398142245,-0.85979623161,0.316767032698,0.857111765231,1.4561312629,-0.540344732533,96.0848312378
1.755781,-0.0053689327576,-0.555301045215,-0.00498543756063,0.745898158109,-0.00345145677274,1.2536457989,-0.00460194236366,0.0,0.485121424169,-0.627014647048,-0.859412736413,0.317534023092,0.857495260428,1.45421378692,-0.539961237336,96.0848312378
1.765783,-0.00575242795457,-0.555301045215,-0.00306796157577,0.745898158109,-0.00421844716668,1.2532623037,-0.00460194236366,0.0,0.481669967396,-0.625864161457,-0.85979623161,0.317150527895,0.857878755625,1.45383029172,-0.54072822773,96.0848312378
1.775774,-0.0053689327576,-0.554917550018,-0.00345145677274,0.745514662912,-0.00345145677274,1.2536457989,-0.00460194236366,0.0,0.479752491411,-0.626631151851,-0.859412736413,0.317150527895,0.857878755625,1.45229631093,-0.540344732533,96.0848312378
1.785769,-0.00575242795457,-0.555301045215,-0.00345145677274,0.745898158109,-0.00306796157577,1.2540292941,-0.00498543756063,0.0,0.475917539441,-0.626247656654,-0.85979623161,0.317150527895,0.857495260428,1.45152932054,-0.539961237336,96.0848312378
1.795780,-0.00498543756063,-0.554917550018,-0.00383495196971,0.745898158109,-0.00383495196971,1.2540292941,-0.00498543756063,0.0,0.472466082669,-0.625864161457,-0.859412736413,0.317534023092,0.857111765231,1.44961184455,-0.540344732533,96.0848312378
1.805780,-0.00498543756063,-0.555301045215,-0.00383495196971,0.746281653306,-0.00345145677274,1.25441278929,-0.00460194236366,0.0,0.46978161629,-0.62548066626,-0.85979623161,0.317534023092,0.857878755625,1.44807786376,-0.539577742139,96.0848312378
1.815779,-0.0053689327576,-0.554917550018,-0.00460194236366,0.745898158109,-0.00383495196971,1.2540292941,-0.00421844716668,0.0,0.466713654714,-0.625864161457,-0.860179726807,0.317534023092,0.858262250822,1.44654388298,-0.540344732533,96.0848312378
1.825779,-0.0053689327576,-0.554917550018,-0.00421844716668,0.746281653306,-0.00383495196971,1.2536457989,-0.00498543756063,0.0,0.463262197941,-0.625864161457,-0.859029241216,0.316767032698,0.857878755625,1.44539339739,-0.539961237336,96.0848312378
1.835776,-0.00575242795457,-0.554917550018,-0.00383495196971,0.745514662912,-0.00345145677274,1.2532623037,-0.00498543756063,0.0,0.461344721957,-0.625097171063,-0.860179726807,0.317534023092,0.858645746019,1.4430924262,-0.539961237336,96.0848312378
1.845786,-0.00498543756063,-0.555301045215,-0.00383495196971,0.745898158109,-0.00421844716668,1.2540292941,-0.00421844716668,0.0,0.457509769987,-0.625864161457,-0.859412736413,0.317534023092,0.858262250822,1.44079145502,-0.540344732533,96.0848312378
1.855795,-0.00575242795457,-0.555684540411,-0.00421844716668,0.745131167715,-0.00345145677274,1.2540292941,-0.00498543756063,0.0,0.452907827623,-0.625097171063,-0.859029241216,0.316767032698,0.857878755625,1.43849048384,-0.539961237336,96.0848312378
1.865785,-0.0053689327576,-0.555301045215,-0.00345145677274,0.746281653306,-0.00345145677274,1.2540292941,-0.0053689327576,0.0,0.44945637085,-0.624713675866,-0.85979623161,0.317150527895,0.857495260428,1.43695650305,-0.540344732533,96.0848312378
1.875807,-0.0053689327576,-0.554917550018,-0.00383495196971,0.746281653306,-0.00383495196971,1.2540292941,-0.00498543756063,0.0,0.446771904472,-0.624330180669,-0.860179726807,0.317534023092,0.858262250822,1.43388854148,-0.540344732533,96.0848312378
1.885806,-0.0053689327576,-0.554917550018,-0.00421844716668,0.746281653306,-0.00345145677274,1.25441278929,-0.00421844716668,0.0,0.443320447699,-0.623946685472,-0.859029241216,0.317917518289,0.857878755625,1.43197106549,-0.539961237336,96.0848312378
1.895812,-0.00613592315154,-0.554917550018,-0.00383495196971,0.746281653306,-0.00383495196971,1.2540292941,-0.00460194236366,0.0,0.439102000532,-0.623946685472,-0.859412736413,0.317150527895,0.857111765231,1.42928659911,-0.540344732533,96.0848312378
1.905924,-0.0053689327576,-0.555301045215,-0.00383495196971,0.745898158109,-0.00383495196971,1.2540292941,-0.0053689327576,0.0,0.43680102935,-0.624330180669,-0.859412736413,0.317534023092,0.858262250822,1.42698562793,-0.539961237336,96.0848312378
1.915783,-0.00498543756063,-0.554534054821,-0.00421844716668,0.745898158109,-0.00421844716668,1.2540292941,-0.00460194236366,0.0,0.433349572578,-0.623563190275,-0.859412736413,0.317150527895,0.857495260428,1.42353417116,-0.539961237336,96.0848312378
1.925786,-0.00575242795457,-0.554917550018,-0.00345145677274,0.745898158109,-0.00345145677274,1.2532623037,-0.0053689327576,0.0,0.429514620608,-0.623179695078,-0.859412736413,0.317534023092,0.857878755625,1.42161669517,-0.540344732533,96.0848312378
1.935776,-0.0053689327576,-0.555301045215,-0.00345145677274,0.745514662912,-0.00345145677274,1.2540292941,-0.0053689327576,0.0,0.426830154229,-0.622412704685,-0.858645746019,0.317150527895,0.857878755625,1.41969921919,-0.540344732533,96.0848312378
1.945780,-0.0053689327576,-0.555684540411,-0.00421844716668,0.745898158109,-0.00383495196971,1.25441278929,-0.00421844716668,0.0,0.422995202259,-0.622029209488,-0.859412736413,0.317150527895,0.857878755625,1.41663125761,-0.540344732533,96.0848312378
1.955946,-0.0053689327576,-0.555301045215,-0.00421844716668,0.746281653306,-0.00383495196971,1.2540292941,-0.00460194236366,0.0,0.420310735881,-0.621645714291,-0.859412736413,0.317150527895,0.858262250822,1.41471378163,-0.54072822773,96.0848312378
1.965836,-0.00575242795457,-0.555684540411,-0.00498543756063,0.746281653306,-0.00306796157577,1.25479628449,-0.00498543756063,0.0,0.415708793517,-0.621645714291,-0.859029241216,0.317150527895,0.858262250822,1.41279630564,-0.54072822773,96.0848312378
1.975783,-0.00498543756063,-0.555301045215,-0.00421844716668,0.745898158109,-0.00345145677274,1.2532623037,-0.00421844716668,0.0,0.413024327138,-0.621262219094,-0.859412736413,0.317150527895,0.857878755625,1.41011183926,-0.539577742139,96.0848312378
1.985774,-0.0053689327576,-0.555684540411,-0.00345145677274,0.745898158109,-0.00345145677274,1.2536457989,-0.00421844716668,0.0,0.409572870365,-0.6204952287,-0.859029241216,0.317150527895,0.857495260428,1.40781086808,-0.539961237336,96.0848312378
1.995773,-0.0053689327576,-0.555301045215,-0.00383495196971,0.746281653306,-0.00383495196971,1.2540292941,-0.00460194236366,0.0,0.406121413593,-0.6204952287,-0.859029241216,0.316767032698,0.857878755625,1.4055098969,-0.540344732533,96.0848312378
2.005780,-0.00575242795457,-0.555684540411,-0.00383495196971,0.745514662912,-0.00306796157577,1.2536457989,-0.00498543756063,0.0,0.40266995682,-0.619728238306,-0.859029241216,0.317150527895,0.857495260428,1.40282543052,-0.540344732533,96.0848312378
2.015778,-0.00613592315154,-0.555684540411,-0.00421844716668,0.745898158109,-0.00383495196971,1.2536457989,-0.00460194236366,0.0,0.39883500485,-0.618194257518,-0.859029241216,0.317534023092,0.858262250822,1.40090795454,-0.540344732533,96.0848312378
2.025784,-0.0053689327576,-0.555301045215,-0.00383495196971,0.745514662912,-0.00345145677274,1.2540292941,-0.00460194236366,0.0,0.395767043274,-0.618194257518,-0.859029241216,0.317534023092,0.857495260428,1.39822348816,-0.539577742139,96.0848312378
2.035790,-0.00575242795457,-0.554917550018,-0.00421844716668,0.745898158109,-0.00383495196971,1.2536457989,-0.00460194236366,0.0,0.391932091305,-0.617810762321,-0.859029241216,0.317150527895,0.857495260428,1.39553902178,-0.539961237336,96.0848312378
2.045781,-0.00498543756063,-0.555684540411,-0.00345145677274,0.746281653306,-0.00383495196971,1.2540292941,-0.0053689327576,0.0,0.389247624926,-0.616276781533,-0.859412736413,0.317534023092,0.857878755625,1.3932380506,-0.54072822773,96.0848312378
2.055771,-0.00575242795457,-0.555684540411,-0.00306796157577,0.745514662912,-0.00345145677274,1.2540292941,-0.00498543756063,0.0,0.385412672956,-0.615509791139,-0.859029241216,0.316767032698,0.857878755625,1.39055358422,-0.54072822773,96.0848312378
2.065768,-0.0053689327576,-0.555301045215,-0.00421844716668,0.745514662912,-0.00383495196971,1.2540292941,-0.00421844716668,0.0,0.382728206577,-0.614359305548,-0.85979623161,0.316767032698,0.857111765231,1.38748562264,-0.540344732533,96.0848312378
2.075790,-0.0053689327576,-0.554917550018,-0.00345145677274,0.745514662912,-0.00383495196971,1.2536457989,-0.00460194236366,0.0,0.378126264214,-0.614359305548,-0.860179726807,0.316383537501,0.857878755625,1.38480115626,-0.540344732533,96.0848312378
2.085782,-0.00651941834851,-0.554917550018,-0.00383495196971,0.745514662912,-0.00345145677274,1.25441278929,-0.00498543756063,0.0,0.375058302638,-0.613975810351,-0.85979623161,0.316383537501,0.857111765231,1.38134969949,-0.541111722927,96.0848312378
2.095757,-0.00613592315154,-0.555301045215,-0.00383495196971,0.746281653306,-0.00345145677274,1.2540292941,-0.00421844716668,0.0,0.371606845865,-0.61282532476,-0.859412736413,0.316767032698,0.857495260428,1.37828173792,-0.541495218124,96.0848312378
2.105789,-0.00498543756063,-0.555684540411,-0.00383495196971,0.745898158109,-0.00383495196971,1.2540292941,-0.00460194236366,0.0,0.368155389092,-0.610907848775,-0.85979623161,0.316767032698,0.857878755625,1.37598076673,-0.541111722927,96.0848312378
2.115767,-0.0053689327576,-0.555301045215,-0.00345145677274,0.745898158109,-0.00345145677274,1.25441278929,-0.00498543756063,0.0,0.36470393232,-0.610140858381,-0.859412736413,0.316383537501,0.857495260428,1.37214581476,-0.54072822773,96.0848312378
2.125765,-0.00613592315154,-0.555684540411,-0.00421844716668,0.746281653306,-0.00383495196971,1.2536457989,-0.00460194236366,0.0,0.36086898035,-0.609757363184,-0.859412736413,0.316383537501,0.858262250822,1.36831086279,-0.541495218124,96.0848312378
2.135764,-0.00575242795457,-0.555684540411,-0.00306796157577,0.745514662912,-0.00345145677274,1.2536457989,-0.00460194236366,0.0,0.357801018774,-0.6078398872,-0.85979623161,0.316000042304,0.857878755625,1.36485940602,-0.54072822773,96.0848312378
2.145763,-0.00498543756063,-0.554917550018,-0.00383495196971,0.745514662912,-0.00383495196971,1.2532623037,-0.00460194236366,0.0,0.353966066805,-0.606689401609,-0.859029241216,0.316767032698,0.857878755625,1.36064095885,-0.541495218124,96.0848312378
2.155768,-0.00498543756063,-0.555301045215,-0.00421844716668,0.745898158109,-0.00345145677274,1.2536457989,-0.00421844716668,0.0,0.351665095623,-0.606689401609,-0.859412736413,0.316767032698,0.858262250822,1.35680600688,-0.541111722927,96.0848312378
2.165764,-0.00498543756063,-0.555684540411,-0.00345145677274,0.745514662912,-0.00345145677274,1.2540292941,-0.00460194236366,0.0,0.347830143653,-0.605922411215,-0.859412736413,0.316767032698,0.858262250822,1.35335455011,-0.54072822773,96.0848312378
2.175758,-0.0053689327576,-0.555301045215,-0.00345145677274,0.745898158109,-0.00383495196971,1.2540292941,-0.00498543756063,0.0,0.345529172471,-0.604771925624,-0.859029241216,0.317150527895,0.857878755625,1.34913610295,-0.541111722927,96.0848312378
2.185764,-0.0053689327576,-0.554917550018,-0.00421844716668,0.745898158109,-0.00306796157577,1.2540292941,-0.00498543756063,0.0,0.341310725305,-0.60400493523,-0.859029241216,0.317150527895,0.857878755625,1.34491765578,-0.541111722927,96.0848312378
2.195761,-0.00498543756063,-0.554917550018,-0.00421844716668,0.745514662912,-0.00383495196971,1.2540292941,-0.00460194236366,0.0,0.337475773335,-0.602087459245,-0.859412736413,0.317150527895,0.857878755625,1.34146619901,-0.54072822773,96.0848312378
2.205771,-0.0053689327576,-0.555301045215,-0.00498543756063,0.745514662912,-0.00421844716668,1.2540292941,-0.00498543756063,0.0,0.334407811759,-0.601703964048,-0.859412736413,0.317150527895,0.857878755625,1.33878173263,-0.54072822773,96.0848312378
2.215776,-0.00498543756063,-0.554917550018,-0.00383495196971,0.745898158109,-0.00345145677274,1.2536457989,-0.00498543756063,0.0,0.332873830971,-0.600553478457,-0.859412736413,0.317534023092,0.858262250822,1.33533027585,-0.541495218124,96.0848312378
2.225754,-0.0053689327576,-0.555301045215,-0.00306796157577,0.745898158109,-0.00345145677274,1.2540292941,-0.00498543756063,0.0,0.328655383804,-0.599019497669,-0.85979623161,0.317150527895,0.857495260428,1.33264580948,-0.54072822773,96.0848312378
2.235761,-0.0053689327576,-0.555301045215,-0.00383495196971,0.746281653306,-0.00383495196971,1.2532623037,-0.0053689327576,0.0,0.325587422229,-0.597869012078,-0.85979623161,0.316767032698,0.857878755625,1.33072833349,-0.54072822773,96.0848312378
2.245762,-0.00498543756063,-0.555301045215,-0.00306796157577,0.745514662912,-0.00421844716668,1.2540292941,-0.00460194236366,0.0,0.322135965456,-0.597485516881,-0.859029241216,0.316767032698,0.857495260428,1.32766037191,-0.541111722927,96.0848312378
2.255774,-0.00575242795457,-0.555301045215,-0.00383495196971,0.746281653306,-0.00383495196971,1.2536457989,-0.0053689327576,0.0,0.318301013486,-0.59633503129,-0.85979623161,0.317150527895,0.857878755625,1.32650988632,-0.541111722927,96.0848312378
2.265760,-0.00498543756063,-0.555684540411,-0.00421844716668,0.745898158109,-0.00383495196971,1.2540292941,-0.00460194236366,0.0,0.314849556713,-0.594801050503,-0.858645746019,0.316767032698,0.857878755625,1.32459241034,-0.541495218124,96.0848312378
2.275764,-0.0053689327576,-0.555684540411,-0.00383495196971,0.746281653306,-0.00345145677274,1.2532623037,-0.00421844716668,0.0,0.312165090335,-0.593650564912,-0.858645746019,0.316767032698,0.857878755625,1.32382541995,-0.541495218124,96.0848312378
2.285779,-0.00498543756063,-0.555301045215,-0.00383495196971,0.745898158109,-0.00383495196971,1.2536457989,-0.00460194236366,0.0,0.309480623956,-0.594417555306,-0.859029241216,0.316767032698,0.857878755625,1.32305842955,-0.541495218124,96.0848312378
2.295768,-0.00460194236366,-0.555684540411,-0.00421844716668,0.745514662912,-0.00383495196971,1.2540292941,-0.00498543756063,0.0,0.304878681592,-0.593267069715,-0.85979623161,0.316767032698,0.857495260428,1.32190794396,-0.54072822773,96.0848312378
2.305773,-0.00575242795457,-0.555301045215,-0.00421844716668,0.745514662912,-0.00383495196971,1.2532623037,-0.00498543756063,0.0,0.302961205607,-0.590966098533,-0.859412736413,0.316767032698,0.857878755625,1.32190794396,-0.541495218124,96.0848312378
2.315772,-0.0053689327576,-0.554917550018,-0.00421844716668,0.745898158109,-0.00306796157577,1.2532623037,-0.00460194236366,0.0,0.300276739229,-0.590966098533,-0.85979623161,0.317150527895,0.857111765231,1.32114095357,-0.541878713321,96.0848312378
2.325772,-0.0053689327576,-0.554534054821,-0.00345145677274,0.745514662912,-0.00383495196971,1.2536457989,-0.0053689327576,0.0,0.296825282456,-0.589432117745,-0.858645746019,0.317150527895,0.857111765231,1.32075745837,-0.542262208517,96.0848312378
2.335779,-0.00498543756063,-0.555301045215,-0.00383495196971,0.745514662912,-0.00421844716668,1.2532623037,-0.00460194236366,0.0,0.294140816077,-0.589432117745,-0.859029241216,0.316767032698,0.857878755625,1.32037396317,-0.543412694108,96.0848312378
2.345790,-0.0053689327576,-0.555684540411,-0.00383495196971,0.745898158109,-0.00421844716668,1.2536457989,-0.00421844716668,0.0,0.291072854501,-0.58751464176,-0.859412736413,0.316383537501,0.857111765231,1.32037396317,-0.543796189305,96.0848312378
2.355770,-0.00498543756063,-0.555301045215,-0.00345145677274,0.745131167715,-0.00383495196971,1.2540292941,-0.00498543756063,0.0,0.288388388122,-0.587131146563,-0.859029241216,0.317150527895,0.857111765231,1.32037396317,-0.544563179699,96.0848312378
2.365767,-0.0053689327576,-0.555684540411,-0.00383495196971,0.746281653306,-0.00383495196971,1.2540292941,-0.00421844716668,0.0,0.285703921744,-0.585597165775,-0.859412736413,0.316383537501,0.857111765231,1.32037396317,-0.54571366529,96.0848312378
2.375778,-0.00575242795457,-0.555684540411,-0.00383495196971,0.745898158109,-0.00345145677274,1.25441278929,-0.00460194236366,0.0,0.282252464971,-0.585213670578,-0.858645746019,0.316767032698,0.857111765231,1.31999046798,-0.545330170093,96.0848312378
2.385770,-0.00498543756063,-0.555684540411,-0.00345145677274,0.745514662912,-0.00345145677274,1.2536457989,-0.00460194236366,0.0,0.278801008198,-0.584830175381,-0.859412736413,0.316383537501,0.856728270034,1.32037396317,-0.546864150881,96.0848312378
2.395761,-0.00498543756063,-0.554917550018,-0.00345145677274,0.745514662912,-0.00345145677274,1.2540292941,-0.00460194236366,0.0,0.276116541819,-0.58367968979,-0.859029241216,0.316000042304,0.857111765231,1.32075745837,-0.548398131669,96.0848312378
2.405789,-0.00498543756063,-0.555301045215,-0.00421844716668,0.746281653306,-0.00383495196971,1.2536457989,-0.00460194236366,0.0,0.273815570638,-0.583296194593,-0.85979623161,0.316767032698,0.857495260428,1.31999046798,-0.548781626866,96.0848312378
2.415774,-0.00498543756063,-0.554917550018,-0.00345145677274,0.745514662912,-0.00345145677274,1.2536457989,-0.0053689327576,0.0,0.269980618668,-0.581762213806,-0.859412736413,0.316000042304,0.856728270034,1.31960697278,-0.549165122063,96.0848312378
2.425763,-0.0053689327576,-0.555301045215,-0.00421844716668,0.745131167715,-0.00383495196971,1.2540292941,-0.00498543756063,0.0,0.267679647486,-0.580995223412,-0.85979623161,0.316767032698,0.856728270034,1.31999046798,-0.54954861726,96.0848312378
2.435764,-0.00575242795457,-0.555301045215,-0.00306796157577,0.745514662912,-0.00345145677274,1.2536457989,-0.00498543756063,0.0,0.26461168591,-0.580995223412,-0.859029241216,0.316000042304,0.856728270034,1.31960697278,-0.549165122063,96.0848312378
2.445771,-0.0053689327576,-0.555301045215,-0.00383495196971,0.745514662912,-0.00345145677274,1.2540292941,-0.0053689327576,0.0,0.261927219531,-0.579461242624,-0.859029241216,0.316383537501,0.857111765231,1.31999046798,-0.549932112457,96.0848312378
2.455781,-0.00575242795457,-0.554917550018,-0.00421844716668,0.745514662912,-0.00383495196971,1.2536457989,-0.00460194236366,0.0,0.259242753153,-0.579077747427,-0.859412736413,0.316383537501,0.856728270034,1.31922347758,-0.54954861726,96.0848312378
2.465782,-0.0053689327576,-0.555301045215,-0.00421844716668,0.745898158109,-0.00383495196971,1.25287880851,-0.00460194236366,0.0,0.256174791577,-0.578310757033,-0.859412736413,0.316000042304,0.856728270034,1.31922347758,-0.549932112457,96.0848312378
2.475774,-0.00575242795457,-0.555301045215,-0.00383495196971,0.745514662912,-0.00383495196971,1.2536457989,-0.0053689327576,0.0,0.253106830001,-0.578310757033,-0.859029241216,0.316383537501,0.857111765231,1.31960697278,-0.549165122063,96.0848312378
2.485776,-0.00498543756063,-0.554917550018,-0.00383495196971,0.745898158109,-0.00306796157577,1.2536457989,-0.00421844716668,0.0,0.250422363622,-0.577927261836,-0.85979623161,0.316767032698,0.856728270034,1.31883998238,-0.54954861726,96.0848312378
2.495776,-0.00575242795457,-0.556068035608,-0.00383495196971,0.745514662912,-0.00306796157577,1.2536457989,-0.00460194236366,0.0,0.24812139244,-0.577543766639,-0.859412736413,0.317150527895,0.857111765231,1.31845648719,-0.549165122063,96.0848312378
2.505781,-0.00460194236366,-0.555301045215,-0.00421844716668,0.745898158109,-0.00383495196971,1.2540292941,-0.00498543756063,0.0,0.245436926062,-0.577543766639,-0.859412736413,0.316767032698,0.857495260428,1.31845648719,-0.54954861726,96.0848312378
2.515781,-0.0053689327576,-0.555301045215,-0.00383495196971,0.745898158109,-0.00383495196971,1.25441278929,-0.00460194236366,0.0,0.24313595488,-0.577543766639,-0.85979623161,0.317150527895,0.856728270034,1.31845648719,-0.54954861726,96.0848312378
2.525785,-0.00498543756063,-0.555301045215,-0.00421844716668,0.745898158109,-0.00306796157577,1.2536457989,-0.00498543756063,0.0,0.239684498107,-0.577160271442,-0.859029241216,0.316000042304,0.856344774837,1.31807299199,-0.549932112457,96.0848312378
2.535781,-0.0053689327576,-0.555301045215,-0.00421844716668,0.746281653306,-0.00383495196971,1.2532623037,-0.00460194236366,0.0,0.237000031728,-0.576393281048,-0.859029241216,0.316000042304,0.856344774837,1.31768949679,-0.549932112457,96.0848312378
2.545764,-0.00613592315154,-0.555301045215,-0.00421844716668,0.745514662912,-0.00383495196971,1.2540292941,-0.00421844716668,0.0,0.234315565349,-0.575242795457,-0.859412736413,0.316383537501,0.857495260428,1.31807299199,-0.549932112457,96.0848312378
2.555829,-0.00575242795457,-0.554917550018,-0.00421844716668,0.745131167715,-0.00383495196971,1.2540292941,-0.00460194236366,0.0,0.23048061338,-0.575626290654,-0.859029241216,0.316383537501,0.856728270034,1.31768949679,-0.549932112457,96.0848312378
2.565924,-0.00575242795457,-0.555301045215,-0.00421844716668,0.745514662912,-0.00345145677274,1.2540292941,-0.00498543756063,0.0,0.228946632592,-0.575242795457,-0.860179726807,0.317150527895,0.857111765231,1.3173060016,-0.54954861726,96.0848312378
2.575793,-0.0053689327576,-0.555301045215,-0.00421844716668,0.745514662912,-0.00345145677274,1.2532623037,-0.00460194236366,0.0,0.225878671016,-0.57485930026,-0.859412736413,0.317150527895,0.856728270034,1.3173060016,-0.549932112457,96.0848312378
2.585785,-0.00460194236366,-0.554917550018,-0.00383495196971,0.745898158109,-0.00383495196971,1.2536457989,-0.00498543756063,0.0,0.223577699834,-0.575242795457,-0.858645746019,0.317150527895,0.856728270034,1.3165390112,-0.549932112457,96.0848312378
2.595766,-0.0053689327576,-0.555301045215,-0.00421844716668,0.745514662912,-0.00383495196971,1.2540292941,-0.00460194236366,0.0,0.221660223849,-0.574092309866,-0.858645746019,0.316767032698,0.857111765231,1.3165390112,-0.549932112457,96.0848312378
2.605780,-0.00575242795457,-0.554917550018,-0.00383495196971,0.745514662912,-0.00345145677274,1.2540292941,-0.00498543756063,0.0,0.218975757471,-0.574092309866,-0.858645746019,0.316767032698,0.857111765231,1.31615551601,-0.549165122063,96.0848312378
2.615772,-0.00498543756063,-0.555301045215,-0.00383495196971,0.745898158109,-0.00345145677274,1.2540292941,-0.00460194236366,0.0,0.215907795895,-0.574092309866,-0.859412736413,0.317534023092,0.856344774837,1.31538852561,-0.54954861726,96.0848312378
2.625793,-0.0053689327576,-0.554917550018,-0.00421844716668,0.746281653306,-0.00421844716668,1.25441278929,-0.00498543756063,0.0,0.213223329516,-0.573708814669,-0.859412736413,0.317534023092,0.857111765231,1.31423804002,-0.54954861726,96.0848312378
2.635787,-0.00613592315154,-0.554917550018,-0.00421844716668,0.745514662912,-0.00383495196971,1.2540292941,-0.00460194236366,0.0,0.210922358334,-0.573325319472,-0.858262250822,0.317534023092,0.857111765231,1.31308755443,-0.54954861726,96.0848312378
2.645780,-0.00575242795457,-0.554917550018,-0.00345145677274,0.745898158109,-0.00421844716668,1.25287880851,-0.00498543756063,0.0,0.209004882349,-0.573325319472,-0.859029241216,0.317917518289,0.857495260428,1.31193706884,-0.549165122063,96.0848312378
2.655774,-0.00575242795457,-0.555684540411,-0.00306796157577,0.745514662912,-0.00383495196971,1.2540292941,-0.0053689327576,0.0,0.205553425577,-0.572941824275,-0.858645746019,0.317917518289,0.857111765231,1.31040308805,-0.54954861726,96.0848312378
2.665770,-0.0053689327576,-0.555301045215,-0.00383495196971,0.746281653306,-0.00383495196971,1.2532623037,-0.00421844716668,0.0,0.202485464001,-0.572941824275,-0.858645746019,0.316767032698,0.857111765231,1.31040308805,-0.549932112457,96.0848312378
2.675772,-0.0053689327576,-0.555301045215,-0.00383495196971,0.745514662912,-0.00345145677274,1.2540292941,-0.00460194236366,0.0,0.200184492819,-0.571407843487,-0.858645746019,0.317534023092,0.857111765231,1.30925260246,-0.549932112457,96.0848312378
2.685783,-0.00575242795457,-0.554917550018,-0.00383495196971,0.745514662912,-0.00345145677274,1.25441278929,-0.00498543756063,0.0,0.197883521637,-0.571407843487,-0.859029241216,0.317150527895,0.856728270034,1.30810211687,-0.550315607654,96.0848312378
2.695772,-0.0053689327576,-0.554917550018,-0.00345145677274,0.745514662912,-0.00383495196971,1.2536457989,-0.00498543756063,0.0,0.195199055258,-0.570257357896,-0.858645746019,0.316767032698,0.857111765231,1.30695163128,-0.549932112457,96.0848312378
2.705771,-0.00575242795457,-0.555301045215,-0.00421844716668,0.745898158109,-0.00383495196971,1.2532623037,-0.00575242795457,0.0,0.192898084077,-0.570640853093,-0.859029241216,0.316767032698,0.857111765231,1.30618464088,-0.54954861726,96.0848312378
2.715769,-0.0053689327576,-0.555684540411,-0.00460194236366,0.745898158109,-0.00306796157577,1.2536457989,-0.00421844716668,0.0,0.190213617698,-0.569106872305,-0.858645746019,0.316767032698,0.858262250822,1.3038836697,-0.549165122063,96.0848312378
2.725767,-0.0053689327576,-0.555684540411,-0.00383495196971,0.745898158109,-0.00383495196971,1.2536457989,-0.00498543756063,0.0,0.187912646516,-0.569106872305,-0.859029241216,0.316767032698,0.857495260428,1.30311667931,-0.548781626866,96.0848312378
2.735781,-0.00498543756063,-0.554917550018,-0.00421844716668,0.745898158109,-0.00421844716668,1.2532623037,-0.00498543756063,0.0,0.185995170531,-0.568723377109,-0.858645746019,0.317150527895,0.858262250822,1.30081570813,-0.54954861726,96.0848312378
2.745785,-0.00575242795457,-0.555301045215,-0.00421844716668,0.745898158109,-0.00345145677274,1.2540292941,-0.00498543756063,0.0,0.182927208955,-0.568339881912,-0.859029241216,0.316767032698,0.857111765231,1.29928172734,-0.548398131669,96.0848312378
2.755771,-0.0053689327576,-0.556068035608,-0.00460194236366,0.745898158109,-0.00383495196971,1.25441278929,-0.0053689327576,0.0,0.18100973297,-0.567572891518,-0.858645746019,0.316767032698,0.857878755625,1.29774774655,-0.548781626866,96.0848312378
2.765798,-0.0053689327576,-0.555301045215,-0.00345145677274,0.746281653306,-0.00345145677274,1.25441278929,-0.00498543756063,0.0,0.178325266592,-0.567189396321,-0.858645746019,0.316767032698,0.858262250822,1.29621376576,-0.549165122063,96.0848312378
2.775759,-0.0053689327576,-0.555684540411,-0.00383495196971,0.745514662912,-0.00383495196971,1.2540292941,-0.00460194236366,0.0,0.17602429541,-0.566422405927,-0.858262250822,0.317150527895,0.857878755625,1.29467978498,-0.548014636472,96.0848312378
2.785764,-0.00498543756063,-0.555684540411,-0.00421844716668,0.745514662912,-0.00345145677274,1.2540292941,-0.0053689327576,0.0,0.174106819425,-0.56603891073,-0.858262250822,0.317150527895,0.858645746019,1.29276230899,-0.548398131669,96.0848312378
2.795764,-0.00460194236366,-0.555684540411,-0.00383495196971,0.745514662912,-0.00306796157577,1.2536457989,-0.00460194236366,0.0,0.17218934344,-0.565271920336,-0.859029241216,0.316767032698,0.858262250822,1.29046133781,-0.547631141275,96.0848312378
2.805764,-0.0053689327576,-0.555301045215,-0.00383495196971,0.745898158109,-0.00345145677274,1.2540292941,-0.0053689327576,0.0,0.170271867455,-0.564888425139,-0.859029241216,0.317534023092,0.857495260428,1.28931085222,-0.548014636472,96.0848312378
2.815758,-0.00498543756063,-0.554917550018,-0.00345145677274,0.746281653306,-0.00383495196971,1.2532623037,-0.00421844716668,0.0,0.168737886667,-0.563737939548,-0.858645746019,0.316767032698,0.858262250822,1.28816036663,-0.547631141275,96.0848312378
2.825772,-0.00575242795457,-0.555301045215,-0.00383495196971,0.746281653306,-0.00345145677274,1.2532623037,-0.0053689327576,0.0,0.166053420289,-0.563737939548,-0.858645746019,0.316383537501,0.857878755625,1.28662638584,-0.548014636472,96.0848312378
2.835769,-0.0053689327576,-0.555301045215,-0.00383495196971,0.745514662912,-0.00421844716668,1.25441278929,-0.00460194236366,0.0,0.163752449107,-0.562587453957,-0.858645746019,0.316000042304,0.858645746019,1.28509240505,-0.548014636472,96.0848312378
2.845777,-0.00575242795457,-0.555301045215,-0.00383495196971,0.745514662912,-0.00345145677274,1.2540292941,-0.00460194236366,0.0,0.162601963516,-0.562970949154,-0.857878755625,0.317150527895,0.858262250822,1.28432541466,-0.548014636472,96.0848312378
2.855775,-0.00498543756063,-0.555684540411,-0.00421844716668,0.745514662912,-0.00345145677274,1.2540292941,-0.00421844716668,0.0,0.159917497137,-0.562587453957,-0.859029241216,0.316767032698,0.858645746019,1.28202444348,-0.548014636472,96.0848312378
2.865783,-0.0053689327576,-0.554917550018,-0.00345145677274,0.746281653306,-0.00383495196971,1.25441278929,-0.0053689327576,0.0,0.15953400194,-0.562587453957,-0.858262250822,0.317150527895,0.857878755625,1.28125745308,-0.547631141275,96.0848312378
2.875782,-0.00498543756063,-0.555301045215,-0.00421844716668,0.745514662912,-0.00383495196971,1.2532623037,-0.00421844716668,0.0,0.156082545167,-0.561820463563,-0.859029241216,0.317534023092,0.857878755625,1.28010696749,-0.547631141275,96.0848312378
2.885769,-0.0053689327576,-0.555684540411,-0.00383495196971,0.746281653306,-0.00345145677274,1.25287880851,-0.00460194236366,0.0,0.15569904997,-0.560669977972,-0.858645746019,0.317150527895,0.857878755625,1.2789564819,-0.547247646078,96.0848312378
2.895771,-0.00575242795457,-0.555301045215,-0.00383495196971,0.746281653306,-0.00383495196971,1.2540292941,-0.0053689327576,0.0,0.152631088395,-0.559902987578,-0.858645746019,0.317534023092,0.858645746019,1.27665551072,-0.546864150881,96.0848312378
2.905775,-0.0053689327576,-0.555684540411,-0.00383495196971,0.746281653306,-0.00383495196971,1.2540292941,-0.00383495196971,0.0,0.151864098001,-0.559902987578,-0.859412736413,0.317150527895,0.857878755625,1.27665551072,-0.547247646078,96.0848312378
2.915782,-0.00460194236366,-0.554917550018,-0.00383495196971,0.746281653306,-0.00383495196971,1.2536457989,-0.00421844716668,0.0,0.149946622016,-0.559519492381,-0.859029241216,0.316383537501,0.857495260428,1.27550502513,-0.546864150881,96.0848312378
2.925775,-0.00575242795457,-0.555301045215,-0.00421844716668,0.746281653306,-0.00345145677274,1.2536457989,-0.00460194236366,0.0,0.148412641228,-0.558752501987,-0.858262250822,0.316383537501,0.857878755625,1.27473803473,-0.546864150881,96.0848312378
2.935773,-0.0053689327576,-0.555301045215,-0.00383495196971,0.745898158109,-0.00383495196971,1.25287880851,-0.00460194236366,0.0,0.146111670046,-0.55836900679,-0.858645746019,0.316767032698,0.857878755625,1.27435453954,-0.546097160487,96.0848312378
2.945782,-0.0053689327576,-0.554917550018,-0.00383495196971,0.745514662912,-0.00345145677274,1.2540292941,-0.00460194236366,0.0,0.145344679652,-0.557985511593,-0.858645746019,0.317150527895,0.857878755625,1.27358754914,-0.545330170093,96.0848312378
2.955781,-0.0053689327576,-0.554917550018,-0.00383495196971,0.746281653306,-0.00345145677274,1.25441278929,-0.00460194236366,0.0,0.143810698864,-0.557218521199,-0.857878755625,0.316767032698,0.858262250822,1.27397104434,-0.546097160487,96.0848312378
2.965777,-0.0053689327576,-0.554917550018,-0.00421844716668,0.745898158109,-0.00383495196971,1.2536457989,-0.00460194236366,0.0,0.14304370847,-0.556835026002,-0.858645746019,0.316767032698,0.857495260428,1.27320405394,-0.546097160487,96.0848312378
2.975784,-0.0053689327576,-0.555301045215,-0.00421844716668,0.745514662912,-0.00345145677274,1.2540292941,-0.00498543756063,0.0,0.140359242092,-0.556451530805,-0.858262250822,0.317150527895,0.858645746019,1.27397104434,-0.54571366529,96.0848312378
2.985787,-0.00575242795457,-0.554534054821,-0.00498543756063,0.745898158109,-0.00421844716668,1.2532623037,-0.00460194236366,0.0,0.138825261304,-0.555684540411,-0.858262250822,0.316767032698,0.858262250822,1.27435453954,-0.54571366529,96.0848312378
2.995762,-0.00575242795457,-0.555301045215,-0.00383495196971,0.745898158109,-0.00383495196971,1.25441278929,-0.00460194236366,0.0,0.137674775713,-0.555301045215,-0.858645746019,0.316767032698,0.857878755625,1.27358754914,-0.54571366529,96.0848312378
3.005754,-0.0053689327576,-0.554917550018,-0.00383495196971,0.745514662912,-0.00383495196971,1.2540292941,-0.00498543756063,0.0,0.136140794925,-0.555301045215,-0.858645746019,0.317150527895,0.857878755625,1.27435453954,-0.54571366529,96.0848312378
3.015765,-0.00575242795457,-0.555684540411,-0.00421844716668,0.746281653306,-0.00345145677274,1.2536457989,-0.00421844716668,0.0,0.134606814137,-0.554917550018,-0.858262250822,0.316767032698,0.858262250822,1.27435453954,-0.545330170093,96.0848312378
3.025775,-0.00575242795457,-0.554917550018,-0.00345145677274,0.745131167715,-0.00345145677274,1.2532623037,-0.00498543756063,0.0,0.133456328546,-0.554534054821,-0.859029241216,0.316767032698,0.857878755625,1.27473803473,-0.54571366529,96.0848312378
3.035785,-0.0053689327576,-0.555301045215,-0.00383495196971,0.745898158109,-0.00345145677274,1.2532623037,-0.00498543756063,0.0,0.132305842955,-0.554150559624,-0.858645746019,0.317150527895,0.857111765231,1.27473803473,-0.546097160487,96.0848312378
3.045779,-0.00575242795457,-0.555301045215,-0.00383495196971,0.745898158109,-0.00383495196971,1.25479628449,-0.00460194236366,0.0,0.131538852561,-0.553000074033,-0.857878755625,0.317150527895,0.857878755625,1.27397104434,-0.54571366529,96.0848312378
3.055775,-0.0053689327576,-0.554917550018,-0.00383495196971,0.745898158109,-0.00383495196971,1.2536457989,-0.00498543756063,0.0,0.130004871773,-0.552233083639,-0.858262250822,0.316767032698,0.858262250822,1.27397104434,-0.54571366529,96.0848312378
3.065770,-0.0053689327576,-0.554917550018,-0.00383495196971,0.745898158109,-0.00383495196971,1.2540292941,-0.00460194236366,0.0,0.128854386182,-0.552616578836,-0.858645746019,0.316767032698,0.857878755625,1.27397104434,-0.546097160487,96.0848312378
3.075758,-0.0053689327576,-0.554917550018,-0.00383495196971,0.745514662912,-0.00345145677274,1.25441278929,-0.00460194236366,0.0,0.127703900591,-0.552233083639,-0.859029241216,0.316767032698,0.857878755625,1.27282055875,-0.54571366529,96.0848312378
3.085778,-0.00498543756063,-0.555301045215,-0.00345145677274,0.745514662912,-0.00383495196971,1.2536457989,-0.00421844716668,0.0,0.127320405394,-0.551849588442,-0.858645746019,0.316767032698,0.857495260428,1.27320405394,-0.546097160487,96.0848312378
3.095777,-0.0053689327576,-0.554917550018,-0.00383495196971,0.746665148503,-0.00345145677274,1.25441278929,-0.00575242795457,0.0,0.126169919804,-0.551082598048,-0.857878755625,0.316767032698,0.857495260428,1.27320405394,-0.54571366529,96.0848312378
3.105773,-0.0053689327576,-0.555684540411,-0.00460194236366,0.746281653306,-0.00383495196971,1.2536457989,-0.00498543756063,0.0,0.125019434213,-0.551466093245,-0.858645746019,0.317150527895,0.858262250822,1.27358754914,-0.546097160487,96.0848312378
3.115777,-0.00575242795457,-0.555684540411,-0.00421844716668,0.745514662912,-0.00383495196971,1.2540292941,-0.00460194236366,0.0,0.124635939016,-0.551849588442,-0.858645746019,0.316383537501,0.857878755625,1.27205356835,-0.546097160487,96.0848312378
3.125784,-0.0053689327576,-0.555684540411,-0.00383495196971,0.745898158109,-0.00345145677274,1.2536457989,-0.00498543756063,0.0,0.123868948622,-0.551082598048,-0.858262250822,0.316000042304,0.857878755625,1.27358754914,-0.546097160487,96.0848312378
3.135782,-0.0053689327576,-0.555301045215,-0.00345145677274,0.745514662912,-0.00345145677274,1.2532623037,-0.0053689327576,0.0,0.123101958228,-0.551082598048,-0.858645746019,0.316383537501,0.857878755625,1.27128657796,-0.546097160487,96.0848312378
3.145776,-0.0053689327576,-0.555684540411,-0.00345145677274,0.745898158109,-0.00345145677274,1.25441278929,-0.00460194236366,0.0,0.122718463031,-0.551082598048,-0.858645746019,0.317150527895,0.857878755625,1.27167007316,-0.54571366529,96.0848312378
3.155764,-0.00575242795457,-0.555301045215,-0.00421844716668,0.745514662912,-0.00345145677274,1.2540292941,-0.00460194236366,0.0,0.122334967834,-0.551082598048,-0.858645746019,0.317150527895,0.857878755625,1.26936910198,-0.546097160487,96.0848312378
3.165896,-0.00498543756063,-0.555301045215,-0.00345145677274,0.745514662912,-0.00345145677274,1.2540292941,-0.00421844716668,0.0,0.121184482243,-0.551466093245,-0.858262250822,0.317150527895,0.857878755625,1.26936910198,-0.545330170093,96.0848312378
3.175770,-0.00613592315154,-0.555301045215,-0.00421844716668,0.745131167715,-0.00383495196971,1.2536457989,-0.00498543756063,0.0,0.121184482243,-0.551466093245,-0.858262250822,0.317534023092,0.857878755625,1.26860211158,-0.546097160487,96.0848312378
3.185770,-0.00498543756063,-0.555684540411,-0.00383495196971,0.745514662912,-0.00383495196971,1.2536457989,-0.00460194236366,0.0,0.120800987046,-0.551849588442,-0.858262250822,0.317150527895,0.857878755625,1.26745162599,-0.54571366529,96.0848312378
3.195769,-0.00498543756063,-0.554917550018,-0.00383495196971,0.745898158109,-0.00421844716668,1.2536457989,-0.00498543756063,0.0,0.120417491849,-0.551849588442,-0.858262250822,0.316767032698,0.857495260428,1.26860211158,-0.545330170093,96.0848312378
3.205793,-0.00498543756063,-0.556068035608,-0.00383495196971,0.745514662912,-0.00345145677274,1.2540292941,-0.00498543756063,0.0,0.119650501455,-0.550699102851,-0.858262250822,0.316383537501,0.857878755625,1.26783512119,-0.54571366529,96.0848312378
3.215765,-0.0053689327576,-0.555301045215,-0.00345145677274,0.745131167715,-0.00345145677274,1.2540292941,-0.00498543756063,0.0,0.119267006258,-0.551849588442,-0.857878755625,0.316383537501,0.857878755625,1.26860211158,-0.546097160487,96.0848312378
3.225773,-0.0053689327576,-0.555684540411,-0.00383495196971,0.745514662912,-0.00421844716668,1.2540292941,-0.00498543756063,0.0,0.120033996652,-0.551466093245,-0.857878755625,0.316383537501,0.858262250822,1.26821861638,-0.546097160487,96.0848312378
3.235792,-0.0053689327576,-0.555301045215,-0.00383495196971,0.745131167715,-0.00383495196971,1.2532623037,-0.00498543756063,0.0,0.118883511061,-0.551466093245,-0.858645746019,0.316383537501,0.858262250822,1.26860211158,-0.54571366529,96.0848312378
3.245776,-0.00575242795457,-0.554917550018,-0.00421844716668,0.746281653306,-0.00345145677274,1.2540292941,-0.00460194236366,0.0,0.119267006258,-0.552233083639,-0.858262250822,0.316767032698,0.859029241216,1.26936910198,-0.54571366529,96.0848312378
3.255787,-0.0053689327576,-0.555301045215,-0.00421844716668,0.746281653306,-0.00345145677274,1.2536457989,-0.00460194236366,0.0,0.119267006258,-0.551466093245,-0.858645746019,0.316383537501,0.859029241216,1.27013609237,-0.545330170093,96.0848312378
3.265773,-0.0053689327576,-0.556068035608,-0.00421844716668,0.746281653306,-0.00421844716668,1.2532623037,-0.0053689327576,0.0,0.119267006258,-0.551849588442,-0.858262250822,0.316000042304,0.858262250822,1.26975259717,-0.545330170093,96.0848312378
3.275769,-0.00498543756063,-0.555301045215,-0.00383495196971,0.746281653306,-0.00421844716668,1.2536457989,-0.00421844716668,0.0,0.120033996652,-0.551849588442,-0.859029241216,0.316383537501,0.858262250822,1.26936910198,-0.546097160487,96.0848312378
3.285765,-0.00460194236366,-0.556068035608,-0.00383495196971,0.745898158109,-0.00306796157577,1.2540292941,-0.00460194236366,0.0,0.119267006258,-0.551849588442,-0.857878755625,0.316383537501,0.858262250822,1.26975259717,-0.546097160487,96.0848312378
3.295757,-0.00575242795457,-0.555301045215,-0.00383495196971,0.745898158109,-0.00383495196971,1.25479628449,-0.00498543756063,0.0,0.119650501455,-0.551466093245,-0.859029241216,0.316767032698,0.857878755625,1.27051958757,-0.54571366529,96.0848312378
3.305773,-0.0053689327576,-0.554917550018,-0.00421844716668,0.745898158109,-0.00383495196971,1.2536457989,-0.00498543756063,0.0,0.119650501455,-0.551466093245,-0.858645746019,0.316767032698,0.858262250822,1.27051958757,-0.54571366529,96.0848312378
3.315798,-0.00613592315154,-0.555301045215,-0.00460194236366,0.745514662912,-0.00345145677274,1.2540292941,-0.00421844716668,0.0,0.120033996652,-0.552233083639,-0.857878755625,0.316767032698,0.857495260428,1.27167007316,-0.546480655684,96.0848312378
3.325780,-0.0053689327576,-0.554534054821,-0.00383495196971,0.745898158109,-0.00383495196971,1.2540292941,-0.00421844716668,0.0,0.120417491849,-0.551466093245,-0.857878755625,0.316767032698,0.857495260428,1.27167007316,-0.546097160487,96.0848312378
3.335772,-0.0053689327576,-0.554917550018,-0.00345145677274,0.745514662912,-0.00383495196971,1.2536457989,-0.00460194236366,0.0,0.120033996652,-0.551082598048,-0.858262250822,0.316767032698,0.858262250822,1.27358754914,-0.54571366529,96.0848312378
3.345782,-0.0053689327576,-0.555301045215,-0.00345145677274,0.745131167715,-0.00421844716668,1.2536457989,-0.00498543756063,0.0,0.121184482243,-0.551466093245,-0.859029241216,0.316767032698,0.857495260428,1.27397104434,-0.54571366529,96.0848312378
3.355796,-0.0053689327576,-0.555301045215,-0.00383495196971,0.745898158109,-0.00345145677274,1.2532623037,-0.00498543756063,0.0,0.120033996652,-0.551849588442,-0.858645746019,0.316383537501,0.858262250822,1.27588852032,-0.54571366529,96.0848312378
3.365907,-0.0053689327576,-0.555301045215,-0.00383495196971,0.745514662912,-0.00383495196971,1.2536457989,-0.0053689327576,0.0,0.121184482243,-0.551466093245,-0.858262250822,0.316767032698,0.857495260428,1.27665551072,-0.54571366529,96.0848312378
3.375771,-0.00498543756063,-0.555301045215,-0.00460194236366,0.745898158109,-0.00383495196971,1.2536457989,-0.00460194236366,0.0,0.120417491849,-0.551849588442,-0.858645746019,0.316383537501,0.858262250822,1.2785729867,-0.545330170093,96.0848312378
3.385778,-0.0053689327576,-0.555301045215,-0.00460194236366,0.745514662912,-0.00383495196971,1.2536457989,-0.00498543756063,0.0,0.121951472637,-0.551466093245,-0.858645746019,0.316383537501,0.857878755625,1.27972347229,-0.546097160487,96.0848312378
3.395765,-0.00460194236366,-0.554917550018,-0.00345145677274,0.746281653306,-0.00383495196971,1.2540292941,-0.00460194236366,0.0,0.120800987046,-0.551849588442,-0.858262250822,0.316767032698,0.858645746019,1.28087395788,-0.546097160487,96.0848312378
3.405777,-0.00498543756063,-0.554917550018,-0.00383495196971,0.745898158109,-0.00345145677274,1.2540292941,-0.00498543756063,0.0,0.121184482243,-0.551849588442,-0.858645746019,0.316383537501,0.857495260428,1.28394191946,-0.546097160487,96.0848312378
3.415777,-0.0053689327576,-0.555301045215,-0.00345145677274,0.746281653306,-0.00383495196971,1.2532623037,-0.00460194236366,0.0,0.121184482243,-0.551466093245,-0.858262250822,0.316383537501,0.857495260428,1.28432541466,-0.54571366529,96.0848312378
3.425780,-0.00575242795457,-0.555684540411,-0.00383495196971,0.745898158109,-0.00421844716668,1.2540292941,-0.00460194236366,0.0,0.12156797744,-0.551466093245,-0.858645746019,0.316383537501,0.857495260428,1.28700988104,-0.546097160487,96.0848312378
3.435783,-0.0053689327576,-0.554917550018,-0.00421844716668,0.746281653306,-0.00345145677274,1.2540292941,-0.00460194236366,0.0,0.12156797744,-0.550699102851,-0.858645746019,0.316767032698,0.858262250822,1.28854386182,-0.545330170093,96.0848312378
3.445775,-0.00575242795457,-0.555301045215,-0.00383495196971,0.746281653306,-0.00345145677274,1.2540292941,-0.00498543756063,0.0,0.12156797744,-0.551466093245,-0.859029241216,0.316767032698,0.857495260428,1.29046133781,-0.545330170093,96.0848312378
3.455766,-0.0053689327576,-0.554917550018,-0.00421844716668,0.746281653306,-0.00345145677274,1.25441278929,-0.00498543756063,0.0,0.12156797744,-0.551466093245,-0.858645746019,0.316767032698,0.857495260428,1.2919953186,-0.546480655684,96.0848312378
3.465767,-0.00575242795457,-0.555684540411,-0.00421844716668,0.745898158109,-0.00383495196971,1.2536457989,-0.00498543756063,0.0,0.122334967834,-0.551849588442,-0.858262250822,0.316767032698,0.857495260428,1.29352929938,-0.546480655684,96.0848312378
3.475764,-0.00575242795457,-0.555301045215,-0.0026844663788,0.745514662912,-0.00421844716668,1.2540292941,-0.00460194236366,0.0,0.122334967834,-0.551849588442,-0.858262250822,0.316767032698,0.857878755625,1.29506328017,-0.54571366529,96.0848312378
3.485765,-0.00498543756063,-0.555301045215,-0.00421844716668,0.745131167715,-0.00345145677274,1.2536457989,-0.0053689327576,0.0,0.121951472637,-0.551849588442,-0.858262250822,0.316383537501,0.857878755625,1.29621376576,-0.546097160487,96.0848312378
3.495758,-0.0053689327576,-0.555301045215,-0.00383495196971,0.745898158109,-0.00421844716668,1.2536457989,-0.0053689327576,0.0,0.123101958228,-0.551849588442,-0.858262250822,0.316383537501,0.857111765231,1.29736425135,-0.546097160487,96.0848312378
3.505778,-0.00575242795457,-0.555684540411,-0.00421844716668,0.745514662912,-0.00383495196971,1.2540292941,-0.00460194236366,0.0,0.122718463031,-0.551466093245,-0.858645746019,0.316767032698,0.857111765231,1.29889823214,-0.546480655684,96.0848312378
3.515778,-0.00498543756063,-0.555301045215,-0.00421844716668,0.745514662912,-0.00345145677274,1.25441278929,-0.00460194236366,0.0,0.121951472637,-0.551849588442,-0.859029241216,0.316000042304,0.856728270034,1.29966522254,-0.546097160487,96.0848312378
3.525777,-0.00613592315154,-0.555301045215,-0.00345145677274,0.745898158109,-0.00345145677274,1.25441278929,-0.00498543756063,0.0,0.123485453425,-0.551849588442,-0.858262250822,0.316767032698,0.856728270034,1.30043221293,-0.54571366529,96.0848312378
3.535775,-0.00575242795457,-0.555301045215,-0.00421844716668,0.745898158109,-0.00345145677274,1.2540292941,-0.00498543756063,0.0,0.123101958228,-0.551849588442,-0.859029241216,0.316383537501,0.856728270034,1.30081570813,-0.54571366529,96.0848312378
3.545763,-0.00498543756063,-0.555301045215,-0.00383495196971,0.745898158109,-0.00345145677274,1.2540292941,-0.00421844716668,0.0,0.121951472637,-0.551849588442,-0.858262250822,0.316383537501,0.857495260428,1.30196619372,-0.54571366529,96.0848312378
3.555780,-0.0053689327576,-0.555301045215,-0.00345145677274,0.745898158109,-0.00383495196971,1.2540292941,-0.00498543756063,0.0,0.121951472637,-0.551849588442,-0.858645746019,0.316383537501,0.856728270034,1.30234968891,-0.54571366529,96.0848312378
3.565769,-0.0053689327576,-0.555301045215,-0.00345145677274,0.745514662912,-0.00345145677274,1.2536457989,-0.00498543756063,0.0,0.122718463031,-0.551849588442,-0.858262250822,0.315616547107,0.857111765231,1.30273318411,-0.546480655684,96.0848312378
3.575761,-0.0053689327576,-0.555301045215,-0.00345145677274,0.745514662912,-0.00383495196971,1.2536457989,-0.0053689327576,0.0,0.122334967834,-0.551082598048,-0.858262250822,0.316383537501,0.856344774837,1.30273318411,-0.545330170093,96.0848312378
3.585762,-0.0053689327576,-0.555301045215,-0.00460194236366,0.745514662912,-0.00383495196971,1.2532623037,-0.00460194236366,0.0,0.121951472637,-0.551082598048,-0.858645746019,0.316000042304,0.857495260428,1.30234968891,-0.546480655684,96.0848312378
3.595763,-0.00498543756063,-0.555301045215,-0.00306796157577,0.745898158109,-0.00306796157577,1.2536457989,-0.00498543756063,0.0,0.121951472637,-0.551466093245,-0.858645746019,0.316383537501,0.857111765231,1.30234968891,-0.546480655684,96.0848312378
3.605784,-0.0053689327576,-0.555301045215,-0.00421844716668,0.746665148503,-0.00383495196971,1.2532623037,-0.00460194236366,0.0,0.121951472637,-0.551466093245,-0.859029241216,0.317150527895,0.857495260428,1.30234968891,-0.546097160487,96.0848312378
3.615780,-0.00498543756063,-0.555684540411,-0.00421844716668,0.745898158109,-0.00345145677274,1.2532623037,-0.00460194236366,0.0,0.121951472637,-0.551849588442,-0.858262250822,0.316383537501,0.857111765231,1.30196619372,-0.546480655684,96.0848312378
3.625781,-0.0053689327576,-0.555301045215,-0.00345145677274,0.745131167715,-0.00383495196971,1.2536457989,-0.00460194236366,0.0,0.121951472637,-0.551082598048,-0.859029241216,0.316383537501,0.856728270034,1.30234968891,-0.54571366529,96.0848312378
3.635766,-0.00460194236366,-0.555301045215,-0.00421844716668,0.745898158109,-0.00306796157577,1.25287880851,-0.00460194236366,0.0,0.121951472637,-0.551466093245,-0.858645746019,0.316383537501,0.857111765231,1.30119920332,-0.546097160487,96.0848312378
3.645764,-0.00498543756063,-0.555301045215,-0.00383495196971,0.745898158109,-0.00345145677274,1.2540292941,-0.00460194236366,0.0,0.121184482243,-0.551082598048,-0.858645746019,0.316383537501,0.856728270034,1.30119920332,-0.546097160487,96.0848312378
3.655779,-0.0053689327576,-0.554917550018,-0.00383495196971,0.745898158109,-0.00345145677274,1.2536457989,-0.00460194236366,0.0,0.121951472637,-0.551466093245,-0.858645746019,0.316383537501,0.856344774837,1.30081570813,-0.54571366529,96.0848312378
3.665788,-0.00575242795457,-0.555684540411,-0.00460194236366,0.745131167715,-0.00421844716668,1.2540292941,-0.00460194236366,0.0,0.12156797744,-0.551082598048,-0.858645746019,0.316000042304,0.856344774837,1.30119920332,-0.546864150881,96.0848312378
3.675784,-0.0053689327576,-0.554917550018,-0.00421844716668,0.745898158109,-0.00383495196971,1.2540292941,-0.00421844716668,0.0,0.121184482243,-0.550699102851,-0.859029241216,0.317150527895,0.85596127964,1.30158269852,-0.546097160487,96.0848312378
3.685786,-0.00498543756063,-0.555301045215,-0.00383495196971,0.745514662912,-0.00383495196971,1.2540292941,-0.00460194236366,0.0,0.121951472637,-0.551849588442,-0.859029241216,0.316383537501,0.854810794049,1.30119920332,-0.546480655684,96.0848312378
3.695781,-0.00460194236366,-0.554917550018,-0.00421844716668,0.746281653306,-0.00498543756063,1.2540292941,-0.00498543756063,0.0,0.121184482243,-0.550699102851,-0.859412736413,0.316383537501,0.85596127964,1.30234968891,-0.54571366529,96.0848312378
3.705782,-0.00575242795457,-0.555684540411,-0.00383495196971,0.745898158109,-0.00383495196971,1.2536457989,-0.00498543756063,0.0,0.12156797744,-0.551082598048,-0.859029241216,0.316767032698,0.854810794049,1.30273318411,-0.545330170093,96.0848312378
3.715776,-0.0053689327576,-0.555301045215,-0.00460194236366,0.745898158109,-0.00421844716668,1.25441278929,-0.00460194236366,0.0,0.120800987046,-0.550315607654,-0.859029241216,0.316000042304,0.854427298852,1.30234968891,-0.546097160487,96.0848312378
3.725777,-0.00498543756063,-0.556068035608,-0.00383495196971,0.745898158109,-0.00383495196971,1.25479628449,-0.00498543756063,0.0,0.121951472637,-0.550699102851,-0.858262250822,0.317534023092,0.854810794049,1.30311667931,-0.54571366529,96.0848312378
3.735776,-0.00575242795457,-0.556068035608,-0.00421844716668,0.745898158109,-0.00421844716668,1.25441278929,-0.00498543756063,0.0,0.122334967834,-0.550699102851,-0.859029241216,0.316000042304,0.854427298852,1.3038836697,-0.54571366529,96.0848312378
3.745780,-0.00651941834851,-0.554917550018,-0.00383495196971,0.745514662912,-0.00383495196971,1.2540292941,-0.00460194236366,0.0,0.121951472637,-0.550699102851,-0.859412736413,0.316383537501,0.854427298852,1.30503415529,-0.54571366529,96.0848312378
3.755781,-0.0053689327576,-0.555301045215,-0.00421844716668,0.745514662912,-0.00345145677274,1.2536457989,-0.00498543756063,0.0,0.122334967834,-0.549932112457,-0.859029241216,0.317150527895,0.853276813261,1.3046506601,-0.545330170093,96.0848312378
3.765796,-0.00498543756063,-0.554917550018,-0.00421844716668,0.745131167715,-0.00345145677274,1.2536457989,-0.00460194236366,0.0,0.122718463031,-0.549932112457,-0.859029241216,0.317150527895,0.85212632767,1.30503415529,-0.546480655684,96.0848312378
3.775784,-0.00575242795457,-0.555684540411,-0.00383495196971,0.745898158109,-0.00383495196971,1.25441278929,-0.00498543756063,0.0,0.121951472637,-0.54954861726,-0.858645746019,0.316767032698,0.85212632767,1.30541765049,-0.546097160487,96.0848312378
3.785784,-0.00575242795457,-0.555301045215,-0.00460194236366,0.745898158109,-0.00345145677274,1.2536457989,-0.00460194236366,0.0,0.122334967834,-0.54954861726,-0.859412736413,0.316767032698,0.851742832473,1.30618464088,-0.546480655684,96.0848312378
3.795780,-0.0053689327576,-0.555301045215,-0.00383495196971,0.745131167715,-0.00345145677274,1.2536457989,-0.00498543756063,0.0,0.122718463031,-0.54954861726,-0.859029241216,0.317534023092,0.851359337276,1.30656813608,-0.546097160487,96.0848312378
3.805791,-0.00575242795457,-0.555301045215,-0.00345145677274,0.745898158109,-0.00383495196971,1.25441278929,-0.00498543756063,0.0,0.122334967834,-0.548781626866,-0.858262250822,0.317534023092,0.850208851685,1.30695163128,-0.54571366529,96.0848312378
3.815772,-0.00460194236366,-0.554917550018,-0.00383495196971,0.745514662912,-0.00345145677274,1.2540292941,-0.00498543756063,0.0,0.122334967834,-0.54954861726,-0.859412736413,0.316767032698,0.849441861292,1.30733512648,-0.546480655684,96.0848312378
3.825795,-0.00460194236366,-0.555684540411,-0.00383495196971,0.745131167715,-0.00383495196971,1.2532623037,-0.00460194236366,0.0,0.121951472637,-0.549165122063,-0.859412736413,0.317534023092,0.848674870898,1.30733512648,-0.546097160487,96.0848312378
3.835776,-0.00498543756063,-0.555684540411,-0.00421844716668,0.745131167715,-0.00383495196971,1.2532623037,-0.00460194236366,0.0,0.122718463031,-0.549165122063,-0.859029241216,0.317534023092,0.847907880504,1.30810211687,-0.546480655684,96.0848312378
3.845786,-0.0053689327576,-0.555301045215,-0.00383495196971,0.746281653306,-0.00383495196971,1.2536457989,-0.00460194236366,0.0,0.123101958228,-0.548781626866,-0.859412736413,0.316767032698,0.847907880504,1.30848561207,-0.546480655684,96.0848312378
3.855784,-0.0053689327576,-0.555301045215,-0.00345145677274,0.746281653306,-0.00345145677274,1.2532623037,-0.00460194236366,0.0,0.121951472637,-0.547631141275,-0.858262250822,0.317150527895,0.847524385307,1.30925260246,-0.54571366529,96.0848312378
3.865770,-0.00575242795457,-0.554534054821,-0.00421844716668,0.745898158109,-0.00345145677274,1.2540292941,-0.00498543756063,0.0,0.122718463031,-0.547247646078,-0.859029241216,0.317150527895,0.847907880504,1.30963609766,-0.546480655684,96.0848312378
3.875775,-0.0053689327576,-0.555301045215,-0.00306796157577,0.745898158109,-0.00383495196971,1.2540292941,-0.00421844716668,0.0,0.123101958228,-0.546480655684,-0.85979623161,0.317917518289,0.848674870898,1.31078658325,-0.546097160487,96.0848312378
3.885771,-0.0053689327576,-0.555684540411,-0.00345145677274,0.745898158109,-0.00345145677274,1.2536457989,-0.00460194236366,0.0,0.122718463031,-0.546480655684,-0.858645746019,0.318684508683,0.848291375701,1.31078658325,-0.546480655684,96.0848312378
3.895761,-0.00498543756063,-0.555301045215,-0.00421844716668,0.745131167715,-0.00383495196971,1.2540292941,-0.00498543756063,0.0,0.121951472637,-0.546480655684,-0.857878755625,0.317917518289,0.849441861292,1.31232056404,-0.546097160487,96.0848312378
3.905770,-0.00498543756063,-0.554917550018,-0.00421844716668,0.745898158109,-0.00306796157577,1.2536457989,-0.0053689327576,0.0,0.121951472637,-0.546097160487,-0.859412736413,0.318684508683,0.849441861292,1.31193706884,-0.546097160487,96.0848312378
3.915775,-0.00498543756063,-0.555684540411,-0.00421844716668,0.745514662912,-0.00383495196971,1.2536457989,-0.00498543756063,0.0,0.121951472637,-0.545330170093,-0.859029241216,0.317917518289,0.849058366095,1.31232056404,-0.546480655684,96.0848312378
3.925785,-0.0053689327576,-0.555684540411,-0.00306796157577,0.745131167715,-0.00345145677274,1.2540292941,-0.00498543756063,0.0,0.121951472637,-0.544179684502,-0.858645746019,0.318301013486,0.849441861292,1.31347104963,-0.54571366529,96.0848312378
3.935787,-0.0053689327576,-0.555301045215,-0.00383495196971,0.745514662912,-0.00383495196971,1.2536457989,-0.00498543756063,0.0,0.121951472637,-0.544563179699,-0.859412736413,0.317917518289,0.849058366095,1.31347104963,-0.546097160487,96.0848312378
3.945781,-0.00613592315154,-0.554917550018,-0.00383495196971,0.745898158109,-0.00383495196971,1.2532623037,-0.00498543756063,0.0,0.121951472637,-0.543796189305,-0.85979623161,0.318301013486,0.849058366095,1.31308755443,-0.546480655684,96.0848312378
3.955769,-0.0053689327576,-0.555301045215,-0.00345145677274,0.745898158109,-0.00421844716668,1.2536457989,-0.00460194236366,0.0,0.12156797744,-0.543412694108,-0.859029241216,0.318301013486,0.849058366095,1.31423804002,-0.546097160487,96.0848312378
3.965777,-0.0053689327576,-0.555684540411,-0.00421844716668,0.745898158109,-0.00383495196971,1.25441278929,-0.00460194236366,0.0,0.120800987046,-0.541878713321,-0.858645746019,0.31906800388,0.849441861292,1.31385454482,-0.546480655684,96.0848312378
3.975785,-0.00498543756063,-0.555301045215,-0.00383495196971,0.745514662912,-0.00383495196971,1.2540292941,-0.00498543756063,0.0,0.122334967834,-0.542262208517,-0.859412736413,0.318684508683,0.848674870898,1.31500503041,-0.546480655684,96.0848312378
3.985784,-0.0053689327576,-0.555301045215,-0.00421844716668,0.746665148503,-0.00345145677274,1.2536457989,-0.00460194236366,0.0,0.121951472637,-0.541495218124,-0.85979623161,0.318684508683,0.848291375701,1.31500503041,-0.54571366529,96.0848312378
3.995784,-0.00498543756063,-0.555301045215,-0.00345145677274,0.746281653306,-0.00383495196971,1.2536457989,-0.00460194236366,0.0,0.12156797744,-0.540344732533,-0.859029241216,0.318684508683,0.848674870898,1.3165390112,-0.54571366529,96.0848312378
4.005785,-0.00498543756063,-0.556068035608,-0.00421844716668,0.746281653306,-0.00383495196971,1.2540292941,-0.00460194236366,0.0,0.121184482243,-0.539577742139,-0.859029241216,0.318684508683,0.849058366095,1.3165390112,-0.546480655684,96.0848312378
4.015773,-0.00498543756063,-0.555684540411,-0.00306796157577,0.745514662912,-0.00383495196971,1.2536457989,-0.00460194236366,0.0,0.120800987046,-0.539577742139,-0.858645746019,0.31906800388,0.849058366095,1.3165390112,-0.546480655684,96.0848312378
4.025778,-0.0053689327576,-0.555301045215,-0.00498543756063,0.745514662912,-0.00421844716668,1.2540292941,-0.00498543756063,0.0,0.12156797744,-0.538810751745,-0.858645746019,0.31906800388,0.848674870898,1.31615551601,-0.546480655684,96.0848312378
4.035780,-0.00575242795457,-0.555301045215,-0.00383495196971,0.745131167715,-0.00383495196971,1.2536457989,-0.00460194236366,0.0,0.12156797744,-0.538043761351,-0.859412736413,0.31906800388,0.848291375701,1.31615551601,-0.546864150881,96.0848312378
4.045773,-0.00498543756063,-0.555684540411,-0.00421844716668,0.745514662912,-0.00383495196971,1.25249531331,-0.00460194236366,0.0,0.12156797744,-0.537276770957,-0.859029241216,0.319834994274,0.848291375701,1.31615551601,-0.546097160487,96.0848312378
4.055772,-0.0053689327576,-0.555301045215,-0.00345145677274,0.745898158109,-0.00383495196971,1.2540292941,-0.00498543756063,0.0,0.121184482243,-0.535359294972,-0.85979623161,0.320218489471,0.848674870898,1.31577202081,-0.54571366529,96.0848312378
4.065780,-0.00575242795457,-0.556068035608,-0.00345145677274,0.745898158109,-0.00345145677274,1.2536457989,-0.0053689327576,0.0,0.121184482243,-0.535742790169,-0.858645746019,0.320601984668,0.847907880504,1.31615551601,-0.546097160487,96.0848312378
4.075781,-0.00498543756063,-0.556068035608,-0.00421844716668,0.745514662912,-0.00345145677274,1.2532623037,-0.00421844716668,0.0,0.121184482243,-0.534975799775,-0.858262250822,0.320218489471,0.848674870898,1.31615551601,-0.54571366529,96.0848312378
4.085777,-0.00498543756063,-0.555301045215,-0.00383495196971,0.745898158109,-0.00421844716668,1.2540292941,-0.00498543756063,0.0,0.12156797744,-0.534208809381,-0.859412736413,0.320601984668,0.848291375701,1.31615551601,-0.547247646078,96.0848312378
4.095782,-0.0053689327576,-0.554534054821,-0.00306796157577,0.746281653306,-0.00345145677274,1.2536457989,-0.00498543756063,0.0,0.120417491849,-0.533825314184,-0.858645746019,0.321368975062,0.848291375701,1.31615551601,-0.546480655684,96.0848312378
4.105788,-0.00498543756063,-0.555301045215,-0.00421844716668,0.745898158109,-0.00345145677274,1.2540292941,-0.00498543756063,0.0,0.120417491849,-0.531524343002,-0.858645746019,0.320985479865,0.848291375701,1.3165390112,-0.546864150881,96.0848312378
4.115782,-0.0053689327576,-0.555301045215,-0.00345145677274,0.746281653306,-0.00383495196971,1.2536457989,-0.0053689327576,0.0,0.120800987046,-0.531907838199,-0.859412736413,0.320985479865,0.847907880504,1.3165390112,-0.546097160487,96.0848312378
4.125785,-0.0053689327576,-0.555301045215,-0.00383495196971,0.745514662912,-0.00383495196971,1.2536457989,-0.00498543756063,0.0,0.120800987046,-0.529990362214,-0.859029241216,0.321368975062,0.848291375701,1.3165390112,-0.546097160487,96.0848312378
