time,right_s0,right_s1,right_e0,right_e1,right_w0,right_w1,right_w2
0.483314,0.875456311538,-0.720218573573,-0.709004016678,0.691958527507,0.587865309698,1.15591734333,-0.359876009889
0.493296,0.875927975413,-0.719629606661,-0.709066265954,0.69280458303,0.588157369433,1.15520606554,-0.358722123081
0.503278,0.876155204204,-0.719393805935,-0.709085560953,0.693412220737,0.587658870293,1.15448857688,-0.35770206417
0.513261,0.876407161671,-0.719109562591,-0.708803237831,0.694214442873,0.587205787884,1.15360673409,-0.356787971742
0.523243,0.87693854924,-0.718567677849,-0.708586729894,0.695115756933,0.587418264519,1.15271410382,-0.356086770603
0.533225,0.877637341317,-0.718184786919,-0.708444322944,0.695839966443,0.58777912904,1.15217232761,-0.355511874532
0.543207,0.878229288488,-0.717789261114,-0.708088858879,0.696552747054,0.587812700538,1.1518719553,-0.355015763182
0.553190,0.878647579664,-0.717019784172,-0.707619141713,0.697462585411,0.587571916619,1.15167213509,-0.354676598063
0.563172,0.879033951697,-0.716066630134,-0.707300048309,0.6984355834,0.587410732918,1.15179298246,-0.354451752269
0.573154,0.879414010759,-0.715417033251,-0.706971755647,0.699212768051,0.587490030007,1.15229158368,-0.353989379584
0.583136,0.879619017744,-0.715035121845,-0.706597128709,0.699755783542,0.587466603597,1.1524133346,-0.352964584155
0.593119,0.879865973511,-0.714663422784,-0.706691986509,0.700228285182,0.587448492087,1.15182540469,-0.351659573476
0.603101,0.880308763809,-0.714307747726,-0.706489093137,0.700769390286,0.587696000173,1.15127939167,-0.35087096063
0.613083,0.880403666324,-0.714157561208,-0.70585346962,0.701393897879,0.587961049515,1.1510363668,-0.350733039438
0.623065,0.88046853554,-0.713854584508,-0.705425938113,0.701893039093,0.588209227618,1.15083151447,-0.350768569906
0.633048,0.880621980629,-0.713563995867,-0.705020990507,0.70231550856,0.588453570164,1.15063835652,-0.350441691165
0.643030,0.880903817257,-0.713386765038,-0.704621827183,0.702895415932,0.588816287367,1.15036876176,-0.349725819685
0.653012,0.881214263521,-0.713149021747,-0.704353207746,0.703534154154,0.58914965636,1.15003956129,-0.349110016185
0.662994,0.88145687058,-0.712711706916,-0.704264441958,0.704081670917,0.589394250309,1.14965125149,-0.348797500917
0.672977,0.881620336094,-0.712211832542,-0.704200373154,0.704497551468,0.589664565889,1.14924305139,-0.348476439731
0.682959,0.881747238799,-0.711822696656,-0.703964484306,0.704811139085,0.589869895659,1.14897680891,-0.347986110614
0.692941,0.881880151184,-0.711380916586,-0.703674894568,0.705172087171,0.589685735329,1.14888096826,-0.347706758472
0.702923,0.881939386613,-0.710886046829,-0.703688415492,0.705487118488,0.589503421688,1.1486306485,-0.347227882052
0.712906,0.88192057831,-0.710395504434,-0.70357991974,0.70594513314,0.589469728406,1.14826391168,-0.346623038533
0.722888,0.881940245288,-0.710068569331,-0.703317680693,0.706296331843,0.589671236676,1.14835587678,-0.346020513999
0.732870,0.8822020934,-0.709815560252,-0.703140103257,0.706591376512,0.589815466297,1.1483455192,-0.345555936408
0.742852,0.882415984353,-0.709485530479,-0.70293174605,0.707102577529,0.589962207042,1.14820292882,-0.345355833474
0.752834,0.882590903045,-0.709142823081,-0.702811693257,0.707629118821,0.590131453915,1.14828338755,-0.344998519067
0.762817,0.882689316255,-0.708739878872,-0.702802632692,0.707832098127,0.590255045904,1.14844201644,-0.344407480092
0.772799,0.882608067005,-0.708519267623,-0.702792902984,0.707730182846,0.590393548511,1.14838015123,-0.343865356995
0.782781,0.882416377277,-0.708632979087,-0.702705008878,0.707627079228,0.590616333665,1.14807979648,-0.343638655252
0.792763,0.882314300162,-0.708743881602,-0.702632450142,0.707732996242,0.590832256883,1.14771579182,-0.343706224995
0.802746,0.882354652184,-0.708588551419,-0.702720944071,0.708029702213,0.591009167514,1.14737765506,-0.343826603439
0.812728,0.882667940338,-0.708564174947,-0.702788951501,0.708428461352,0.591459004711,1.14724166577,-0.343911994718
0.822710,0.882955309707,-0.708604738963,-0.702690364597,0.708647121185,0.591658585294,1.14726377333,-0.343836003022
0.832692,0.882971085812,-0.708677931283,-0.702608863633,0.708718637698,0.591391137061,1.14741424532,-0.343527782252
0.842675,0.883122822376,-0.708832218876,-0.702525486417,0.709016031235,0.591181308864,1.14781764984,-0.34317094234
0.852657,0.883353040722,-0.708939228072,-0.702540113801,0.709379575017,0.591159373248,1.14755970028,-0.342830014469
0.862639,0.883427106153,-0.708981737124,-0.702765589677,0.709608150109,0.591147291706,1.14674467002,-0.342519909137
0.872621,0.883514140974,-0.708930672907,-0.703006190131,0.709634630986,0.591116272502,1.14625275432,-0.342299274149
0.882604,0.883723939677,-0.708793334066,-0.703164252448,0.709588254846,0.591163593053,1.14616659271,-0.342074090343
0.892586,0.88391955265,-0.708700561088,-0.703327211618,0.709588947614,0.591358269229,1.146263,-0.341555678807
0.902568,0.8840023008,-0.708746069022,-0.703582048787,0.709615959604,0.591683496942,1.14655608927,-0.340523182079
0.912550,0.884072563841,-0.70880637562,-0.703862790193,0.709562283597,0.592043150491,1.14683135108,-0.339181916398
0.922533,0.884050252584,-0.708855095136,-0.703931672409,0.709292512514,0.592219775886,1.14700842982,-0.338163847655
0.932515,0.883885107569,-0.709078159884,-0.703904222876,0.709260297977,0.592084600078,1.14709568346,-0.337703626668
0.942497,0.883729689799,-0.709429819184,-0.703947903014,0.709412302988,0.59190655088,1.1470022101,-0.337569137885
0.952479,0.883654568441,-0.70975246743,-0.70404679456,0.70936785438,0.591872407692,1.14746667925,-0.337717359412
0.962461,0.883598214455,-0.709845815072,-0.704134731566,0.709017172066,0.591853517795,1.14804513533,-0.33782603376
0.972444,0.883501969976,-0.709725121038,-0.70429830729,0.708613876759,0.59210212214,1.14846220093,-0.337519282813
0.982426,0.883435614784,-0.709586202179,-0.704586000729,0.708447329046,0.592548245846,1.14891963102,-0.337224833507
0.992408,0.88329050636,-0.709377514714,-0.704937388417,0.708357336028,0.592771291128,1.14949719861,-0.337302023497
1.002390,0.883074454143,-0.7091080461,-0.705255750036,0.708112192622,0.592618360846,1.14993425381,-0.337578715003
1.012373,0.882988152775,-0.708895456627,-0.705508248649,0.70773050196,0.592362498909,1.15013626123,-0.33780641738
1.022355,0.883013467418,-0.708699105346,-0.705659912055,0.707313092466,0.592328748668,1.15035054799,-0.338087014735
1.032337,0.882814539869,-0.708517282808,-0.705548013642,0.70690897091,0.592693789339,1.15032155411,-0.33834673067
1.042319,0.882677445059,-0.70832643055,-0.705490366058,0.706764024584,0.593078760982,1.14989426145,-0.33805964029
1.052302,0.882496742869,-0.708116851112,-0.705525127709,0.706644350833,0.593221019004,1.14986163569,-0.337617176256
1.062284,0.882051401384,-0.707907922994,-0.705699653391,0.706369019059,0.593295476126,1.14974911185,-0.337685441043
1.072266,0.881953782981,-0.707938779366,-0.705710757615,0.706233427181,0.593580085531,1.14977989239,-0.337802489822
1.082248,0.882077070131,-0.708031295867,-0.705548083937,0.706178804159,0.593886890401,1.14984214294,-0.337844093976
1.092231,0.882061388959,-0.707954888572,-0.705531744477,0.705950059547,0.594075045766,1.14994620038,-0.337730962051
1.102213,0.881970154576,-0.707824848882,-0.705748519279,0.70556538276,0.594178851517,1.15035798856,-0.337673527332
1.112195,0.881967527618,-0.707713577853,-0.706092630671,0.705229985614,0.594223520031,1.15082115054,-0.337655601679
1.122177,0.882026323007,-0.707566752844,-0.706483446509,0.705068078174,0.594256632751,1.15093789825,-0.337497762996
1.132160,0.882017591304,-0.707480457365,-0.706871062343,0.705003788142,0.594395297918,1.15099464267,-0.337307064489
1.142142,0.881877806098,-0.707584310796,-0.707162992685,0.704848632847,0.594603264016,1.15140494661,-0.337350819157
1.152124,0.88180216636,-0.707439752738,-0.707502344237,0.704553333232,0.59478974232,1.15163832993,-0.337754197426
1.162106,0.881877921447,-0.706995103697,-0.707797396433,0.704587620745,0.594981980711,1.15192306447,-0.338075335347
1.172089,0.881967270912,-0.706917602637,-0.707583480775,0.704876084561,0.595076826847,1.1526214678,-0.337893871331
1.182071,0.882035859452,-0.707044437312,-0.707411217766,0.70508909136,0.595016799522,1.15353343673,-0.337526369885
1.192053,0.882012537425,-0.70717146672,-0.707477886831,0.705084294665,0.595076057772,1.15456912716,-0.337068749077
1.202035,0.881938602924,-0.707360469972,-0.707461075268,0.704968898248,0.595143077202,1.15553079082,-0.336289920087
1.212017,0.881873153392,-0.707629922043,-0.70747717794,0.704807242291,0.59520962797,1.15624560259,-0.335171905934
1.222000,0.881870102028,-0.707837328138,-0.707666134618,0.704578346659,0.595342968102,1.15666007774,-0.334138246355
1.231982,0.881883733182,-0.707877350515,-0.707914663236,0.704274503924,0.595472426316,1.15696316083,-0.333545338193
1.241964,0.881747366293,-0.707842944402,-0.708149910243,0.703961907708,0.595514072588,1.15739858785,-0.333389368932
1.251946,0.881422210822,-0.707877213376,-0.708507099973,0.703735515872,0.595636185659,1.15779867794,-0.33359780906
1.261929,0.881328949761,-0.707940056335,-0.708789950246,0.703635802308,0.595829893269,1.15769397173,-0.333767559084
1.271911,0.88154560394,-0.708004877598,-0.708999810399,0.703534194636,0.595902366724,1.15749255101,-0.333548831242
1.281893,0.881422691584,-0.70810682236,-0.709325277633,0.70338281802,0.595790407749,1.15789613979,-0.333541513713
1.291875,0.881162890163,-0.708268568249,-0.709531024397,0.703233777876,0.595854966527,1.15819218594,-0.333755263837
1.301858,0.880949497544,-0.708369394015,-0.709689902281,0.702850006012,0.596118006546,1.15821061011,-0.334204783569
1.311840,0.880858307829,-0.708392174029,-0.709978925167,0.702501451623,0.596314899079,1.15831074589,-0.334444310206
1.321822,0.880776326946,-0.708471844961,-0.710422149156,0.702267466899,0.596364639999,1.15835404591,-0.334295383101
1.331804,0.880563550003,-0.708603269765,-0.710737126594,0.702008923271,0.59638498281,1.15820255841,-0.334283014027
1.341787,0.880301385531,-0.708717321855,-0.710862895699,0.701672230791,0.596486139701,1.15810978102,-0.334678700709
1.351769,0.880164197165,-0.708855222042,-0.711065998798,0.701333104112,0.596690024453,1.15836545646,-0.335052114451
1.361751,0.880127980582,-0.70907356689,-0.711379398831,0.701018988264,0.596957896519,1.15879718326,-0.335158857292
1.371733,0.880202743509,-0.709235623006,-0.711606562617,0.700824625744,0.597094317466,1.15907446365,-0.335380507772
1.381716,0.880281938052,-0.70922544044,-0.71179069789,0.700736235464,0.597098795827,1.15917649823,-0.335458716971
1.391698,0.880030227957,-0.709182940414,-0.711852120983,0.700862848091,0.597232294426,1.15929121577,-0.335105455684
1.401680,0.87975909443,-0.709355507952,-0.711988725317,0.700793074939,0.597268870517,1.15951601177,-0.33498230351
1.411662,0.879692299416,-0.709572213375,-0.712307998306,0.700526188223,0.597279509739,1.15990855602,-0.335139966327
1.421645,0.87968438586,-0.709731123832,-0.712587537502,0.700282133505,0.597231703514,1.1604036322,-0.335371916168
1.431627,0.879748870321,-0.709849513423,-0.712732443604,0.700116337309,0.597121602235,1.16090003649,-0.335545183142
1.441609,0.879759046106,-0.710022174072,-0.712998883173,0.700060507047,0.59718435304,1.16134241161,-0.335750131745
1.451591,0.879566206052,-0.710238645064,-0.713375034352,0.69999918691,0.597554220399,1.1617336195,-0.336008393151
1.461573,0.879260259191,-0.710359571939,-0.713571296545,0.699751416272,0.597983966766,1.16205310087,-0.336221386417
1.471556,0.87911018265,-0.710304463578,-0.713648565229,0.699366522631,0.59811555489,1.16227602931,-0.336423567022
1.481538,0.879197609556,-0.710207644227,-0.71392003215,0.699050785379,0.598030969144,1.16253539154,-0.336710128321
1.491520,0.879215568081,-0.710394855126,-0.714201953143,0.698731344688,0.598152301914,1.16269251843,-0.336694537193
1.501502,0.878872121048,-0.710698438054,-0.714214559828,0.698376462015,0.598308942419,1.16277730576,-0.336453778447
1.511485,0.878488203061,-0.710698118321,-0.714194219337,0.698174508396,0.598489661008,1.16291861063,-0.336361953845
1.521467,0.878349384388,-0.710445806269,-0.714228083455,0.698081304165,0.598573449519,1.16297066176,-0.336524556362
1.531449,0.878524091959,-0.710317036285,-0.714324443003,0.698034870881,0.598399605536,1.16309019119,-0.336723191207
1.541431,0.878816418309,-0.710493896217,-0.714604027781,0.697935578851,0.597985133077,1.16330542068,-0.336947740677
1.551414,0.879090414567,-0.710832501828,-0.714901930593,0.697805466872,0.597514611389,1.16356443009,-0.337154637027
1.561396,0.879300733801,-0.711081564224,-0.715075473445,0.69760882761,0.597159331741,1.16384976153,-0.337297005593
1.571378,0.879367637108,-0.711202117402,-0.715338279047,0.697311081673,0.596885395539,1.16413958021,-0.337352500895
1.581360,0.879264659305,-0.711355253403,-0.715977010568,0.697048188262,0.596577425896,1.16442645009,-0.33730132387
1.591343,0.879251390736,-0.711551527824,-0.71671423385,0.69695072001,0.59640298677,1.16483645855,-0.337216207877
1.601325,0.879446503322,-0.711797183629,-0.716913558039,0.696898344791,0.596534833286,1.16519793595,-0.337306095784
1.611307,0.879452975972,-0.712156990314,-0.716760928558,0.696775421992,0.59672661355,1.16525623824,-0.337651353062
1.621289,0.87927957152,-0.712302112332,-0.716851097189,0.696706911322,0.596785966043,1.16533848614,-0.338116745589
1.631272,0.879281914767,-0.71232908526,-0.717129409217,0.696627194959,0.596982258806,1.16535345103,-0.33834861726
1.641254,0.87939431269,-0.712405654599,-0.717313414274,0.696415617722,0.597311171333,1.16547515847,-0.33832780481
1.651236,0.879381249406,-0.712597138394,-0.717239538053,0.696186008235,0.597450620328,1.16595345419,-0.338555019827
1.661218,0.879111983579,-0.7127138082,-0.717072708756,0.69604025552,0.597455280132,1.16665930175,-0.339054944174
1.671201,0.878795724751,-0.712809570201,-0.71720077943,0.695937723669,0.597508464979,1.16743193753,-0.339463271206
1.681183,0.878667462861,-0.713106036379,-0.717712469326,0.695826670473,0.597577288677,1.16818033518,-0.339510590876
1.691165,0.87865934459,-0.713585333987,-0.718212821898,0.695716572825,0.59759284596,1.16870643793,-0.339233118387
1.701147,0.878597770229,-0.714056870427,-0.718381222041,0.695563547885,0.597711380276,1.16884337958,-0.338890740205
1.711129,0.878500922992,-0.714610110479,-0.718435576643,0.695361578171,0.597663504127,1.16898587359,-0.338973944367
1.721112,0.878404520017,-0.714966512139,-0.718618805351,0.695177118811,0.597272194793,1.16923793339,-0.339415502596
1.731094,0.87830859319,-0.715093259189,-0.718936466004,0.694975392418,0.596984152623,1.16955043591,-0.339686526634
1.741076,0.878184378897,-0.715498851569,-0.719302743382,0.694789679808,0.597096377783,1.16985338887,-0.339785654458
1.751058,0.877956146613,-0.716062064257,-0.719642073149,0.694669377242,0.597362928248,1.17015515693,-0.339769347495
1.761041,0.877664991837,-0.716587374953,-0.719978201906,0.694687150535,0.597370779875,1.17037174644,-0.339811784511
1.771023,0.877500080665,-0.717109964122,-0.720467478856,0.694601568782,0.597353162663,1.17039032559,-0.339871391624
1.781005,0.877483628881,-0.717794496684,-0.721164754033,0.694310471649,0.597520733507,1.17040525561,-0.339990731797
1.790987,0.877432163533,-0.718651498432,-0.721922777022,0.694067891025,0.597809017761,1.17064480357,-0.340229454984
1.800970,0.877224062077,-0.719473299276,-0.722622761984,0.694107679725,0.598035902693,1.17104258024,-0.340564312737
1.810952,0.876976013855,-0.720121228537,-0.723353607944,0.694269047972,0.598017602389,1.17142165121,-0.340919583001
1.820934,0.876826961082,-0.720790971253,-0.724054971613,0.694399461131,0.597786606668,1.17185327256,-0.340973782104
1.830916,0.876946781058,-0.721470195383,-0.724773545075,0.694472827736,0.597971213108,1.17239589863,-0.341079429437
1.840899,0.87709207278,-0.722140864764,-0.725391170649,0.694619499599,0.59850628481,1.17313425728,-0.341671138683
1.850881,0.876939398927,-0.723033081436,-0.725906993493,0.694880291235,0.598696169378,1.17391465453,-0.341818695612
1.860863,0.876794135437,-0.724121403281,-0.726661687892,0.695110519422,0.598807341559,1.17436743246,-0.341733254025
1.870845,0.876857531554,-0.725341883621,-0.727517109023,0.695320808578,0.599062183536,1.17492155268,-0.341891081503
1.880828,0.876938878767,-0.726564851716,-0.728478195087,0.695546264847,0.599241935805,1.17590186636,-0.342423373003
1.890810,0.876828823687,-0.727723276384,-0.729603653343,0.695715821083,0.599278921199,1.17733160592,-0.342994218238
1.900792,0.876594885343,-0.728840667059,-0.730685594295,0.695809717611,0.599424547717,1.17902373778,-0.343335486616
1.910774,0.87650568498,-0.73003696399,-0.731388397903,0.69597655739,0.599805615901,1.18076929008,-0.343628328891
1.920756,0.876657292052,-0.731454778747,-0.731732038529,0.696351012727,0.600144196995,1.18252098737,-0.34416153357
1.930739,0.876747137458,-0.733030926747,-0.732134192194,0.69679380072,0.600259208662,1.18443525725,-0.344684187789
1.940721,0.876781820073,-0.734580851816,-0.732671314673,0.697274488534,0.600280086951,1.18656664897,-0.344922287141
1.950703,0.876854413383,-0.736320396907,-0.732942421127,0.697786876329,0.600537684016,1.18889199406,-0.344823616405
1.960685,0.876878720329,-0.737935849893,-0.733299805833,0.698256622882,0.600855164121,1.19135582349,-0.344551395824
1.970668,0.877026439769,-0.739330285279,-0.733768755946,0.698843915458,0.6009069768,1.19359711821,-0.344461227001
1.980650,0.877204446238,-0.740992993763,-0.73417989301,0.699510947492,0.600743794317,1.19548236308,-0.344529378228
1.990632,0.877226952147,-0.743093877471,-0.7345146592,0.700175012881,0.600587981375,1.19719979533,-0.344792268584
2.000614,0.877150051206,-0.745304801121,-0.734768016302,0.700947685368,0.600568005397,1.19886484217,-0.345126448385
2.010597,0.877168762627,-0.747219081057,-0.734951381975,0.701998208079,0.600611415883,1.20052075674,-0.345428260467
2.020579,0.877317812452,-0.748923966379,-0.735095224636,0.703333976929,0.600646976272,1.20223673095,-0.34577425133
2.030561,0.877444223753,-0.750869755877,-0.735202655901,0.704830467426,0.600772807079,1.20394433633,-0.346206676322
2.040543,0.877510146883,-0.753015547639,-0.735261740872,0.706471530336,0.601014478576,1.20523558411,-0.346487842373
2.050526,0.877549972505,-0.755076985239,-0.735322894,0.708300421011,0.601003487591,1.20597182441,-0.346704219261
2.060508,0.877747876413,-0.75733466642,-0.735355817641,0.710139108783,0.600896983343,1.20655549096,-0.346959646712
2.070490,0.878142740505,-0.759524745768,-0.73540572314,0.712010524607,0.601102211782,1.20694891577,-0.347484121862
2.080472,0.878563180904,-0.761692564303,-0.73562972237,0.714153421679,0.601316945978,1.20702873393,-0.348201225417
2.090455,0.878922812596,-0.764198595121,-0.735838695766,0.7165238189,0.601356701201,1.20683116826,-0.348632552181
2.100437,0.879258003441,-0.766832705073,-0.736039576039,0.718917871693,0.60127917318,1.20644942123,-0.348670519629
2.110419,0.8796982901,-0.769203050926,-0.736285519761,0.721269931549,0.601198623605,1.20588021617,-0.348620802528
2.120401,0.880300930226,-0.771329658784,-0.736476355605,0.723664319889,0.6011012397,1.20507702229,-0.348824049869
2.130384,0.881009873769,-0.77352373443,-0.736563263183,0.726195238157,0.600994344257,1.20411144658,-0.349396644788
2.140366,0.881655993279,-0.775933084145,-0.736664127738,0.728861010503,0.600986891887,1.20315570258,-0.350259991526
2.150348,0.88200568532,-0.778467521432,-0.736780399791,0.731604824437,0.601035745448,1.20226050321,-0.35132069962
2.160330,0.882160036538,-0.781040383491,-0.736789603853,0.734480058364,0.600919302705,1.20131865212,-0.352554114464
2.170312,0.8824995436,-0.78341606349,-0.736581342974,0.737611932477,0.600811699862,1.19997646376,-0.353497269004
2.180295,0.882911351285,-0.785784826636,-0.736655745765,0.740944253019,0.600952081898,1.19807208492,-0.353900049518
2.190277,0.883487063049,-0.788363761458,-0.737114550744,0.744382148732,0.600949258988,1.19602066192,-0.354031466437
2.200259,0.884111559167,-0.791039254449,-0.737502466668,0.748024777994,0.600712823254,1.19394143575,-0.354156236436
2.210241,0.884809946537,-0.793664760857,-0.737626897365,0.751922352854,0.600510919314,1.19182424501,-0.354271532837
2.220224,0.885647739653,-0.796256164839,-0.737542154059,0.756007261679,0.600402740554,1.18950426555,-0.354261413234
2.230206,0.886583512541,-0.798935612306,-0.737530471589,0.760277795924,0.600308460887,1.18682187137,-0.354291314943
2.240188,0.887582362024,-0.801757526514,-0.737693198646,0.764772066104,0.600232558257,1.18391589074,-0.354696004619
2.250170,0.888578221443,-0.804649471212,-0.737808775237,0.76939659392,0.600251478845,1.18108017987,-0.355521613134
2.260153,0.889341798584,-0.80752437947,-0.737757055472,0.773953864262,0.600357485528,1.17830280808,-0.356358402281
2.270135,0.88989590242,-0.810373438844,-0.737780949509,0.77850158338,0.600505624347,1.17539453568,-0.356885472664
2.280117,0.890731050332,-0.81316207559,-0.737903774054,0.783318269196,0.600451546678,1.17245985828,-0.357609227035
2.290099,0.891642688586,-0.815965480556,-0.738053599758,0.788315428085,0.600358683432,1.16952253011,-0.358685863089
2.300082,0.892436185862,-0.818758544197,-0.738257493551,0.793377253671,0.600607455583,1.16650149732,-0.359800808557
2.310064,0.893416838427,-0.821572297431,-0.738444096732,0.798688768303,0.600883602249,1.16354542677,-0.361115811815
2.320046,0.894635866331,-0.824441809223,-0.738577613471,0.804199735106,0.600948160497,1.160529267,-0.362690307807
2.330028,0.895918570359,-0.827309944738,-0.738643885104,0.809673351485,0.600868577851,1.15722911229,-0.364474420633
2.340011,0.897095767794,-0.830132980927,-0.738566669085,0.81509252782,0.600757572287,1.15380568683,-0.36647335044
2.349993,0.89823603831,-0.832930879185,-0.738425723744,0.820615963015,0.600565015414,1.15051273867,-0.368651613474
2.359975,0.899540173132,-0.835748645923,-0.738502774658,0.826333277071,0.600215094866,1.14731340188,-0.370857714046
2.369957,0.900985624518,-0.838586828106,-0.738946371945,0.832231497325,0.599854004341,1.14399275753,-0.373004610894
2.379940,0.902269546748,-0.841403074128,-0.739474566205,0.838369619281,0.599731089032,1.14049866711,-0.375291156084
2.389922,0.903536045925,-0.844341995339,-0.739732543203,0.84471619116,0.599735060537,1.13682028116,-0.377843266649
2.399904,0.905007177391,-0.847325904878,-0.739694055324,0.851256294164,0.599570930574,1.13304802355,-0.380246786128
2.409886,0.906477611725,-0.85015138589,-0.73954903895,0.857541301149,0.599180670202,1.12958408402,-0.382550766688
2.419868,0.907815734197,-0.852871501021,-0.739454648272,0.863448716738,0.598923743589,1.12630461027,-0.384830628271
2.429851,0.909071347042,-0.85555615955,-0.739530691318,0.869430326837,0.599038114721,1.12284693263,-0.387061763022
2.439833,0.910385682121,-0.858200549007,-0.739667171097,0.875626338149,0.599195165414,1.11919266833,-0.389303390077
2.449815,0.911714381949,-0.86090274751,-0.739725018648,0.881866777123,0.599043925018,1.11554393428,-0.391696356116
2.459797,0.912972931352,-0.863753437822,-0.739708055564,0.888012287886,0.598656441295,1.11190845695,-0.394331850543
2.469780,0.914217820756,-0.866691138291,-0.739744793768,0.894019523937,0.598335806415,1.1081024388,-0.397036687399
2.479762,0.915583440785,-0.869569329593,-0.739929674939,0.899862888233,0.59815125469,1.10406867416,-0.399398736725
2.489744,0.917096965134,-0.872367355475,-0.740203808817,0.905708377329,0.597931283756,1.09994869647,-0.401186666812
2.499726,0.918711658273,-0.875180661519,-0.740446815802,0.912019399335,0.597835048206,1.09584686548,-0.402585131012
2.509709,0.920280920151,-0.877794568299,-0.740609819663,0.918467233556,0.597994140631,1.09172172884,-0.403877448415
2.519691,0.921717773187,-0.880042142258,-0.740733566721,0.924626747719,0.597933087162,1.08759923443,-0.405531971289
2.529673,0.923068801206,-0.882322132463,-0.740931150002,0.93066784157,0.597553293828,1.08355472253,-0.407619686963
2.539655,0.924374538321,-0.884913767073,-0.74118613479,0.936526140095,0.596920499569,1.07959266489,-0.409829921149
2.549638,0.925757441675,-0.887803251012,-0.741405525345,0.942269321387,0.596287136563,1.07566652084,-0.411918466816
2.559620,0.927281956317,-0.8908664531,-0.741465972495,0.948014196248,0.595926932109,1.07173806565,-0.413791272791
2.569602,0.928831242218,-0.893942546329,-0.74138266247,0.953749834823,0.595692469727,1.06771405668,-0.415437924404
2.579584,0.930273334423,-0.896867715436,-0.741320410112,0.959339776891,0.595308344907,1.06366427187,-0.416879842787
2.589567,0.931606723545,-0.899625586178,-0.741419809032,0.96474502232,0.594769084282,1.059950228,-0.418148935899
2.599549,0.932821030935,-0.902472599795,-0.741653894891,0.970170974983,0.594083134271,1.05683821368,-0.419314967807
2.609531,0.933835532303,-0.90558174127,-0.741916020601,0.975718912075,0.593084599906,1.05399879845,-0.420625903507
2.619513,0.934969519171,-0.908603346392,-0.741933513329,0.9811776006,0.591987644961,1.05099823316,-0.422183450652
2.629496,0.936477407264,-0.911111918288,-0.741829630224,0.986303664677,0.59098968278,1.04799527015,-0.423734328861
2.639478,0.937906311298,-0.913399316664,-0.741906613791,0.991199564498,0.590125014252,1.04548480892,-0.425245996482
2.649460,0.939231829187,-0.915912756293,-0.742064351986,0.996046444841,0.58928106467,1.04327834416,-0.426850295346
2.659442,0.940571443469,-0.918678956573,-0.742269384411,1.00079352562,0.588325389801,1.04108806022,-0.428627144526
2.669424,0.94188952514,-0.921558795809,-0.742592050744,1.00549729976,0.587435312788,1.0390718103,-0.430499563063
2.679407,0.943027068388,-0.924528846121,-0.743024939333,1.01028230414,0.586839727745,1.037569495,-0.43239337544
2.689389,0.943888972081,-0.927578147622,-0.743413173326,1.01509573456,0.58651163109,1.03666472233,-0.434386353701
2.699371,0.944618739217,-0.930597844412,-0.743591501806,1.01974254829,0.586239880631,1.03608891651,-0.436600515455
2.709353,0.945530794929,-0.933538710797,-0.743597648122,1.02416462202,0.58593767931,1.03558028168,-0.438987804716
2.719336,0.946673363624,-0.93653402798,-0.743705028025,1.02839356302,0.585628522827,1.03532540465,-0.441427654707
2.729318,0.947654013926,-0.939641933361,-0.744011569211,1.03252044478,0.585145108935,1.03562209548,-0.443871646959
2.739300,0.948316059965,-0.942699719305,-0.74408544796,1.03667465196,0.584635945486,1.03613712003,-0.446373326863
2.749282,0.949006916709,-0.945666166784,-0.74373519114,1.04071956608,0.584614463572,1.03653690935,-0.449071117032
2.759265,0.949793708345,-0.948709558522,-0.743531529155,1.04460382541,0.584814556206,1.03689759217,-0.451853439992
2.769247,0.950543426096,-0.951835232485,-0.743642934685,1.04848146799,0.584825588321,1.03717910812,-0.454646024745
2.779229,0.951211904471,-0.954908952461,-0.743816819338,1.05245862183,0.584881375606,1.03739038901,-0.457421409515
2.789211,0.951799908551,-0.957921362317,-0.743946329618,1.0564644834,0.585163915923,1.03772830043,-0.460162730852
2.799194,0.952278169962,-0.960891787184,-0.744114267327,1.0602806315,0.585388807211,1.03832738725,-0.462914169148
2.809176,0.952578274603,-0.96373549845,-0.744335778591,1.06377441521,0.585279512013,1.03902697495,-0.465730189951
2.819158,0.952706352668,-0.966409062862,-0.744486770372,1.06707691948,0.585094512667,1.03954875684,-0.468552211305
2.829140,0.952912966953,-0.969126632075,-0.744526128246,1.07038337044,0.585135246011,1.03994934901,-0.471247877929
2.839123,0.953437326041,-0.971976680861,-0.74464765322,1.07371602778,0.585200714053,1.04055877826,-0.473733165069
2.849105,0.953815764621,-0.974897711757,-0.744688217933,1.07722324911,0.58513601392,1.04119693163,-0.476135337377
2.859087,0.953893965173,-0.977873077129,-0.74459067498,1.08065710991,0.585013548957,1.0418747259,-0.478747008283
2.869069,0.953949498927,-0.980777188653,-0.744678613744,1.08402096606,0.584916105598,1.04297599708,-0.481483348416
2.879051,0.95405790826,-0.983571180613,-0.744881262932,1.08741642928,0.584847054534,1.04451215961,-0.484034023792
2.889034,0.954172126714,-0.986302080693,-0.745088298451,1.09065566603,0.584793309028,1.0462479058,-0.48640367628
2.899016,0.95422206079,-0.988940014392,-0.745349633013,1.09375013127,0.584755924288,1.0478840449,-0.488798201002
2.908998,0.954156083942,-0.991413819714,-0.745646933597,1.0968118841,0.584637510974,1.04940295178,-0.491229249908
2.918980,0.953962977408,-0.993793865931,-0.745839269514,1.09977077788,0.584302526706,1.05107414784,-0.493550093241
2.928963,0.953673883218,-0.996271601886,-0.745896196802,1.10246060151,0.583792026008,1.05309828151,-0.495787836744
2.938945,0.953357358732,-0.99881333876,-0.746027863957,1.10497512731,0.583390874153,1.05536713487,-0.498137565081
2.948927,0.953215847654,-1.0011112456,-0.746469704354,1.10746647471,0.583396284073,1.05773260507,-0.500556436497
2.958909,0.95332605089,-1.00321534138,-0.747002007081,1.10985713715,0.583595544736,1.06001676715,-0.502963457066
2.968892,0.953358935426,-1.00551966138,-0.747321885512,1.11203927328,0.583472399838,1.06227656122,-0.505315703298
2.978874,0.953307276497,-1.00791749057,-0.747527834277,1.1139595725,0.583058913563,1.06467095237,-0.507483555812
2.988856,0.953179823839,-1.01017931412,-0.747626550238,1.11577012352,0.58253202693,1.06721411271,-0.509606290983
2.998838,0.952969730113,-1.01236751569,-0.747722556751,1.11765465686,0.58205071021,1.0698543593,-0.511879996491
3.008821,0.952707666259,-1.01449345496,-0.747995728159,1.11950351085,0.58161519537,1.07251062984,-0.514277774819
3.018803,0.95248224392,-1.01649026506,-0.748555550006,1.12120719246,0.581163944708,1.07501602758,-0.51659564119
3.028785,0.952392000078,-1.01833062639,-0.749374827622,1.12288133352,0.580718926505,1.07731010507,-0.518675456284
3.038767,0.952425914059,-1.02005792513,-0.750267877899,1.1246270078,0.580318690397,1.07961185377,-0.520489385635
3.048750,0.952415865623,-1.02171990978,-0.750959886804,1.12621083871,0.579887440597,1.08216245414,-0.522004200085
3.058732,0.952294000584,-1.02337081472,-0.751501918746,1.1274937561,0.579568984409,1.08471992814,-0.523167351832
3.068714,0.95213742112,-1.02495283482,-0.752163548837,1.1287566742,0.579290894195,1.08705567166,-0.524293520143
3.078696,0.951897111583,-1.02650549174,-0.75279529023,1.13015612643,0.578561450881,1.08954129521,-0.525591902409
3.088679,0.951525347735,-1.02800938528,-0.753273107485,1.13139472869,0.577634748761,1.0922085451,-0.52684294072
3.098661,0.951131336502,-1.02948226705,-0.753610326549,1.13234288413,0.576940246147,1.0948171968,-0.528091461369
3.108643,0.950710763428,-1.03089074557,-0.753844571825,1.13324034221,0.576578795866,1.09724094126,-0.529505550632
3.118625,0.95014718873,-1.03216824135,-0.754024594789,1.13426237177,0.576362348592,1.09951646154,-0.530936287857
3.128607,0.949333829391,-1.03333073762,-0.754250088914,1.13532972464,0.57607379348,1.10182557704,-0.532050126857
3.138590,0.948347431658,-1.03444152371,-0.75465195658,1.13623788337,0.575627037858,1.10431947808,-0.532723971354
3.148572,0.947399898078,-1.03558156969,-0.755228792483,1.13694722757,0.575116513838,1.10697224398,-0.533147471338
3.158554,0.946578412161,-1.03685531905,-0.75572565232,1.13766245677,0.574736005778,1.10961635003,-0.533538946413
3.168536,0.94579904712,-1.03820209758,-0.755897538215,1.13842157167,0.574493337731,1.11208485365,-0.533958090128
3.178519,0.945159298996,-1.03939729373,-0.755887004765,1.13891116151,0.574238789583,1.11437335288,-0.534355870305
3.188501,0.944619875345,-1.04044202388,-0.75602615687,1.13925538634,0.573957995147,1.11675805987,-0.534860671576
3.198483,0.944073093129,-1.04144889632,-0.756275764855,1.13962853116,0.573578745697,1.11935700519,-0.535525204011
3.208465,0.943288512754,-1.04234843113,-0.756574322058,1.13986988317,0.573330409928,1.12204714091,-0.535938802594
3.218448,0.942116855153,-1.0431544405,-0.75674746839,1.1399108808,0.573462378484,1.12479291007,-0.536079914645
3.228430,0.940853855862,-1.04391588208,-0.75676648292,1.1398502478,0.573787422237,1.12765883698,-0.536204367712
3.238412,0.939726294012,-1.0445889831,-0.756890128794,1.13978627755,0.573957576016,1.1307052878,-0.536231161586
3.248394,0.938587417092,-1.04516054077,-0.757198404659,1.13971640224,0.573963230829,1.13386895865,-0.536015385643
3.258377,0.937284061799,-1.04574099529,-0.757446059476,1.13959101369,0.574063785422,1.13696714671,-0.535756120213
3.268359,0.936051982613,-1.04646843017,-0.757511493275,1.13943025215,0.574282765577,1.13987299515,-0.535790217201
3.278341,0.935057537592,-1.04736663858,-0.757640028948,1.13933236183,0.574371410342,1.14273444406,-0.536078448913
3.288323,0.933936586244,-1.04819038939,-0.757962999344,1.13925847305,0.574431362523,1.14591927857,-0.536393650958
3.298306,0.932825443708,-1.04879799426,-0.758179033622,1.13919716493,0.574518089419,1.14911629338,-0.536537729121
3.308288,0.931766173186,-1.0496232994,-0.758269885641,1.13905210743,0.57431724445,1.15180689593,-0.536501831669
3.318270,0.930551659378,-1.05050273283,-0.758551054389,1.138885992,0.573830271953,1.15437566202,-0.536547052691
3.328252,0.929475164844,-1.05112352754,-0.758963339673,1.13881327923,0.573653425374,1.15693283785,-0.53680735582
3.338235,0.928566695049,-1.05157846678,-0.759322335945,1.13871420985,0.573906977245,1.15933986346,-0.53712394354
3.348217,0.92759775504,-1.05200714135,-0.759461984349,1.13859570743,0.574223950004,1.16160300185,-0.53727489915
3.358199,0.926504471055,-1.0524557442,-0.759441083505,1.13853744815,0.574312201927,1.163761299,-0.537292736866
3.368181,0.925385149765,-1.0529727049,-0.759493840381,1.13850102551,0.574197444736,1.16583777398,-0.537497646275
3.378163,0.924260438742,-1.05364196669,-0.75972708283,1.13839032472,0.574060145537,1.16792758701,-0.538212307867
3.388146,0.923173083677,-1.05443961904,-0.75995171159,1.13829243792,0.574033271032,1.17008008649,-0.539418969626
3.398128,0.922121255014,-1.05522161742,-0.760012536527,1.13833085811,0.57382950821,1.17219308136,-0.540653799563
3.408110,0.920902999901,-1.05579004878,-0.759857378722,1.13858111455,0.573337229496,1.17406830216,-0.541795428761
3.418092,0.919796850123,-1.05641960554,-0.75986625339,1.13874692307,0.573325786542,1.17555690901,-0.543425605345
3.428075,0.918970839454,-1.05750703802,-0.760029690891,1.13875549337,0.57383295945,1.17701204605,-0.545287781132
3.438057,0.9181529927,-1.05868360363,-0.760117930663,1.1386819224,0.574347784467,1.17886676941,-0.546929874911
3.448039,0.91717284859,-1.05964496404,-0.760215575868,1.13873449336,0.574465454899,1.1810510898,-0.548533495396
3.458021,0.916155439757,-1.06054215688,-0.760395634937,1.13898808803,0.574383847609,1.18326130037,-0.550310723279
3.468004,0.915219655948,-1.0615159261,-0.760664615887,1.13919199678,0.574508661578,1.18538603065,-0.5522554943
3.477986,0.914374039753,-1.06246064934,-0.761053884657,1.13913018439,0.574703053258,1.18760008157,-0.554257397966
3.487968,0.913615483032,-1.06330241328,-0.761611241322,1.13896527527,0.574410662862,1.1901664718,-0.556265058273
3.497950,0.912904507142,-1.06424054186,-0.762255929726,1.13893302381,0.573740820308,1.19318956196,-0.55828752485
3.507933,0.912065097632,-1.06536742419,-0.762724208687,1.13884442027,0.573546854613,1.1963965871,-0.560247773141
3.517915,0.911050697577,-1.06649791576,-0.762823665399,1.13859519271,0.574019174205,1.19918157011,-0.561656637012
3.527897,0.910173686815,-1.06755678395,-0.763041959104,1.13836921899,0.574382624072,1.20169530908,-0.56262097346
3.537879,0.909238007051,-1.06857231042,-0.763487364039,1.13820703393,0.574292076453,1.20465277639,-0.563518083096
3.547862,0.908050397545,-1.0694856748,-0.763766272022,1.13813526141,0.574166457518,1.20783329866,-0.564465533871
3.557844,0.906924499842,-1.07033266004,-0.763892748247,1.13812685904,0.574195317463,1.21089380507,-0.565853912938
3.567826,0.906039554468,-1.07131397406,-0.764123009117,1.13814053589,0.574232630205,1.21385626817,-0.567668916777
3.577808,0.905224228961,-1.07253099254,-0.764479403548,1.1381207686,0.574318780298,1.21688610868,-0.569314835579
3.587791,0.904307862871,-1.07386141581,-0.764786443271,1.13806633055,0.574489147816,1.21992472273,-0.570356170839
3.597773,0.903349524701,-1.07509716796,-0.76497105976,1.13804840795,0.574585770135,1.22279032612,-0.571009000116
3.607755,0.902415691386,-1.07617830557,-0.765084886084,1.13811406456,0.574643104248,1.22561722927,-0.571659215858
3.617737,0.901425564864,-1.07724939228,-0.765036004017,1.13820068348,0.574944493623,1.22878510626,-0.572249288278
3.627719,0.900346193658,-1.07822518255,-0.764936858833,1.13803439109,0.575076215569,1.23225296854,-0.572667389789
3.637702,0.899313997472,-1.07901785473,-0.765087596191,1.13751061175,0.574899690618,1.23551269936,-0.573267345237
3.647684,0.898393395512,-1.07991012093,-0.7652828208,1.13715319018,0.575074173917,1.23855760112,-0.573990861444
3.657666,0.897580286456,-1.0809503371,-0.765337662746,1.13695108381,0.575333649903,1.24143697339,-0.574497455518
3.667648,0.896761096373,-1.082151836,-0.765372859367,1.13670131592,0.575372524672,1.24388104813,-0.574847962362
3.677631,0.895873718961,-1.08334714368,-0.765443824561,1.13648361729,0.575163681337,1.24614124078,-0.575286019845
3.687613,0.894845275848,-1.08441769766,-0.765543019016,1.13649745961,0.574847794871,1.24859314292,-0.575905684273
3.697595,0.893708375438,-1.0854423455,-0.765623272391,1.13675743513,0.574706093934,1.25127468761,-0.576620752232
3.707577,0.892608141933,-1.08647879456,-0.765682850474,1.13704409538,0.574811547032,1.2540004856,-0.577356871676
3.717560,0.891585453423,-1.08735668666,-0.765796369996,1.13715422395,0.574787608717,1.25677946501,-0.578145918243
3.727542,0.890467637439,-1.08802897385,-0.765891756657,1.13713085069,0.57456421126,1.25981829774,-0.578983019425
3.737524,0.889180268904,-1.0888008167,-0.7657429202,1.13701640588,0.574900543259,1.26311175243,-0.579976861011
3.747506,0.887926038357,-1.08973687724,-0.765363384512,1.13685737951,0.575401502197,1.26613339007,-0.58149127478
3.757489,0.886879949321,-1.09055556847,-0.76520901282,1.13695209753,0.575297999002,1.26889140258,-0.583455304203
3.767471,0.885921457135,-1.09135390508,-0.765365878465,1.1370220107,0.5750219066,1.27159061554,-0.585406951314
3.777453,0.884949745948,-1.09223551772,-0.765703527503,1.13683141376,0.574861337562,1.27418529812,-0.587321439014
3.787435,0.883821398973,-1.09304150981,-0.765962209869,1.13660087182,0.57478244785,1.27681946189,-0.589548418472
3.797418,0.882624099775,-1.09359633382,-0.765938173402,1.13638155687,0.574604594201,1.27974330018,-0.592341548817
3.807400,0.881473040203,-1.09395958279,-0.76576274912,1.13615098823,0.574414506604,1.28289264438,-0.595464480562
3.817382,0.880369540596,-1.09435866962,-0.765730159912,1.13603362678,0.574484762845,1.28597102636,-0.598533206556
3.827364,0.879302557938,-1.09490737587,-0.765887392537,1.13610760626,0.574779138697,1.28885369677,-0.601574585377
3.837346,0.878263630259,-1.0954994764,-0.766010105951,1.13615402543,0.574924348927,1.29157199382,-0.60485507242
3.847329,0.877059806624,-1.09612035031,-0.765886621226,1.13625474259,0.575252750489,1.29405463801,-0.608308492786
3.857311,0.875853409862,-1.0966809484,-0.765726462804,1.1365469943,0.575622082386,1.29629352222,-0.611720398146
3.867293,0.874897314759,-1.09709671414,-0.765741359396,1.13663366708,0.575524948145,1.29870083695,-0.615276874861
3.877275,0.873929400905,-1.09727928235,-0.765839049132,1.13667997128,0.575501021588,1.30120338227,-0.618860580222
3.887258,0.872790043976,-1.09748995967,-0.766014696349,1.13678347466,0.575639251622,1.30374000701,-0.622139511785
3.897240,0.871674481311,-1.09789836572,-0.766252144222,1.13684782566,0.575801698057,1.30634925191,-0.625055783289
3.907222,0.870692130874,-1.09833410221,-0.766444515533,1.13678745477,0.575840983671,1.30881362545,-0.627667133936
3.917204,0.869720916409,-1.09858898871,-0.766440230481,1.13658186792,0.575623470671,1.31100888131,-0.630020643393
3.927187,0.868645251957,-1.0986369639,-0.766235250691,1.13631608702,0.575244374283,1.31314977123,-0.632104071872
3.937169,0.867540874526,-1.09866212245,-0.766070418663,1.13619001107,0.575108356137,1.31550593753,-0.633832428937
3.947151,0.866490873868,-1.09896633528,-0.766190596241,1.13635467171,0.575457454405,1.31798245712,-0.635169694544
3.957133,0.865349473835,-1.09953222739,-0.766417936904,1.13658028624,0.575784926087,1.32034528572,-0.636519591844
3.967116,0.864012020732,-1.10004027899,-0.766771089618,1.13628191262,0.575625472573,1.3224752951,-0.638110443476
3.977098,0.862997135626,-1.10029950411,-0.767171305194,1.13589168763,0.575426519666,1.32464813864,-0.639999924977
3.987080,0.862272867269,-1.10041106446,-0.7673345973,1.1358487416,0.575390273316,1.32686118302,-0.642233133503
3.997062,0.861417602043,-1.10051799125,-0.767235212909,1.1358562199,0.575363307391,1.32906093561,-0.644743713691
4.007045,0.860386657295,-1.10076228475,-0.767061707395,1.13585532399,0.575174688704,1.33130168297,-0.64719614584
4.017027,0.859376420068,-1.10114546604,-0.766875833877,1.13599234877,0.575178363721,1.33354799107,-0.649303451966
4.027009,0.858416352173,-1.10153864449,-0.766771342618,1.13618272407,0.575516425931,1.33579440112,-0.650882985599
4.036991,0.857460632645,-1.10186980522,-0.766837297853,1.13614346885,0.575840124142,1.3380763436,-0.651779339225
4.046974,0.856489528434,-1.10214717373,-0.766929616165,1.13582335772,0.575837402095,1.3403263801,-0.652052487479
4.056956,0.855402825769,-1.10231782113,-0.766749203829,1.13555759814,0.575710784112,1.34239603233,-0.652155271515
4.066938,0.854351813645,-1.10242249792,-0.766473296242,1.13550185157,0.57571519863,1.34445836914,-0.652328132731
4.076920,0.853759761999,-1.1026308951,-0.766731053425,1.13542460494,0.575615580249,1.34686675283,-0.652593609425
4.086902,0.853408235521,-1.10284328374,-0.767210099507,1.1353805665,0.575375513387,1.34930722867,-0.652747249014
4.096885,0.852821085558,-1.1030050218,-0.767467092886,1.13549042426,0.575422066497,1.35141808768,-0.652801524838
4.106867,0.852069408852,-1.10329117443,-0.767471860554,1.13558404019,0.575434559815,1.35320390665,-0.653110323381
4.116849,0.851229001136,-1.10358773923,-0.767507367128,1.13565848501,0.575300781746,1.35483124762,-0.653615298244
4.126831,0.850419127523,-1.10384975031,-0.767675658349,1.13578899586,0.575390664724,1.35654605588,-0.654251574097
4.136814,0.849750735362,-1.10415103753,-0.767940923919,1.13588648647,0.575632176232,1.35838500827,-0.654870275018
4.146796,0.849216697354,-1.10453606486,-0.768239859485,1.13583136392,0.575521871945,1.36027837441,-0.655440932757
4.156778,0.848712823622,-1.10497727653,-0.768454077746,1.13572374312,0.574993737195,1.36226778662,-0.656131915196
4.166760,0.84818307501,-1.10541835668,-0.768475326385,1.1357484883,0.574709922706,1.36441304315,-0.657061083827
4.176743,0.847638289952,-1.10570808359,-0.768519946198,1.13567716939,0.574924923624,1.36646616908,-0.658139187816
4.186725,0.846856733337,-1.10585838322,-0.768705204969,1.13533297728,0.575220098404,1.36824706251,-0.659245789767
4.196707,0.845915188837,-1.10609020806,-0.769025447164,1.13533634269,0.57537458095,1.36987409534,-0.660291341678
4.206689,0.845466082253,-1.10627192528,-0.76927869669,1.13550025977,0.575135381334,1.37153527349,-0.661703796963
4.216672,0.845226973044,-1.10659070076,-0.769435390196,1.13559948885,0.57498040482,1.37313776006,-0.663480515996
4.226654,0.844844944598,-1.10718796486,-0.769589666284,1.13577987738,0.575180075489,1.37476351712,-0.665472989285
4.236636,0.844294510175,-1.10774235345,-0.769554867602,1.13605675949,0.57521394054,1.37646682765,-0.66740722942
4.246618,0.843664107303,-1.10816949993,-0.769427673264,1.13627565815,0.575008742962,1.3782059447,-0.669317839271
4.256601,0.842902754452,-1.10853882352,-0.769527639009,1.13630019745,0.574876769428,1.37992061869,-0.671259265866
4.266583,0.842086876498,-1.10878512179,-0.769893708817,1.13616961177,0.574878787664,1.38159176688,-0.673118128173
4.276565,0.841521600946,-1.10884590444,-0.770200508372,1.13609164759,0.574829252874,1.38322776817,-0.674874916251
4.286547,0.841075837364,-1.10900168375,-0.770384859681,1.13624635292,0.574855908777,1.38480804409,-0.676750089747
4.296530,0.840422761127,-1.10954801987,-0.770731905967,1.1364357999,0.574823327478,1.3861536333,-0.678648186083
4.306512,0.839835384454,-1.11024501451,-0.770988872919,1.13673332902,0.574707177534,1.38730832624,-0.680565192607
4.316494,0.83932053221,-1.11065843866,-0.771069837465,1.13713875176,0.575035175886,1.38872671716,-0.682308828372
4.326476,0.83860477077,-1.11100125393,-0.771165033318,1.13743832902,0.57561651218,1.39032586999,-0.68400121635
4.336458,0.837889549997,-1.11146339021,-0.771533746291,1.13769070296,0.575762947149,1.39182089944,-0.685778281416
4.346441,0.837343407995,-1.11199107578,-0.772013931436,1.1380516152,0.57548339531,1.39320873185,-0.687528903475
4.356423,0.836958153255,-1.11250595366,-0.772347388676,1.1385443708,0.575358307179,1.39462028665,-0.689310117129
4.366405,0.836644527084,-1.11298497078,-0.772563606883,1.13906650266,0.575511947725,1.39598842825,-0.691077442458
4.376387,0.836322795179,-1.11340531419,-0.772786604694,1.13953255598,0.57554922289,1.39720312757,-0.692712826656
4.386370,0.835871364621,-1.11377453023,-0.772949778868,1.14002723662,0.575381427858,1.3983989035,-0.694235939122
4.396352,0.835123065285,-1.11422028537,-0.77300265793,1.14074079994,0.575486100116,1.3997917779,-0.695692510929
4.406334,0.834290987636,-1.11473049624,-0.773120056555,1.14144706942,0.575793640735,1.401337548,-0.697149148462
4.416316,0.833791139267,-1.1152942527,-0.773271079062,1.14185308922,0.576016518292,1.40282121517,-0.698789970728
4.426299,0.833527960016,-1.1159299115,-0.773279075174,1.1421960528,0.576017479781,1.40414241726,-0.700344307306
4.436281,0.833128545138,-1.11663466178,-0.773413896265,1.14268895663,0.576038134808,1.40541451996,-0.70186608224
4.446263,0.832642340375,-1.1171661884,-0.773647680527,1.1435234193,0.576078866479,1.4068536964,-0.703492005173
4.456245,0.83217224629,-1.11765821148,-0.774011885776,1.14432988743,0.576114633862,1.40850435159,-0.704980932218
4.466228,0.831787012203,-1.11824612786,-0.774514231608,1.14496967839,0.576038454164,1.4100582266,-0.706232252652
4.476210,0.831478157861,-1.1188293332,-0.774857686369,1.14552999261,0.575906239601,1.4113219796,-0.707261826157
4.486192,0.831213421768,-1.11927528418,-0.774963142255,1.14607558866,0.575837909694,1.41246995785,-0.708199166962
4.496174,0.830966203479,-1.11970357139,-0.775202685141,1.14667088675,0.575814108782,1.41387938925,-0.709317719826
4.506157,0.830693882821,-1.12035258211,-0.775750735244,1.14746865115,0.575740695611,1.41574409472,-0.710863673946
4.516139,0.830394869102,-1.1210359276,-0.776369515464,1.1483020346,0.575609796659,1.4177111538,-0.712732960413
4.526121,0.829931191691,-1.1214252643,-0.776958007661,1.14896122787,0.575394362268,1.41908420621,-0.714493811296
4.536103,0.82926748369,-1.12173973673,-0.777370087151,1.14979150437,0.575045050636,1.42039660603,-0.716201523572
4.546086,0.828710154042,-1.12226428752,-0.777646237627,1.15061388845,0.574940200795,1.42179124325,-0.717834978866
4.556068,0.828286958523,-1.12277731141,-0.77812790216,1.15132833626,0.575115043704,1.42335219578,-0.71983521734
4.566050,0.82794245102,-1.12300890131,-0.778794494642,1.15202568724,0.575323914231,1.42497421166,-0.722244870817
4.576032,0.827580380218,-1.12309862065,-0.779462631847,1.15270307009,0.575513217591,1.42649827448,-0.724741821367
4.586014,0.827203954417,-1.12324876023,-0.779921620975,1.15331106621,0.575591487411,1.42797404191,-0.727276991428
4.595997,0.826845174226,-1.12348412187,-0.780288951732,1.15378348072,0.575636703462,1.42942764066,-0.730120920078
4.605979,0.826541210735,-1.12367297986,-0.780846025014,1.15414640184,0.575784282089,1.43078890564,-0.733417264799
4.615961,0.826314741813,-1.12370342359,-0.7815332192,1.15455114766,0.57587167053,1.4320888851,-0.736947527159
4.625943,0.825975530663,-1.12368906337,-0.782144332876,1.15495801199,0.575855037473,1.43333653026,-0.740528846137
4.635926,0.825780767302,-1.12382998433,-0.782619802675,1.15523038883,0.575762295716,1.43468575187,-0.744350924115
4.645908,0.825632538196,-1.12394400328,-0.783071977538,1.15538353587,0.575476429361,1.43627155611,-0.748702442191
4.655890,0.825346789021,-1.12393355615,-0.783709701215,1.15554951706,0.575173141578,1.43798862155,-0.753223238789
4.665872,0.824954188291,-1.12393259968,-0.784422467096,1.15569711076,0.575112955592,1.43981889541,-0.757599701617
4.675855,0.824504371146,-1.1239115023,-0.784986838293,1.15581152006,0.575214792324,1.44148092595,-0.761940200279
4.685837,0.824197036847,-1.12386961477,-0.785491796107,1.15589119809,0.575326411805,1.44280361226,-0.766445762836
4.695819,0.823844843431,-1.12381686797,-0.786185444276,1.15602965941,0.575297378594,1.44413088331,-0.771224915865
4.705801,0.823391656391,-1.12381390454,-0.787156302848,1.15623473842,0.575176514939,1.44578871758,-0.775984329553
4.715784,0.823035665182,-1.12382044916,-0.788281790395,1.15639391258,0.57518580975,1.44765280889,-0.780086175916
4.725766,0.822756282119,-1.12365942068,-0.789361474107,1.15647579533,0.5753293399,1.44941628304,-0.783056252037
4.735748,0.822360736944,-1.12341529237,-0.790174346993,1.15660463413,0.575221355689,1.45109531567,-0.785045394535
4.745730,0.822002068668,-1.123361544,-0.790738836991,1.15671043194,0.575282828397,1.45291712096,-0.786662535993
4.755713,0.821837075201,-1.1234437221,-0.79132269175,1.15666188972,0.57529071061,1.45488904419,-0.788164227513
4.765695,0.821512235469,-1.12338860696,-0.792052617149,1.15654859078,0.575328746378,1.45675660516,-0.790037786112
4.775677,0.820771606215,-1.12323451806,-0.792872144874,1.15638966178,0.575549684342,1.45833526588,-0.792315904815
4.785659,0.820102986481,-1.12316293603,-0.793861193943,1.15638509894,0.575522362237,1.45971888189,-0.794741853534
4.795641,0.819763017762,-1.12323428218,-0.794822193753,1.15634582285,0.575473484634,1.46098353379,-0.797575984892
4.805624,0.819557123543,-1.12332712092,-0.79559332548,1.15624834723,0.575579464977,1.46208032421,-0.801185659694
4.815606,0.819306083741,-1.12331463716,-0.796186462622,1.15632074775,0.575635264532,1.46316290789,-0.805292528016
4.825588,0.819033995348,-1.12328121924,-0.796720129897,1.15653718824,0.575441268551,1.46438051935,-0.809200814786
4.835570,0.818765891593,-1.12337291917,-0.797301196314,1.1565097861,0.575156843319,1.46567278552,-0.812278527609
4.845553,0.818428151036,-1.12341355057,-0.797978322919,1.1561863183,0.575038708249,1.46713923269,-0.813922017475
4.855535,0.818067848893,-1.12328891926,-0.79875796311,1.15595531115,0.575123754742,1.4688378209,-0.814292796666
4.865517,0.81774389938,-1.12347010675,-0.799330819619,1.15595065573,0.575170973093,1.47037868356,-0.814566398361
4.875499,0.817443362327,-1.12391961738,-0.799650226173,1.15597951829,0.575239881578,1.47154434336,-0.814945674289
4.885482,0.81720216105,-1.12403932717,-0.800020562837,1.15595540006,0.5752785079,1.47259583662,-0.815169023527
4.895464,0.816876263109,-1.12417966854,-0.800568329127,1.15581412294,0.574964247007,1.47363750192,-0.815122411287
4.905446,0.81648641578,-1.12434827987,-0.801115751021,1.15583306491,0.574675658246,1.47472582913,-0.814957546166
4.915428,0.816055928229,-1.12447227397,-0.80162152626,1.1560354247,0.574690643395,1.47592283152,-0.814791105996
4.925411,0.815652241846,-1.12449129888,-0.802177702034,1.15609606508,0.574932223508,1.47722100428,-0.814767520774
4.935393,0.815332195074,-1.12438900425,-0.802667086534,1.15593545332,0.575155216032,1.47856956382,-0.814970317757
4.945375,0.81508789848,-1.1242507936,-0.802918610037,1.15581403304,0.575295327259,1.47999897417,-0.81532491761
4.955357,0.814905468492,-1.12424249817,-0.803134889086,1.15571952971,0.57559282195,1.48159734932,-0.815686114803
4.965340,0.814765929243,-1.12438603989,-0.803250472233,1.15555994721,0.57611053799,1.48316526299,-0.815922941095
4.975322,0.814624814626,-1.12454599448,-0.803375511044,1.15547421376,0.576067192315,1.48433101692,-0.816378744153
4.985304,0.814504154268,-1.12477201025,-0.803981907418,1.15544427889,0.575944360423,1.48501935306,-0.817028408244
4.995286,0.814130919396,-1.12520922247,-0.804481636753,1.15528390387,0.575871394709,1.48537938493,-0.817649322864
5.005269,0.813702244342,-1.12532725417,-0.804826009869,1.15533142163,0.575741893437,1.48566132084,-0.818136591146
5.015251,0.813398860536,-1.12516310808,-0.804991176035,1.15552230972,0.575695612994,1.48594330963,-0.818708734522
5.025233,0.813221642782,-1.12502693115,-0.804842218652,1.15548779722,0.57581408823,1.48632782712,-0.819681741332
5.035215,0.81296352918,-1.12497529864,-0.804589627744,1.15535429073,0.575906829449,1.48670726876,-0.821006569576
5.045197,0.812546040649,-1.12500621809,-0.804540850501,1.15531630407,0.575865262095,1.48694546277,-0.82225318066
5.055180,0.81213791937,-1.1251666893,-0.804670440845,1.15529155048,0.575842144968,1.4872415008,-0.823233601465
5.065162,0.811873910243,-1.1253351257,-0.804733345728,1.15532632858,0.575889045838,1.48790222285,-0.824296829356
5.075144,0.81168509749,-1.12541526435,-0.804770108907,1.1555949498,0.57570509833,1.48845259473,-0.825389243741
5.085126,0.811463651802,-1.12544792436,-0.805006532357,1.15575237333,0.575424599343,1.48841081001,-0.82630264296
5.095109,0.81118140208,-1.12539052044,-0.805104773949,1.15572302343,0.575622964568,1.48821261885,-0.827257396033
5.105091,0.811007590246,-1.12525769558,-0.805040868656,1.15549944319,0.576167569124,1.48829966447,-0.828015075418
5.115073,0.810954980136,-1.12500431039,-0.805125656371,1.15547377838,0.576440398907,1.48869904836,-0.82860380643
5.125055,0.811087318883,-1.1250553353,-0.805199826185,1.15580609811,0.57633732717,1.48904758483,-0.829079771194
5.135038,0.811237345953,-1.12519409654,-0.80528268356,1.15611195502,0.575923655767,1.48930574877,-0.829220665636
5.145020,0.811124677305,-1.12507685258,-0.805344791292,1.15619143393,0.575625294301,1.48946145018,-0.829000959737
5.155002,0.810790887003,-1.12478728699,-0.805402250059,1.15614087884,0.575742747775,1.48956009699,-0.828764634217
5.164984,0.810537002344,-1.12466617975,-0.805559789563,1.15617210078,0.576051114716,1.48957646754,-0.828756882303
5.174967,0.81053638053,-1.12481501054,-0.805787773993,1.15641982902,0.576132470818,1.48938087019,-0.828840370519
5.184949,0.810769739923,-1.12505072968,-0.80582923137,1.15672747968,0.57600882661,1.48922984672,-0.829021439614
5.194931,0.810745647429,-1.12511586834,-0.805729979654,1.1568831995,0.575710590981,1.48929754572,-0.829239256648
5.204913,0.810124752799,-1.12492629637,-0.805766934853,1.15679141424,0.575442468738,1.48897167895,-0.829256507878
5.214896,0.809889532841,-1.12475793306,-0.805886288052,1.15681067707,0.575843963218,1.4887377003,-0.829214398465
5.224878,0.809814397029,-1.12462448526,-0.805956699172,1.15702955426,0.576199256047,1.48878470703,-0.828936342457
5.234860,0.809893981131,-1.12459271986,-0.806085888946,1.15731954196,0.576089409598,1.48879214786,-0.828720582997
5.244842,0.810180502639,-1.12463114888,-0.806175926071,1.15759945261,0.575768116158,1.48873306019,-0.828790392383
5.254825,0.810363672375,-1.12473873763,-0.806080912631,1.15777219022,0.575492515147,1.48863396212,-0.828905453223
5.264807,0.810420635942,-1.12482588513,-0.805855790447,1.15794260649,0.575485269718,1.48860191972,-0.828904105558
5.274789,0.810522574855,-1.12475664786,-0.805717122253,1.15811755111,0.575578406527,1.48872355646,-0.828812036883
5.284771,0.810507304276,-1.12458172695,-0.805773104343,1.15803392807,0.575353460927,1.48886536349,-0.828706757196
5.294753,0.810159784957,-1.12454257757,-0.805878077696,1.15773745891,0.575151774632,1.48878286672,-0.82886239256
5.304736,0.809809774483,-1.12452731654,-0.805890553007,1.1576245746,0.575382646035,1.48859541923,-0.829181842529
5.314718,0.809947613259,-1.12449284885,-0.805998060019,1.15794485355,0.575460535779,1.48853406874,-0.82883128469
5.324700,0.810201389205,-1.12470739624,-0.806196850383,1.15818372242,0.575603880072,1.48870122943,-0.828557703051
5.334682,0.810387535879,-1.12470993807,-0.806164211431,1.15811150468,0.575754078201,1.48888064723,-0.8285435825
5.344665,0.810441079061,-1.12464196091,-0.805999330974,1.15788121065,0.575819608894,1.488828365,-0.828582121769
5.354647,0.810468190604,-1.12464218648,-0.806040164699,1.15780531791,0.57590358615,1.48875621246,-0.828608517014
5.364629,0.810318954591,-1.12455056561,-0.806180429741,1.15803000654,0.575823874355,1.48867803544,-0.828826037166
5.374611,0.810081451968,-1.12438378975,-0.806247609725,1.15824481666,0.575478296678,1.48853309595,-0.829190543906
5.384594,0.809931379516,-1.12441799372,-0.806266591746,1.15814771514,0.575122876353,1.48845987322,-0.829245246713
5.394576,0.809854579109,-1.12472338889,-0.806313396657,1.15787656113,0.575045471291,1.48858806786,-0.828760953937
5.404558,0.809876061582,-1.12492938885,-0.806315127112,1.1577011745,0.575112488797,1.4886753613,-0.82829519171
5.414540,0.810029418755,-1.12490984992,-0.806116404238,1.15759224944,0.575179128269,1.48858600532,-0.828225509225
5.424523,0.810335041479,-1.1247898872,-0.80591621181,1.15756752489,0.575782828774,1.48848397218,-0.828493875366
5.434505,0.810504494155,-1.12446381538,-0.806073130748,1.1575803437,0.576013528873,1.4884771904,-0.828739875665
5.444487,0.810266963905,-1.12419962345,-0.806249106028,1.15756311291,0.576193787383,1.48849675355,-0.828607861159
5.454469,0.810064116803,-1.12418462666,-0.80636653478,1.15757080198,0.576492721698,1.48826057625,-0.828363955122
5.464452,0.809935400883,-1.12427789897,-0.80634356557,1.15759079321,0.576012995785,1.48805477122,-0.828333520198
5.474434,0.809882795289,-1.12436844646,-0.806234176601,1.1576387109,0.575213378397,1.48788813206,-0.828219192733
5.484416,0.809886246134,-1.1244772601,-0.806290698464,1.15758731999,0.574935665657,1.48766637663,-0.828032261963
5.494398,0.809888622194,-1.12462199508,-0.806486699552,1.15740919901,0.575304830851,1.48762184449,-0.828064821244
5.504381,0.809810988364,-1.12471888256,-0.806520486764,1.15725908969,0.575781412138,1.48802285935,-0.828341865753
5.514363,0.809555134228,-1.12470535804,-0.806403006366,1.15721260642,0.575876016833,1.48851982186,-0.828556297063
5.524345,0.809086062406,-1.12471914129,-0.806424558571,1.15724307024,0.575579704115,1.48850583734,-0.828493331987
5.534327,0.808981885802,-1.12470186919,-0.806456599941,1.15722265932,0.575787558023,1.4883658935,-0.828412742469
5.544309,0.809243455772,-1.12477415287,-0.806585424245,1.15736932838,0.575793265867,1.48810155825,-0.828194910438
5.554292,0.809503554776,-1.12490395686,-0.806601840742,1.15750755243,0.575472537842,1.48800213065,-0.828354509163
5.564274,0.809692596671,-1.12496360111,-0.806685914065,1.15718164653,0.575845279801,1.48814724668,-0.828535513519
5.574256,0.809682228802,-1.12476663875,-0.806872996623,1.15691830491,0.576363194358,1.4881154194,-0.828511023056
5.584238,0.809643400929,-1.12460461758,-0.806980320064,1.15674398501,0.57656824891,1.488010919,-0.828438143873
5.594221,0.809716536757,-1.12464908404,-0.806946365214,1.15664743167,0.576511231789,1.48785632907,-0.828454265617
5.604203,0.809844805923,-1.12477701008,-0.806817015305,1.15669526666,0.576355866547,1.48757024676,-0.828545059606
5.614185,0.809757468546,-1.12483090767,-0.80665771653,1.15674766237,0.576234054864,1.48719925932,-0.828633622466
5.624167,0.809410446126,-1.12488106941,-0.806621931579,1.15654192557,0.576319497853,1.4868743822,-0.828599152988
5.634150,0.80956256402,-1.12511976975,-0.806873460438,1.15629216713,0.576507285572,1.4866489466,-0.828277203103
5.644132,0.809933371446,-1.1252327091,-0.806753055581,1.1563188271,0.576377384417,1.48674544249,-0.828050338673
5.654114,0.809905555837,-1.12507342849,-0.806681767963,1.1564493603,0.57637762356,1.48696498303,-0.827839120522
5.664096,0.809779838988,-1.12502914742,-0.806969461231,1.15678273717,0.57637087992,1.48705570362,-0.827850303084
5.674079,0.809716656304,-1.12486406495,-0.807070465372,1.1567432966,0.576241974405,1.48707098058,-0.827790416131
5.684061,0.809618544349,-1.1246586944,-0.806979269434,1.1564304627,0.575984832295,1.48687960883,-0.827828105354
5.694043,0.80949741397,-1.12452258119,-0.806857050196,1.15630823328,0.575879481475,1.48653533001,-0.828074121582
5.704025,0.809279111285,-1.12467492361,-0.806822245203,1.15639191672,0.575873322637,1.48653101023,-0.828191890245
5.714008,0.80905119856,-1.1248957442,-0.806718532584,1.1564641261,0.575955412894,1.48669409924,-0.828184387355
5.723990,0.809050237375,-1.12476518731,-0.806555736774,1.15646198132,0.576358545097,1.48657762366,-0.82821188459
5.733972,0.80917791254,-1.12439226227,-0.806706936991,1.15648705888,0.576930823101,1.48640957116,-0.828116403105
5.743954,0.808915050293,-1.12429060151,-0.807094842254,1.1566136292,0.57683332357,1.48649154189,-0.827996394508
5.753936,0.808789607902,-1.12426903414,-0.806989732362,1.15688202913,0.576645657959,1.48658692902,-0.828204064851
5.763919,0.809268476862,-1.12424619498,-0.806629769816,1.15698698623,0.576691683046,1.48700926978,-0.828192483358
5.773901,0.809486616403,-1.12420838873,-0.806766766626,1.15680683277,0.576574652726,1.48693048027,-0.828128941134
5.783883,0.80944933196,-1.12434701429,-0.806822350084,1.15658588677,0.576356246131,1.48642500596,-0.828363006326
5.793865,0.809439792413,-1.12421729965,-0.806618825252,1.1563393133,0.576244777724,1.48621844369,-0.828524406772
5.803848,0.809550602519,-1.12387114505,-0.80648437009,1.15630414837,0.576311086965,1.48595173872,-0.828457504024
5.813830,0.809637286977,-1.12374869212,-0.806600748155,1.15650670985,0.576667342097,1.48567729575,-0.828100693619
5.823812,0.809693996134,-1.12393279633,-0.806745822181,1.15670652219,0.57686657253,1.48565235171,-0.8276335166
5.833794,0.809691521981,-1.12413401845,-0.806750947741,1.15668195514,0.576575505632,1.48585195943,-0.827379975008
5.843777,0.809536653511,-1.12412566531,-0.806741407775,1.15647056877,0.576243729958,1.48598032764,-0.827422017657
5.853759,0.809414978613,-1.12396987265,-0.80677276622,1.1563036297,0.576385599173,1.4858725527,-0.827453321097
5.863741,0.809369298774,-1.12404983389,-0.80685663329,1.15633175778,0.57677229938,1.48584406441,-0.827374420885
5.873723,0.809352621304,-1.12404186962,-0.807060452815,1.15625747232,0.576772342418,1.48585846872,-0.827518852001
5.883706,0.809561197957,-1.1238844762,-0.806925516351,1.15638185714,0.57677313559,1.48583059151,-0.827961846509
5.893688,0.809649351426,-1.12388373901,-0.806894864833,1.15686331529,0.576815876026,1.48579790974,-0.827817035895
5.903670,0.809729625065,-1.12387046762,-0.80718182745,1.15691799179,0.576879027554,1.48567737248,-0.827512053488
5.913652,0.810008044452,-1.12384499401,-0.807295437951,1.15671639336,0.576768791876,1.48562696597,-0.827596526224
5.923635,0.810007668857,-1.12380886101,-0.807197661792,1.15662323109,0.576554322983,1.48559225842,-0.827800138107
5.933617,0.809691799945,-1.12390133387,-0.807148363385,1.15670208375,0.576517891728,1.48550423136,-0.827816476403
5.943599,0.809448308414,-1.12406131092,-0.807246586246,1.15676509101,0.576693084726,1.48543717833,-0.827652818721
5.953581,0.809432554752,-1.12410717081,-0.807380654755,1.15665055248,0.576875048029,1.48547692622,-0.827517379083
5.963564,0.809480935745,-1.12418418078,-0.807434374657,1.1563530579,0.577017262926,1.48554125406,-0.827664693698
5.973546,0.809556607861,-1.12432716284,-0.807246523084,1.15595602912,0.577029324846,1.48553709062,-0.828097741641
5.983528,0.809839529957,-1.12408969064,-0.807079070499,1.15583917482,0.576744581946,1.48574618029,-0.828256635897
