time,left_s0,left_s1,left_e0,left_e1,left_w0,left_w1,left_w2,left_gripper,right_s0,right_s1,right_e0,right_e1,right_w0,right_w1,right_w2,right_gripper
0.652171,-0.00498543756063,-0.554917550018,-0.00421844716668,0.745514662912,-0.00345145677274,1.25441278929,-0.00498543756063,0.0,0.756252528428,-0.730174855033,-0.856344774837,0.608990372791,0.80150496167,1.17196132194,-0.794985543322,95.9216995239
0.652274,-0.00498543756063,-0.554917550018,-0.00421844716668,0.745514662912,-0.00345145677274,1.25441278929,-0.00498543756063,0.0,0.756252528428,-0.730174855033,-0.856344774837,0.608990372791,0.80150496167,1.17196132194,-0.794985543322,95.9216995239
0.662340,-0.00498543756063,-0.555684540411,-0.00345145677274,0.745514662912,-0.00383495196971,1.2532623037,-0.00421844716668,0.0,0.756636023624,-0.732475826215,-0.857111765231,0.614359305548,0.801888456867,1.17196132194,-0.800737971276,95.9216995239
0.672366,-0.00460194236366,-0.555684540411,-0.00421844716668,0.745514662912,-0.00345145677274,1.2536457989,-0.00421844716668,0.0,0.757786509215,-0.734776797397,-0.85596127964,0.6204952287,0.801888456867,1.17196132194,-0.80533991364,95.9216995239
0.682501,-0.00613592315154,-0.555301045215,-0.00383495196971,0.745898158109,-0.00345145677274,1.2540292941,-0.00460194236366,0.0,0.757403014018,-0.737844758973,-0.856344774837,0.627781637442,0.802271952064,1.17157782675,-0.809558360807,95.9216995239
0.692391,-0.0053689327576,-0.554917550018,-0.00383495196971,0.746281653306,-0.00383495196971,1.2540292941,-0.0053689327576,0.0,0.760087480397,-0.740529225352,-0.85596127964,0.633917560594,0.801888456867,1.17119433155,-0.814543798367,95.9216995239
0.702368,-0.0053689327576,-0.554917550018,-0.00421844716668,0.746665148503,-0.00345145677274,1.2540292941,-0.0053689327576,0.0,0.760087480397,-0.744364177321,-0.857111765231,0.640820474139,0.801888456867,1.17234481714,-0.819529235928,95.9216995239
0.712357,-0.00498543756063,-0.554534054821,-0.00383495196971,0.745514662912,-0.00306796157577,1.2540292941,-0.00498543756063,0.0,0.760087480397,-0.7470486437,-0.855577784443,0.647339892488,0.801888456867,1.17196132194,-0.824131178291,95.9216995239
0.722360,-0.0053689327576,-0.555301045215,-0.00306796157577,0.745898158109,-0.00306796157577,1.2536457989,-0.00460194236366,0.0,0.761237965988,-0.748582624488,-0.855194289246,0.653475815639,0.802271952064,1.17311180754,-0.829883606246,95.9216995239
0.732393,-0.00575242795457,-0.554917550018,-0.00383495196971,0.745514662912,-0.00345145677274,1.25441278929,-0.00460194236366,0.0,0.763155441973,-0.751267090867,-0.856344774837,0.660762224382,0.801888456867,1.17311180754,-0.834102053413,95.9216995239
0.742404,-0.0053689327576,-0.554917550018,-0.00383495196971,0.746281653306,-0.00383495196971,1.2536457989,-0.0053689327576,0.0,0.763155441973,-0.75471854764,-0.85596127964,0.666514652336,0.80150496167,1.17387879793,-0.838320500579,95.9216995239
0.752387,-0.0053689327576,-0.555301045215,-0.00345145677274,0.745898158109,-0.00421844716668,1.25441278929,-0.00460194236366,0.0,0.764689422761,-0.757786509215,-0.85596127964,0.673801061079,0.801888456867,1.17311180754,-0.842922442943,95.9216995239
0.762405,-0.00498543756063,-0.555301045215,-0.00345145677274,0.745514662912,-0.00421844716668,1.2540292941,-0.0053689327576,0.0,0.765072917958,-0.760087480397,-0.85596127964,0.680703974624,0.801888456867,1.17426229313,-0.846373899716,95.9216995239
0.772378,-0.00575242795457,-0.554917550018,-0.00345145677274,0.746281653306,-0.00345145677274,1.2536457989,-0.00421844716668,0.0,0.766223403549,-0.763155441973,-0.856344774837,0.68760688817,0.80150496167,1.17426229313,-0.849441861292,95.9216995239
0.782380,-0.00498543756063,-0.554917550018,-0.00421844716668,0.745898158109,-0.00383495196971,1.2540292941,-0.00460194236366,0.0,0.766990393943,-0.765456413155,-0.855194289246,0.694126306518,0.801888456867,1.17349530273,-0.851359337276,95.9216995239
0.792404,-0.00613592315154,-0.555684540411,-0.00383495196971,0.746281653306,-0.00345145677274,1.2536457989,-0.00460194236366,0.0,0.768140879534,-0.76737388914,-0.855194289246,0.701796210458,0.80150496167,1.17311180754,-0.853660308458,95.9216995239
0.802404,-0.00575242795457,-0.555301045215,-0.00383495196971,0.745898158109,-0.00383495196971,1.2532623037,-0.00498543756063,0.0,0.768907869928,-0.771208841109,-0.85596127964,0.707932133609,0.801888456867,1.17349530273,-0.854043803655,95.9216995239
0.812406,-0.00575242795457,-0.555684540411,-0.00383495196971,0.746281653306,-0.00345145677274,1.2536457989,-0.00498543756063,0.0,0.770058355518,-0.773509812291,-0.856344774837,0.715602037549,0.80150496167,1.17349530273,-0.85596127964,95.9216995239
0.822405,-0.00575242795457,-0.555301045215,-0.00383495196971,0.745514662912,-0.00421844716668,1.2536457989,-0.00460194236366,0.0,0.770441850715,-0.775427288276,-0.855577784443,0.722121455897,0.80150496167,1.17272831234,-0.856344774837,95.9216995239
0.832405,-0.0053689327576,-0.555684540411,-0.00306796157577,0.745898158109,-0.00383495196971,1.25441278929,-0.00460194236366,0.0,0.7723593267,-0.778495249852,-0.855577784443,0.72940786464,0.80150496167,1.17426229313,-0.857111765231,95.9216995239
0.842439,-0.00498543756063,-0.554917550018,-0.00306796157577,0.745131167715,-0.00421844716668,1.2536457989,-0.00421844716668,0.0,0.772742821897,-0.780796221034,-0.85596127964,0.736310778185,0.80150496167,1.17426229313,-0.857111765231,95.9216995239
0.852382,-0.00575242795457,-0.554917550018,-0.00383495196971,0.745514662912,-0.00345145677274,1.2532623037,-0.00460194236366,0.0,0.773126317094,-0.783097192216,-0.856344774837,0.742830196534,0.801121466473,1.17272831234,-0.857878755625,95.9216995239
0.862402,-0.0053689327576,-0.556068035608,-0.00421844716668,0.745514662912,-0.00345145677274,1.2536457989,-0.00421844716668,0.0,0.773893307488,-0.786548648988,-0.855577784443,0.75088359567,0.801121466473,1.17349530273,-0.858262250822,95.9216995239
0.872372,-0.0053689327576,-0.555301045215,-0.00230097118183,0.745898158109,-0.00383495196971,1.2536457989,-0.00498543756063,0.0,0.775427288276,-0.789233115367,-0.85596127964,0.757019518821,0.801121466473,1.17272831234,-0.860179726807,95.9216995239
0.882397,-0.00498543756063,-0.555301045215,-0.00421844716668,0.745514662912,-0.00421844716668,1.2536457989,-0.00498543756063,0.0,0.77619427867,-0.792301076943,-0.85596127964,0.764305927564,0.800737971276,1.17234481714,-0.860946717201,95.9216995239
0.892398,-0.00460194236366,-0.555684540411,-0.00345145677274,0.745898158109,-0.00383495196971,1.2540292941,-0.00460194236366,0.0,0.777728259458,-0.794218552928,-0.85596127964,0.771592336306,0.800737971276,1.17272831234,-0.861713707595,95.9216995239
0.902390,-0.0053689327576,-0.555301045215,-0.00383495196971,0.746665148503,-0.00306796157577,1.25441278929,-0.00498543756063,0.0,0.778878745049,-0.798437000094,-0.856344774837,0.779262240246,0.800354476079,1.17272831234,-0.860946717201,95.9216995239
0.912400,-0.0053689327576,-0.555684540411,-0.00383495196971,0.745514662912,-0.00345145677274,1.2532623037,-0.00460194236366,0.0,0.779645735443,-0.800737971276,-0.85596127964,0.7850146682,0.799587485685,1.17387879793,-0.860946717201,95.9216995239
0.922405,-0.00498543756063,-0.555301045215,-0.00383495196971,0.745514662912,-0.00306796157577,1.2536457989,-0.00498543756063,0.0,0.780796221034,-0.803805932852,-0.856344774837,0.792301076943,0.800737971276,1.17387879793,-0.861713707595,95.9216995239
0.932378,-0.00498543756063,-0.555301045215,-0.00383495196971,0.745514662912,-0.00421844716668,1.2532623037,-0.00460194236366,0.0,0.781179716231,-0.805723408837,-0.856344774837,0.798820495291,0.800737971276,1.17196132194,-0.861330212398,95.9216995239
0.942379,-0.0053689327576,-0.555301045215,-0.00345145677274,0.745898158109,-0.00383495196971,1.2540292941,-0.00460194236366,0.0,0.782713697019,-0.808024380019,-0.85596127964,0.807257389625,0.799970980882,1.17234481714,-0.860563222004,95.9216995239
0.952404,-0.00498543756063,-0.555301045215,-0.00383495196971,0.746281653306,-0.00383495196971,1.2532623037,-0.00460194236366,0.0,0.783480687412,-0.811092341594,-0.857111765231,0.813009817579,0.799587485685,1.17349530273,-0.861330212398,95.9216995239
0.962402,-0.00613592315154,-0.555301045215,-0.00383495196971,0.745898158109,-0.00383495196971,1.25441278929,-0.00460194236366,0.0,0.7850146682,-0.814927293564,-0.856344774837,0.820679721519,0.800354476079,1.17349530273,-0.861713707595,95.9216995239
0.972405,-0.00498543756063,-0.555301045215,-0.00345145677274,0.746281653306,-0.00345145677274,1.25441278929,-0.00421844716668,0.0,0.785398163397,-0.816844769549,-0.856344774837,0.827966130261,0.799203990488,1.17272831234,-0.860946717201,95.9216995239
0.982376,-0.0053689327576,-0.555301045215,-0.00383495196971,0.746281653306,-0.00383495196971,1.25441278929,-0.00498543756063,0.0,0.786165153791,-0.820296226322,-0.857111765231,0.834869043807,0.798437000094,1.17157782675,-0.860563222004,95.9216995239
0.992405,-0.00498543756063,-0.555301045215,-0.00345145677274,0.745898158109,-0.00383495196971,1.2536457989,-0.0053689327576,0.0,0.787315639382,-0.823747683094,-0.856344774837,0.842922442943,0.797286514503,1.17196132194,-0.860946717201,95.9216995239
1.002404,-0.0053689327576,-0.555301045215,-0.00345145677274,0.745131167715,-0.00306796157577,1.25441278929,-0.00460194236366,0.0,0.788082629776,-0.826432149473,-0.857111765231,0.849825356489,0.796903019306,1.17157782675,-0.861330212398,95.9216995239
1.012401,-0.00575242795457,-0.554917550018,-0.00421844716668,0.745131167715,-0.00383495196971,1.2532623037,-0.0053689327576,0.0,0.78884962017,-0.829116615852,-0.857495260428,0.855577784443,0.795752533716,1.17157782675,-0.860563222004,95.9216995239
1.022405,-0.00575242795457,-0.554917550018,-0.00306796157577,0.745898158109,-0.00383495196971,1.2540292941,-0.00498543756063,0.0,0.789616610564,-0.832184577428,-0.857878755625,0.863247688383,0.795369038519,1.17234481714,-0.860946717201,95.9216995239
1.032374,-0.00498543756063,-0.554917550018,-0.00345145677274,0.745131167715,-0.00383495196971,1.2540292941,-0.00460194236366,0.0,0.790383600958,-0.834869043807,-0.859029241216,0.869767106731,0.794602048125,1.17234481714,-0.861330212398,95.9216995239
1.042406,-0.0053689327576,-0.555301045215,-0.00306796157577,0.746281653306,-0.00383495196971,1.2532623037,-0.00460194236366,0.0,0.791917581746,-0.837937005382,-0.859029241216,0.87743701067,0.793068067337,1.17196132194,-0.862097202792,95.9216995239
1.052377,-0.00575242795457,-0.555301045215,-0.00306796157577,0.745898158109,-0.00345145677274,1.2540292941,-0.00383495196971,0.0,0.793068067337,-0.841004966958,-0.85979623161,0.883189438625,0.792301076943,1.17196132194,-0.861713707595,95.9216995239
1.062399,-0.0053689327576,-0.555301045215,-0.00383495196971,0.745898158109,-0.00345145677274,1.2540292941,-0.00460194236366,0.0,0.793068067337,-0.844072928534,-0.860179726807,0.889325361777,0.791150591352,1.17272831234,-0.860563222004,95.9216995239
1.072402,-0.0053689327576,-0.555301045215,-0.00345145677274,0.745898158109,-0.00383495196971,1.2540292941,-0.00460194236366,0.0,0.793835057731,-0.845990404519,-0.861713707595,0.896228275322,0.789616610564,1.17157782675,-0.860946717201,95.9216995239
1.082408,-0.0053689327576,-0.555301045215,-0.00345145677274,0.745514662912,-0.00383495196971,1.2540292941,-0.00421844716668,0.0,0.794985543322,-0.850208851685,-0.862864193186,0.903898179261,0.788082629776,1.17234481714,-0.862480697989,95.9216995239
1.092378,-0.0053689327576,-0.554917550018,-0.00383495196971,0.745514662912,-0.00383495196971,1.2536457989,-0.00498543756063,0.0,0.795752533716,-0.852509822867,-0.863247688383,0.91041759761,0.788466124973,1.17234481714,-0.863247688383,95.9216995239
1.102372,-0.00575242795457,-0.554917550018,-0.00383495196971,0.745131167715,-0.00383495196971,1.2536457989,-0.00460194236366,0.0,0.79651952411,-0.855577784443,-0.86478166917,0.916553520762,0.785398163397,1.17234481714,-0.865932154761,95.9216995239
1.112419,-0.0053689327576,-0.555301045215,-0.00383495196971,0.745514662912,-0.00383495196971,1.2536457989,-0.00498543756063,0.0,0.796903019306,-0.859029241216,-0.865548659564,0.923456434307,0.784247677806,1.17272831234,-0.867082640352,95.9216995239
1.122418,-0.00498543756063,-0.554917550018,-0.00306796157577,0.745514662912,-0.00345145677274,1.2536457989,-0.00498543756063,0.0,0.798053504897,-0.862480697989,-0.865932154761,0.929975852656,0.783480687412,1.17387879793,-0.867466135549,95.9216995239
1.132394,-0.00498543756063,-0.555684540411,-0.00345145677274,0.745131167715,-0.00421844716668,1.2536457989,-0.00460194236366,0.0,0.799587485685,-0.865548659564,-0.868233125943,0.936111775807,0.782330201822,1.17426229313,-0.867082640352,95.9216995239
1.142383,-0.0053689327576,-0.554917550018,-0.00421844716668,0.745514662912,-0.00383495196971,1.2536457989,-0.00498543756063,0.0,0.799970980882,-0.869767106731,-0.869383611534,0.94339818455,0.780412725837,1.17387879793,-0.867082640352,95.9216995239
1.152380,-0.00575242795457,-0.554917550018,-0.00421844716668,0.745514662912,-0.00345145677274,1.2540292941,-0.00498543756063,0.0,0.80150496167,-0.871684582716,-0.870534097125,0.948767117307,0.78002923064,1.17387879793,-0.868233125943,95.9216995239
1.162383,-0.0053689327576,-0.555684540411,-0.00345145677274,0.745898158109,-0.00383495196971,1.2532623037,-0.00460194236366,0.0,0.801121466473,-0.874752544292,-0.870534097125,0.954136050065,0.778495249852,1.17502928352,-0.867849630746,95.9216995239
1.172401,-0.0053689327576,-0.554917550018,-0.00383495196971,0.745898158109,-0.00383495196971,1.2532623037,-0.00421844716668,0.0,0.80150496167,-0.877820505867,-0.871684582716,0.96103896361,0.777728259458,1.17426229313,-0.86861662114,95.9216995239
1.182372,-0.0053689327576,-0.555301045215,-0.00383495196971,0.745514662912,-0.00345145677274,1.2540292941,-0.00498543756063,0.0,0.803422437655,-0.879737981852,-0.87245157311,0.966791391565,0.776577773867,1.17502928352,-0.869000116337,95.9216995239
1.192406,-0.0053689327576,-0.555301045215,-0.00421844716668,0.745514662912,-0.00383495196971,1.2540292941,-0.00460194236366,0.0,0.803805932852,-0.883189438625,-0.873602058701,0.973310809913,0.77619427867,1.17502928352,-0.870917592322,95.9216995239
1.202380,-0.00498543756063,-0.554917550018,-0.00345145677274,0.746281653306,-0.00345145677274,1.2540292941,-0.00498543756063,0.0,0.804189428049,-0.887024390595,-0.873985553898,0.979063237868,0.775043793079,1.17579627391,-0.87245157311,95.9216995239
1.212409,-0.0053689327576,-0.555301045215,-0.00345145677274,0.745514662912,-0.00345145677274,1.2540292941,-0.00498543756063,0.0,0.804956418443,-0.890475847367,-0.874752544292,0.984048675428,0.773509812291,1.17579627391,-0.873602058701,95.9216995239
1.222401,-0.00498543756063,-0.554917550018,-0.00306796157577,0.745898158109,-0.00383495196971,1.2540292941,-0.00460194236366,0.0,0.80533991364,-0.893160313746,-0.87628652508,0.990568093777,0.773509812291,1.17656326431,-0.874752544292,95.9216995239
1.232409,-0.0053689327576,-0.555301045215,-0.00345145677274,0.745514662912,-0.00306796157577,1.25441278929,-0.00460194236366,0.0,0.806106904034,-0.896228275322,-0.875903029883,0.995170036141,0.771592336306,1.17694675951,-0.876670020277,95.9216995239
1.242406,-0.00498543756063,-0.556068035608,-0.00383495196971,0.746281653306,-0.00345145677274,1.25441278929,-0.0053689327576,0.0,0.806490399231,-0.899296236898,-0.877053515473,0.999771978504,0.771208841109,1.1780972451,-0.878587496261,95.9216995239
1.252409,-0.0053689327576,-0.555301045215,-0.00345145677274,0.745514662912,-0.00345145677274,1.2536457989,-0.00498543756063,0.0,0.806873894428,-0.902364198474,-0.87743701067,1.00590790166,0.769674860322,1.17848074029,-0.88127196264,95.9216995239
1.262393,-0.00498543756063,-0.555301045215,-0.00345145677274,0.745514662912,-0.00383495196971,1.2536457989,-0.00460194236366,0.0,0.807640884822,-0.904665169655,-0.877053515473,1.01050984402,0.768524374731,1.17924773069,-0.882805943428,95.9216995239
1.272422,-0.00498543756063,-0.555684540411,-0.00383495196971,0.745514662912,-0.00345145677274,1.2532623037,-0.00460194236366,0.0,0.808024380019,-0.908500121625,-0.878587496261,1.01587877678,0.768140879534,1.17924773069,-0.88510691461,95.9216995239
1.282407,-0.00498543756063,-0.554150559624,-0.00345145677274,0.745131167715,-0.00345145677274,1.2540292941,-0.00460194236366,0.0,0.808024380019,-0.911184588004,-0.878970991458,1.01971372875,0.766606898746,1.18039821628,-0.886257400201,95.9216995239
1.292380,-0.0053689327576,-0.555301045215,-0.00421844716668,0.745898158109,-0.00345145677274,1.2536457989,-0.0053689327576,0.0,0.808024380019,-0.913102063989,-0.880504972246,1.0254661567,0.765072917958,1.17963122588,-0.889708856974,95.9216995239
1.302408,-0.00498543756063,-0.555301045215,-0.00345145677274,0.746281653306,-0.00345145677274,1.2540292941,-0.00460194236366,0.0,0.809558360807,-0.915403035171,-0.880888467443,1.03006809907,0.763922432367,1.18078171147,-0.891242837761,95.9216995239
1.312385,-0.00498543756063,-0.555684540411,-0.00345145677274,0.745898158109,-0.00345145677274,1.2536457989,-0.00460194236366,0.0,0.80917486561,-0.91923798714,-0.88127196264,1.03505353663,0.763155441973,1.18116520667,-0.892393323352,95.9216995239
1.322368,-0.00498543756063,-0.554917550018,-0.00306796157577,0.746281653306,-0.00421844716668,1.2540292941,-0.00460194236366,0.0,0.809558360807,-0.921538958322,-0.881655457837,1.03927198379,0.762388451579,1.18116520667,-0.894310799337,95.9216995239
1.332407,-0.00498543756063,-0.554917550018,-0.00383495196971,0.745514662912,-0.00345145677274,1.2536457989,-0.00460194236366,0.0,0.8103253512,-0.923839929504,-0.882038953034,1.04349043096,0.761237965988,1.18346617785,-0.895844780125,95.9216995239
1.342404,-0.0053689327576,-0.555684540411,-0.00345145677274,0.746281653306,-0.00345145677274,1.2536457989,-0.00498543756063,0.0,0.810708846397,-0.925373910292,-0.882805943428,1.04809237332,0.759320490003,1.18308268266,-0.896611770519,95.9216995239
1.352375,-0.0053689327576,-0.554534054821,-0.00383495196971,0.745898158109,-0.00383495196971,1.2532623037,-0.00498543756063,0.0,0.811092341594,-0.928825367065,-0.883189438625,1.05231082049,0.758553499609,1.18384967305,-0.898912741701,95.9216995239
1.362377,-0.00575242795457,-0.555301045215,-0.00306796157577,0.745898158109,-0.00345145677274,1.2540292941,-0.00460194236366,0.0,0.811092341594,-0.930742843049,-0.883956429019,1.05652926766,0.757403014018,1.18500015864,-0.899296236898,95.9216995239
1.372384,-0.00498543756063,-0.555301045215,-0.00345145677274,0.746281653306,-0.00421844716668,1.2536457989,-0.0053689327576,0.0,0.812242827185,-0.932660319034,-0.884723419413,1.06074771482,0.756636023624,1.18500015864,-0.900063227292,95.9216995239
1.382368,-0.0053689327576,-0.555684540411,-0.00306796157577,0.745514662912,-0.00383495196971,1.25441278929,-0.00421844716668,0.0,0.811475836791,-0.934194299822,-0.88510691461,1.06496616199,0.755102042837,1.18576714904,-0.901213712883,95.9216995239
1.392362,-0.0053689327576,-0.554917550018,-0.00345145677274,0.745514662912,-0.00345145677274,1.2536457989,-0.00498543756063,0.0,0.811859331988,-0.936495271004,-0.88510691461,1.06918460916,0.75471854764,1.18538365384,-0.901980703277,95.9216995239
1.402399,-0.0053689327576,-0.555301045215,-0.00306796157577,0.745898158109,-0.00306796157577,1.2540292941,-0.00460194236366,0.0,0.812242827185,-0.93956323258,-0.885490409807,1.07340305632,0.753951557246,1.18538365384,-0.902747693671,95.9216995239
1.412406,-0.00460194236366,-0.555301045215,-0.00383495196971,0.745514662912,-0.00383495196971,1.2536457989,-0.00498543756063,0.0,0.811859331988,-0.940330222974,-0.886257400201,1.07723800829,0.752417576458,1.18615064423,-0.904281674458,95.9216995239
1.422378,-0.0053689327576,-0.555301045215,-0.00306796157577,0.746281653306,-0.00383495196971,1.2540292941,-0.00498543756063,0.0,0.812242827185,-0.943014689353,-0.886640895398,1.08068946507,0.752801071655,1.18730112982,-0.904281674458,95.9216995239
1.432376,-0.00575242795457,-0.555301045215,-0.00345145677274,0.745131167715,-0.00345145677274,1.25479628449,-0.0053689327576,0.0,0.812242827185,-0.945315660534,-0.886257400201,1.08414092184,0.750500100473,1.18768462502,-0.904665169655,95.9216995239
1.442431,-0.00575242795457,-0.554917550018,-0.00383495196971,0.746281653306,-0.00383495196971,1.2540292941,-0.00498543756063,0.0,0.813009817579,-0.947233136519,-0.887407885792,1.0895098546,0.750116605276,1.18806812022,-0.905432160049,95.9216995239
1.452409,-0.00575242795457,-0.555301045215,-0.00421844716668,0.745131167715,-0.00306796157577,1.2536457989,-0.00460194236366,0.0,0.813009817579,-0.947233136519,-0.887791380989,1.09296131137,0.749733110079,1.18921860581,-0.906199150443,95.9216995239
1.462407,-0.0053689327576,-0.554917550018,-0.00306796157577,0.746281653306,-0.00345145677274,1.2540292941,-0.00498543756063,0.0,0.813393312776,-0.950301098095,-0.887407885792,1.09564577775,0.748199129291,1.18921860581,-0.90658264564,95.9216995239
1.472378,-0.00498543756063,-0.554917550018,-0.00345145677274,0.745131167715,-0.00383495196971,1.25441278929,-0.00498543756063,0.0,0.813776807973,-0.951451583686,-0.888558371383,1.09948072972,0.7470486437,1.1899855962,-0.907349636034,95.9216995239
1.482401,-0.0053689327576,-0.555301045215,-0.00306796157577,0.745514662912,-0.00383495196971,1.2536457989,-0.00460194236366,0.0,0.813009817579,-0.953369059671,-0.888174876186,1.10408267208,0.746281653306,1.18960210101,-0.908500121625,95.9216995239
1.492376,-0.0053689327576,-0.555684540411,-0.00345145677274,0.745131167715,-0.00383495196971,1.25441278929,-0.00498543756063,0.0,0.813393312776,-0.954519545262,-0.888174876186,1.10600014807,0.745514662912,1.18960210101,-0.91041759761,95.9216995239
1.502397,-0.00498543756063,-0.555301045215,-0.00345145677274,0.746281653306,-0.0026844663788,1.2532623037,-0.0053689327576,0.0,0.813393312776,-0.956820516444,-0.888174876186,1.10906810964,0.743980682124,1.18960210101,-0.911568083201,95.9216995239
1.512378,-0.00498543756063,-0.555684540411,-0.00345145677274,0.746281653306,-0.00345145677274,1.2536457989,-0.00460194236366,0.0,0.813393312776,-0.957971002034,-0.888558371383,1.11136908082,0.742446701337,1.1899855962,-0.912718568792,95.9216995239
1.522403,-0.0053689327576,-0.555301045215,-0.00383495196971,0.746281653306,-0.00383495196971,1.2540292941,-0.00460194236366,0.0,0.813776807973,-0.960271973216,-0.888558371383,1.1140535472,0.741296215746,1.19151957699,-0.913869054383,95.9216995239
1.532385,-0.00460194236366,-0.555301045215,-0.00345145677274,0.745514662912,-0.00345145677274,1.2532623037,-0.00421844716668,0.0,0.81416030317,-0.961422458807,-0.888558371383,1.11788849917,0.739762234958,1.19151957699,-0.916170025565,95.9216995239
1.542407,-0.00498543756063,-0.555684540411,-0.00306796157577,0.746281653306,-0.00306796157577,1.2536457989,-0.00498543756063,0.0,0.814927293564,-0.962572944398,-0.888174876186,1.12133995594,0.738995244564,1.19113608179,-0.917704006352,95.9216995239
1.552404,-0.00498543756063,-0.555684540411,-0.00345145677274,0.745514662912,-0.00383495196971,1.2536457989,-0.00460194236366,0.0,0.814543798367,-0.963339934792,-0.888558371383,1.12402442232,0.737461263776,1.19113608179,-0.919621482337,95.9216995239
1.562381,-0.00575242795457,-0.554917550018,-0.00345145677274,0.745898158109,-0.00345145677274,1.2540292941,-0.00460194236366,0.0,0.814927293564,-0.965640905974,-0.888174876186,1.1270923839,0.735927282988,1.19113608179,-0.921922453519,95.9216995239
1.572375,-0.00498543756063,-0.555301045215,-0.00345145677274,0.745898158109,-0.00345145677274,1.2536457989,-0.00460194236366,0.0,0.816077779155,-0.967174886762,-0.887791380989,1.12977685028,0.733626311806,1.1907525866,-0.923456434307,95.9216995239
1.582381,-0.00498543756063,-0.554534054821,-0.00383495196971,0.745514662912,-0.00306796157577,1.2536457989,-0.00460194236366,0.0,0.816461274352,-0.969092362747,-0.888174876186,1.13207782146,0.732092331018,1.19151957699,-0.925373910292,95.9216995239
1.592405,-0.00575242795457,-0.555301045215,-0.00345145677274,0.745131167715,-0.00345145677274,1.25287880851,-0.00460194236366,0.0,0.816844769549,-0.969859353141,-0.888558371383,1.13514578304,0.729791359836,1.19113608179,-0.927291386277,95.9216995239
1.602377,-0.00498543756063,-0.555301045215,-0.00383495196971,0.745514662912,-0.00345145677274,1.2536457989,-0.00460194236366,0.0,0.817228264746,-0.970626343534,-0.889325361777,1.13783024941,0.728257379049,1.19113608179,-0.929975852656,95.9216995239
1.612366,-0.0053689327576,-0.555301045215,-0.00345145677274,0.745898158109,-0.00345145677274,1.2536457989,-0.0053689327576,0.0,0.816461274352,-0.972927314716,-0.889708856974,1.1401312206,0.725189417473,1.1907525866,-0.93189332864,95.9216995239
1.622376,-0.00575242795457,-0.554534054821,-0.00306796157577,0.745898158109,-0.00345145677274,1.2536457989,-0.00460194236366,0.0,0.818378750337,-0.97369430511,-0.88894186658,1.14281568697,0.724038931882,1.1907525866,-0.933043814231,95.9216995239
1.632383,-0.00575242795457,-0.555301045215,-0.00345145677274,0.745898158109,-0.00383495196971,1.2540292941,-0.0053689327576,0.0,0.81799525514,-0.975228285898,-0.889325361777,1.14588364855,0.722121455897,1.1907525866,-0.935344785413,95.9216995239
1.642386,-0.0053689327576,-0.556068035608,-0.00345145677274,0.745514662912,-0.00345145677274,1.2532623037,-0.00460194236366,0.0,0.818378750337,-0.977145761883,-0.889325361777,1.14741762934,0.719820484715,1.1907525866,-0.937262261398,95.9216995239
1.652403,-0.00498543756063,-0.555301045215,-0.00383495196971,0.746281653306,-0.00345145677274,1.2540292941,-0.00460194236366,0.0,0.818762245534,-0.977912752277,-0.890092352171,1.15048559091,0.717136018336,1.1903690914,-0.939179737383,95.9216995239
1.662403,-0.0053689327576,-0.555301045215,-0.00345145677274,0.746281653306,-0.00345145677274,1.2532623037,-0.00498543756063,0.0,0.819529235928,-0.979446733065,-0.889325361777,1.1524030669,0.715602037549,1.1903690914,-0.940330222974,95.9216995239
1.672371,-0.00498543756063,-0.555301045215,-0.00383495196971,0.745131167715,-0.00345145677274,1.2540292941,-0.00498543756063,0.0,0.819529235928,-0.980980713853,-0.889325361777,1.15508753328,0.713301066367,1.1903690914,-0.941480708565,95.9216995239
1.682408,-0.00460194236366,-0.554917550018,-0.00383495196971,0.746281653306,-0.00345145677274,1.2540292941,-0.00383495196971,0.0,0.819912731125,-0.98136420905,-0.890092352171,1.15662151407,0.711000095185,1.1899855962,-0.941864203762,95.9216995239
1.692383,-0.00460194236366,-0.555301045215,-0.00345145677274,0.745514662912,-0.00383495196971,1.2536457989,-0.00460194236366,0.0,0.820296226322,-0.982514694641,-0.889708856974,1.15853899005,0.710233104791,1.1899855962,-0.942247698959,95.9216995239
1.702372,-0.00498543756063,-0.555684540411,-0.00460194236366,0.745898158109,-0.00421844716668,1.2540292941,-0.00498543756063,0.0,0.819912731125,-0.984432170625,-0.889708856974,1.16122345643,0.706781648018,1.18960210101,-0.943014689353,95.9216995239
1.712405,-0.00498543756063,-0.554917550018,-0.00306796157577,0.745514662912,-0.00345145677274,1.2532623037,-0.00460194236366,0.0,0.820679721519,-0.985199161019,-0.889708856974,1.16352442761,0.704864172033,1.1903690914,-0.942631194156,95.9216995239
1.722370,-0.00575242795457,-0.555301045215,-0.00306796157577,0.745514662912,-0.00383495196971,1.2532623037,-0.00460194236366,0.0,0.820679721519,-0.985582656216,-0.889708856974,1.1646749132,0.703713686442,1.1903690914,-0.942631194156,95.9216995239
1.732371,-0.0053689327576,-0.555684540411,-0.00421844716668,0.745514662912,-0.00345145677274,1.2536457989,-0.0053689327576,0.0,0.822597197504,-0.98634964661,-0.889325361777,1.16620889399,0.70026222967,1.18960210101,-0.94339818455,95.9216995239
1.742375,-0.00498543756063,-0.555301045215,-0.00345145677274,0.745898158109,-0.00383495196971,1.2540292941,-0.00498543756063,0.0,0.822213702307,-0.988267122595,-0.890475847367,1.16697588438,0.699495239276,1.19113608179,-0.942631194156,95.9216995239
1.752405,-0.0053689327576,-0.554917550018,-0.00345145677274,0.745898158109,-0.00383495196971,1.2540292941,-0.00460194236366,0.0,0.822980692701,-0.988650617792,-0.890475847367,1.16966035076,0.696810772897,1.1899855962,-0.943014689353,95.9216995239
1.762393,-0.00575242795457,-0.554917550018,-0.00345145677274,0.745514662912,-0.00345145677274,1.25441278929,-0.00498543756063,0.0,0.823364187897,-0.989034112989,-0.890859342564,1.17042734116,0.695660287306,1.18921860581,-0.943014689353,95.9216995239
1.772379,-0.00575242795457,-0.555684540411,-0.00383495196971,0.746281653306,-0.00345145677274,1.2540292941,-0.00421844716668,0.0,0.824131178291,-0.989417608186,-0.890475847367,1.17157782675,0.693359316124,1.18921860581,-0.943014689353,95.9216995239
1.782399,-0.00575242795457,-0.555301045215,-0.00383495196971,0.746281653306,-0.00345145677274,1.2540292941,-0.00421844716668,0.0,0.823364187897,-0.990568093777,-0.890859342564,1.17272831234,0.691825335336,1.18921860581,-0.943014689353,95.9216995239
1.792503,-0.0053689327576,-0.554917550018,-0.00345145677274,0.745514662912,-0.00345145677274,1.2536457989,-0.00498543756063,0.0,0.824898168685,-0.990951588974,-0.890475847367,1.17272831234,0.691058344942,1.18883511061,-0.942631194156,95.9216995239
1.802413,-0.00575242795457,-0.554917550018,-0.00345145677274,0.745898158109,-0.00345145677274,1.2540292941,-0.00460194236366,0.0,0.823364187897,-0.992102074565,-0.890475847367,1.17426229313,0.689524364154,1.18845161541,-0.941864203762,95.9216995239
1.812392,-0.0053689327576,-0.555684540411,-0.00383495196971,0.745131167715,-0.00383495196971,1.2536457989,-0.00460194236366,0.0,0.824131178291,-0.992102074565,-0.890859342564,1.17502928352,0.688373878564,1.18730112982,-0.942631194156,95.9216995239
1.822333,-0.00460194236366,-0.556068035608,-0.00345145677274,0.745898158109,-0.00383495196971,1.2540292941,-0.0053689327576,0.0,0.824514673488,-0.992485569762,-0.892009828155,1.17541277872,0.68760688817,1.18845161541,-0.943014689353,95.9216995239
1.832325,-0.00498543756063,-0.555684540411,-0.00345145677274,0.745898158109,-0.00345145677274,1.2536457989,-0.00498543756063,0.0,0.824131178291,-0.993636055353,-0.892009828155,1.17541277872,0.68760688817,1.18730112982,-0.94339818455,95.9216995239
1.842375,-0.0053689327576,-0.555301045215,-0.00306796157577,0.745514662912,-0.00345145677274,1.2536457989,-0.00498543756063,0.0,0.823747683094,-0.993636055353,-0.892393323352,1.17541277872,0.686839897776,1.18653413943,-0.942631194156,95.9216995239
1.852329,-0.00498543756063,-0.555301045215,-0.00345145677274,0.745514662912,-0.00306796157577,1.2536457989,-0.00460194236366,0.0,0.824514673488,-0.99401955055,-0.892776818549,1.17694675951,0.686072907382,1.18576714904,-0.942631194156,95.9216995239
1.862345,-0.00498543756063,-0.555301045215,-0.00383495196971,0.746281653306,-0.00383495196971,1.25441278929,-0.00460194236366,0.0,0.824514673488,-0.995170036141,-0.89392730414,1.17694675951,0.685305916988,1.18461666344,-0.943014689353,95.9216995239
1.872383,-0.0053689327576,-0.555684540411,-0.00345145677274,0.745514662912,-0.00383495196971,1.2540292941,-0.00498543756063,0.0,0.824514673488,-0.995553531338,-0.89392730414,1.17694675951,0.684538926594,1.18423316825,-0.943014689353,95.9216995239
1.882387,-0.00575242795457,-0.554917550018,-0.00345145677274,0.745898158109,-0.00383495196971,1.2532623037,-0.00460194236366,0.0,0.824898168685,-0.994403045747,-0.895077789731,1.17617976911,0.684922421791,1.18384967305,-0.94339818455,95.9216995239
1.892359,-0.0053689327576,-0.555301045215,-0.00306796157577,0.746665148503,-0.00345145677274,1.2532623037,-0.00498543756063,0.0,0.824514673488,-0.994403045747,-0.895461284928,1.17656326431,0.684538926594,1.18154870187,-0.942631194156,95.9216995239
1.902340,-0.0053689327576,-0.555301045215,-0.00383495196971,0.745514662912,-0.00306796157577,1.2540292941,-0.00460194236366,0.0,0.824514673488,-0.995553531338,-0.896995265716,1.17656326431,0.684922421791,1.18078171147,-0.942631194156,95.9216995239
1.912339,-0.0053689327576,-0.554917550018,-0.00306796157577,0.745898158109,-0.00306796157577,1.25441278929,-0.00421844716668,0.0,0.824898168685,-0.995553531338,-0.898529246504,1.17694675951,0.684538926594,1.17924773069,-0.942631194156,95.9216995239
1.922338,-0.00498543756063,-0.555684540411,-0.00421844716668,0.745898158109,-0.00345145677274,1.2540292941,-0.00460194236366,0.0,0.824898168685,-0.995170036141,-0.899296236898,1.1773302547,0.684155431397,1.1773302547,-0.942247698959,95.9216995239
1.932349,-0.00498543756063,-0.555301045215,-0.00345145677274,0.745514662912,-0.00345145677274,1.2536457989,-0.0053689327576,0.0,0.824514673488,-0.995937026535,-0.901213712883,1.17694675951,0.684538926594,1.17579627391,-0.941864203762,95.9216995239
1.942347,-0.0053689327576,-0.555301045215,-0.00383495196971,0.745514662912,-0.00383495196971,1.2536457989,-0.00498543756063,0.0,0.824131178291,-0.995937026535,-0.901980703277,1.17617976911,0.684538926594,1.17272831234,-0.942631194156,95.9216995239
1.952350,-0.00498543756063,-0.555684540411,-0.00421844716668,0.746281653306,-0.00306796157577,1.2532623037,-0.00498543756063,0.0,0.824514673488,-0.995553531338,-0.903131188868,1.17694675951,0.684538926594,1.17042734116,-0.942247698959,95.9216995239
1.962341,-0.00498543756063,-0.555301045215,-0.00345145677274,0.746281653306,-0.00345145677274,1.2540292941,-0.00498543756063,0.0,0.824514673488,-0.995553531338,-0.905432160049,1.1773302547,0.684922421791,1.16812636997,-0.943014689353,95.9216995239
1.972347,-0.0053689327576,-0.555301045215,-0.00306796157577,0.745514662912,-0.00383495196971,1.2536457989,-0.00460194236366,0.0,0.824514673488,-0.995937026535,-0.906966140837,1.17617976911,0.684922421791,1.1650584084,-0.943014689353,95.9216995239
1.982349,-0.0053689327576,-0.555301045215,-0.00345145677274,0.745898158109,-0.00306796157577,1.2536457989,-0.00498543756063,0.0,0.824514673488,-0.994786540944,-0.908116626428,1.17694675951,0.684538926594,1.16237394202,-0.942247698959,95.9216995239
1.992333,-0.00575242795457,-0.555301045215,-0.00383495196971,0.746665148503,-0.00306796157577,1.2536457989,-0.00460194236366,0.0,0.824514673488,-0.994786540944,-0.909650607216,1.17694675951,0.684922421791,1.15968947564,-0.941480708565,95.9216995239
2.002393,-0.0053689327576,-0.554917550018,-0.0026844663788,0.745514662912,-0.00345145677274,1.2536457989,-0.00460194236366,0.0,0.824898168685,-0.995553531338,-0.910801092807,1.17656326431,0.684538926594,1.15662151407,-0.941097213368,95.9216995239
2.012379,-0.0053689327576,-0.554917550018,-0.00383495196971,0.745898158109,-0.00460194236366,1.2536457989,-0.00460194236366,0.0,0.824898168685,-0.995553531338,-0.912718568792,1.1777137499,0.685305916988,1.15317005729,-0.939179737383,95.9216995239
2.022405,-0.00575242795457,-0.555301045215,-0.00383495196971,0.745898158109,-0.00306796157577,1.25441278929,-0.00498543756063,0.0,0.824131178291,-0.995937026535,-0.91425254958,1.17656326431,0.684155431397,1.15048559091,-0.936878766201,95.9216995239
2.032404,-0.0053689327576,-0.555684540411,-0.00345145677274,0.745898158109,-0.00345145677274,1.25441278929,-0.00421844716668,0.0,0.824514673488,-0.994786540944,-0.915786530368,1.1773302547,0.684155431397,1.14780112454,-0.936111775807,95.9216995239
2.042436,-0.0053689327576,-0.555684540411,-0.00345145677274,0.746281653306,-0.00345145677274,1.2536457989,-0.00498543756063,0.0,0.824131178291,-0.995170036141,-0.918470996746,1.1780972451,0.684538926594,1.14511665816,-0.934577795019,95.9216995239
2.052386,-0.0053689327576,-0.554917550018,-0.00421844716668,0.745898158109,-0.00306796157577,1.2536457989,-0.00498543756063,0.0,0.823364187897,-0.994403045747,-0.919621482337,1.1777137499,0.684538926594,1.14128170619,-0.931509833443,95.9216995239
2.062377,-0.00498543756063,-0.555301045215,-0.00383495196971,0.745131167715,-0.00345145677274,1.2540292941,-0.00498543756063,0.0,0.824131178291,-0.99401955055,-0.921155463125,1.1777137499,0.684538926594,1.13667976382,-0.932660319034,95.9216995239
2.072405,-0.00498543756063,-0.555301045215,-0.00306796157577,0.745898158109,-0.00345145677274,1.2536457989,-0.00460194236366,0.0,0.823747683094,-0.993636055353,-0.92307293911,1.1777137499,0.6837719362,1.13246131666,-0.931126338246,95.9216995239
2.082411,-0.0053689327576,-0.555301045215,-0.00306796157577,0.745131167715,-0.00345145677274,1.2540292941,-0.00498543756063,0.0,0.823747683094,-0.994403045747,-0.924223424701,1.1777137499,0.6837719362,1.12824286949,-0.931509833443,95.9216995239
2.092405,-0.00498543756063,-0.555684540411,-0.00306796157577,0.746281653306,-0.00345145677274,1.2540292941,-0.00498543756063,0.0,0.823364187897,-0.993636055353,-0.926524395883,1.17848074029,0.684155431397,1.12594189831,-0.931126338246,95.9216995239
2.102408,-0.0053689327576,-0.555301045215,-0.00345145677274,0.745898158109,-0.00383495196971,1.2540292941,-0.00498543756063,0.0,0.822980692701,-0.99401955055,-0.927674881474,1.17848074029,0.684155431397,1.12210694634,-0.931126338246,95.9216995239
2.112374,-0.00498543756063,-0.555301045215,-0.00345145677274,0.745898158109,-0.00345145677274,1.2536457989,-0.00460194236366,0.0,0.822980692701,-0.993636055353,-0.930359347853,1.17886423549,0.684922421791,1.11827199437,-0.930359347853,95.9216995239
2.122380,-0.00498543756063,-0.554917550018,-0.00345145677274,0.745898158109,-0.00345145677274,1.2540292941,-0.00498543756063,0.0,0.822213702307,-0.99401955055,-0.931509833443,1.17924773069,0.684538926594,1.1148205376,-0.930359347853,95.9216995239
2.132380,-0.00498543756063,-0.555684540411,-0.00345145677274,0.745898158109,-0.00345145677274,1.2536457989,-0.00460194236366,0.0,0.821446711913,-0.993252560156,-0.934194299822,1.17963122588,0.684922421791,1.11136908082,-0.931126338246,95.9216995239
2.142407,-0.0053689327576,-0.555301045215,-0.00345145677274,0.745131167715,-0.00345145677274,1.2540292941,-0.0053689327576,0.0,0.822213702307,-0.99401955055,-0.93572828061,1.18116520667,0.684538926594,1.10715063366,-0.929975852656,95.9216995239
2.152389,-0.00613592315154,-0.554917550018,-0.00345145677274,0.745131167715,-0.00345145677274,1.2532623037,-0.00460194236366,0.0,0.821063216716,-0.99401955055,-0.937645756595,1.18078171147,0.684922421791,1.10369917688,-0.929975852656,95.9216995239
2.162386,-0.00575242795457,-0.555684540411,-0.00383495196971,0.745514662912,-0.00383495196971,1.2536457989,-0.00460194236366,0.0,0.820679721519,-0.993636055353,-0.93956323258,1.18154870187,0.684538926594,1.09948072972,-0.929975852656,95.9216995239
2.172375,-0.0053689327576,-0.555301045215,-0.00306796157577,0.745131167715,-0.00345145677274,1.2536457989,-0.00498543756063,0.0,0.820679721519,-0.993252560156,-0.93956323258,1.18269918746,0.684155431397,1.09679626334,-0.929592357459,95.9216995239
2.182380,-0.00498543756063,-0.555684540411,-0.00306796157577,0.745514662912,-0.00383495196971,1.2536457989,-0.00498543756063,0.0,0.819529235928,-0.993252560156,-0.941864203762,1.18308268266,0.684155431397,1.09181082578,-0.929975852656,95.9216995239
2.192408,-0.00498543756063,-0.554917550018,-0.00345145677274,0.745131167715,-0.00345145677274,1.2536457989,-0.00498543756063,0.0,0.819145740731,-0.993252560156,-0.944165174943,1.18500015864,0.684155431397,1.0891263594,-0.929975852656,95.9216995239
2.202412,-0.00498543756063,-0.556068035608,-0.00345145677274,0.745514662912,-0.00306796157577,1.2536457989,-0.00460194236366,0.0,0.819529235928,-0.993636055353,-0.946082650928,1.18538365384,0.684538926594,1.08490791223,-0.929975852656,95.9216995239
2.212400,-0.0053689327576,-0.555684540411,-0.00345145677274,0.746281653306,-0.00345145677274,1.2540292941,-0.00498543756063,0.0,0.818378750337,-0.993636055353,-0.946849641322,1.18653413943,0.684155431397,1.08068946507,-0.930359347853,95.9216995239
2.222375,-0.0053689327576,-0.555684540411,-0.00383495196971,0.745898158109,-0.00345145677274,1.2540292941,-0.00498543756063,0.0,0.816844769549,-0.993636055353,-0.94838362211,1.18730112982,0.684538926594,1.07800499869,-0.929975852656,95.9216995239
2.232401,-0.00498543756063,-0.554917550018,-0.00345145677274,0.745514662912,-0.00345145677274,1.2540292941,-0.00498543756063,0.0,0.816461274352,-0.993636055353,-0.951068088489,1.18921860581,0.684538926594,1.07455354191,-0.929975852656,95.9216995239
2.242380,-0.00498543756063,-0.554917550018,-0.00345145677274,0.745898158109,-0.00383495196971,1.2540292941,-0.00498543756063,0.0,0.815310788761,-0.994403045747,-0.951835078883,1.1899855962,0.684538926594,1.07148558034,-0.929975852656,95.9216995239
2.252409,-0.00613592315154,-0.554917550018,-0.00421844716668,0.745898158109,-0.00345145677274,1.2536457989,-0.00421844716668,0.0,0.814927293564,-0.99401955055,-0.952985564474,1.1899855962,0.684538926594,1.06841761876,-0.929592357459,95.9216995239
2.262408,-0.0053689327576,-0.554917550018,-0.00345145677274,0.746281653306,-0.00383495196971,1.2536457989,-0.00498543756063,0.0,0.812626322382,-0.994403045747,-0.954519545262,1.19190307219,0.684155431397,1.06458266679,-0.929592357459,95.9216995239
2.272397,-0.00498543756063,-0.555684540411,-0.00383495196971,0.745898158109,-0.00345145677274,1.25441278929,-0.00498543756063,0.0,0.812626322382,-0.99401955055,-0.956820516444,1.19343705297,0.684922421791,1.06228169561,-0.929592357459,95.9216995239
2.282392,-0.00613592315154,-0.555301045215,-0.00345145677274,0.745514662912,-0.00383495196971,1.2540292941,-0.00498543756063,0.0,0.811859331988,-0.99401955055,-0.957587506837,1.19382054817,0.684922421791,1.05921373403,-0.929592357459,95.9216995239
2.292409,-0.00575242795457,-0.554917550018,-0.00421844716668,0.745898158109,-0.00421844716668,1.2540292941,-0.00460194236366,0.0,0.8103253512,-0.994403045747,-0.959121487625,1.19535452896,0.684922421791,1.05614577246,-0.929208862262,95.9216995239
2.302370,-0.0053689327576,-0.554917550018,-0.00345145677274,0.745898158109,-0.00383495196971,1.2536457989,-0.00421844716668,0.0,0.80917486561,-0.994786540944,-0.960271973216,1.19688850975,0.684922421791,1.05384480128,-0.929592357459,95.9216995239
2.312403,-0.00575242795457,-0.554534054821,-0.00383495196971,0.745898158109,-0.00383495196971,1.2532623037,-0.00460194236366,0.0,0.807640884822,-0.994403045747,-0.961805954004,1.19880598573,0.6837719362,1.05192732529,-0.929592357459,95.9216995239
2.322371,-0.0053689327576,-0.555301045215,-0.00383495196971,0.745898158109,-0.00383495196971,1.25441278929,-0.0053689327576,0.0,0.806106904034,-0.993636055353,-0.963723429989,1.19957297613,0.685305916988,1.04924285891,-0.929592357459,95.9216995239
2.332372,-0.0053689327576,-0.555684540411,-0.00345145677274,0.746281653306,-0.00345145677274,1.2540292941,-0.00498543756063,0.0,0.80533991364,-0.99401955055,-0.965257410777,1.20072346172,0.684538926594,1.04732538293,-0.929592357459,95.9216995239
2.342409,-0.0053689327576,-0.555684540411,-0.00383495196971,0.745898158109,-0.00345145677274,1.2536457989,-0.00460194236366,0.0,0.803038942458,-0.994403045747,-0.966024401171,1.20187394731,0.684922421791,1.04502441175,-0.930359347853,95.9216995239
2.352394,-0.0053689327576,-0.554534054821,-0.00345145677274,0.745898158109,-0.00383495196971,1.25441278929,-0.00498543756063,0.0,0.802271952064,-0.99401955055,-0.966791391565,1.2034079281,0.684155431397,1.04195645017,-0.929592357459,95.9216995239
2.362372,-0.0053689327576,-0.555684540411,-0.00345145677274,0.745514662912,-0.00345145677274,1.25441278929,-0.00421844716668,0.0,0.800354476079,-0.993636055353,-0.967941877156,1.20455841369,0.684538926594,1.04003897419,-0.929975852656,95.9216995239
2.372378,-0.0053689327576,-0.555684540411,-0.00421844716668,0.746281653306,-0.00421844716668,1.2536457989,-0.00498543756063,0.0,0.799587485685,-0.994786540944,-0.969475857944,1.20647588967,0.684922421791,1.0381214982,-0.929975852656,95.9216995239
2.382379,-0.00613592315154,-0.555301045215,-0.00345145677274,0.745514662912,-0.00345145677274,1.2540292941,-0.00460194236366,0.0,0.79651952411,-0.99401955055,-0.971009838731,1.20724288007,0.684922421791,1.03505353663,-0.929592357459,95.9216995239
2.392378,-0.0053689327576,-0.555301045215,-0.00345145677274,0.745514662912,-0.00383495196971,1.2532623037,-0.00460194236366,0.0,0.794985543322,-0.993252560156,-0.972160324322,1.20877686085,0.684538926594,1.03390305103,-0.929208862262,95.9216995239
2.402364,-0.0053689327576,-0.555301045215,-0.00345145677274,0.745514662912,-0.00383495196971,1.2540292941,-0.00460194236366,0.0,0.793451562534,-0.993252560156,-0.972160324322,1.20992734644,0.684538926594,1.03198557505,-0.928825367065,95.9216995239
2.412377,-0.0053689327576,-0.555684540411,-0.00345145677274,0.745131167715,-0.00345145677274,1.2536457989,-0.00460194236366,0.0,0.791150591352,-0.993252560156,-0.97369430511,1.21107783204,0.684155431397,1.02968460387,-0.929592357459,95.9216995239
2.422395,-0.00575242795457,-0.554534054821,-0.00345145677274,0.745898158109,-0.00306796157577,1.2540292941,-0.00498543756063,0.0,0.78884962017,-0.99401955055,-0.97369430511,1.21184482243,0.684922421791,1.02738363269,-0.929975852656,95.9216995239
2.432378,-0.00498543756063,-0.554917550018,-0.00383495196971,0.746281653306,-0.00345145677274,1.2540292941,-0.00460194236366,0.0,0.786932144185,-0.993252560156,-0.974077800307,1.21376229841,0.684538926594,1.0254661567,-0.929208862262,95.9216995239
2.442399,-0.00498543756063,-0.555301045215,-0.00383495196971,0.745514662912,-0.00345145677274,1.2536457989,-0.00498543756063,0.0,0.784247677806,-0.992869064959,-0.974461295504,1.21452928881,0.684538926594,1.02354868072,-0.929975852656,95.9216995239
2.452405,-0.0053689327576,-0.555301045215,-0.00421844716668,0.745898158109,-0.00345145677274,1.2536457989,-0.00460194236366,0.0,0.781946706625,-0.993252560156,-0.975611781095,1.2160632696,0.684922421791,1.02124770953,-0.929592357459,95.9216995239
2.462378,-0.0053689327576,-0.554917550018,-0.00421844716668,0.745514662912,-0.00383495196971,1.2536457989,-0.00460194236366,0.0,0.779262240246,-0.993636055353,-0.974844790701,1.21644676479,0.684538926594,1.01856324316,-0.929592357459,95.9216995239
2.472379,-0.00575242795457,-0.555301045215,-0.00306796157577,0.745131167715,-0.00383495196971,1.25249531331,-0.00460194236366,0.0,0.777344764261,-0.992869064959,-0.975995276292,1.21721375519,0.684538926594,1.01702926237,-0.929975852656,95.9216995239
2.482385,-0.00575242795457,-0.555684540411,-0.00345145677274,0.745898158109,-0.00345145677274,1.2540292941,-0.0053689327576,0.0,0.775043793079,-0.992485569762,-0.976378771489,1.21874773597,0.685305916988,1.01396130079,-0.929592357459,95.9216995239
2.492403,-0.00575242795457,-0.555301045215,-0.00421844716668,0.745898158109,-0.0026844663788,1.2536457989,-0.00460194236366,0.0,0.772742821897,-0.992102074565,-0.975611781095,1.21913123117,0.684922421791,1.01204382481,-0.929592357459,95.9216995239
2.502405,-0.0053689327576,-0.554917550018,-0.00383495196971,0.745514662912,-0.00421844716668,1.25441278929,-0.00460194236366,0.0,0.769674860322,-0.992102074565,-0.975995276292,1.21989822157,0.684538926594,1.01012634882,-0.929592357459,95.9216995239
2.512368,-0.0053689327576,-0.555301045215,-0.00306796157577,0.745898158109,-0.00345145677274,1.2540292941,-0.00498543756063,0.0,0.766606898746,-0.992102074565,-0.975228285898,1.22104870716,0.684538926594,1.00782537764,-0.929208862262,95.9216995239
2.522373,-0.00498543756063,-0.555301045215,-0.00306796157577,0.745898158109,-0.00345145677274,1.2532623037,-0.00460194236366,0.0,0.764689422761,-0.992102074565,-0.975995276292,1.22219919275,0.684922421791,1.00590790166,-0.930359347853,95.9216995239
2.532379,-0.00575242795457,-0.555301045215,-0.00383495196971,0.745514662912,-0.00383495196971,1.2540292941,-0.00421844716668,0.0,0.762004956382,-0.991718579368,-0.974844790701,1.22373317354,0.684538926594,1.00399042567,-0.929592357459,95.9216995239
2.542412,-0.00575242795457,-0.555684540411,-0.00383495196971,0.745898158109,-0.00345145677274,1.25441278929,-0.00421844716668,0.0,0.759320490003,-0.990951588974,-0.975228285898,1.22450016393,0.686072907382,1.00168945449,-0.930359347853,95.9216995239
2.552397,-0.0053689327576,-0.554917550018,-0.00345145677274,0.745131167715,-0.00306796157577,1.2536457989,-0.00460194236366,0.0,0.756252528428,-0.990568093777,-0.975611781095,1.22488365913,0.685305916988,0.999388483307,-0.929975852656,95.9216995239
2.562412,-0.00575242795457,-0.555301045215,-0.00345145677274,0.745514662912,-0.00383495196971,1.2532623037,-0.00383495196971,0.0,0.753184566852,-0.991335084171,-0.975995276292,1.22526715432,0.684922421791,0.997854502519,-0.928825367065,95.9216995239
2.572392,-0.00498543756063,-0.555301045215,-0.00345145677274,0.745514662912,-0.00383495196971,1.2532623037,-0.00460194236366,0.0,0.75088359567,-0.990568093777,-0.974844790701,1.22641763991,0.684155431397,0.99401955055,-0.929592357459,95.9216995239
2.582397,-0.0053689327576,-0.555684540411,-0.00383495196971,0.745898158109,-0.00383495196971,1.2536457989,-0.0053689327576,0.0,0.748199129291,-0.989801103383,-0.975611781095,1.22680113511,0.684538926594,0.99401955055,-0.929592357459,95.9216995239
2.592409,-0.0053689327576,-0.555684540411,-0.00383495196971,0.745898158109,-0.00383495196971,1.2540292941,-0.00498543756063,0.0,0.745131167715,-0.989801103383,-0.975611781095,1.22756812551,0.684922421791,0.992102074565,-0.929975852656,95.9216995239
2.602406,-0.00613592315154,-0.555684540411,-0.00383495196971,0.745898158109,-0.00306796157577,1.2532623037,-0.00421844716668,0.0,0.74206320614,-0.989034112989,-0.975228285898,1.2287186111,0.684538926594,0.99018459858,-0.930359347853,95.9216995239
2.612376,-0.00575242795457,-0.555684540411,-0.00421844716668,0.745131167715,-0.00345145677274,1.2540292941,-0.00421844716668,0.0,0.739378739761,-0.989034112989,-0.975611781095,1.22910210629,0.685305916988,0.988650617792,-0.929208862262,95.9216995239
2.622391,-0.00575242795457,-0.554534054821,-0.00383495196971,0.745514662912,-0.00306796157577,1.2532623037,-0.00498543756063,0.0,0.737077768579,-0.988650617792,-0.975611781095,1.22910210629,0.686072907382,0.986733141807,-0.929592357459,95.9216995239
2.632386,-0.00575242795457,-0.555301045215,-0.00306796157577,0.745131167715,-0.00345145677274,1.2532623037,-0.00460194236366,0.0,0.734009807003,-0.988267122595,-0.975611781095,1.2287186111,0.685305916988,0.985199161019,-0.928825367065,95.9216995239
2.642466,-0.0053689327576,-0.555301045215,-0.00383495196971,0.745898158109,-0.00345145677274,1.25249531331,-0.00460194236366,0.0,0.73055835023,-0.987883627398,-0.975611781095,1.22948560149,0.685305916988,0.983281685035,-0.929208862262,95.9216995239
2.652401,-0.00575242795457,-0.555301045215,-0.00383495196971,0.745131167715,-0.00306796157577,1.2540292941,-0.00460194236366,0.0,0.727490388655,-0.986733141807,-0.975611781095,1.22986909669,0.684922421791,0.980213723459,-0.929592357459,95.9216995239
2.662359,-0.00575242795457,-0.555301045215,-0.00345145677274,0.745898158109,-0.00345145677274,1.2540292941,-0.00498543756063,0.0,0.724805922276,-0.985582656216,-0.975228285898,1.22986909669,0.685305916988,0.979446733065,-0.929975852656,95.9216995239
2.672359,-0.0053689327576,-0.556068035608,-0.00383495196971,0.745898158109,-0.00345145677274,1.2536457989,-0.00460194236366,0.0,0.721354465503,-0.984815665822,-0.975611781095,1.22948560149,0.684922421791,0.977145761883,-0.929592357459,95.9216995239
2.682403,-0.0053689327576,-0.554534054821,-0.00383495196971,0.744747672518,-0.00345145677274,1.2540292941,-0.00498543756063,0.0,0.719053494321,-0.983665180232,-0.974844790701,1.22986909669,0.685305916988,0.974077800307,-0.930359347853,95.9216995239
2.692381,-0.0053689327576,-0.554917550018,-0.00383495196971,0.745898158109,-0.00345145677274,1.2540292941,-0.00498543756063,0.0,0.715602037549,-0.982898189838,-0.975611781095,1.22948560149,0.686072907382,0.972543819519,-0.929208862262,95.9216995239
2.702397,-0.0053689327576,-0.555301045215,-0.00383495196971,0.745131167715,-0.00345145677274,1.2536457989,-0.00460194236366,0.0,0.713301066367,-0.982131199444,-0.975995276292,1.22948560149,0.684922421791,0.970626343534,-0.928825367065,95.9216995239
2.712372,-0.00575242795457,-0.554917550018,-0.00460194236366,0.745514662912,-0.00345145677274,1.2536457989,-0.00498543756063,0.0,0.709849609594,-0.981747704247,-0.975228285898,1.23025259188,0.684538926594,0.967174886762,-0.929592357459,95.9216995239
2.722391,-0.0053689327576,-0.554917550018,-0.00383495196971,0.745514662912,-0.00306796157577,1.2536457989,-0.00498543756063,0.0,0.705631162427,-0.980597218656,-0.975228285898,1.22986909669,0.684922421791,0.965640905974,-0.929592357459,95.9216995239
2.732367,-0.00498543756063,-0.555301045215,-0.00345145677274,0.745898158109,-0.00421844716668,1.2540292941,-0.00460194236366,0.0,0.702946696048,-0.978296247474,-0.975995276292,1.22986909669,0.684922421791,0.963339934792,-0.929208862262,95.9216995239
2.742370,-0.00613592315154,-0.554917550018,-0.00383495196971,0.745514662912,-0.00383495196971,1.25441278929,-0.00460194236366,0.0,0.699111744079,-0.97752925708,-0.975611781095,1.22948560149,0.685305916988,0.960271973216,-0.929592357459,95.9216995239
2.752391,-0.0053689327576,-0.555301045215,-0.00383495196971,0.745131167715,-0.00345145677274,1.2536457989,-0.00498543756063,0.0,0.696043782503,-0.97752925708,-0.975611781095,1.23063608708,0.684922421791,0.95720401164,-0.929208862262,95.9216995239
2.762384,-0.0053689327576,-0.555301045215,-0.00345145677274,0.745514662912,-0.00345145677274,1.2540292941,-0.00498543756063,0.0,0.69259232573,-0.975995276292,-0.974844790701,1.22948560149,0.686072907382,0.954903040459,-0.929592357459,95.9216995239
2.772393,-0.00575242795457,-0.555301045215,-0.00345145677274,0.745514662912,-0.00345145677274,1.2540292941,-0.0053689327576,0.0,0.687990383367,-0.975228285898,-0.974844790701,1.22948560149,0.685305916988,0.95221857408,-0.929592357459,95.9216995239
2.782398,-0.00498543756063,-0.555301045215,-0.00345145677274,0.744747672518,-0.00345145677274,1.2536457989,-0.00498543756063,0.0,0.685689412185,-0.974077800307,-0.975228285898,1.22948560149,0.686456402579,0.949534107701,-0.929208862262,95.9216995239
2.792399,-0.0053689327576,-0.555684540411,-0.00345145677274,0.745131167715,-0.00345145677274,1.2536457989,-0.00460194236366,0.0,0.682621450609,-0.972927314716,-0.974461295504,1.22948560149,0.686839897776,0.946466146125,-0.929592357459,95.9216995239
2.802386,-0.00575242795457,-0.555301045215,-0.00345145677274,0.745131167715,-0.00383495196971,1.25441278929,-0.00460194236366,0.0,0.679553489033,-0.971776829125,-0.975228285898,1.22910210629,0.687223392973,0.944165174943,-0.929975852656,95.9216995239
2.812361,-0.0053689327576,-0.555301045215,-0.00345145677274,0.745898158109,-0.00345145677274,1.2540292941,-0.00421844716668,0.0,0.676485527457,-0.971009838731,-0.974077800307,1.22948560149,0.687223392973,0.941097213368,-0.929975852656,95.9216995239
2.822375,-0.0053689327576,-0.554917550018,-0.00345145677274,0.745514662912,-0.00345145677274,1.2540292941,-0.00498543756063,0.0,0.673801061079,-0.970626343534,-0.974844790701,1.22948560149,0.686839897776,0.93956323258,-0.929592357459,95.9216995239
2.832357,-0.0053689327576,-0.554917550018,-0.00383495196971,0.745514662912,-0.00345145677274,1.2540292941,-0.00498543756063,0.0,0.670349604306,-0.969859353141,-0.974844790701,1.22910210629,0.68760688817,0.937262261398,-0.929592357459,95.9216995239
2.842362,-0.00498543756063,-0.554917550018,-0.00345145677274,0.745131167715,-0.00345145677274,1.25441278929,-0.00498543756063,0.0,0.666898147533,-0.969092362747,-0.97369430511,1.22948560149,0.686839897776,0.934961290216,-0.929592357459,95.9216995239
2.852354,-0.0053689327576,-0.555684540411,-0.00306796157577,0.745898158109,-0.00306796157577,1.2540292941,-0.00498543756063,0.0,0.663830185957,-0.967174886762,-0.974461295504,1.2287186111,0.68760688817,0.933043814231,-0.929208862262,95.9216995239
2.862360,-0.0053689327576,-0.555301045215,-0.00421844716668,0.745131167715,-0.00421844716668,1.2536457989,-0.00498543756063,0.0,0.660762224382,-0.965640905974,-0.974077800307,1.2287186111,0.687990383367,0.929975852656,-0.929208862262,95.9216995239
2.872377,-0.00498543756063,-0.554917550018,-0.00345145677274,0.746281653306,-0.00383495196971,1.2536457989,-0.00460194236366,0.0,0.657694262806,-0.964490420383,-0.974844790701,1.22910210629,0.68760688817,0.927674881474,-0.929592357459,95.9216995239
2.882367,-0.00498543756063,-0.554917550018,-0.00345145677274,0.745898158109,-0.00383495196971,1.2532623037,-0.0053689327576,0.0,0.655393291624,-0.962956439595,-0.97369430511,1.2287186111,0.688757373761,0.926140900686,-0.929592357459,95.9216995239
2.892358,-0.0053689327576,-0.554917550018,-0.00383495196971,0.746281653306,-0.00383495196971,1.2536457989,-0.0053689327576,0.0,0.652325330048,-0.962572944398,-0.975228285898,1.2287186111,0.689140868958,0.92307293911,-0.929592357459,95.9216995239
2.902362,-0.00613592315154,-0.555301045215,-0.00421844716668,0.745514662912,-0.00383495196971,1.2532623037,-0.00460194236366,0.0,0.649640863669,-0.960655468413,-0.974461295504,1.2283351159,0.688757373761,0.920388472731,-0.929975852656,95.9216995239
2.912356,-0.00498543756063,-0.555684540411,-0.00383495196971,0.745514662912,-0.00383495196971,1.2540292941,-0.00460194236366,0.0,0.646189406897,-0.959504982822,-0.974077800307,1.22910210629,0.687990383367,0.918470996746,-0.929592357459,95.9216995239
2.922379,-0.00498543756063,-0.555301045215,-0.00306796157577,0.744747672518,-0.00345145677274,1.25441278929,-0.00460194236366,0.0,0.644271930912,-0.958737992428,-0.974077800307,1.22910210629,0.687990383367,0.916937015959,-0.929975852656,95.9216995239
2.932374,-0.0053689327576,-0.555301045215,-0.00421844716668,0.745898158109,-0.00345145677274,1.25441278929,-0.00460194236366,0.0,0.641203969336,-0.95720401164,-0.975228285898,1.2287186111,0.688373878564,0.914636044777,-0.930359347853,95.9216995239
2.942380,-0.0053689327576,-0.555301045215,-0.00421844716668,0.745514662912,-0.00345145677274,1.2532623037,-0.00460194236366,0.0,0.639669988548,-0.95605352605,-0.974844790701,1.2283351159,0.688373878564,0.912718568792,-0.931509833443,95.9216995239
2.952360,-0.00498543756063,-0.554917550018,-0.00421844716668,0.744747672518,-0.00345145677274,1.25441278929,-0.00460194236366,0.0,0.636602026972,-0.955286535656,-0.97369430511,1.2283351159,0.688757373761,0.91041759761,-0.932660319034,95.9216995239
2.962396,-0.00498543756063,-0.555301045215,-0.00345145677274,0.745514662912,-0.00383495196971,1.2540292941,-0.00460194236366,0.0,0.634684550988,-0.953752554868,-0.974077800307,1.2279516207,0.688757373761,0.908500121625,-0.932660319034,95.9216995239
2.972365,-0.0053689327576,-0.554917550018,-0.00383495196971,0.744747672518,-0.00345145677274,1.2540292941,-0.00498543756063,0.0,0.632000084609,-0.952602069277,-0.974461295504,1.2283351159,0.690291354548,0.906199150443,-0.932660319034,95.9216995239
2.982375,-0.0053689327576,-0.555684540411,-0.00306796157577,0.745898158109,-0.00383495196971,1.2540292941,-0.00460194236366,0.0,0.629699113427,-0.951451583686,-0.974077800307,1.2279516207,0.689524364154,0.904665169655,-0.932660319034,95.9216995239
2.992359,-0.00575242795457,-0.554534054821,-0.00421844716668,0.745514662912,-0.00306796157577,1.2536457989,-0.0053689327576,0.0,0.626631151851,-0.949534107701,-0.974077800307,1.2283351159,0.691441840139,0.902747693671,-0.932276823837,95.9216995239
3.002371,-0.00575242795457,-0.555684540411,-0.00383495196971,0.745514662912,-0.00383495196971,1.2540292941,-0.00498543756063,0.0,0.625097171063,-0.94838362211,-0.97369430511,1.2283351159,0.691825335336,0.90159720808,-0.932276823837,95.9216995239
3.012361,-0.00651941834851,-0.554534054821,-0.00306796157577,0.745514662912,-0.00383495196971,1.2536457989,-0.00460194236366,0.0,0.622412704685,-0.947233136519,-0.97369430511,1.22756812551,0.692208830533,0.900063227292,-0.932276823837,95.9216995239
3.022346,-0.0053689327576,-0.554917550018,-0.00460194236366,0.745898158109,-0.00383495196971,1.2540292941,-0.00460194236366,0.0,0.620878723897,-0.946849641322,-0.972927314716,1.22756812551,0.692975820927,0.898145751307,-0.932276823837,95.9216995239
3.032351,-0.0053689327576,-0.555684540411,-0.00421844716668,0.745514662912,-0.00345145677274,1.2536457989,-0.00421844716668,0.0,0.619344743109,-0.943781679747,-0.97369430511,1.22756812551,0.692975820927,0.896611770519,-0.932276823837,95.9216995239
3.042374,-0.0053689327576,-0.554917550018,-0.00383495196971,0.745131167715,-0.00383495196971,1.2532623037,-0.00460194236366,0.0,0.616276781533,-0.943781679747,-0.97369430511,1.22680113511,0.693742811321,0.89392730414,-0.932660319034,95.9216995239
3.052375,-0.0053689327576,-0.555301045215,-0.00421844716668,0.745514662912,-0.00345145677274,1.2540292941,-0.00498543756063,0.0,0.615126295942,-0.942631194156,-0.974077800307,1.22718463031,0.695276792109,0.892393323352,-0.932276823837,95.9216995239
3.062395,-0.00498543756063,-0.555301045215,-0.00345145677274,0.744364177321,-0.00383495196971,1.2536457989,-0.00421844716668,0.0,0.613208819957,-0.940713718171,-0.97369430511,1.22680113511,0.694893296912,0.892009828155,-0.932276823837,95.9216995239
3.072393,-0.0053689327576,-0.555684540411,-0.00345145677274,0.745514662912,-0.00345145677274,1.2532623037,-0.00460194236366,0.0,0.612058334366,-0.93956323258,-0.973310809913,1.22680113511,0.6964272777,0.889708856974,-0.932276823837,95.9216995239
3.082391,-0.0053689327576,-0.555301045215,-0.00345145677274,0.745131167715,-0.00345145677274,1.25441278929,-0.00498543756063,0.0,0.609757363184,-0.938029251792,-0.974077800307,1.22641763991,0.697577763291,0.888558371383,-0.933043814231,95.9216995239
3.092370,-0.00498543756063,-0.555301045215,-0.00306796157577,0.746281653306,-0.00421844716668,1.2536457989,-0.00460194236366,0.0,0.608990372791,-0.937262261398,-0.973310809913,1.22641763991,0.696810772897,0.886640895398,-0.932660319034,95.9216995239
3.102356,-0.0053689327576,-0.554917550018,-0.00421844716668,0.745514662912,-0.00460194236366,1.2540292941,-0.00460194236366,0.0,0.607072896806,-0.936878766201,-0.97369430511,1.22641763991,0.697961258488,0.88510691461,-0.933043814231,95.9216995239
3.112362,-0.0053689327576,-0.554534054821,-0.00421844716668,0.745898158109,-0.00383495196971,1.2536457989,-0.00498543756063,0.0,0.605922411215,-0.935344785413,-0.973310809913,1.22603414472,0.697961258488,0.883956429019,-0.932276823837,95.9216995239
3.122374,-0.00498543756063,-0.554534054821,-0.00460194236366,0.745514662912,-0.00345145677274,1.2540292941,-0.00421844716668,0.0,0.604771925624,-0.934577795019,-0.97369430511,1.22603414472,0.699495239276,0.882805943428,-0.932276823837,95.9216995239
3.132398,-0.0053689327576,-0.555301045215,-0.00306796157577,0.745131167715,-0.00383495196971,1.2540292941,-0.00460194236366,0.0,0.602854449639,-0.932660319034,-0.972160324322,1.22488365913,0.699495239276,0.88127196264,-0.932276823837,95.9216995239
3.142376,-0.0053689327576,-0.554917550018,-0.00383495196971,0.745898158109,-0.00421844716668,1.25249531331,-0.00460194236366,0.0,0.602087459245,-0.931509833443,-0.972927314716,1.22488365913,0.70026222967,0.879737981852,-0.932276823837,95.9216995239
3.152400,-0.00498543756063,-0.554917550018,-0.00383495196971,0.746281653306,-0.00345145677274,1.2536457989,-0.0053689327576,0.0,0.600936973654,-0.931126338246,-0.972927314716,1.22488365913,0.700645724867,0.878204001064,-0.932276823837,95.9216995239
3.162376,-0.0053689327576,-0.554917550018,-0.00383495196971,0.745514662912,-0.00383495196971,1.2536457989,-0.00498543756063,0.0,0.600553478457,-0.930359347853,-0.972160324322,1.22450016393,0.700645724867,0.87743701067,-0.93189332864,95.9216995239
3.172355,-0.0053689327576,-0.555684540411,-0.00383495196971,0.745514662912,-0.00383495196971,1.2540292941,-0.00498543756063,0.0,0.599019497669,-0.929975852656,-0.972543819519,1.22526715432,0.703713686442,0.875136039489,-0.931509833443,95.9216995239
3.182363,-0.00498543756063,-0.555684540411,-0.00383495196971,0.745514662912,-0.00383495196971,1.2540292941,-0.00460194236366,0.0,0.599019497669,-0.929208862262,-0.971776829125,1.22373317354,0.702179705655,0.875136039489,-0.932276823837,95.9216995239
3.192387,-0.00460194236366,-0.555301045215,-0.00383495196971,0.745131167715,-0.00345145677274,1.2540292941,-0.0053689327576,0.0,0.598636002472,-0.928058376671,-0.972927314716,1.22373317354,0.701796210458,0.874369049095,-0.930742843049,95.9216995239
3.202354,-0.00498543756063,-0.555684540411,-0.00383495196971,0.745131167715,-0.00345145677274,1.2536457989,-0.00460194236366,0.0,0.597485516881,-0.92690789108,-0.972543819519,1.22334967834,0.702179705655,0.873218563504,-0.931509833443,95.9216995239
3.212388,-0.00498543756063,-0.555301045215,-0.00383495196971,0.745514662912,-0.00383495196971,1.2536457989,-0.00460194236366,0.0,0.597485516881,-0.926524395883,-0.972927314716,1.22258268794,0.702563200852,0.87245157311,-0.931509833443,95.9216995239
3.222364,-0.00575242795457,-0.554917550018,-0.00383495196971,0.745514662912,-0.00345145677274,1.2536457989,-0.00498543756063,0.0,0.597102021684,-0.925373910292,-0.972543819519,1.22258268794,0.701796210458,0.87245157311,-0.931126338246,95.9216995239
3.232349,-0.00498543756063,-0.554917550018,-0.00345145677274,0.744747672518,-0.00383495196971,1.2536457989,-0.00460194236366,0.0,0.596718526487,-0.924990415095,-0.972927314716,1.22066521196,0.702179705655,0.87245157311,-0.930359347853,95.9216995239
3.242380,-0.0053689327576,-0.555301045215,-0.00383495196971,0.745514662912,-0.00345145677274,1.2540292941,-0.00460194236366,0.0,0.595951536093,-0.923839929504,-0.973310809913,1.22028171676,0.701796210458,0.871684582716,-0.929975852656,95.9216995239
3.252396,-0.00575242795457,-0.554917550018,-0.00421844716668,0.745514662912,-0.00383495196971,1.2540292941,-0.00498543756063,0.0,0.595951536093,-0.923456434307,-0.972160324322,1.21989822157,0.702946696048,0.872068077913,-0.929592357459,95.9216995239
3.262376,-0.0053689327576,-0.555684540411,-0.00383495196971,0.745514662912,-0.00345145677274,1.25441278929,-0.00460194236366,0.0,0.595568040897,-0.921922453519,-0.973310809913,1.21798074558,0.702179705655,0.87245157311,-0.929975852656,95.9216995239
3.272373,-0.0053689327576,-0.554917550018,-0.00383495196971,0.745131167715,-0.00345145677274,1.2540292941,-0.00460194236366,0.0,0.5951845457,-0.921155463125,-0.972543819519,1.21759725038,0.702179705655,0.87245157311,-0.929208862262,95.9216995239
3.282373,-0.00575242795457,-0.554917550018,-0.00383495196971,0.745898158109,-0.00345145677274,1.2536457989,-0.00498543756063,0.0,0.594034060109,-0.920771967928,-0.972160324322,1.21721375519,0.701796210458,0.873218563504,-0.929975852656,95.9216995239
3.292370,-0.0053689327576,-0.554917550018,-0.00383495196971,0.744747672518,-0.00421844716668,1.2532623037,-0.00460194236366,0.0,0.594801050503,-0.91923798714,-0.972160324322,1.2152962792,0.702563200852,0.873602058701,-0.929592357459,95.9216995239
3.302364,-0.0053689327576,-0.555301045215,-0.00383495196971,0.745131167715,-0.00383495196971,1.2540292941,-0.00460194236366,0.0,0.594801050503,-0.918470996746,-0.972160324322,1.21452928881,0.702179705655,0.874369049095,-0.929975852656,95.9216995239
3.312344,-0.0053689327576,-0.554917550018,-0.00383495196971,0.745514662912,-0.00421844716668,1.25441278929,-0.00498543756063,0.0,0.594417555306,-0.918470996746,-0.972543819519,1.21337880322,0.702179705655,0.874369049095,-0.929592357459,95.9216995239
3.322388,-0.00613592315154,-0.555684540411,-0.00383495196971,0.745131167715,-0.00345145677274,1.2540292941,-0.00460194236366,0.0,0.594417555306,-0.918087501549,-0.972927314716,1.21222831763,0.701796210458,0.873985553898,-0.929592357459,95.9216995239
3.332357,-0.00498543756063,-0.555301045215,-0.00345145677274,0.745131167715,-0.00383495196971,1.2536457989,-0.00498543756063,0.0,0.594801050503,-0.916553520762,-0.973310809913,1.21107783204,0.702179705655,0.874369049095,-0.929592357459,95.9216995239
3.342382,-0.0053689327576,-0.555301045215,-0.00345145677274,0.745898158109,-0.00383495196971,1.2540292941,-0.0053689327576,0.0,0.594801050503,-0.916553520762,-0.972543819519,1.20992734644,0.701796210458,0.874369049095,-0.929592357459,95.9216995239
3.352370,-0.00498543756063,-0.555301045215,-0.00383495196971,0.745898158109,-0.00383495196971,1.2536457989,-0.00460194236366,0.0,0.594801050503,-0.915019539974,-0.973310809913,1.20916035605,0.702179705655,0.874369049095,-0.929208862262,95.9216995239
3.362402,-0.0053689327576,-0.555301045215,-0.00306796157577,0.745131167715,-0.00345145677274,1.2536457989,-0.00460194236366,0.0,0.593650564912,-0.91425254958,-0.972543819519,1.20839336566,0.702179705655,0.875136039489,-0.929592357459,95.9216995239
3.372397,-0.00498543756063,-0.554534054821,-0.00383495196971,0.745898158109,-0.00383495196971,1.2536457989,-0.00460194236366,0.0,0.594034060109,-0.913485559186,-0.973310809913,1.20724288007,0.701412715261,0.875903029883,-0.929208862262,95.9216995239
3.382379,-0.0053689327576,-0.554917550018,-0.00345145677274,0.745514662912,-0.00345145677274,1.2536457989,-0.00460194236366,0.0,0.594034060109,-0.913102063989,-0.972160324322,1.20532540408,0.702563200852,0.87628652508,-0.929208862262,95.9216995239
3.392381,-0.0053689327576,-0.554534054821,-0.00306796157577,0.745514662912,-0.00345145677274,1.2536457989,-0.00498543756063,0.0,0.593650564912,-0.912718568792,-0.972927314716,1.20379142329,0.701029220064,0.876670020277,-0.928825367065,95.9216995239
3.402359,-0.00575242795457,-0.555301045215,-0.00306796157577,0.745131167715,-0.00383495196971,1.2540292941,-0.00383495196971,0.0,0.594034060109,-0.912335073595,-0.972160324322,1.2026409377,0.701412715261,0.87743701067,-0.928825367065,95.9216995239
3.412379,-0.0053689327576,-0.555301045215,-0.00383495196971,0.745898158109,-0.00345145677274,1.25287880851,-0.00460194236366,0.0,0.594417555306,-0.911568083201,-0.972543819519,1.2026409377,0.701029220064,0.87743701067,-0.928058376671,95.9216995239
3.422358,-0.00498543756063,-0.555301045215,-0.00421844716668,0.745898158109,-0.00345145677274,1.2540292941,-0.00460194236366,0.0,0.594801050503,-0.911184588004,-0.972927314716,1.20072346172,0.701412715261,0.878204001064,-0.928058376671,95.9216995239
3.432395,-0.00498543756063,-0.555301045215,-0.00383495196971,0.745514662912,-0.00345145677274,1.2532623037,-0.00421844716668,0.0,0.594801050503,-0.909267112019,-0.972927314716,1.19918948093,0.701796210458,0.878970991458,-0.927291386277,95.9216995239
3.442403,-0.0053689327576,-0.555301045215,-0.00383495196971,0.745514662912,-0.00345145677274,1.2532623037,-0.00460194236366,0.0,0.594417555306,-0.908883616822,-0.972927314716,1.19880598573,0.702179705655,0.879354486655,-0.925757405489,95.9216995239
3.452373,-0.00498543756063,-0.555301045215,-0.00421844716668,0.746281653306,-0.00383495196971,1.2540292941,-0.00460194236366,0.0,0.594417555306,-0.908883616822,-0.972543819519,1.19688850975,0.702179705655,0.880121477049,-0.924223424701,95.9216995239
3.462371,-0.0053689327576,-0.556068035608,-0.00345145677274,0.745514662912,-0.00383495196971,1.2536457989,-0.00460194236366,0.0,0.594034060109,-0.907349636034,-0.972543819519,1.19573802416,0.702179705655,0.880888467443,-0.92307293911,95.9216995239
3.472398,-0.0053689327576,-0.554917550018,-0.00306796157577,0.745514662912,-0.00383495196971,1.25441278929,-0.00498543756063,0.0,0.594801050503,-0.90658264564,-0.972160324322,1.19420404337,0.701029220064,0.882422448231,-0.920771967928,95.9216995239
3.482405,-0.00575242795457,-0.555301045215,-0.00345145677274,0.745514662912,-0.00306796157577,1.2540292941,-0.00460194236366,0.0,0.594034060109,-0.905815655246,-0.972927314716,1.19267006258,0.701796210458,0.883189438625,-0.918470996746,95.9216995239
3.492375,-0.0053689327576,-0.555301045215,-0.00306796157577,0.745514662912,-0.00345145677274,1.2540292941,-0.00498543756063,0.0,0.593650564912,-0.904281674458,-0.972543819519,1.19113608179,0.702179705655,0.884339924216,-0.916553520762,95.9216995239
3.502369,-0.00498543756063,-0.555301045215,-0.00383495196971,0.745898158109,-0.00383495196971,1.2536457989,-0.00498543756063,0.0,0.593267069715,-0.903898179261,-0.972927314716,1.18921860581,0.701796210458,0.885490409807,-0.914636044777,95.9216995239
3.512386,-0.00498543756063,-0.555301045215,-0.00345145677274,0.745131167715,-0.00345145677274,1.2536457989,-0.00421844716668,0.0,0.593650564912,-0.902364198474,-0.972543819519,1.18768462502,0.701029220064,0.887407885792,-0.912335073595,95.9216995239
3.522389,-0.0053689327576,-0.555684540411,-0.00345145677274,0.745131167715,-0.00345145677274,1.2536457989,-0.00498543756063,0.0,0.594417555306,-0.901980703277,-0.972543819519,1.18615064423,0.701412715261,0.88894186658,-0.91041759761,95.9216995239
3.532374,-0.0053689327576,-0.554534054821,-0.00345145677274,0.745514662912,-0.00383495196971,1.25441278929,-0.00460194236366,0.0,0.593650564912,-0.900446722489,-0.973310809913,1.18423316825,0.701029220064,0.890475847367,-0.908500121625,95.9216995239
3.542371,-0.0053689327576,-0.556068035608,-0.00383495196971,0.745514662912,-0.00345145677274,1.2536457989,-0.00421844716668,0.0,0.594034060109,-0.899679732095,-0.972543819519,1.18231569226,0.701796210458,0.892009828155,-0.906966140837,95.9216995239
3.552362,-0.00575242795457,-0.554917550018,-0.00345145677274,0.745514662912,-0.00383495196971,1.2540292941,-0.00460194236366,0.0,0.593267069715,-0.898145751307,-0.972543819519,1.18001472108,0.702563200852,0.89392730414,-0.905815655246,95.9216995239
3.562400,-0.00575242795457,-0.555684540411,-0.00421844716668,0.745514662912,-0.00383495196971,1.2536457989,-0.0053689327576,0.0,0.593267069715,-0.896995265716,-0.972543819519,1.1773302547,0.701412715261,0.895844780125,-0.905815655246,95.9216995239
3.572409,-0.00498543756063,-0.555301045215,-0.00345145677274,0.745898158109,-0.00345145677274,1.2532623037,-0.00460194236366,0.0,0.593650564912,-0.894694294534,-0.972927314716,1.17541277872,0.701796210458,0.89776225611,-0.905048664852,95.9216995239
3.582386,-0.00613592315154,-0.555301045215,-0.00383495196971,0.745514662912,-0.00421844716668,1.2536457989,-0.00460194236366,0.0,0.593267069715,-0.89392730414,-0.971776829125,1.17387879793,0.700645724867,0.898529246504,-0.903514684065,95.9216995239
3.592402,-0.0053689327576,-0.555301045215,-0.00306796157577,0.745514662912,-0.00345145677274,1.2536457989,-0.00383495196971,0.0,0.593267069715,-0.893160313746,-0.972927314716,1.17157782675,0.701412715261,0.900446722489,-0.901980703277,95.9216995239
3.602379,-0.00575242795457,-0.554917550018,-0.00345145677274,0.745514662912,-0.00306796157577,1.2536457989,-0.00498543756063,0.0,0.593267069715,-0.890859342564,-0.972160324322,1.16850986517,0.701796210458,0.901980703277,-0.898145751307,95.9216995239
3.612402,-0.0053689327576,-0.556068035608,-0.00383495196971,0.745514662912,-0.00345145677274,1.2536457989,-0.00421844716668,0.0,0.592883574518,-0.889708856974,-0.972160324322,1.16620889399,0.700645724867,0.903514684065,-0.896228275322,95.9216995239
3.622394,-0.00460194236366,-0.555684540411,-0.00383495196971,0.745131167715,-0.00421844716668,1.2536457989,-0.00498543756063,0.0,0.593650564912,-0.888174876186,-0.971009838731,1.1646749132,0.701796210458,0.905048664852,-0.894310799337,95.9216995239
3.632384,-0.00613592315154,-0.555684540411,-0.00345145677274,0.745131167715,-0.00383495196971,1.2540292941,-0.00421844716668,0.0,0.593267069715,-0.887407885792,-0.974077800307,1.16160695163,0.701029220064,0.906966140837,-0.893160313746,95.9216995239
3.642375,-0.0053689327576,-0.555684540411,-0.00383495196971,0.745131167715,-0.00383495196971,1.2540292941,-0.00460194236366,0.0,0.592883574518,-0.885873905004,-0.972543819519,1.16045646604,0.701029220064,0.908500121625,-0.891626332958,95.9216995239
3.652373,-0.00575242795457,-0.554534054821,-0.00383495196971,0.745514662912,-0.00345145677274,1.2540292941,-0.00460194236366,0.0,0.593650564912,-0.88510691461,-0.973310809913,1.15777199966,0.701029220064,0.910034102413,-0.890859342564,95.9216995239
3.662399,-0.00498543756063,-0.554917550018,-0.00345145677274,0.745514662912,-0.00383495196971,1.2536457989,-0.00498543756063,0.0,0.592883574518,-0.882422448231,-0.973310809913,1.15508753328,0.699878734473,0.911568083201,-0.88894186658,95.9216995239
3.672383,-0.0053689327576,-0.554917550018,-0.00383495196971,0.745514662912,-0.00345145677274,1.2536457989,-0.00460194236366,0.0,0.593267069715,-0.882805943428,-0.973310809913,1.1524030669,0.699878734473,0.913485559186,-0.888174876186,95.9216995239
3.682389,-0.00575242795457,-0.555301045215,-0.00345145677274,0.745898158109,-0.00345145677274,1.2536457989,-0.00460194236366,0.0,0.594034060109,-0.88127196264,-0.972927314716,1.15010209572,0.699495239276,0.915019539974,-0.887024390595,95.9216995239
3.692377,-0.0053689327576,-0.555301045215,-0.00345145677274,0.745898158109,-0.00383495196971,1.25441278929,-0.00498543756063,0.0,0.593650564912,-0.879737981852,-0.973310809913,1.14780112454,0.699878734473,0.916553520762,-0.88510691461,95.9216995239
3.702379,-0.0053689327576,-0.554917550018,-0.00421844716668,0.745514662912,-0.00383495196971,1.2536457989,-0.0053689327576,0.0,0.593650564912,-0.878587496261,-0.972543819519,1.14511665816,0.701029220064,0.918470996746,-0.883189438625,95.9216995239
3.712379,-0.00498543756063,-0.555301045215,-0.00383495196971,0.745514662912,-0.00383495196971,1.2536457989,-0.00498543756063,0.0,0.592883574518,-0.878587496261,-0.97369430511,1.14319918217,0.699878734473,0.920004977534,-0.882038953034,95.9216995239
3.722406,-0.00575242795457,-0.555301045215,-0.00345145677274,0.745898158109,-0.00306796157577,1.2540292941,-0.00460194236366,0.0,0.593267069715,-0.875903029883,-0.972160324322,1.14051471579,0.70026222967,0.922305948716,-0.880121477049,95.9216995239
3.732397,-0.00498543756063,-0.556068035608,-0.00460194236366,0.745514662912,-0.00383495196971,1.2540292941,-0.00498543756063,0.0,0.592883574518,-0.875136039489,-0.972927314716,1.13859723981,0.70026222967,0.923456434307,-0.878970991458,95.9216995239
3.742371,-0.0053689327576,-0.555301045215,-0.00345145677274,0.745898158109,-0.00345145677274,1.2536457989,-0.00421844716668,0.0,0.594034060109,-0.873985553898,-0.972927314716,1.13591277343,0.699878734473,0.925757405489,-0.875903029883,95.9216995239
3.752391,-0.0053689327576,-0.554917550018,-0.00345145677274,0.745131167715,-0.00383495196971,1.2540292941,-0.00421844716668,0.0,0.592500079321,-0.873218563504,-0.972927314716,1.13399529744,0.70026222967,0.927291386277,-0.874752544292,95.9216995239
3.762390,-0.00575242795457,-0.555684540411,-0.00383495196971,0.746281653306,-0.00383495196971,1.2540292941,-0.00460194236366,0.0,0.592500079321,-0.87245157311,-0.973310809913,1.13092733587,0.700645724867,0.929208862262,-0.873602058701,95.9216995239
3.772381,-0.0053689327576,-0.554917550018,-0.00345145677274,0.745514662912,-0.00345145677274,1.25479628449,-0.00421844716668,0.0,0.592500079321,-0.870917592322,-0.972543819519,1.12977685028,0.699495239276,0.931126338246,-0.870917592322,95.9216995239
3.782395,-0.00498543756063,-0.554917550018,-0.00345145677274,0.745514662912,-0.00345145677274,1.25249531331,-0.00460194236366,0.0,0.592500079321,-0.871301087519,-0.972543819519,1.1274758791,0.70026222967,0.933427309428,-0.869383611534,95.9216995239
3.792363,-0.00498543756063,-0.554917550018,-0.00421844716668,0.745514662912,-0.00383495196971,1.2536457989,-0.00498543756063,0.0,0.592500079321,-0.869000116337,-0.972927314716,1.12479141272,0.699878734473,0.934577795019,-0.867849630746,95.9216995239
3.802383,-0.0053689327576,-0.555684540411,-0.00345145677274,0.745898158109,-0.00345145677274,1.2540292941,-0.00498543756063,0.0,0.592116584124,-0.868233125943,-0.972927314716,1.12249044154,0.70026222967,0.936878766201,-0.865932154761,95.9216995239
3.812407,-0.00460194236366,-0.555684540411,-0.00345145677274,0.745514662912,-0.00345145677274,1.2540292941,-0.00421844716668,0.0,0.592116584124,-0.867849630746,-0.972927314716,1.12018947035,0.70026222967,0.938412746989,-0.864014678776,95.9216995239
3.822422,-0.0053689327576,-0.555301045215,-0.00383495196971,0.745514662912,-0.00306796157577,1.2536457989,-0.00498543756063,0.0,0.592116584124,-0.866315649958,-0.972160324322,1.11788849917,0.699878734473,0.93956323258,-0.862097202792,95.9216995239
3.832370,-0.0053689327576,-0.554917550018,-0.00345145677274,0.745514662912,-0.00421844716668,1.2536457989,-0.00498543756063,0.0,0.591733088927,-0.865548659564,-0.972543819519,1.1144370424,0.699878734473,0.941097213368,-0.860946717201,95.9216995239
3.842376,-0.0053689327576,-0.555301045215,-0.00306796157577,0.745898158109,-0.00383495196971,1.2536457989,-0.00498543756063,0.0,0.592116584124,-0.864014678776,-0.973310809913,1.11328655681,0.699878734473,0.942631194156,-0.859029241216,95.9216995239
3.852375,-0.00498543756063,-0.555301045215,-0.00383495196971,0.745131167715,-0.00383495196971,1.2536457989,-0.00498543756063,0.0,0.591733088927,-0.862864193186,-0.972543819519,1.11021859523,0.699111744079,0.94454867014,-0.857495260428,95.9216995239
3.862376,-0.0053689327576,-0.555684540411,-0.00383495196971,0.744747672518,-0.00383495196971,1.2536457989,-0.00460194236366,0.0,0.590966098533,-0.862480697989,-0.97369430511,1.10791762405,0.698344753685,0.945699155731,-0.85596127964,95.9216995239
3.872352,-0.00575242795457,-0.555301045215,-0.00421844716668,0.745514662912,-0.00383495196971,1.25441278929,-0.00498543756063,0.0,0.592116584124,-0.861713707595,-0.972927314716,1.10561665287,0.699111744079,0.947616631716,-0.854043803655,95.9216995239
3.882368,-0.0053689327576,-0.555301045215,-0.00345145677274,0.745898158109,-0.00345145677274,1.2536457989,-0.00498543756063,0.0,0.590582603336,-0.860179726807,-0.973310809913,1.10331568169,0.699495239276,0.94838362211,-0.852893318064,95.9216995239
3.892389,-0.0053689327576,-0.554917550018,-0.00383495196971,0.744747672518,-0.00306796157577,1.2540292941,-0.00498543756063,0.0,0.59134959373,-0.858645746019,-0.972543819519,1.1010147105,0.699495239276,0.949534107701,-0.850975842079,95.9216995239
3.902354,-0.00498543756063,-0.554917550018,-0.00421844716668,0.745131167715,-0.00345145677274,1.2540292941,-0.00498543756063,0.0,0.590582603336,-0.857878755625,-0.972927314716,1.09756325373,0.699495239276,0.950301098095,-0.849825356489,95.9216995239
3.912393,-0.0053689327576,-0.555301045215,-0.00383495196971,0.745514662912,-0.00421844716668,1.2532623037,-0.00460194236366,0.0,0.590199108139,-0.857878755625,-0.972927314716,1.09602927294,0.698344753685,0.951068088489,-0.849058366095,95.9216995239
3.922389,-0.00498543756063,-0.555301045215,-0.00383495196971,0.745131167715,-0.00345145677274,1.25441278929,-0.00460194236366,0.0,0.590199108139,-0.855577784443,-0.973310809913,1.09334480657,0.699111744079,0.952985564474,-0.848291375701,95.9216995239
3.932383,-0.0053689327576,-0.555301045215,-0.00383495196971,0.744747672518,-0.00383495196971,1.2536457989,-0.00498543756063,0.0,0.589432117745,-0.854043803655,-0.972543819519,1.09104383538,0.698728248882,0.953369059671,-0.846373899716,95.9216995239
3.942375,-0.00575242795457,-0.555684540411,-0.00383495196971,0.745514662912,-0.00345145677274,1.2536457989,-0.0053689327576,0.0,0.589815612942,-0.852893318064,-0.972160324322,1.0891263594,0.697577763291,0.954136050065,-0.845606909322,95.9216995239
