time,right_s0,right_s1,right_e0,right_e1,right_w0,right_w1,right_w2
0.652171,0.846222659612,-0.675926772208,-0.710436909979,0.75672515531,0.750159186387,1.01018148623,-0.639578467729
0.662141,0.847396951212,-0.675979256934,-0.709198210297,0.757945085267,0.751317138528,1.01086677655,-0.638119552523
0.672112,0.84827867278,-0.676359791869,-0.708024940995,0.759329815285,0.752497497162,1.01150981753,-0.636820862608
0.682082,0.849154450364,-0.676736473464,-0.70696970596,0.760835427959,0.753563160449,1.01233602036,-0.635767195477
0.692052,0.850134778774,-0.677001989531,-0.706074769641,0.762502043318,0.754401113098,1.01339717363,-0.634916415635
0.702023,0.85115402158,-0.677273619241,-0.705372057053,0.764453818824,0.754922426367,1.01457144337,-0.63409945459
0.711993,0.852000158104,-0.677995559911,-0.70487612159,0.766776048703,0.75533753509,1.01534675014,-0.633574235867
0.721963,0.852755417145,-0.67904168639,-0.704492814759,0.769251163974,0.755882974837,1.0163513387,-0.633203214395
0.731934,0.853507903767,-0.680087225672,-0.704261577631,0.77190646104,0.756437569505,1.0174278543,-0.632771447559
0.741904,0.85425248794,-0.681024805307,-0.704152364874,0.774760788206,0.75692157634,1.01845195035,-0.632300365694
0.751874,0.854890804542,-0.681964453401,-0.704065644759,0.777824545684,0.757296685931,1.01933228837,-0.632047772081
0.761844,0.855215420064,-0.683227428752,-0.70386689695,0.781151341716,0.757649616206,1.02012225267,-0.632069170343
0.771815,0.855681236772,-0.684894248267,-0.703724073134,0.784642628763,0.758098494174,1.02078502338,-0.632187024175
0.781785,0.856138537058,-0.686674960813,-0.703757494313,0.788235602651,0.75845925542,1.02156866347,-0.632484012996
0.791755,0.85651170228,-0.688413208362,-0.703981634705,0.791866698145,0.758703982701,1.02262347961,-0.632937337012
0.801726,0.856799212765,-0.690086225994,-0.704305121754,0.795471588944,0.758960905943,1.02400202209,-0.633418717213
0.811696,0.857205252159,-0.692290295759,-0.704479333296,0.799204920339,0.759114079807,1.02540510666,-0.63369416229
0.821666,0.857673439237,-0.694466125802,-0.70478570305,0.803390098209,0.759014722053,1.02667164991,-0.634171236234
0.831637,0.858174378462,-0.696413554106,-0.70530208309,0.807875897945,0.759002375225,1.02795109373,-0.634870509272
0.841607,0.858655263113,-0.698181746163,-0.705935735783,0.812380204142,0.759113568195,1.02929511065,-0.635746834784
0.851577,0.859039875286,-0.700069194973,-0.706423333796,0.816490010597,0.759081816158,1.03065760387,-0.636689349307
0.861548,0.85940756673,-0.702532121019,-0.70698863633,0.820650512132,0.758689177386,1.03184759252,-0.637751595174
0.871518,0.859583225769,-0.70490152387,-0.707670335489,0.825243835094,0.75836171538,1.0329518605,-0.639100928032
0.881488,0.859622242563,-0.707260161989,-0.708269303862,0.829892725207,0.758101904562,1.0339151076,-0.640786163887
0.891459,0.859635184263,-0.709678346246,-0.708766076298,0.834322494542,0.757830349495,1.03478320644,-0.642765893764
0.901429,0.859787795012,-0.712213939929,-0.709320849908,0.838361021517,0.757385784882,1.03570320245,-0.644908483707
0.911399,0.85991369663,-0.714927061228,-0.710068278732,0.84247165632,0.756626194727,1.03685238834,-0.646942050007
0.921370,0.860077486335,-0.717668813442,-0.7108866532,0.846660877698,0.755841755496,1.03830888314,-0.649033637567
0.931340,0.860327006241,-0.720452374762,-0.711694232365,0.851110148141,0.755066658662,1.03988424459,-0.651333109173
0.941310,0.860667488374,-0.723203549247,-0.712453127835,0.855896691181,0.754317902379,1.04134328325,-0.653901083845
0.951280,0.861061554668,-0.725760766832,-0.713169303777,0.860993491398,0.753595291476,1.04240406253,-0.65670893684
0.961251,0.861297451971,-0.728233483619,-0.713966928689,0.865951046373,0.752867893839,1.04327747639,-0.659556463013
0.971221,0.861419116987,-0.73094049484,-0.714822355998,0.870783618868,0.751929293258,1.04422249963,-0.662557136089
0.981191,0.861664723652,-0.733924811286,-0.715635627001,0.875574597837,0.750773565849,1.04519367338,-0.665638107341
0.991162,0.862108226543,-0.73710338326,-0.716430052802,0.880337326785,0.749435686052,1.04619945943,-0.668728649023
1.001132,0.862659360878,-0.740267100584,-0.717352214319,0.885015103771,0.747991526637,1.04730224025,-0.671760154381
1.011102,0.862991542379,-0.743214631073,-0.718620100388,0.889751589535,0.746549676149,1.04850272284,-0.674946003925
1.021073,0.863204958386,-0.745961069711,-0.720043675463,0.894614661907,0.745036680471,1.04954592481,-0.678335769459
1.031043,0.863280577228,-0.748770216262,-0.721524687196,0.899470163828,0.743422756482,1.05050336707,-0.681837349973
1.041013,0.863303630544,-0.751765729227,-0.722927972886,0.904268932846,0.741727063758,1.05143050547,-0.685304662995
1.050984,0.863463613284,-0.754931125838,-0.724081459478,0.909046801123,0.740017704567,1.05236673079,-0.688537644596
1.060954,0.863892906018,-0.757957708008,-0.725082202962,0.913983185021,0.738602839401,1.05340836041,-0.691730643592
1.070924,0.864056346104,-0.761124313793,-0.726275588325,0.918822170546,0.737030201006,1.05447221647,-0.695130354025
1.080895,0.864144308948,-0.764328740153,-0.727606868846,0.923555287504,0.735254469862,1.05550210482,-0.698592108833
1.090865,0.864282434025,-0.767485305437,-0.72898242151,0.928249382553,0.733345410752,1.05648134409,-0.701990818173
1.100835,0.864531624884,-0.770524849384,-0.730269747012,0.933046619202,0.731487872768,1.05743276568,-0.705220969425
1.110805,0.864725856275,-0.773678152983,-0.731336998478,0.937764524951,0.729790330703,1.05846525117,-0.708153229782
1.120776,0.864809860908,-0.776707513485,-0.732606739461,0.942381113013,0.728027207873,1.05946972174,-0.710877411792
1.130746,0.864858948247,-0.779607791597,-0.73399680139,0.946868054164,0.72633064718,1.06043537548,-0.71340783007
1.140716,0.864881961577,-0.78249768416,-0.735384337199,0.951308184534,0.724700628759,1.0613838164,-0.715807023235
1.150687,0.864821278004,-0.785619724142,-0.736605821326,0.955895505611,0.723004969979,1.06236905442,-0.718185753912
1.160657,0.864736577341,-0.788806056321,-0.737839146659,0.960659944036,0.720930655309,1.06352972036,-0.720434691262
1.170627,0.864814297551,-0.791680851423,-0.739102525495,0.965168709211,0.719099054255,1.0647958947,-0.722510809517
1.180598,0.865072957014,-0.794388214341,-0.74036587448,0.969382792628,0.717340771547,1.06597777341,-0.724600475231
1.190568,0.865472645878,-0.797114669655,-0.7416735075,0.973356268423,0.715537225588,1.06706412135,-0.726759804847
1.200538,0.865915026054,-0.800089161634,-0.743144135686,0.977236293373,0.71362064846,1.06822227225,-0.728914664707
1.210509,0.866019450598,-0.80313786819,-0.74486072865,0.981284439624,0.71197466626,1.06944933736,-0.730886878251
1.220479,0.86615718522,-0.805864750166,-0.746454474399,0.985423290531,0.710307137007,1.07024408872,-0.732962772138
1.230449,0.866321475157,-0.808400425747,-0.747922488866,0.9894022906,0.708656655844,1.07088948043,-0.735078995555
1.240420,0.866449164168,-0.810892420028,-0.749288467135,0.993145866872,0.707031374246,1.07160913328,-0.737184396895
1.250390,0.866420694542,-0.813505165015,-0.750602683451,0.996753428919,0.705409000022,1.0725673348,-0.739240023762
1.260360,0.866319204839,-0.81623403287,-0.751921584194,1.00016416203,0.704082982941,1.07352451796,-0.74117911214
1.270331,0.866191125835,-0.818928431533,-0.753190239175,1.00350850903,0.70291028078,1.07434286661,-0.742988095384
1.280301,0.865923943004,-0.821559393596,-0.754528963589,1.00692280054,0.701750895894,1.07503910262,-0.744844042997
1.290271,0.865600835356,-0.824088404935,-0.756040437399,1.01037594568,0.700595511039,1.07570887714,-0.74689563744
1.300241,0.865500675436,-0.826467404709,-0.757809705338,1.01366943209,0.699565489368,1.07652677056,-0.749263174126
1.310212,0.865376517648,-0.828964140181,-0.759637311804,1.01658610765,0.69889564306,1.07751789279,-0.751643262435
1.320182,0.865032660091,-0.831497219596,-0.76129151434,1.01938831058,0.698331862594,1.07817106316,-0.75378054654
1.330152,0.864691727321,-0.833939487757,-0.762895337376,1.02227564304,0.697710997375,1.07861158942,-0.755724333053
1.340123,0.8644850339,-0.836311752336,-0.764555215014,1.02532507899,0.696969989646,1.07894784575,-0.757605459873
1.350093,0.864452584385,-0.838782783866,-0.766360991024,1.02849096413,0.696145874484,1.07927127277,-0.759636296191
1.360063,0.86430961914,-0.841315135391,-0.768206205988,1.03123473754,0.695372517262,1.07964166181,-0.76182963718
1.370034,0.864130133384,-0.843447064927,-0.769998061533,1.03368511724,0.694791923811,1.08011799825,-0.763982209095
1.380004,0.863920844721,-0.845265864899,-0.771831135894,1.036016308,0.694410443626,1.08047177978,-0.766031104351
1.389974,0.863664031787,-0.847012918113,-0.77376456315,1.03837865138,0.694173418631,1.08057407161,-0.767941328772
1.399945,0.863317534249,-0.849083697754,-0.775822033217,1.04089862578,0.69396518318,1.08039550651,-0.769705801604
1.409915,0.863080620522,-0.851431166146,-0.778156649314,1.04351043576,0.693736864584,1.08029345936,-0.771559066357
1.419885,0.862908157432,-0.853533282548,-0.780504837323,1.04613852843,0.693402233771,1.08008133457,-0.773414812478
1.429856,0.862664764478,-0.855514312737,-0.782827708587,1.04867959029,0.693062960007,1.07971483814,-0.775217489258
1.439826,0.862286798828,-0.857492778832,-0.785129981411,1.05104084123,0.692802489277,1.07916315917,-0.777007578855
1.449796,0.86178235532,-0.859581459295,-0.787459981059,1.0531400345,0.692686044286,1.07840896986,-0.778921596292
1.459767,0.861394042843,-0.861456518021,-0.789667273748,1.05531276153,0.692557670073,1.07732030706,-0.781015319641
1.469737,0.861149921898,-0.863205036487,-0.792033682739,1.05772773775,0.692444765612,1.07624263519,-0.783093087111
1.479707,0.860940271284,-0.864958250538,-0.794589998174,1.06010343516,0.692353488349,1.07513724904,-0.785173494526
1.489677,0.860702131287,-0.866721683071,-0.797233105648,1.06230186194,0.692242197923,1.07395054257,-0.787182510581
1.499648,0.860419303678,-0.868375144034,-0.799725986205,1.06432856245,0.692021456179,1.07261400885,-0.788953476844
1.509618,0.860152582572,-0.869806601363,-0.802022543694,1.06659846024,0.691754059503,1.07127920727,-0.790316062968
1.519588,0.859943877128,-0.871482435251,-0.804326746806,1.06882995897,0.691554252815,1.06990343661,-0.79159764265
1.529559,0.859763694148,-0.873378252908,-0.806670489131,1.07103715926,0.691393692368,1.06840941484,-0.792721201225
1.539529,0.859537640756,-0.875372887052,-0.809082016007,1.07323369154,0.691223722624,1.06680373922,-0.793573374586
1.549499,0.859146424397,-0.877248395914,-0.811585924519,1.07543271606,0.690975376258,1.06517688627,-0.794004449183
1.559470,0.858651492912,-0.878816727467,-0.814105120058,1.0774425024,0.69048757698,1.06376824757,-0.794364509631
1.569440,0.858237506138,-0.880223880487,-0.816727403285,1.07964966537,0.690148246473,1.0624122301,-0.794910744914
1.579410,0.857786934649,-0.881598706405,-0.81941929917,1.08193324831,0.689979988238,1.06091543626,-0.795394615622
1.589381,0.857284853762,-0.882967786144,-0.82207444333,1.08413382341,0.689905932829,1.0591076433,-0.795797263479
1.599351,0.856818943541,-0.88425543012,-0.824513582025,1.08605349168,0.689749737853,1.05684180338,-0.796329511345
1.609321,0.856607701711,-0.885519648671,-0.826886067873,1.08789051225,0.689380631489,1.05418417677,-0.797610387764
1.619292,0.85632231573,-0.886973403038,-0.829302356228,1.08977344782,0.688945356879,1.0515961589,-0.798968394729
1.629262,0.855942734968,-0.888537415784,-0.83172795163,1.09172951511,0.688606049288,1.04925415256,-0.800393300375
1.639232,0.855478075384,-0.890107721024,-0.83416853672,1.09376569563,0.688439068946,1.04722226514,-0.801878563964
1.649203,0.854966619527,-0.891555664423,-0.836669972231,1.09586873565,0.688435001042,1.04545230859,-0.803421335883
1.659173,0.854449693158,-0.893001125703,-0.839222778544,1.09787139232,0.688488940657,1.0434411951,-0.804807077054
1.669143,0.853907264193,-0.894462955599,-0.841825995527,1.09985755394,0.688532299585,1.04129248492,-0.806168401577
1.679113,0.853276766852,-0.895892840128,-0.844439679266,1.1018772244,0.688498133759,1.03915268453,-0.807640329897
1.689084,0.852603879285,-0.897286552387,-0.847057565361,1.10397526758,0.688375648173,1.03704645299,-0.809231367643
1.699054,0.852042523574,-0.898683952559,-0.849707068931,1.10619140727,0.68821019688,1.03487660197,-0.810823505629
1.709024,0.851645667528,-0.900241520343,-0.852268604652,1.10840856964,0.688040971353,1.03255861637,-0.81207536552
1.718995,0.85105663893,-0.901703427348,-0.854721681468,1.11042379431,0.687856089551,1.03025945359,-0.813370763634
1.728965,0.850399505712,-0.902989852566,-0.856991250102,1.11243002168,0.687599245174,1.0280179745,-0.81474348749
1.738935,0.849750733972,-0.904132056451,-0.859061738894,1.1145446927,0.687264069978,1.02582665478,-0.816178057781
1.748906,0.849139187976,-0.905272380922,-0.860977053799,1.11680974887,0.686894133775,1.02363158485,-0.817609728373
1.758876,0.848370960842,-0.906549552307,-0.863381749563,1.119113359,0.686685743436,1.0213099977,-0.819152325363
1.768846,0.847750634504,-0.907916533727,-0.86598974924,1.12148176495,0.68657474603,1.01905983532,-0.820686380144
1.778817,0.847213927747,-0.909331441013,-0.868473110873,1.12378758099,0.68649772451,1.01677878258,-0.822201262957
1.788787,0.846592641594,-0.910740713099,-0.870689789534,1.12599242261,0.686408177362,1.01444865421,-0.823691235294
1.798757,0.845614659307,-0.912079112022,-0.872683637334,1.12814690652,0.686276518611,1.01213539482,-0.825155449896
1.808728,0.844440550768,-0.913353958491,-0.874925272475,1.13048323115,0.6862075597,1.01023281113,-0.826468846438
1.818698,0.843432003937,-0.914709325977,-0.877277003209,1.13285243694,0.686139901989,1.00838868859,-0.8277575842
1.828668,0.842493421811,-0.916111212003,-0.879456794509,1.13505943716,0.686031418492,1.00654673271,-0.829028461496
1.838639,0.84152133628,-0.91749121277,-0.881398909785,1.13706236068,0.685871793048,1.00467544307,-0.830270045209
1.848609,0.840404408134,-0.918746523163,-0.883253910892,1.13897255201,0.685682520322,1.00276811335,-0.831452670792
1.858579,0.839194202312,-0.919896844257,-0.885426226261,1.14130122464,0.685577682349,1.00087393048,-0.832686889404
1.868549,0.838210937279,-0.920999603872,-0.88762903608,1.14361696785,0.685617386795,0.999167443232,-0.833950837583
1.878520,0.837304837006,-0.922116702102,-0.889698818354,1.14578731311,0.685673361907,0.997537271197,-0.835186968369
1.888490,0.836309507573,-0.923306614391,-0.891602958949,1.14786534096,0.685650946543,0.995927043264,-0.836382951194
1.898460,0.835041937166,-0.924624391532,-0.893439751595,1.15008968099,0.685489090169,0.994335397592,-0.837571671878
1.908431,0.833688651558,-0.925817122085,-0.895366866953,1.15255171575,0.685176232482,0.993077816062,-0.838871086145
1.918401,0.83230649151,-0.926748461516,-0.897388410988,1.15492429927,0.684916415828,0.99193055278,-0.840160638873
1.928371,0.830934166971,-0.927560265747,-0.899490295909,1.15711711426,0.684838379714,0.990785471849,-0.841413443355
1.938342,0.829585130733,-0.92841707667,-0.901579876464,1.15913590514,0.684893511285,0.989610912477,-0.842655845952
1.948312,0.828247578427,-0.929506122137,-0.90348594994,1.16108247807,0.684855845325,0.988451688975,-0.843967426091
1.958282,0.826778364854,-0.93064055473,-0.905030002235,1.16314644167,0.684591738873,0.987170983597,-0.845260619331
1.968253,0.825358428908,-0.931585740378,-0.906523510531,1.16525884993,0.684361422498,0.985792938553,-0.84639731367
1.978223,0.823976687265,-0.932511581936,-0.908107370859,1.16740350217,0.68423716221,0.984496323819,-0.847487253692
1.988193,0.822559113679,-0.933519131837,-0.909847375148,1.16955607319,0.68424285161,0.983325696971,-0.848580067988
1.998164,0.820968738993,-0.934640592089,-0.91173421122,1.17168411329,0.684354011895,0.982191403196,-0.849665269153
2.008134,0.819075742442,-0.935363021598,-0.913567623405,1.17366010183,0.684256713549,0.980996171391,-0.850512033698
2.018104,0.817245216802,-0.935900959325,-0.915143848683,1.17559836791,0.684046039698,0.980027157155,-0.851316510779
2.028074,0.815513907934,-0.936525209505,-0.916509125934,1.17751261644,0.683810756788,0.979142115092,-0.852211867336
2.038045,0.813793614487,-0.937359483264,-0.917754539584,1.17937945893,0.683623290743,0.978192024221,-0.853286054218
2.048015,0.811871187895,-0.938380398617,-0.919016019604,1.18113841344,0.683539726968,0.977021087976,-0.854581806179
2.057985,0.809848061162,-0.939367624933,-0.920089417128,1.18293086085,0.683585143891,0.975842934464,-0.855767625584
2.067956,0.807825437585,-0.940109933168,-0.921043175505,1.1848115079,0.68355755123,0.97475648082,-0.856767006692
2.077926,0.805734736926,-0.940752257947,-0.922039517826,1.18667553054,0.683485000217,0.973691871458,-0.857751150225
2.087896,0.803558642855,-0.941454870279,-0.923105614333,1.18844411102,0.68341255878,0.972570453596,-0.858773879169
2.097867,0.801331102956,-0.942393377548,-0.924133582411,1.19006443782,0.683402311539,0.971304777257,-0.859771638777
2.107837,0.799185719205,-0.943257539914,-0.924962628574,1.19149979075,0.683291426851,0.969989545902,-0.860706560208
2.117807,0.797139252528,-0.94384588473,-0.925872193718,1.1929322175,0.68325610841,0.968726108368,-0.86169139753
2.127778,0.795126698381,-0.944289797145,-0.92676806878,1.19442813392,0.683315836119,0.967429439533,-0.862621295779
2.137748,0.793057110026,-0.944717286722,-0.927521100909,1.19593950481,0.683382716786,0.966102768794,-0.863467486121
2.147718,0.790813598525,-0.945252987437,-0.92796719347,1.19730384382,0.683261484122,0.964837580068,-0.864277285858
2.157689,0.78832028015,-0.945917251827,-0.928404879737,1.1986212906,0.682982507643,0.963747364906,-0.865126304543
2.167659,0.785856056627,-0.946624305779,-0.928885409162,1.20010430783,0.682852001532,0.962600147164,-0.866040690274
2.177629,0.783543350729,-0.947294767127,-0.929370691703,1.20170092742,0.682839192618,0.961455175302,-0.867047902534
2.187600,0.781362617942,-0.947859267484,-0.929824826005,1.20334623675,0.682921169295,0.960332620646,-0.86809408655
2.197570,0.779152346458,-0.948258452239,-0.930214099407,1.20496237868,0.683082881515,0.959213577385,-0.869044073289
2.207540,0.776702358824,-0.948526428387,-0.930746006649,1.20628398418,0.683355734814,0.957968282759,-0.86988290753
2.217510,0.774163289132,-0.948961122491,-0.931491963786,1.20737582238,0.683351903518,0.956713446581,-0.870575183692
2.227481,0.77162111786,-0.949553780969,-0.932185347273,1.20840297366,0.683051849839,0.955429205671,-0.871114355714
2.237451,0.769156554483,-0.950172636641,-0.93269636063,1.20947545887,0.682589576409,0.954116034971,-0.87164769742
2.247421,0.766845037475,-0.950562908732,-0.933032034443,1.21064823927,0.682252626277,0.952794747548,-0.872476302529
2.257392,0.764493703265,-0.950719302271,-0.933570887029,1.21177653202,0.68223813054,0.952011333122,-0.873511277545
2.267362,0.761981507299,-0.950988395592,-0.93417698839,1.2129079433,0.682335970492,0.951347042322,-0.874479489227
2.277332,0.759414523426,-0.951300400421,-0.93471011821,1.21406978271,0.682438462084,0.950531141966,-0.875338918972
2.287303,0.756895206608,-0.951624158919,-0.935177360867,1.21518687035,0.682561004494,0.949542443079,-0.876029960306
2.297273,0.754522392923,-0.951967143691,-0.935733105432,1.21608153683,0.68284208012,0.948609300891,-0.876475418883
2.307243,0.752230921587,-0.952332118307,-0.936314649683,1.21660227198,0.683121706202,0.947678102245,-0.876943615134
2.317214,0.749750975517,-0.952606379464,-0.93682412102,1.21709237106,0.683073125918,0.946707184798,-0.877508035241
2.327184,0.747090616705,-0.952773590759,-0.937300506124,1.21769445577,0.682856532905,0.945618521405,-0.878179532149
2.337154,0.744337055975,-0.952791846682,-0.937753538585,1.2184265025,0.682620910508,0.944388807181,-0.878984899125
2.347125,0.74165665298,-0.952593672611,-0.938163698898,1.21918184235,0.682504031782,0.943049459507,-0.879966869763
2.357095,0.73909703944,-0.952263395011,-0.93853417813,1.21964132068,0.682463249651,0.941981847456,-0.880826637703
2.367065,0.736534880498,-0.951989734308,-0.938918373931,1.22000647966,0.682459251586,0.94081814124,-0.881582428267
2.377036,0.73400974848,-0.951739545683,-0.939315138134,1.22036682938,0.682529794415,0.939432722269,-0.882256405996
2.387006,0.731528177868,-0.951506908422,-0.939767783773,1.22074739084,0.682661829737,0.937925535633,-0.882812548366
2.396976,0.729063665301,-0.951313125917,-0.940364085084,1.22110869598,0.682791503918,0.936622090106,-0.883156645789
2.406946,0.726524464669,-0.9512493529,-0.940988014638,1.22152676223,0.682459826714,0.935307267971,-0.883506574098
2.416917,0.723799386279,-0.951158549412,-0.941335392889,1.22207124387,0.682095300692,0.933735550893,-0.884196510093
2.426887,0.720855266639,-0.950873977732,-0.941645512156,1.22255971455,0.681926479924,0.932168932032,-0.884965587609
2.436857,0.717804863479,-0.950322582335,-0.942077727518,1.2229062716,0.681987495824,0.930701904736,-0.885645024621
2.446828,0.714906855757,-0.949524989889,-0.942711456817,1.22312153606,0.682118057148,0.929261462544,-0.886158123238
2.456798,0.712083589858,-0.949107868052,-0.94314502327,1.2234906575,0.682202358693,0.927364759979,-0.886736325455
2.466768,0.709195396434,-0.948990427633,-0.943383353408,1.22392651394,0.682310413639,0.925420868769,-0.887327445294
2.476739,0.706236765762,-0.948839335341,-0.943530170448,1.22424032687,0.682474014242,0.923567563637,-0.887928049275
2.486709,0.703195280775,-0.948512635825,-0.943682758143,1.22437278561,0.682680747204,0.921828462451,-0.888530901011
2.496679,0.700051617061,-0.948059751686,-0.943931960779,1.22439404733,0.682873993668,0.920113026228,-0.889124961201
2.506650,0.697349450029,-0.947645952971,-0.944345699331,1.22468132702,0.683173428988,0.918250793821,-0.889605128474
2.516620,0.694863390313,-0.947161169215,-0.944669206863,1.22492589094,0.68361035794,0.916362724184,-0.890213530271
2.526590,0.692358157421,-0.946686275301,-0.94495909214,1.22514182346,0.683959715531,0.914510331154,-0.890918038529
2.536561,0.689774010375,-0.946292811847,-0.945239924095,1.22536953802,0.684130714463,0.912739307313,-0.891623641363
2.546531,0.687226747716,-0.946042985202,-0.945504231827,1.22567577722,0.68416684514,0.911079523993,-0.892172443066
2.556501,0.684694881489,-0.945959425998,-0.945833420736,1.22597670224,0.684124732478,0.909662893005,-0.89253839739
2.566472,0.682030520303,-0.945814798292,-0.946194947294,1.22616887828,0.684163102555,0.908326734821,-0.892925202362
2.576442,0.679258323865,-0.945503991141,-0.946402510913,1.22632600459,0.684215293668,0.906936525254,-0.893335197256
2.586412,0.676459075268,-0.944957097325,-0.946507285969,1.22645886369,0.684278976366,0.905456067387,-0.893742102679
2.596382,0.673769680991,-0.944139413353,-0.946797921804,1.2265153214,0.684416153455,0.903947491571,-0.89409102057
2.606353,0.671199512265,-0.94321950565,-0.947294164865,1.22660176435,0.684710444652,0.902252510889,-0.894531673687
2.616323,0.668714505459,-0.942447782739,-0.947691919674,1.22684767135,0.684896384446,0.900616942107,-0.895098775899
2.626293,0.666341169967,-0.941777932904,-0.948042892008,1.22707724442,0.685160426342,0.899116666808,-0.895686436492
2.636264,0.664041216481,-0.941181674337,-0.948410683062,1.22721206629,0.685533112724,0.897657950532,-0.896237113488
2.646234,0.661711556996,-0.940648755135,-0.948870789451,1.22727110041,0.685889074862,0.895977442778,-0.89674161364
2.656204,0.659235793182,-0.939974141197,-0.949241378071,1.2274528205,0.685714431251,0.894171916921,-0.897271571443
2.666175,0.656792970945,-0.939242534208,-0.949330228353,1.22777422406,0.685384016591,0.892687620576,-0.897751154471
2.676145,0.654470266309,-0.938602808684,-0.949521071413,1.22811594118,0.685121492222,0.891422418099,-0.89826035775
2.686115,0.652304881378,-0.938043963163,-0.949972558011,1.22834561986,0.685051804046,0.890235503182,-0.898895629052
2.696086,0.650284044342,-0.937395120206,-0.950618258546,1.22831792606,0.685201182523,0.888947398861,-0.899769868896
2.706056,0.648306200373,-0.936723827431,-0.950903784838,1.22823558691,0.685363920623,0.887539693658,-0.900896687573
2.716026,0.646334490149,-0.936145811069,-0.950849474209,1.22822183299,0.685535799732,0.886138840415,-0.902032699868
2.725997,0.644317534243,-0.935535521288,-0.95085397867,1.22826089381,0.685788567865,0.884736312197,-0.902954070849
2.735967,0.64227057908,-0.934840429931,-0.951104164189,1.2283476142,0.686159128493,0.88334713761,-0.903576625751
2.745937,0.640275496941,-0.934081030513,-0.95157511069,1.22848745436,0.686649540545,0.882009900798,-0.903955849982
2.755907,0.638126758202,-0.93331397389,-0.951809110115,1.22865653089,0.687091188878,0.880804350269,-0.904275814315
2.765878,0.636007086333,-0.93241980267,-0.951951499457,1.22882219008,0.687632697534,0.879730020785,-0.904529014161
2.775848,0.634000410809,-0.93152667183,-0.95206423634,1.2289650399,0.688291585848,0.878753837222,-0.904775806539
2.785818,0.632139799058,-0.930744209142,-0.952164252795,1.22901720142,0.688940841939,0.877834772385,-0.905063036021
2.795789,0.630407456454,-0.930163515183,-0.952223455249,1.22886230874,0.689308922705,0.876923847006,-0.905424034736
2.805759,0.628756651939,-0.929508263077,-0.952320528319,1.22876170599,0.689716729101,0.875796950851,-0.905786326045
2.815729,0.62719682229,-0.928597054506,-0.952600824431,1.22874451513,0.690089609553,0.874580512059,-0.906176745079
2.825700,0.62552250014,-0.92770294583,-0.953030964343,1.22869060262,0.690527089844,0.873271428014,-0.906589913244
2.835670,0.623749964248,-0.926990348738,-0.953502332815,1.2285974985,0.691101805029,0.871960016315,-0.906984818395
2.845640,0.622117239502,-0.92651503024,-0.953831078609,1.22858039639,0.69185949944,0.870830014775,-0.90728481484
2.855611,0.620827594269,-0.925537627379,-0.953999869604,1.22864482163,0.692399984369,0.870177117467,-0.907522043077
2.865581,0.619483264633,-0.924576797113,-0.954111679717,1.22861394393,0.693001822867,0.869346734074,-0.907905130976
2.875551,0.618117955337,-0.923716011604,-0.954312956368,1.22856037089,0.69369890708,0.868344773297,-0.908398097592
2.885522,0.616771797914,-0.923001429792,-0.954599768971,1.22852149517,0.694331280393,0.867255487356,-0.908921436949
2.895492,0.615491350682,-0.922441897397,-0.954817808939,1.22849949441,0.694545137428,0.86624147199,-0.909352118039
2.905462,0.614333297805,-0.922082560308,-0.954924284097,1.22853285358,0.694784794,0.865204897233,-0.909579456066
2.915433,0.613134125292,-0.921550854323,-0.955118917939,1.2284832308,0.695261529677,0.864350392373,-0.909730723154
2.925403,0.611986012317,-0.920861448016,-0.955255163998,1.22834726713,0.695832831493,0.863582212797,-0.909832270847
2.935373,0.610871410708,-0.920049993204,-0.955259399818,1.22811394351,0.696413214184,0.862803240642,-0.909963088656
2.945343,0.609663044948,-0.919173124943,-0.955130926949,1.22776458076,0.69697422019,0.861914984802,-0.910254804061
2.955314,0.608618235073,-0.918347702331,-0.955177485442,1.22750041573,0.697317212479,0.860924892602,-0.910534838957
2.965284,0.607783630891,-0.917862754174,-0.955440850223,1.22745726061,0.697718756232,0.859994117251,-0.910770241054
2.975254,0.607037033481,-0.917553384493,-0.955592491321,1.22747688465,0.698191530599,0.859134365268,-0.910926823286
2.985225,0.60631006326,-0.917297342119,-0.955577354937,1.22748861388,0.698815025457,0.858316508905,-0.911021293206
2.995195,0.605588159986,-0.917015020695,-0.955613863452,1.22750933111,0.69973554141,0.857470586145,-0.911121252993
3.005165,0.605032711666,-0.916645819196,-0.955801482354,1.22721962526,0.700021100018,0.856912838577,-0.911358627022
3.015136,0.60464245846,-0.916092415352,-0.956116006446,1.22680361163,0.699694205457,0.856610619201,-0.911436539642
3.025106,0.604184858789,-0.915465879114,-0.956516032117,1.22647819765,0.699465899414,0.856240037925,-0.911490806767
3.035076,0.603641457016,-0.914874420289,-0.956892702269,1.22623966831,0.69956224788,0.855748493153,-0.911657961976
3.045047,0.603207883448,-0.914423388537,-0.957069706323,1.22586368617,0.699724341152,0.85535467178,-0.912075256517
3.055017,0.602967860562,-0.914004908924,-0.957291827172,1.22541754649,0.699605126651,0.855344072452,-0.912071112675
3.064987,0.602611448421,-0.913555450485,-0.957535747298,1.22476440154,0.6994880405,0.855436820928,-0.911910558173
3.074958,0.602194289505,-0.913110322116,-0.95781416421,1.22402760342,0.699490960177,0.855497567106,-0.911715743133
3.084928,0.601784697808,-0.912657056166,-0.95804660831,1.22334528483,0.699636696215,0.855538557926,-0.911587947595
3.094898,0.601463658842,-0.91213540844,-0.958059442885,1.22287035908,0.699852992204,0.855719637375,-0.911607581518
3.104869,0.601219838636,-0.911521466921,-0.958210381656,1.22202758285,0.699918061891,0.856203906393,-0.911776704875
3.114839,0.600833370363,-0.910881740602,-0.958392060295,1.22124375055,0.699734827411,0.856650501435,-0.911937125389
3.124809,0.600377784056,-0.910349899539,-0.958386980076,1.22061994719,0.699582234384,0.857143753107,-0.91213172568
3.134779,0.599993336424,-0.90988413956,-0.95825039728,1.22003014467,0.699584269365,0.85772802366,-0.9123951936
3.144750,0.599887010852,-0.909267182258,-0.958310323191,1.21912120171,0.699709959845,0.858407706989,-0.912754022227
3.154720,0.600038923559,-0.908673063735,-0.958534792374,1.21811715822,0.699806454977,0.859003257419,-0.912946500099
3.164690,0.599948214777,-0.908417768049,-0.958863664074,1.21727077635,0.69971525248,0.85944192128,-0.913136951913
3.174661,0.599810378743,-0.908258028625,-0.959277092655,1.21641770364,0.699593760625,0.859683803405,-0.913277713157
3.184631,0.599759218837,-0.907987566918,-0.959708050486,1.21550626299,0.699524219202,0.859809634794,-0.913396945494
3.194601,0.59986684759,-0.907437092418,-0.96004232795,1.21459745272,0.699513699526,0.860020772611,-0.913598636761
3.204572,0.599936653489,-0.906910252615,-0.960122088896,1.2137347874,0.699549446176,0.860334678922,-0.913758380246
3.214542,0.599823151687,-0.906386603756,-0.960227635765,1.21297471804,0.699575847734,0.860628076092,-0.913873692389
3.224512,0.599528374367,-0.9057669771,-0.960379835876,1.21227969467,0.699612767076,0.861052266219,-0.914009249203
3.234483,0.599152081841,-0.90512170658,-0.960537895266,1.21155728432,0.699612920231,0.861661741063,-0.914178905499
3.244453,0.598891762552,-0.904690628805,-0.960599358697,1.21066017101,0.699461876381,0.862414182042,-0.914345694887
3.254423,0.598935996307,-0.904397763133,-0.96064916285,1.20940683824,0.699473285927,0.863026722242,-0.91436653699
3.264394,0.598852242884,-0.904190706291,-0.960643510486,1.20812212683,0.699364161492,0.863573538231,-0.914398017664
3.274364,0.598806778545,-0.903989917601,-0.960708950362,1.20701722184,0.699101017125,0.864125860561,-0.914399584692
3.284334,0.598902222274,-0.903737826619,-0.960846371135,1.20618295214,0.698829092305,0.864687410982,-0.914347447319
3.294305,0.599177535773,-0.903398833136,-0.960931001366,1.20558979039,0.69887235194,0.865194402436,-0.914234576243
3.304275,0.599402458263,-0.902911248762,-0.961335666554,1.20471242091,0.698954247696,0.865732428773,-0.914057957308
3.314245,0.599490317302,-0.902228032202,-0.96162920837,1.20356907334,0.699217315727,0.866421586927,-0.913784063569
3.324215,0.599420084251,-0.901529641933,-0.961802514587,1.2025262248,0.699518268547,0.867110833404,-0.9132133829
3.334186,0.599233720188,-0.900997285148,-0.961866745231,1.20164421616,0.69975836239,0.867755790084,-0.912323340521
3.344156,0.599036175911,-0.900812917755,-0.961853332581,1.20067725204,0.699883397207,0.868418744213,-0.911268299
3.354126,0.598938863442,-0.900272500553,-0.96182240849,1.19945010322,0.699770647941,0.869283873589,-0.910220918555
3.364097,0.598938462484,-0.899563503243,-0.961867481667,1.19830574795,0.699500588885,0.870295210544,-0.908952255639
3.374067,0.598896438065,-0.898884860508,-0.962025628468,1.1971240799,0.699319303855,0.871358925339,-0.907442791291
3.384037,0.598691849429,-0.898250609271,-0.962278864271,1.19586685318,0.699378669008,0.872400306322,-0.905799610715
3.394008,0.598221350033,-0.897489888707,-0.96255414348,1.19457768233,0.699736352851,0.873363759931,-0.904256403287
3.403978,0.59796709776,-0.89678136813,-0.962648991515,1.19318926411,0.699651875243,0.874532904394,-0.902799036637
3.413948,0.597947053859,-0.896126812083,-0.962757202637,1.19181110179,0.69936167939,0.875878768895,-0.901268567785
3.423919,0.598123790398,-0.895451680753,-0.962848025559,1.19047873163,0.699115209579,0.877337935506,-0.899722290884
3.433889,0.598338334482,-0.894745927791,-0.962979066104,1.18915199764,0.699037247099,0.878820023865,-0.898226959405
3.443859,0.598310168258,-0.894064000307,-0.963296287211,1.18771505166,0.699127910239,0.880207691174,-0.896858786142
3.453830,0.598076600986,-0.89319943026,-0.963384244996,1.18610474544,0.699370958556,0.881634006913,-0.895682043158
3.463800,0.597877813986,-0.892338461171,-0.96330047384,1.18436307513,0.699757379397,0.883163303746,-0.894795444583
3.473770,0.5976565907,-0.891365958444,-0.963301672427,1.18248624968,0.699913119629,0.884783984651,-0.894237840159
3.483741,0.597481982865,-0.890246828237,-0.963444265397,1.18056537035,0.699734173121,0.886432862222,-0.893917866569
3.493711,0.597549310521,-0.889026017459,-0.963584403357,1.17878643074,0.699386580746,0.887995158679,-0.893613947443
3.503681,0.597503414347,-0.887967040839,-0.963511906666,1.17731924228,0.699188358978,0.889249815216,-0.892746851428
3.513651,0.597365958842,-0.887185894053,-0.963539126083,1.17568246259,0.699091247545,0.890497503638,-0.891515145017
3.523622,0.59724792199,-0.886271168491,-0.963672605475,1.1737591445,0.699213540045,0.891866771167,-0.889835113113
3.533592,0.597171755354,-0.885096485566,-0.963763506307,1.17162794715,0.699402474291,0.89332708812,-0.887809503587
3.543562,0.597071384073,-0.88382049671,-0.963507607639,1.16956313599,0.699234232303,0.894688847911,-0.885727527278
3.553533,0.597148443245,-0.882869796685,-0.963483583439,1.16790459248,0.699201192143,0.896083382359,-0.884379152725
3.563503,0.597209950922,-0.881976485488,-0.963994236175,1.16615450429,0.699289253969,0.897554576888,-0.883215567249
3.573473,0.597119843962,-0.881124856948,-0.964674064325,1.16438643724,0.699224069571,0.899045443879,-0.882209237401
3.583444,0.596953416307,-0.880257243863,-0.965138963742,1.16265589651,0.699005178346,0.900496904058,-0.881309203659
3.593414,0.596997318977,-0.879274017992,-0.964986227657,1.1610003267,0.698906007294,0.901847786498,-0.880441080437
3.603384,0.596989506874,-0.878137827577,-0.96534612124,1.15881672968,0.698492955322,0.903229916371,-0.879524373075
3.613355,0.596922505692,-0.877209799284,-0.965479863375,1.15666070343,0.698073377383,0.904689010724,-0.878593007957
3.623325,0.597053635687,-0.876534161761,-0.96550042238,1.15458272819,0.697820864931,0.906170642061,-0.877749209397
3.633295,0.597338216562,-0.875883453151,-0.96549509104,1.1525994398,0.697789922394,0.907623393107,-0.876894087209
3.643266,0.597429567469,-0.874758521094,-0.96552548661,1.15069362973,0.697915967177,0.908998856802,-0.875727636705
3.653236,0.597190982996,-0.87386881223,-0.965567658383,1.14871499515,0.698385419944,0.910481270083,-0.874358213649
3.663206,0.596920091958,-0.87321748115,-0.965654700735,1.14679742393,0.698527200867,0.912006207737,-0.873149938981
3.673176,0.596683012066,-0.87244181043,-0.965705027908,1.14492907114,0.69841661281,0.913566707434,-0.872020662938
3.683147,0.596554091645,-0.871391964391,-0.96565957965,1.14307532021,0.698255891025,0.915135678557,-0.870877132692
3.693117,0.596615909641,-0.870130989103,-0.965481821212,1.14117878293,0.698374203143,0.916665902194,-0.869614992355
3.703087,0.596732613269,-0.869444716444,-0.965842576935,1.13933498542,0.698283785812,0.918142126934,-0.868089797972
3.713058,0.596623189485,-0.868758818261,-0.96601841191,1.13742700471,0.698297786983,0.919738553002,-0.866575273157
3.723028,0.5962397508,-0.868111130655,-0.966153011722,1.13550728483,0.698419630773,0.921306910075,-0.865342789081
3.732998,0.595795691022,-0.867470265046,-0.966253421142,1.13364431491,0.698514386791,0.922848937823,-0.864272168474
3.742969,0.595765685251,-0.866735608167,-0.966190044124,1.13192262916,0.698308770146,0.924516385917,-0.862851685631
3.752939,0.595734604604,-0.866200713303,-0.966024533975,1.13043840678,0.698157828569,0.926226309627,-0.861298899527
3.762909,0.595679648551,-0.865543679183,-0.966147930629,1.12855960136,0.698258830365,0.927794136994,-0.860032799804
3.772880,0.595562717751,-0.864654916344,-0.966365083832,1.1265507111,0.698358938837,0.929282809045,-0.858791444401
3.782850,0.59539208084,-0.863726833993,-0.966529025291,1.12457882079,0.6984008891,0.93076477973,-0.857445429661
3.792820,0.595222374428,-0.86325384,-0.966540968678,1.12271360183,0.698522988076,0.932322015917,-0.85599789033
3.802791,0.595163025428,-0.862557342822,-0.966365707587,1.12075742819,0.698395621838,0.933489299844,-0.854609752913
3.812761,0.595044083607,-0.861706463374,-0.966317689589,1.11861886855,0.698267194831,0.93465891318,-0.853383019421
3.822731,0.594943937108,-0.860820354832,-0.966533253085,1.11655248472,0.698177698507,0.935914536026,-0.8522253319
3.832702,0.594875827115,-0.859930670899,-0.966901670036,1.11467187109,0.698057584561,0.937274323004,-0.851047631532
3.842672,0.594787847855,-0.858981565812,-0.967065145965,1.11294965464,0.697727764921,0.938690903257,-0.849764158631
3.852642,0.594425056665,-0.858423208339,-0.967213930485,1.11080026207,0.697237195575,0.940025653454,-0.848591309399
3.862612,0.594327044676,-0.857925252434,-0.967433549997,1.10886376909,0.697147169086,0.941289756409,-0.847356268028
3.872583,0.594270307989,-0.857235279033,-0.967486436595,1.10699849573,0.69739016441,0.942475301821,-0.84614034649
3.882553,0.59409852048,-0.856276965714,-0.967372458781,1.10511248398,0.697761106708,0.943525773651,-0.844980405285
3.892523,0.593722533801,-0.855150086691,-0.967328921468,1.10316349787,0.697917367348,0.944336050124,-0.843868853452
3.902494,0.593671732179,-0.854361277565,-0.967248518314,1.10093514918,0.697842529425,0.945149392625,-0.842779510593
3.912464,0.593316654241,-0.853868871329,-0.967406993536,1.09884677434,0.697559392951,0.945918645664,-0.842010539725
3.922434,0.592975005127,-0.853224708039,-0.967599858018,1.0969704167,0.697300442921,0.946826725692,-0.841377507684
3.932405,0.592735166492,-0.852189690759,-0.967684796021,1.09519227476,0.697196120893,0.947863263397,-0.840688360677
3.942375,0.592456196506,-0.850733785563,-0.967581665181,1.09321270218,0.697274824995,0.948824603702,-0.839743424274
