time,right_s0,right_s1,right_e0,right_e1,right_w0,right_w1,right_w2
0.695558,0.650686111586,-0.641451041657,-0.859043614027,0.31747664639,0.860781963279,1.48323181879,-0.540370515548
0.705530,0.651331262769,-0.640392047184,-0.858190435929,0.318307177956,0.862146200467,1.4830198272,-0.539622544861
0.715501,0.651854272601,-0.639423845428,-0.857374128372,0.319204926968,0.863393769344,1.48282830548,-0.538982131087
0.725473,0.652175749043,-0.638501559776,-0.856620605217,0.32006604533,0.864417103919,1.48266006197,-0.538348304026
0.735444,0.652263564566,-0.637596541972,-0.855898744117,0.320811330796,0.86525426735,1.48253565134,-0.537680168128
0.745416,0.6521318923,-0.636697578513,-0.855108910468,0.321381185857,0.866112029549,1.48249934497,-0.537003398769
0.755388,0.651921185572,-0.635610409955,-0.85414907423,0.322102338469,0.867158646457,1.48246336949,-0.536430831608
0.765359,0.651534907394,-0.634668888065,-0.853416139842,0.322905343769,0.868080311367,1.48240741344,-0.535893329332
0.775331,0.650999487822,-0.633928386724,-0.852839266688,0.323639528538,0.868836733043,1.48230282776,-0.535412263423
0.785302,0.650382247495,-0.633319830352,-0.852320004468,0.324250392555,0.869501264695,1.48213979935,-0.53499283117
0.795274,0.649810443142,-0.63259309612,-0.851728535346,0.3248222688,0.870314886528,1.48193310312,-0.534616567293
0.805245,0.649143754834,-0.631645844542,-0.851142755555,0.325496834727,0.871315733149,1.48181504987,-0.534209264855
0.815217,0.648287347834,-0.630697962127,-0.850573193198,0.326136877715,0.872068342223,1.48179116574,-0.533806763208
0.825189,0.647267823089,-0.62983221595,-0.850055591572,0.326707774123,0.872576480051,1.481817457,-0.533418991414
0.835160,0.646096836429,-0.629105033745,-0.849602686384,0.327203023378,0.872944609559,1.48181060833,-0.533051173149
0.845132,0.644725747253,-0.628554037968,-0.849185852702,0.327654001692,0.873431969181,1.48160009123,-0.532704327677
0.855103,0.643382326961,-0.628319028168,-0.849002003168,0.328173333467,0.873972908993,1.48121830189,-0.532380564727
0.865075,0.642153695765,-0.628065461508,-0.848971627255,0.328827055626,0.874435971921,1.48084975084,-0.532038489923
0.875047,0.640940137708,-0.627672478094,-0.848830423787,0.329557502349,0.874911003958,1.48046198751,-0.531683000603
0.885018,0.63962368336,-0.627114126753,-0.848401992883,0.330285101218,0.875451829252,1.48006270783,-0.531354614583
0.894990,0.638055892309,-0.626547108114,-0.84773600618,0.330894510168,0.875977177044,1.47981680057,-0.531187456233
0.904961,0.636154152605,-0.626123180142,-0.847371791438,0.331286921673,0.876330241919,1.47975599897,-0.531110987633
0.914933,0.634288658199,-0.625792628578,-0.847254230381,0.331552759286,0.87672856061,1.47964624871,-0.53090440113
0.924905,0.632470683529,-0.625498596513,-0.847264418403,0.33179216914,0.877178514029,1.47950094011,-0.53057097858
0.934876,0.630658303659,-0.625164576524,-0.847263749356,0.332063062609,0.877626978987,1.4793561598,-0.530172658086
0.944848,0.628775302644,-0.624640847881,-0.847076851537,0.332267006739,0.877897837868,1.47922071753,-0.529868619546
0.954819,0.626866888658,-0.624026674721,-0.846711440798,0.332293877005,0.878079385834,1.47897384599,-0.529671740794
0.964791,0.624765512915,-0.623533574503,-0.846416426689,0.332333101388,0.878269779304,1.47863676137,-0.529512321093
0.974763,0.622502383499,-0.623142144426,-0.846211959846,0.332382803387,0.87847007699,1.47828191822,-0.529353290278
0.984734,0.620134267347,-0.622796251018,-0.846062348164,0.33241044398,0.878658523776,1.47798888112,-0.529169725195
0.994706,0.61763258943,-0.622475288431,-0.845867540209,0.332387757809,0.878780512207,1.47782964921,-0.528969522165
1.004677,0.61498793006,-0.622153151266,-0.845810515949,0.332455550973,0.878896392303,1.47765374889,-0.528836970919
1.014649,0.612387337047,-0.621786322729,-0.845836172554,0.332551492463,0.879088146764,1.47741872803,-0.528702541705
1.024620,0.609822813965,-0.621348607547,-0.845862892796,0.332688517144,0.879280755898,1.47711786149,-0.528590584895
1.034592,0.607240405167,-0.620866378728,-0.845813480802,0.332887743064,0.879371097373,1.47675836136,-0.52855183231
1.044564,0.604585741267,-0.620668392167,-0.845694050683,0.333129202454,0.879314019662,1.47635919406,-0.528681081563
1.054535,0.602004393754,-0.620710566303,-0.845426015505,0.333298947868,0.879321660604,1.47600495636,-0.528762999335
1.064507,0.599382997531,-0.620642471948,-0.845176607256,0.333442336052,0.879326418019,1.47557693259,-0.528783490641
1.074478,0.596695111087,-0.620411841023,-0.845069769636,0.333516090868,0.879322145809,1.47502365386,-0.528744079143
1.084450,0.593943932697,-0.620101357929,-0.845174109196,0.333466620826,0.879333869319,1.47433898638,-0.528656857404
1.094422,0.59113910068,-0.620150678535,-0.845180002234,0.333374035268,0.87950470419,1.47370423198,-0.528551310427
1.104393,0.58818403748,-0.620291132597,-0.845057956379,0.333312964911,0.879730548888,1.47306823146,-0.528499613071
1.114365,0.585248258205,-0.620230222601,-0.845019391222,0.333178764196,0.879926525371,1.47232073082,-0.528561630759
1.124336,0.582309474797,-0.620005622373,-0.845120830692,0.333016692241,0.8800338676,1.47147606779,-0.528751783267
1.134308,0.579258174339,-0.619797033424,-0.845335243231,0.33293563657,0.880000612644,1.4706052517,-0.529036370251
1.144280,0.575863372882,-0.619731552195,-0.845386590296,0.333015049463,0.879716673014,1.46977176955,-0.529054045101
1.154251,0.572547550575,-0.619486673339,-0.84530582597,0.333134662326,0.879523085015,1.46883787898,-0.52893171694
1.164223,0.569381819091,-0.619115868504,-0.845245530673,0.333202929797,0.87949685194,1.46787951152,-0.52890296381
1.174194,0.56634735562,-0.618758499427,-0.845245227089,0.333185429346,0.879566090114,1.46692761477,-0.528968790982
1.184166,0.56335936374,-0.618601484339,-0.845284793683,0.333085119208,0.879566739603,1.46598737657,-0.529002306026
1.194138,0.560111772086,-0.61853966983,-0.845335708706,0.333049925952,0.879327847327,1.46494960315,-0.5288987127
1.204109,0.556694665906,-0.618334703655,-0.845388075562,0.333095146311,0.879087306858,1.4637457694,-0.528829951921
1.214081,0.55332275649,-0.618099395855,-0.845495943586,0.33314758934,0.879008313662,1.46242032261,-0.528780763895
1.224052,0.550049998804,-0.617931973666,-0.845648267115,0.333137279073,0.879100663879,1.46104609575,-0.528771273966
1.234024,0.546818904681,-0.617924112112,-0.845783702493,0.332993199487,0.87925857117,1.45972337263,-0.528845342612
1.243995,0.543582909948,-0.617915146795,-0.845742838337,0.332744258158,0.879265274323,1.45841511985,-0.528932504734
1.253967,0.540455428423,-0.617813585128,-0.845789477538,0.332649015519,0.879269574709,1.45689275513,-0.528993110422
1.263939,0.537193380838,-0.617728457927,-0.845836846776,0.332614541231,0.879210849838,1.45515136379,-0.529078419334
1.273910,0.533626477414,-0.61766728267,-0.845831462041,0.33253474672,0.879028981651,1.45326257877,-0.529190191313
1.283882,0.529640585285,-0.617541883713,-0.84574697834,0.332281836756,0.878659947816,1.45137834971,-0.529283221609
1.293853,0.525766041908,-0.6172265516,-0.84597162778,0.332133852157,0.878336740711,1.4495665909,-0.529400584793
1.303825,0.522213731797,-0.616908855926,-0.846236306221,0.332183803076,0.878193555174,1.44763876622,-0.529511592236
1.313797,0.518756333811,-0.616628398858,-0.846345438222,0.332278775093,0.878064221649,1.44562672167,-0.529578557161
1.323768,0.515234538937,-0.616428094858,-0.846272543977,0.332289488958,0.877846617925,1.44356993302,-0.529607255058
1.333740,0.511564834153,-0.616363616426,-0.846198901232,0.332104992885,0.877511820469,1.44151706852,-0.529658542595
1.343711,0.508113085057,-0.616402886918,-0.846318686808,0.331879955638,0.877381129458,1.43933074156,-0.529694186256
1.353683,0.504710466211,-0.616307493954,-0.846452464177,0.331708079684,0.877272182958,1.43702579704,-0.529737467335
1.363655,0.501241574027,-0.616056608235,-0.846535699507,0.33157184775,0.877136413147,1.43476723241,-0.529846257035
1.373626,0.497685628913,-0.615675176898,-0.84654060183,0.331441633138,0.87697203801,1.4326627069,-0.530031646157
1.383598,0.494171311935,-0.615245826337,-0.84648654649,0.331270814558,0.876847355767,1.43073721527,-0.530230437547
1.393569,0.490720984515,-0.61486410323,-0.846620666642,0.331065276339,0.876743173376,1.42869951672,-0.530395271525
1.403541,0.487225912514,-0.614573375296,-0.846827325765,0.33089140552,0.876674250559,1.42669073526,-0.530595121235
1.413512,0.483633071317,-0.614371628963,-0.847001494999,0.330745136578,0.876594726309,1.42476265598,-0.53074884633
1.423484,0.479953173638,-0.614223710069,-0.847096819259,0.330614988675,0.876444149333,1.42289583623,-0.530770829677
1.433456,0.476322880319,-0.614030127095,-0.847184338592,0.330483615128,0.876123024717,1.42092833469,-0.53056144678
1.443427,0.472840469511,-0.613727571685,-0.847259285724,0.330310761919,0.875746982826,1.41887095836,-0.530476919435
1.453399,0.469334766052,-0.613431550359,-0.847310303099,0.330107659018,0.875455237788,1.41681388211,-0.530612146933
1.463370,0.465770895733,-0.613084124453,-0.847370811411,0.329948422411,0.875249574535,1.41475850123,-0.530851306674
1.473342,0.462144069336,-0.612615840918,-0.847465648386,0.329893349414,0.875110536516,1.41270893082,-0.531060461937
1.483314,0.458489525041,-0.611947171438,-0.847587980239,0.329964110923,0.875006243859,1.41070376703,-0.531103589025
1.493285,0.454887497671,-0.611430259469,-0.847710843645,0.329941043507,0.874775314203,1.40864931978,-0.531007927157
1.503257,0.451342221186,-0.611018856105,-0.847861566583,0.329808402905,0.874489075501,1.40651303632,-0.531021040966
1.513228,0.447860036846,-0.610549384204,-0.848043093293,0.329612217341,0.874250307437,1.40434203189,-0.531224938991
1.523200,0.444437237329,-0.609893188057,-0.848247811925,0.329388056853,0.87411538737,1.40217401206,-0.53160912343
1.533172,0.441044808359,-0.609092927563,-0.848445660064,0.329083273003,0.873955875946,1.39996125072,-0.531926711806
1.543143,0.437589588818,-0.608408743671,-0.8487626324,0.328717212492,0.873654090105,1.39760692637,-0.531999904198
1.553115,0.434000980761,-0.607917818485,-0.849138280634,0.328372142813,0.873375305334,1.395168918,-0.532056963581
1.563086,0.430333554435,-0.607571085956,-0.849442485002,0.328088194228,0.873129484806,1.39264641297,-0.53223002301
1.573058,0.426678446414,-0.607249751979,-0.849562173787,0.327897233041,0.872902846754,1.39004756922,-0.532589220325
1.583030,0.423175661601,-0.606627127085,-0.849522160158,0.327850065137,0.872717121268,1.38745765613,-0.532999190619
1.593001,0.419700215421,-0.605673038092,-0.849564218991,0.327790216878,0.872640219864,1.38498101693,-0.533157085281
1.602973,0.416188850054,-0.604732708648,-0.849634982947,0.327630179763,0.872569486676,1.3823871116,-0.533188248039
1.612944,0.412639405166,-0.603918984199,-0.849716206302,0.327382625516,0.872496712393,1.37958222536,-0.533210658721
1.622916,0.409073431138,-0.603241287939,-0.84980250501,0.32709885777,0.872429264221,1.37654059875,-0.533322595478
1.632887,0.405559309969,-0.602394409074,-0.849930467192,0.326888159582,0.87231806936,1.37341303128,-0.53345205297
1.642859,0.402148893651,-0.601495504304,-0.84997892895,0.326849667532,0.872140767125,1.37021481355,-0.533588794828
1.652831,0.398860027416,-0.600806389287,-0.850019123474,0.326884791895,0.872005090266,1.36698456802,-0.533701959928
1.662802,0.395668623644,-0.600318690458,-0.850090544194,0.326920868611,0.871905252596,1.36377036992,-0.533755534256
1.672774,0.39252626831,-0.599907572825,-0.850209009729,0.326900444742,0.871787895076,1.36060950303,-0.533730595156
1.682745,0.389357887077,-0.599304540577,-0.850242589808,0.326890166211,0.871521504818,1.35736681246,-0.533793834786
1.692717,0.38599910398,-0.598549947154,-0.850282090611,0.326876955248,0.871230604518,1.3540302314,-0.533915927162
1.702689,0.382468658984,-0.597692059723,-0.850413437969,0.326818299234,0.870980409837,1.35081373304,-0.533980064811
1.712660,0.3789424592,-0.596807464242,-0.850625085155,0.32672587608,0.870789753814,1.34782958991,-0.534002439076
1.722632,0.375678441658,-0.595988981074,-0.850856623122,0.326638236752,0.870652638419,1.34512992162,-0.534064055196
1.732603,0.372877407464,-0.595246502298,-0.851047537401,0.326591781426,0.870520299716,1.34256947141,-0.534281787076
1.742575,0.369939606272,-0.594369411488,-0.851272878663,0.326449010045,0.870289064702,1.34013309403,-0.534395296064
1.752547,0.366779981888,-0.593460453443,-0.851463815337,0.32619591926,0.870015054783,1.33788337362,-0.534417510104
1.762518,0.363446017282,-0.592623112755,-0.851570296811,0.325894000477,0.869749343864,1.33580707584,-0.534432245154
1.772490,0.360071123826,-0.59195985853,-0.851557415471,0.325657201437,0.869543934503,1.33384249126,-0.534569460592
1.782461,0.356622128385,-0.591294165836,-0.85155575038,0.325578008585,0.869414580822,1.33211277887,-0.534814474932
1.792433,0.35320942378,-0.590440885747,-0.851489246662,0.325465937491,0.86931936319,1.33065745437,-0.535059023466
1.802405,0.349976739244,-0.589590824213,-0.851378691842,0.325303231737,0.869212997675,1.32944256205,-0.535283207425
1.812376,0.346927572394,-0.588922195286,-0.851328780646,0.325113865605,0.869067607465,1.32844047995,-0.535447532039
1.822348,0.343949685431,-0.588610615085,-0.851516187516,0.324956970781,0.86886753671,1.3276184824,-0.535495749405
1.832319,0.34072976473,-0.588230825493,-0.851941285017,0.324839630909,0.868626118919,1.32690493496,-0.535418345005
1.842291,0.33763202216,-0.587449289461,-0.852274100328,0.324751112968,0.868390186049,1.32631172384,-0.535487238712
1.852262,0.33474429265,-0.586537436046,-0.852460874719,0.32471282322,0.868117876203,1.32581846392,-0.535743997679
1.862234,0.332000543519,-0.585694796145,-0.85248168869,0.324707948498,0.86781381802,1.32538528073,-0.536168627305
1.872206,0.32916792997,-0.585062935169,-0.852349080933,0.324678183526,0.867531822892,1.3249488278,-0.536675969834
1.882177,0.326225438637,-0.584473599988,-0.852281532419,0.324455373803,0.867458830123,1.32458875369,-0.537301773565
1.892149,0.323346579687,-0.583799213148,-0.852396159701,0.324193295409,0.867335781147,1.32434398602,-0.537959606761
1.902120,0.320531227514,-0.583052554038,-0.852576669033,0.323996913125,0.867113850755,1.32419854283,-0.538624037869
1.912092,0.317763150129,-0.582269648446,-0.852730158078,0.323889507344,0.866822258967,1.32411727974,-0.539286013054
1.922064,0.315008181896,-0.581517746643,-0.852791882842,0.323786679181,0.866595168292,1.32403941669,-0.539957416724
1.932035,0.312078348843,-0.580907910643,-0.852809011611,0.323603384438,0.866413852777,1.32391832931,-0.540506770694
1.942007,0.309026902412,-0.580423697752,-0.85287660942,0.323396174443,0.866203919551,1.32387379854,-0.541146139208
1.951978,0.306015214067,-0.57997149461,-0.853020094215,0.323174477304,0.866032011174,1.32390503298,-0.541976527353
1.961950,0.303153972245,-0.579474902657,-0.853237131099,0.322970370777,0.86594073929,1.32394388537,-0.54296270719
1.971922,0.300476027288,-0.578884080128,-0.853485830659,0.322866918462,0.865928904547,1.32379929214,-0.543834520526
1.981893,0.29769620609,-0.578184880106,-0.853700986509,0.322806695718,0.865737588851,1.32348481826,-0.544361130706
1.991865,0.294875369672,-0.577488998716,-0.853833766164,0.32272073191,0.865442885195,1.3232679844,-0.544732746553
2.001836,0.292096859741,-0.576888066332,-0.853862139944,0.322607957473,0.865172890421,1.32315492546,-0.544988589544
2.011808,0.289403655145,-0.576402052647,-0.853797312011,0.322475010457,0.865014503992,1.32310763789,-0.545171205715
2.021779,0.286749834492,-0.575894684375,-0.85371490593,0.322333039937,0.864965109786,1.32303208849,-0.545349307033
2.031751,0.284108038805,-0.575297066074,-0.853813810954,0.322239195843,0.864851824028,1.3228525556,-0.545534863155
2.041723,0.281424939679,-0.574792243465,-0.853967711905,0.322122838761,0.864697234158,1.32264920054,-0.545644161956
2.051694,0.27868655241,-0.574418933201,-0.854102787249,0.322018481552,0.864559716043,1.32249196123,-0.545664546904
2.061666,0.275916165782,-0.574175950682,-0.854193008566,0.321982423193,0.864474327678,1.32239741576,-0.545610736387
2.071637,0.273239705605,-0.574008721625,-0.854344065858,0.322119863674,0.864396203082,1.32222117452,-0.545546871392
2.081609,0.270753098459,-0.57383717879,-0.85451335707,0.322276605263,0.864339543673,1.32188263018,-0.545555155617
2.091581,0.268349256809,-0.573708926283,-0.854622681224,0.322333894909,0.864326253296,1.32159399482,-0.54561948345
2.101552,0.265956817442,-0.573639952657,-0.854699761059,0.322275619592,0.864252570487,1.32139581559,-0.545741338176
2.111524,0.2635043188,-0.573612940689,-0.854766774456,0.322099078462,0.86401737103,1.32127175388,-0.545917714304
2.121495,0.260892094373,-0.57349765342,-0.85474311663,0.321758503969,0.863585933224,1.32108885942,-0.54613083635
2.131467,0.258193269257,-0.57314624764,-0.854654367286,0.321382926112,0.863332020846,1.3208539181,-0.546315435684
2.141439,0.255499309605,-0.572666277448,-0.854657135628,0.321174406124,0.863317670338,1.32068301618,-0.546445640014
2.151410,0.252800340454,-0.572205618822,-0.854763767226,0.321148209981,0.863419520865,1.32056604203,-0.546517019124
2.161382,0.250093600189,-0.571905373602,-0.854952631923,0.321264848989,0.863471341759,1.32045283797,-0.546534276249
2.171353,0.247542889316,-0.571813056402,-0.855212620312,0.321452234648,0.863328095206,1.32022538077,-0.54650788377
2.181325,0.245195459073,-0.571712413124,-0.855353566907,0.321629408781,0.86315393024,1.31996106343,-0.546534768832
2.191297,0.242893714184,-0.57161196289,-0.85524227387,0.321690910006,0.86299097769,1.3196710554,-0.54662803044
2.201268,0.240642200624,-0.57147944214,-0.854971701704,0.321617464052,0.862878484099,1.31936277335,-0.546726478853
2.211240,0.238470960799,-0.571276249961,-0.854721477161,0.321436075792,0.86284163595,1.31904614735,-0.546745986816
2.221211,0.236280270342,-0.570998225978,-0.854757862899,0.321297824973,0.86280698683,1.31874769818,-0.5466059414
2.231183,0.233858463824,-0.570855628492,-0.855001741871,0.321359042892,0.862626387346,1.31830486663,-0.546504135422
2.241154,0.231348617122,-0.570756752391,-0.855253567091,0.32150721785,0.862462532896,1.31767085361,-0.54651170072
2.251126,0.228880823799,-0.570638664988,-0.855371918078,0.321648287058,0.86240543946,1.31686261281,-0.546588051753
2.261098,0.226577157184,-0.570456573598,-0.855259434265,0.321700971736,0.862501255877,1.3159325803,-0.546645704204
2.271069,0.224429642931,-0.570303618334,-0.855127753903,0.321741189883,0.862581919631,1.31493134203,-0.546613215853
2.281041,0.222098978275,-0.570188959995,-0.855155684774,0.321724615112,0.862538600692,1.31393949169,-0.546653397683
2.291012,0.219565789425,-0.570032769935,-0.85519992363,0.321552673205,0.86241236911,1.31307147581,-0.546808697306
2.300984,0.216952727774,-0.56976539449,-0.855231255244,0.321274127495,0.862244342624,1.31234261458,-0.547047237055
2.310956,0.214464915601,-0.569327387943,-0.855276188859,0.321020518339,0.862079690194,1.31170261315,-0.54729286062
2.320927,0.212245259738,-0.568775739767,-0.855413050803,0.320931956697,0.861914875068,1.31087981834,-0.547462831824
2.330899,0.210043083386,-0.568312789072,-0.85552574799,0.320753474951,0.861797553424,1.30996740104,-0.54752528991
2.340870,0.207821679161,-0.56792320914,-0.855604268911,0.320531917107,0.861793626227,1.30902706343,-0.547447545272
2.350842,0.205581196078,-0.567562047921,-0.855658971995,0.320329728284,0.861919063484,1.30803202532,-0.547245217643
2.360814,0.203346990315,-0.567160667127,-0.855714781803,0.320222953722,0.862149835081,1.30690000614,-0.546974472897
2.370785,0.201172843413,-0.566711335665,-0.855766936913,0.320192713846,0.862299220293,1.30562161485,-0.546786868198
2.380757,0.199081563157,-0.566387566684,-0.855820411537,0.320201888659,0.862287738505,1.30430572121,-0.546736308086
2.390728,0.196988903252,-0.566121728225,-0.855872268284,0.320194994231,0.862165879585,1.30292465749,-0.546710065292
2.400700,0.194852529154,-0.565841894038,-0.855915655718,0.320135169682,0.861999466028,1.30150809317,-0.546648107339
2.410671,0.19266305265,-0.565466422165,-0.855939995761,0.319999421375,0.861874339257,1.30013797381,-0.546530736264
2.420643,0.190533876092,-0.565039260289,-0.855881866983,0.319922807134,0.86198932199,1.29886813929,-0.546572713343
2.430615,0.188424971471,-0.564612826274,-0.855787208626,0.319942376966,0.86209812494,1.29757836206,-0.546529450391
2.440586,0.186390980837,-0.564185412659,-0.855718787805,0.319994061142,0.862168630978,1.29621698624,-0.546368679124
2.450558,0.184471411389,-0.56375703148,-0.855745874442,0.320020759228,0.862189148073,1.29475248178,-0.546135374341
2.460529,0.182694315009,-0.563329689924,-0.855953427182,0.319968522774,0.862169657852,1.29317157945,-0.54596663693
2.470501,0.180997815347,-0.562874160808,-0.856232270666,0.319943516604,0.861919725177,1.29172435542,-0.545868415983
2.480473,0.179323844062,-0.562381741678,-0.856340002602,0.319882410303,0.861706917153,1.29050796261,-0.545831618511
2.490444,0.177586803841,-0.561886397231,-0.856321342969,0.319683619136,0.86162199369,1.28940203317,-0.54585196521
2.500416,0.175736141318,-0.561421031828,-0.856239771039,0.319350813965,0.861674344012,1.28830601075,-0.545922862817
2.510387,0.173764030862,-0.561020619104,-0.856179199479,0.31904393136,0.861763630222,1.28714913957,-0.546036855425
2.520359,0.171972774148,-0.56073850857,-0.856092426017,0.319085360713,0.861834610558,1.28604342716,-0.546122835928
2.530331,0.170322549663,-0.560594007696,-0.856092750233,0.319257058502,0.861828854101,1.28490642442,-0.546152863096
2.540302,0.168750677437,-0.560503989102,-0.856192635465,0.319427799212,0.861723873546,1.28373996624,-0.54612460632
2.550274,0.167198994131,-0.560372654792,-0.8563575273,0.319537559952,0.861519742716,1.28259586889,-0.546042450132
2.560245,0.165618305161,-0.560075436046,-0.85647096188,0.319651760769,0.861247677265,1.28162750538,-0.545916006453
2.570217,0.163950180825,-0.559506806234,-0.856568068111,0.319719330774,0.861124271549,1.28066085173,-0.545767452431
2.580189,0.162325310809,-0.558861258114,-0.856640347488,0.319709914524,0.861155099862,1.27955171065,-0.545596814935
2.590160,0.160740546536,-0.558298410224,-0.85674534897,0.319636251537,0.861203588657,1.27843616084,-0.545459724375
2.600132,0.159203280607,-0.557917631316,-0.8569079278,0.319487070013,0.861137723139,1.27746364048,-0.545395871483
2.610103,0.15778847673,-0.557696233001,-0.857059347107,0.31916188916,0.860845079201,1.27678781439,-0.545402972377
2.620075,0.156352120686,-0.557379276761,-0.856916852276,0.318827377083,0.860644412207,1.27615480313,-0.545312448726
2.630046,0.154827583165,-0.556996848542,-0.856737243223,0.318699356125,0.860596810994,1.27555902592,-0.545095914688
2.640018,0.153317542284,-0.556607284142,-0.856632003813,0.318757442229,0.860624124427,1.27504398864,-0.54477126296
2.649990,0.151936341373,-0.556247446205,-0.856632943329,0.318913429732,0.860647452808,1.27464582865,-0.544412569331
2.659961,0.150790198429,-0.555867324593,-0.856565860968,0.318963539313,0.860651032335,1.27437807183,-0.544266457169
2.669933,0.149675611305,-0.555457285647,-0.856507778327,0.318886522137,0.860610153166,1.27423419428,-0.544396409326
2.679904,0.148392830033,-0.555079132415,-0.856545136152,0.318844689608,0.860603687204,1.27419435992,-0.544478731964
2.689876,0.146921861015,-0.554712729972,-0.856613367042,0.318836708193,0.860660844323,1.27428273483,-0.544459503251
2.699848,0.145330783519,-0.554330619015,-0.856649184537,0.318825097589,0.860754755644,1.27448192832,-0.544360739756
2.709819,0.143922204526,-0.553937874471,-0.856725530599,0.318734248795,0.860638448457,1.27457297295,-0.544331373241
2.719791,0.14268953423,-0.553680832846,-0.85685967224,0.318712462174,0.860437976195,1.27457204315,-0.544329619321
2.729762,0.141450709266,-0.553499681548,-0.856933713532,0.318709787701,0.860341707082,1.2746776517,-0.544298307775
2.739734,0.140208255899,-0.553324888165,-0.856978595796,0.318679608642,0.860308631637,1.27486952273,-0.544268374993
2.749706,0.139012767295,-0.553088522107,-0.857052205687,0.31860059744,0.860233589208,1.27506758623,-0.544296535115
2.759677,0.137960981173,-0.552762049325,-0.857152934399,0.318612811543,0.859956869145,1.2751581056,-0.54447748833
2.769649,0.137004615022,-0.552286287637,-0.857022777003,0.31868553967,0.859787561132,1.27505078159,-0.544603915509
2.779620,0.136043093453,-0.551719294854,-0.856845198257,0.318677042175,0.859842468283,1.27483014463,-0.544630557091
2.789592,0.135027280666,-0.551200177892,-0.856781772362,0.318573360436,0.860010605568,1.27458764229,-0.544621153983
2.799564,0.133940183152,-0.550885203123,-0.856962055243,0.318413903336,0.86010243372,1.27440023111,-0.544666565952
2.809535,0.132915405634,-0.550817869743,-0.85725910747,0.318328322753,0.859962343161,1.27412525814,-0.544748014101
2.819507,0.132066405989,-0.550648531094,-0.857376479127,0.318290336489,0.859778308867,1.27381828243,-0.544777478799
2.829478,0.131300517928,-0.550372365987,-0.857291814949,0.318274719466,0.8596197158,1.27367459318,-0.544798819337
2.839450,0.130532791503,-0.550080290675,-0.85711321438,0.318279580976,0.85955425372,1.2736866165,-0.544826864619
2.849421,0.12968885329,-0.549911296729,-0.857016356528,0.318301171344,0.859638500678,1.27374366751,-0.544868340144
2.859393,0.128901408334,-0.550017120888,-0.857179420594,0.31819755928,0.859781144663,1.27357293639,-0.544967802079
2.869365,0.128258509612,-0.550061317551,-0.857262215082,0.317920288212,0.859764002052,1.27335608794,-0.545049561437
2.879336,0.127651263643,-0.549969587781,-0.857280618838,0.317697356781,0.859687879219,1.27312021528,-0.545083860968
2.889308,0.127055590909,-0.549807226803,-0.857297327963,0.317668875586,0.859612709365,1.27276771161,-0.545065920636
2.899279,0.126491309078,-0.549720725395,-0.85739801977,0.317919879332,0.859579489106,1.27214149161,-0.545007540027
2.909251,0.126023996194,-0.549765620879,-0.85745930212,0.318232280994,0.859546972649,1.27134813019,-0.544944167074
2.919223,0.125500017242,-0.549869569022,-0.857414574148,0.318389432796,0.85951501535,1.27054091546,-0.544886169139
2.929194,0.124955113952,-0.550022687288,-0.857317110187,0.318470898897,0.859483583567,1.26983909653,-0.544843030694
2.939166,0.124460659182,-0.550204176674,-0.857220232739,0.318509832175,0.859447497496,1.26926168929,-0.544837249348
2.949137,0.124115172257,-0.550381698788,-0.857181958963,0.318509094544,0.859397106863,1.26875707896,-0.544897799368
2.959109,0.123792052053,-0.550486895981,-0.857202209516,0.318293693457,0.859290981689,1.26846749166,-0.544819669122
2.969081,0.123366737196,-0.550400443792,-0.857207972112,0.318001717275,0.859209531565,1.26846447846,-0.544747964115
2.979052,0.122915017234,-0.550260448818,-0.857170630924,0.317733431089,0.85920821464,1.26854497549,-0.544809280802
2.989024,0.122536702118,-0.550201679613,-0.857093027682,0.317547253886,0.859292398636,1.26862093902,-0.54500156502
2.998995,0.122362781648,-0.550367274944,-0.857008415958,0.317466550488,0.859419737152,1.26870532691,-0.545199553377
3.008967,0.122271224376,-0.550466436241,-0.857135176442,0.31746430947,0.859568600584,1.26881782598,-0.545182752964
3.018938,0.122062093001,-0.550574146783,-0.857333572441,0.317505713527,0.859771304395,1.26907157286,-0.545071930526
3.028910,0.121889957611,-0.550694874117,-0.857485582873,0.31754025819,0.859992276759,1.26947638714,-0.544929767429
3.038882,0.121834670562,-0.550785822158,-0.857552447973,0.317509149978,0.860142198811,1.26994004436,-0.54480036882
3.048853,0.121887896729,-0.550738912773,-0.857590679921,0.317335250024,0.860052358882,1.27023414127,-0.544708697206
3.058825,0.121995414752,-0.550772612836,-0.857661334872,0.317206187629,0.859750625988,1.27015111033,-0.544840900708
3.068796,0.122077913509,-0.550827673675,-0.857688572116,0.31722647745,0.859544323243,1.27006944647,-0.545080315458
3.078768,0.122067264225,-0.550826743331,-0.857683076915,0.317332632515,0.859408888768,1.27014975267,-0.545251716673
3.088740,0.121980261955,-0.550747921273,-0.85769081598,0.317467821886,0.859307869297,1.27044102807,-0.545267594169
3.098711,0.121973454995,-0.550656359582,-0.857818963957,0.317592734829,0.859202022922,1.2708360852,-0.545171875608
3.108683,0.122097562467,-0.550752055263,-0.857708155857,0.317642636644,0.859075548395,1.27123610523,-0.545279055544
3.118654,0.122261612967,-0.550854547876,-0.857450889743,0.317645359881,0.858889697715,1.27171017165,-0.545446276159
3.128626,0.122416118223,-0.550815344726,-0.857278583137,0.317629173195,0.858772320705,1.2722847039,-0.545510246224
3.138598,0.122537120458,-0.550609324108,-0.857348041928,0.317610377327,0.858795918168,1.27298646723,-0.545395905272
3.148569,0.122646517733,-0.550462264616,-0.857672585782,0.317578959309,0.858909303687,1.27386814688,-0.545201194775
3.158541,0.122747667948,-0.55060952235,-0.857934615149,0.317492298204,0.858891688825,1.27480709408,-0.54513873138
3.168512,0.122758175535,-0.550763542256,-0.85796656481,0.317407117666,0.858873993131,1.27580900329,-0.545119355954
3.178484,0.122773695674,-0.550852527744,-0.857877229486,0.317348856444,0.858860413382,1.2768672977,-0.545097356367
3.188456,0.122874318747,-0.550863003629,-0.857801593257,0.317315636266,0.858860842244,1.27797495936,-0.545064567475
3.198427,0.123060081062,-0.550881318714,-0.857879395277,0.317236740815,0.858941026667,1.2791367644,-0.545111886263
3.208399,0.123217000206,-0.550905810354,-0.857889228925,0.31722583513,0.859042376653,1.28027950671,-0.545327306922
3.218370,0.123194002319,-0.550965242015,-0.857853517794,0.317250977947,0.859036433926,1.28155793121,-0.545490110288
3.228342,0.123094589922,-0.55100774188,-0.857825730063,0.317239209185,0.858870501264,1.28298064478,-0.545540001727
3.238313,0.123050910053,-0.55097517724,-0.857842739371,0.317150724493,0.858568397434,1.28448424774,-0.545473385594
3.248285,0.123172097577,-0.550814598239,-0.857864533666,0.317087036047,0.858384033167,1.28582168225,-0.545399410595
3.258257,0.123285151541,-0.550616206836,-0.85795977048,0.31714734432,0.858480346396,1.287297174,-0.545311836725
3.268228,0.12334777379,-0.550477581855,-0.858094193465,0.317259293279,0.858590180111,1.28881160129,-0.54516965764
3.278200,0.123367096283,-0.550483322904,-0.858209547138,0.317362739932,0.858585194223,1.29028573584,-0.545114166662
3.288171,0.123380299111,-0.550673341975,-0.858238631664,0.31740892812,0.858414899175,1.29166189174,-0.545289764029
3.298143,0.123526143694,-0.550905738837,-0.858081389097,0.317397060404,0.858280256137,1.29296730787,-0.54570812812
3.308115,0.123759332164,-0.551072890808,-0.857885992273,0.317373958906,0.858324413948,1.29420310278,-0.545804299369
3.318086,0.123889554099,-0.551181362575,-0.857772550587,0.317303971705,0.858416533938,1.29537393704,-0.545703288403
3.328058,0.123950782489,-0.551230534449,-0.857744204407,0.317188969884,0.858441200777,1.29646307978,-0.545588033351
3.338029,0.124040002415,-0.551221964308,-0.857775614388,0.317057104951,0.858299074297,1.29746505462,-0.545632679301
3.348001,0.124269822636,-0.551157074742,-0.85788572152,0.317041839325,0.857979570508,1.29846189085,-0.545782518973
3.357973,0.124224153708,-0.551105080861,-0.858086754231,0.317028253948,0.857730786206,1.29943442286,-0.545852396461
3.367944,0.124151629129,-0.55113647369,-0.858220949576,0.31697905302,0.857539468778,1.30026347202,-0.54578233701
3.377916,0.124214565741,-0.551221604312,-0.858248361852,0.316949215778,0.857413473113,1.30092886081,-0.5456075102
3.387887,0.124482928964,-0.551293754955,-0.858185602573,0.31700526103,0.857371114955,1.30146203201,-0.545410770528
3.397859,0.124321189428,-0.551302775544,-0.858191966965,0.316984424243,0.857507746895,1.3019970196,-0.545350168488
3.407831,0.123871364266,-0.5513116091,-0.858131657513,0.316898178945,0.857632286875,1.30257615923,-0.545364055221
3.417802,0.123606403789,-0.551307383284,-0.858061264597,0.316765297576,0.857625211865,1.30306979628,-0.545458584506
3.427774,0.123610596794,-0.551247448096,-0.857996760925,0.316611524039,0.857508193379,1.30341754935,-0.545583125473
3.437745,0.123769390262,-0.551078635762,-0.857941431555,0.316478200108,0.857377135524,1.30359208155,-0.545656444008
3.447717,0.123649017297,-0.550801891543,-0.857966180476,0.316553648555,0.857383971482,1.30355646448,-0.545613189134
3.457688,0.123432277143,-0.5507098338,-0.85810422482,0.316639613089,0.857561278125,1.3034164576,-0.545789755989
3.467660,0.123271155863,-0.550779663911,-0.858257149896,0.316799105062,0.857729249983,1.30328693694,-0.545972329451
3.477632,0.12319834807,-0.550939507508,-0.858360094444,0.317010342923,0.857809473924,1.3031909502,-0.546049679004
3.487603,0.123175527345,-0.551076531109,-0.858365813726,0.317189681044,0.857778840571,1.30309882656,-0.545970739187
3.497575,0.123153176484,-0.551074724401,-0.858303049643,0.3170228811,0.857614762649,1.30298669306,-0.545897378302
3.507546,0.123115618005,-0.550960528983,-0.858351715126,0.316870447906,0.857457140306,1.30281481568,-0.545773524063
3.517518,0.123007525287,-0.55085960798,-0.858389885065,0.316795127662,0.857369397512,1.30251439812,-0.545709127401
3.527490,0.12283990809,-0.550817428868,-0.858371703881,0.316785119648,0.857306027372,1.3021377587,-0.54571809243
3.537461,0.122679160622,-0.550819649898,-0.858308369952,0.316767864109,0.857133227483,1.30183861181,-0.54573978087
3.547433,0.122724590536,-0.550813179546,-0.858324279531,0.31670529718,0.856894089082,1.30176716064,-0.545826641667
3.557404,0.122666094479,-0.55071535854,-0.858395451174,0.316745045377,0.856691805085,1.30185416353,-0.546019619351
3.567376,0.122572961777,-0.550654132212,-0.85852267389,0.316885171048,0.85640724364,1.30199989616,-0.546125951254
3.577348,0.122515165798,-0.550694788279,-0.858684813195,0.317022458372,0.856043745717,1.30215493299,-0.546074050392
3.587319,0.122569792479,-0.550843073398,-0.858836084003,0.316937811712,0.855733493807,1.30231874749,-0.545912575215
3.597291,0.122460754273,-0.550681960659,-0.858911464764,0.31685267928,0.855703812095,1.3027561426,-0.545624151762
3.607262,0.122321160591,-0.55048066697,-0.858865588753,0.316839977008,0.855464882429,1.30308616784,-0.545447536958
3.617234,0.12224503675,-0.550300499796,-0.858716510656,0.316874862056,0.855154902225,1.30327956813,-0.545449692664
3.627205,0.122329617003,-0.55019226584,-0.858521557911,0.3169499855,0.854917702861,1.3034366718,-0.545569270906
3.637177,0.122695499297,-0.550205092151,-0.858395105405,0.31708650718,0.854908841282,1.30384121484,-0.545567564531
3.647149,0.12297775879,-0.550266650733,-0.858618920001,0.316874180779,0.854804088553,1.30450346839,-0.545494501266
3.657120,0.123053897963,-0.550174672696,-0.858845273841,0.316819907408,0.854528583113,1.3050642574,-0.545434262738
3.667092,0.123107961648,-0.54995092247,-0.858929905577,0.316993856951,0.854021331757,1.30541034063,-0.545444322197
3.677063,0.123222204134,-0.549661937839,-0.858837929764,0.317298526502,0.853320038662,1.3055558311,-0.545576534135
3.687035,0.123277954534,-0.549440815161,-0.858703089577,0.31735906956,0.852630684012,1.30571618492,-0.545891510422
3.697007,0.12312971908,-0.549289881298,-0.85870044801,0.317226235856,0.85229658127,1.30608405235,-0.54604699688
3.706978,0.123122044035,-0.549188095111,-0.858800334481,0.317235877318,0.852022626185,1.30651466347,-0.546089906463
3.716950,0.123214482801,-0.549081313988,-0.858821286577,0.317405524748,0.851668752179,1.30693409159,-0.546026395337
3.726921,0.123305869599,-0.548939500311,-0.858681205222,0.317642355583,0.851146587696,1.30729446603,-0.545896652882
3.736893,0.123205391387,-0.54879138256,-0.858542853253,0.317639371697,0.850438050448,1.30758841917,-0.545825105575
3.746865,0.123053261586,-0.548857423926,-0.858816895398,0.317497329268,0.849734065348,1.30782093509,-0.545969289917
3.756836,0.122997766588,-0.548883218558,-0.859024551819,0.317538841018,0.849088527838,1.30804705301,-0.546076125067
3.766808,0.12310999439,-0.548813364604,-0.859080559042,0.317618976895,0.848534335734,1.30833796758,-0.546151529174
3.776779,0.123358045162,-0.548613905663,-0.858983923999,0.317576948233,0.848106694475,1.30873394596,-0.546201348066
3.786751,0.123424785665,-0.548224686612,-0.858842242306,0.317341876407,0.847882717793,1.30918838683,-0.546134055307
3.796723,0.123216260759,-0.547626556178,-0.858633069867,0.317326273181,0.847800975377,1.30965299636,-0.545988228715
3.806694,0.123221404291,-0.547062497995,-0.858701031695,0.317482173745,0.84792514062,1.31015832918,-0.54598939978
3.816666,0.123387933046,-0.546589827866,-0.858925873177,0.317801997452,0.848190805706,1.31069329483,-0.546071645879
3.826637,0.123534507253,-0.546240986104,-0.859060328035,0.318234120601,0.848501064765,1.31123681178,-0.546135726112
3.836609,0.123287576049,-0.546090745353,-0.858615156309,0.318545950979,0.848730386394,1.31175721065,-0.546139992038
3.846580,0.122907153802,-0.546002364247,-0.858357494248,0.318569477672,0.849095090655,1.31229000899,-0.546077996183
3.856552,0.122653182808,-0.545776306831,-0.858512253484,0.318564514705,0.849337578522,1.31263400145,-0.546047562812
3.866524,0.122544223256,-0.545354189496,-0.858791922141,0.318533264607,0.849405861701,1.31288626881,-0.546047451663
3.876495,0.122532877668,-0.544753531049,-0.858860743292,0.318444711791,0.849330905757,1.31320719207,-0.54603889619
3.886467,0.122521761,-0.54420754754,-0.858787588856,0.318369063948,0.849332123154,1.31373477872,-0.545887068961
3.896438,0.122507716667,-0.543936393826,-0.859039187374,0.318351711841,0.849263907556,1.31394280832,-0.545930440357
3.906410,0.122445823107,-0.543656211014,-0.859257834371,0.318397446743,0.84918670841,1.31403692087,-0.546059677347
3.916382,0.122279565131,-0.543240075197,-0.859258929875,0.318526948608,0.849160636659,1.31418000452,-0.546167539689
3.926353,0.121992019106,-0.542633508689,-0.858969820682,0.318749662785,0.849222947606,1.31449107473,-0.546173654535
3.936325,0.121889315758,-0.542005781697,-0.858813636506,0.318983170964,0.849224686123,1.31478192381,-0.546248628261
3.946296,0.122191862631,-0.541645586161,-0.859043942701,0.319017992131,0.848967645392,1.31515638297,-0.546203192556
3.956268,0.122394773444,-0.541252156862,-0.859270935781,0.318967814334,0.848699635182,1.31562316374,-0.545996566491
3.966240,0.122338386117,-0.540694054556,-0.859308616418,0.318910736713,0.848587319962,1.31617582021,-0.545786167444
3.976211,0.122015911411,-0.53993785435,-0.859072719983,0.318913503257,0.848745416799,1.31677210972,-0.545801511358
3.986183,0.121700342894,-0.539389737027,-0.858842758168,0.318983578531,0.848979255496,1.31707271387,-0.546119543876
3.996154,0.121561568338,-0.539041342783,-0.858676665731,0.319121455333,0.849025326017,1.31705883463,-0.546311806572
4.006126,0.121645000453,-0.538652857741,-0.858647776712,0.319233729738,0.848897006781,1.31692498145,-0.546424285647
4.016098,0.121849872573,-0.538145566601,-0.858770879214,0.319332386486,0.848662791856,1.3167770791,-0.54647814678
4.026069,0.121989196173,-0.537514134126,-0.859015608926,0.319487771455,0.84843565156,1.31668374803,-0.546475373489
4.036041,0.121907543777,-0.536681310114,-0.859161649884,0.319875715251,0.848425654299,1.3165998671,-0.546167845664
4.046012,0.121758807913,-0.535816740365,-0.859207309631,0.320262621256,0.848434921563,1.31650553852,-0.545909376122
4.055984,0.121634576651,-0.535206626051,-0.859011466878,0.320529956806,0.848391894177,1.3164961336,-0.545801230571
4.065955,0.121589121772,-0.53482893992,-0.858683369388,0.320645014614,0.848347795392,1.316564259,-0.545868822588
4.075927,0.121648992925,-0.534452340352,-0.858510348526,0.320640795711,0.848430357444,1.31663224569,-0.546085435121
4.085899,0.121584074034,-0.53390659586,-0.858765792947,0.320858861155,0.848432182686,1.31662221593,-0.546500355805
4.095870,0.121258753897,-0.533209885087,-0.858769531557,0.321157888769,0.84836974554,1.31666719486,-0.546656996337
4.105842,0.12096949794,-0.532356823636,-0.858725107682,0.321315147504,0.848292859313,1.31677395892,-0.546621008826
4.115813,0.120875758612,-0.531470627805,-0.858776538631,0.321309809135,0.84821653856,1.31690382978,-0.546452370977
4.125785,0.121029846754,-0.530795655284,-0.859027686881,0.321294890598,0.848127540443,1.31697546061,-0.546214902717
