time,left_s0,left_s1,left_e0,left_e1,left_w0,left_w1,left_w2,left_gripper,right_s0,right_s1,right_e0,right_e1,right_w0,right_w1,right_w2,right_gripper
0.683802,-0.00498543756063,-0.555684540411,-0.00383495196971,0.745898158109,-0.00306796157577,1.2536457989,-0.00421844716668,0.0,0.844839918928,-0.800737971276,-0.728640874246,0.856728270034,0.736310778185,1.08529140743,-0.660378729185,7.34094619751
0.683908,-0.00498543756063,-0.555684540411,-0.00383495196971,0.745898158109,-0.00306796157577,1.2536457989,-0.00421844716668,0.0,0.844839918928,-0.800737971276,-0.728640874246,0.856728270034,0.736310778185,1.08529140743,-0.660378729185,7.34094619751
0.693998,-0.0053689327576,-0.555684540411,-0.0026844663788,0.745898158109,-0.00383495196971,1.2536457989,-0.00460194236366,0.0,0.844839918928,-0.802655447261,-0.728640874246,0.859412736413,0.737077768579,1.08644189302,-0.659995233988,7.34094619751
0.704037,-0.0053689327576,-0.554917550018,-0.00383495196971,0.746281653306,-0.00306796157577,1.2536457989,-0.00498543756063,0.0,0.845223414125,-0.803805932852,-0.729024369443,0.863247688383,0.736694273382,1.08720888341,-0.660378729185,7.34094619751
0.714059,-0.00498543756063,-0.554534054821,-0.00306796157577,0.746281653306,-0.00345145677274,1.2532623037,-0.00460194236366,0.0,0.845606909322,-0.805723408837,-0.729024369443,0.865932154761,0.737077768579,1.08682538822,-0.660378729185,7.34094619751
0.724071,-0.00575242795457,-0.555301045215,-0.00383495196971,0.745898158109,-0.00383495196971,1.2532623037,-0.00498543756063,0.0,0.845606909322,-0.808024380019,-0.729024369443,0.869383611534,0.737844758973,1.08759237861,-0.660762224382,7.34094619751
0.734060,-0.0053689327576,-0.555301045215,-0.00345145677274,0.745898158109,-0.00383495196971,1.2532623037,-0.00460194236366,0.0,0.845606909322,-0.811092341594,-0.729024369443,0.872068077913,0.737077768579,1.08720888341,-0.660762224382,7.34094619751
0.744018,-0.0053689327576,-0.555301045215,-0.00345145677274,0.745514662912,-0.00383495196971,1.2532623037,-0.00421844716668,0.0,0.846757394913,-0.811859331988,-0.728640874246,0.875903029883,0.736310778185,1.08759237861,-0.660762224382,7.34094619751
0.754006,-0.00498543756063,-0.555301045215,-0.00345145677274,0.745898158109,-0.00383495196971,1.2536457989,-0.00498543756063,0.0,0.846757394913,-0.813393312776,-0.728640874246,0.879737981852,0.736310778185,1.08797587381,-0.660762224382,7.34094619751
0.764047,-0.0053689327576,-0.554534054821,-0.00345145677274,0.745514662912,-0.00383495196971,1.2532623037,-0.0053689327576,0.0,0.84714089011,-0.815694283958,-0.72940786464,0.883189438625,0.737077768579,1.08759237861,-0.661145719579,7.34094619751
0.774039,-0.0053689327576,-0.554917550018,-0.00306796157577,0.746281653306,-0.00383495196971,1.2536457989,-0.00460194236366,0.0,0.847524385307,-0.81799525514,-0.729024369443,0.885873905004,0.737077768579,1.08797587381,-0.66344669076,7.34094619751
0.783996,-0.00575242795457,-0.555684540411,-0.00383495196971,0.745514662912,-0.00345145677274,1.25287880851,-0.00460194236366,0.0,0.848291375701,-0.820679721519,-0.728640874246,0.889708856974,0.736310778185,1.08720888341,-0.664597176351,7.34094619751
0.793991,-0.0053689327576,-0.555301045215,-0.00383495196971,0.745898158109,-0.00345145677274,1.2532623037,-0.0053689327576,0.0,0.847907880504,-0.822980692701,-0.729024369443,0.893160313746,0.737077768579,1.08759237861,-0.666131157139,7.34094619751
0.803993,-0.00575242795457,-0.555301045215,-0.00383495196971,0.745131167715,-0.00345145677274,1.2536457989,-0.00421844716668,0.0,0.848674870898,-0.825281663882,-0.72940786464,0.898145751307,0.736694273382,1.08797587381,-0.668432128321,7.34094619751
0.814032,-0.00498543756063,-0.555301045215,-0.00383495196971,0.746281653306,-0.00383495196971,1.2536457989,-0.00460194236366,0.0,0.849058366095,-0.827966130261,-0.728640874246,0.902747693671,0.735927282988,1.0887428642,-0.670733099503,7.34094619751
0.824017,-0.0053689327576,-0.555684540411,-0.00383495196971,0.745898158109,-0.00383495196971,1.25249531331,-0.00460194236366,0.0,0.849825356489,-0.829500111049,-0.72940786464,0.905815655246,0.736694273382,1.0887428642,-0.673417565882,7.34094619751
0.834010,-0.0053689327576,-0.554917550018,-0.00383495196971,0.745898158109,-0.00345145677274,1.2540292941,-0.00460194236366,0.0,0.849441861292,-0.832184577428,-0.72940786464,0.909650607216,0.735927282988,1.08989334979,-0.676869022654,7.34094619751
0.844028,-0.0053689327576,-0.554534054821,-0.00383495196971,0.745898158109,-0.00345145677274,1.25287880851,-0.00460194236366,0.0,0.850208851685,-0.83448554861,-0.729024369443,0.912718568792,0.735927282988,1.09027684499,-0.67993698423,7.34094619751
0.854031,-0.00498543756063,-0.554534054821,-0.00345145677274,0.746281653306,-0.00306796157577,1.2536457989,-0.00460194236366,0.0,0.850208851685,-0.836786519791,-0.729024369443,0.916170025565,0.736310778185,1.09066034019,-0.6837719362,7.34094619751
0.864026,-0.0053689327576,-0.554534054821,-0.00345145677274,0.745131167715,-0.00345145677274,1.2540292941,-0.00460194236366,0.0,0.850208851685,-0.839854481367,-0.728640874246,0.921538958322,0.735927282988,1.09219432097,-0.687223392973,7.34094619751
0.874029,-0.00498543756063,-0.555301045215,-0.00345145677274,0.746665148503,-0.00383495196971,1.2540292941,-0.00460194236366,0.0,0.850975842079,-0.84330593814,-0.72940786464,0.924990415095,0.736694273382,1.09219432097,-0.690674849745,7.34094619751
0.884011,-0.0053689327576,-0.555301045215,-0.00306796157577,0.745898158109,-0.00306796157577,1.2532623037,-0.00421844716668,0.0,0.850592346882,-0.845606909322,-0.728640874246,0.929208862262,0.735543787791,1.09219432097,-0.694893296912,7.34094619751
0.894056,-0.0053689327576,-0.554917550018,-0.00383495196971,0.745898158109,-0.00306796157577,1.2536457989,-0.00460194236366,0.0,0.850592346882,-0.849058366095,-0.729791359836,0.932276823837,0.735927282988,1.09296131137,-0.698344753685,7.34094619751
0.904032,-0.0053689327576,-0.554917550018,-0.00345145677274,0.745898158109,-0.00345145677274,1.2536457989,-0.00460194236366,0.0,0.850592346882,-0.851742832473,-0.729024369443,0.936495271004,0.736694273382,1.09411179696,-0.702179705655,7.34094619751
0.914007,-0.0053689327576,-0.555301045215,-0.00345145677274,0.745898158109,-0.00345145677274,1.2536457989,-0.00421844716668,0.0,0.850975842079,-0.853660308458,-0.72940786464,0.940330222974,0.736310778185,1.09449529216,-0.706014657624,7.34094619751
0.924021,-0.0053689327576,-0.555684540411,-0.00421844716668,0.746281653306,-0.00383495196971,1.2536457989,-0.00498543756063,0.0,0.850975842079,-0.856344774837,-0.729024369443,0.94454867014,0.736310778185,1.09487878735,-0.707932133609,7.34094619751
0.934284,-0.0053689327576,-0.555301045215,-0.00345145677274,0.745514662912,-0.00306796157577,1.2532623037,-0.0053689327576,0.0,0.851359337276,-0.860563222004,-0.72940786464,0.94838362211,0.735927282988,1.09487878735,-0.710233104791,7.34094619751
0.944003,-0.00498543756063,-0.555301045215,-0.00460194236366,0.745898158109,-0.00306796157577,1.2536457989,-0.00460194236366,0.0,0.851742832473,-0.862480697989,-0.730174855033,0.952985564474,0.737077768579,1.09602927294,-0.711000095185,7.34094619751
0.954007,-0.0053689327576,-0.554534054821,-0.00345145677274,0.745898158109,-0.00306796157577,1.2532623037,-0.00460194236366,0.0,0.851359337276,-0.865932154761,-0.728640874246,0.956820516444,0.737077768579,1.09564577775,-0.713301066367,7.34094619751
0.964008,-0.00498543756063,-0.555301045215,-0.00421844716668,0.745514662912,-0.00345145677274,1.2532623037,-0.00460194236366,0.0,0.851742832473,-0.868233125943,-0.72940786464,0.96103896361,0.736310778185,1.09641276814,-0.713684561564,7.34094619751
0.974017,-0.0053689327576,-0.555301045215,-0.00345145677274,0.745898158109,-0.00383495196971,1.2536457989,-0.00498543756063,0.0,0.851742832473,-0.871301087519,-0.729024369443,0.965257410777,0.737844758973,1.09717975854,-0.715218542352,7.34094619751
0.984037,-0.0053689327576,-0.554917550018,-0.00421844716668,0.746281653306,-0.00306796157577,1.2536457989,-0.0053689327576,0.0,0.852509822867,-0.874369049095,-0.729791359836,0.969859353141,0.736694273382,1.09679626334,-0.715985532746,7.34094619751
0.994035,-0.00575242795457,-0.555684540411,-0.00306796157577,0.746281653306,-0.00383495196971,1.2536457989,-0.00498543756063,0.0,0.852509822867,-0.878587496261,-0.72940786464,0.974077800307,0.735927282988,1.09679626334,-0.717136018336,7.34094619751
1.004011,-0.0053689327576,-0.555301045215,-0.00345145677274,0.745514662912,-0.00383495196971,1.2536457989,-0.00460194236366,0.0,0.85212632767,-0.88127196264,-0.72940786464,0.979446733065,0.735927282988,1.09717975854,-0.719053494321,7.34094619751
1.014016,-0.00498543756063,-0.555301045215,-0.00421844716668,0.746281653306,-0.00345145677274,1.2536457989,-0.0053689327576,0.0,0.852509822867,-0.883956429019,-0.729024369443,0.982898189838,0.736694273382,1.09833024413,-0.720587475109,7.34094619751
1.024017,-0.00575242795457,-0.555301045215,-0.00421844716668,0.745514662912,-0.00306796157577,1.2532623037,-0.00498543756063,0.0,0.852509822867,-0.887407885792,-0.729024369443,0.987116637004,0.736694273382,1.09794674893,-0.722504951094,7.34094619751
1.034012,-0.0053689327576,-0.555684540411,-0.00383495196971,0.745898158109,-0.00421844716668,1.25287880851,-0.00460194236366,0.0,0.852893318064,-0.890859342564,-0.72940786464,0.991718579368,0.736694273382,1.09909723452,-0.724805922276,7.34094619751
1.044013,-0.0053689327576,-0.555301045215,-0.00306796157577,0.745898158109,-0.00345145677274,1.25287880851,-0.00460194236366,0.0,0.852509822867,-0.89392730414,-0.729024369443,0.995553531338,0.736310778185,1.10024772011,-0.72557291267,7.34094619751
1.054015,-0.0053689327576,-0.555301045215,-0.00383495196971,0.745514662912,-0.00345145677274,1.2536457989,-0.00421844716668,0.0,0.852893318064,-0.897378760913,-0.729024369443,0.999771978504,0.736310778185,1.10063121531,-0.727106893458,7.34094619751
1.064023,-0.0053689327576,-0.555301045215,-0.00383495196971,0.746281653306,-0.00383495196971,1.2532623037,-0.00460194236366,0.0,0.853276813261,-0.90159720808,-0.72940786464,1.00437392087,0.736694273382,1.1010147105,-0.72940786464,7.34094619751
1.074024,-0.00498543756063,-0.555301045215,-0.00345145677274,0.745898158109,-0.00345145677274,1.2532623037,-0.00498543756063,0.0,0.853276813261,-0.903898179261,-0.729024369443,1.00820887284,0.735927282988,1.1013982057,-0.72940786464,7.34094619751
1.083975,-0.00498543756063,-0.555301045215,-0.00345145677274,0.745514662912,-0.00345145677274,1.2536457989,-0.00460194236366,0.0,0.853660308458,-0.906966140837,-0.72940786464,1.0135778056,0.735160292594,1.10063121531,-0.73055835023,7.34094619751
1.094015,-0.00575242795457,-0.554917550018,-0.00306796157577,0.745514662912,-0.00306796157577,1.2536457989,-0.0053689327576,0.0,0.853660308458,-0.91041759761,-0.729791359836,1.01741275757,0.735927282988,1.10024772011,-0.730174855033,7.34094619751
1.103993,-0.00575242795457,-0.554534054821,-0.00383495196971,0.745898158109,-0.00460194236366,1.2536457989,-0.00460194236366,0.0,0.853660308458,-0.913869054383,-0.730174855033,1.02201469993,0.735160292594,1.1017817009,-0.731708835821,7.34094619751
1.114011,-0.0053689327576,-0.554917550018,-0.00383495196971,0.745898158109,-0.00306796157577,1.2536457989,-0.00498543756063,0.0,0.854427298852,-0.916937015959,-0.729791359836,1.02661664229,0.734776797397,1.1021651961,-0.732475826215,7.34094619751
1.124021,-0.00460194236366,-0.555301045215,-0.00345145677274,0.745898158109,-0.00345145677274,1.2540292941,-0.00460194236366,0.0,0.854043803655,-0.920388472731,-0.730941845427,1.03083508946,0.735160292594,1.10293218649,-0.731708835821,7.34094619751
1.133972,-0.0053689327576,-0.554917550018,-0.00345145677274,0.746281653306,-0.00306796157577,1.2532623037,-0.00498543756063,0.0,0.854427298852,-0.923839929504,-0.731325340624,1.03543703182,0.735160292594,1.10446616728,-0.731708835821,7.34094619751
1.143992,-0.0053689327576,-0.555301045215,-0.00383495196971,0.746281653306,-0.00383495196971,1.2532623037,-0.00460194236366,0.0,0.855194289246,-0.926140900686,-0.730941845427,1.0381214982,0.734009807003,1.10446616728,-0.731325340624,7.34094619751
1.153995,-0.00498543756063,-0.554534054821,-0.00306796157577,0.745898158109,-0.00383495196971,1.2536457989,-0.00460194236366,0.0,0.855194289246,-0.929975852656,-0.731325340624,1.04310693576,0.733626311806,1.10600014807,-0.731708835821,7.34094619751
1.164030,-0.00575242795457,-0.555684540411,-0.00306796157577,0.745898158109,-0.00345145677274,1.25287880851,-0.00421844716668,0.0,0.854810794049,-0.933043814231,-0.73055835023,1.04770887813,0.733626311806,1.10638364326,-0.731325340624,7.34094619751
1.174033,-0.0053689327576,-0.555684540411,-0.00383495196971,0.745898158109,-0.00306796157577,1.25287880851,-0.00460194236366,0.0,0.855194289246,-0.936495271004,-0.731708835821,1.05192732529,0.732092331018,1.10676713846,-0.732092331018,7.34094619751
1.184030,-0.0053689327576,-0.554917550018,-0.00345145677274,0.745131167715,-0.00345145677274,1.2532623037,-0.00498543756063,0.0,0.855194289246,-0.938796242186,-0.732092331018,1.05576227726,0.731708835821,1.10638364326,-0.732092331018,7.34094619751
1.194024,-0.00498543756063,-0.554917550018,-0.00345145677274,0.746281653306,-0.00345145677274,1.2536457989,-0.00498543756063,0.0,0.856344774837,-0.941864203762,-0.731325340624,1.05959722923,0.73055835023,1.10676713846,-0.731708835821,7.34094619751
1.204005,-0.00498543756063,-0.555301045215,-0.00345145677274,0.745898158109,-0.00306796157577,1.2536457989,-0.00460194236366,0.0,0.856344774837,-0.945315660534,-0.732475826215,1.0641991716,0.72940786464,1.10830111925,-0.732092331018,7.34094619751
1.214028,-0.00575242795457,-0.555301045215,-0.00383495196971,0.745898158109,-0.00345145677274,1.2536457989,-0.00460194236366,0.0,0.857111765231,-0.948000126913,-0.732092331018,1.06765062837,0.728640874246,1.10868461444,-0.731708835821,7.34094619751
1.224040,-0.00498543756063,-0.554917550018,-0.00383495196971,0.745514662912,-0.00383495196971,1.2536457989,-0.00460194236366,0.0,0.857111765231,-0.949917602898,-0.732475826215,1.07186907553,0.727490388655,1.10868461444,-0.732859321412,7.34094619751
1.234002,-0.0053689327576,-0.555684540411,-0.00383495196971,0.746281653306,-0.00383495196971,1.2540292941,-0.00421844716668,0.0,0.857111765231,-0.953369059671,-0.733242816609,1.07532053231,0.726723398261,1.10945160484,-0.733242816609,7.34094619751
1.244033,-0.0053689327576,-0.555301045215,-0.00345145677274,0.745514662912,-0.00345145677274,1.2532623037,-0.00575242795457,0.0,0.858645746019,-0.956437021247,-0.733626311806,1.07953897947,0.727106893458,1.10868461444,-0.732859321412,7.34094619751
1.254001,-0.00498543756063,-0.555301045215,-0.00383495196971,0.745131167715,-0.00383495196971,1.2536457989,-0.00460194236366,0.0,0.857878755625,-0.959121487625,-0.7343933022,1.08414092184,0.724805922276,1.10868461444,-0.733242816609,7.34094619751
1.264048,-0.0053689327576,-0.554534054821,-0.00383495196971,0.745514662912,-0.00345145677274,1.2536457989,-0.00460194236366,0.0,0.858645746019,-0.962572944398,-0.735160292594,1.088359369,0.723655436685,1.10945160484,-0.733242816609,7.34094619751
1.274005,-0.00498543756063,-0.555301045215,-0.00345145677274,0.745898158109,-0.00345145677274,1.2536457989,-0.00498543756063,0.0,0.860179726807,-0.964106925186,-0.735927282988,1.09219432097,0.722888446291,1.10906810964,-0.7343933022,7.34094619751
1.284047,-0.0053689327576,-0.554917550018,-0.00306796157577,0.745514662912,-0.00306796157577,1.2536457989,-0.00498543756063,0.0,0.860563222004,-0.967174886762,-0.736310778185,1.09602927294,0.721354465503,1.10868461444,-0.733626311806,7.34094619751
1.294024,-0.00613592315154,-0.554917550018,-0.00345145677274,0.745514662912,-0.00383495196971,1.2536457989,-0.00498543756063,0.0,0.861330212398,-0.969859353141,-0.737077768579,1.09986422491,0.7217379607,1.10945160484,-0.734009807003,7.34094619751
1.303996,-0.00460194236366,-0.555301045215,-0.00306796157577,0.745514662912,-0.00345145677274,1.2532623037,-0.00460194236366,0.0,0.861713707595,-0.972543819519,-0.738611749367,1.10369917688,0.719820484715,1.10906810964,-0.733626311806,7.34094619751
1.314013,-0.0053689327576,-0.555301045215,-0.00421844716668,0.746281653306,-0.00345145677274,1.25441278929,-0.00460194236366,0.0,0.862097202792,-0.974461295504,-0.738611749367,1.10753412885,0.718669999124,1.10906810964,-0.735927282988,7.34094619751
1.323991,-0.00575242795457,-0.555684540411,-0.00345145677274,0.745898158109,-0.00306796157577,1.25287880851,-0.00421844716668,0.0,0.863631183579,-0.977145761883,-0.738995244564,1.11136908082,0.71790300873,1.10791762405,-0.735927282988,7.34094619751
1.334009,-0.00575242795457,-0.555684540411,-0.00306796157577,0.745514662912,-0.00383495196971,1.2536457989,-0.0053689327576,0.0,0.864014678776,-0.979446733065,-0.740912720549,1.11558752799,0.716369027942,1.10830111925,-0.736694273382,7.34094619751
1.344004,-0.00498543756063,-0.555684540411,-0.00345145677274,0.745131167715,-0.00345145677274,1.2536457989,-0.00498543756063,0.0,0.864014678776,-0.982898189838,-0.742446701337,1.11942247996,0.715218542352,1.10791762405,-0.737844758973,7.34094619751
1.354000,-0.00460194236366,-0.555684540411,-0.00306796157577,0.745514662912,-0.00383495196971,1.2536457989,-0.00460194236366,0.0,0.865932154761,-0.985199161019,-0.742830196534,1.12287393673,0.714835047155,1.10830111925,-0.739762234958,7.34094619751
1.364024,-0.0053689327576,-0.554917550018,-0.00345145677274,0.745514662912,-0.00306796157577,1.2536457989,-0.00498543756063,0.0,0.866315649958,-0.987116637004,-0.743597186927,1.1267088887,0.713301066367,1.10906810964,-0.740145730155,7.34094619751
1.374025,-0.0053689327576,-0.555301045215,-0.00345145677274,0.745898158109,-0.00345145677274,1.2536457989,-0.00498543756063,0.0,0.867466135549,-0.989801103383,-0.744747672518,1.13169432626,0.711383590382,1.10830111925,-0.742446701337,7.34094619751
1.383999,-0.0053689327576,-0.555301045215,-0.00421844716668,0.745514662912,-0.00383495196971,1.25441278929,-0.00498543756063,0.0,0.868233125943,-0.992485569762,-0.746281653306,1.13476228784,0.710616599988,1.10791762405,-0.742830196534,7.34094619751
1.394003,-0.0053689327576,-0.554917550018,-0.00345145677274,0.745898158109,-0.00306796157577,1.2536457989,-0.00421844716668,0.0,0.869000116337,-0.995170036141,-0.7470486437,1.13783024941,0.709849609594,1.10830111925,-0.743980682124,7.34094619751
1.404002,-0.0053689327576,-0.555684540411,-0.00306796157577,0.745131167715,-0.00421844716668,1.2536457989,-0.00460194236366,0.0,0.870150601928,-0.997087512126,-0.748966119685,1.14281568697,0.708315628806,1.10830111925,-0.746281653306,7.34094619751
1.414006,-0.00498543756063,-0.555301045215,-0.00345145677274,0.745514662912,-0.00383495196971,1.2540292941,-0.00460194236366,0.0,0.871301087519,-0.99900498811,-0.749733110079,1.14626714375,0.707548638412,1.10715063366,-0.7470486437,7.34094619751
1.423988,-0.0053689327576,-0.556068035608,-0.00345145677274,0.745898158109,-0.00421844716668,1.2536457989,-0.00460194236366,0.0,0.872835068307,-1.0009224641,-0.752034081261,1.14971860052,0.706398152821,1.10830111925,-0.748582624488,7.34094619751
1.434020,-0.0053689327576,-0.556451530805,-0.00383495196971,0.745514662912,-0.00345145677274,1.2532623037,-0.00460194236366,0.0,0.873602058701,-1.00360693047,-0.752417576458,1.15355355249,0.705631162427,1.10791762405,-0.749733110079,7.34094619751
1.444036,-0.00575242795457,-0.554917550018,-0.00306796157577,0.745514662912,-0.00306796157577,1.2540292941,-0.00498543756063,0.0,0.873985553898,-1.00514091126,-0.754335052443,1.15623801887,0.70524766723,1.10753412885,-0.75088359567,7.34094619751
1.454032,-0.0053689327576,-0.554917550018,-0.00383495196971,0.745131167715,-0.00345145677274,1.2540292941,-0.00498543756063,0.0,0.875136039489,-1.00820887284,-0.754335052443,1.16007297084,0.704480676836,1.10791762405,-0.752417576458,7.34094619751
1.464128,-0.00575242795457,-0.555301045215,-0.00345145677274,0.745898158109,-0.00345145677274,1.2536457989,-0.00498543756063,0.0,0.87628652508,-1.00935935843,-0.756252528428,1.16390792281,0.704097181639,1.10791762405,-0.754335052443,7.34094619751
1.473985,-0.00498543756063,-0.555301045215,-0.00306796157577,0.745514662912,-0.00383495196971,1.2536457989,-0.00498543756063,0.0,0.875903029883,-1.01127683441,-0.757403014018,1.16735937958,0.702946696048,1.10830111925,-0.755102042837,7.34094619751
1.484002,-0.00575242795457,-0.555301045215,-0.00345145677274,0.745131167715,-0.00345145677274,1.2540292941,-0.0053689327576,0.0,0.87743701067,-1.0135778056,-0.758553499609,1.16927685557,0.702179705655,1.10906810964,-0.757019518821,7.34094619751
1.494004,-0.0053689327576,-0.555301045215,-0.00345145677274,0.744747672518,-0.00383495196971,1.2536457989,-0.00498543756063,0.0,0.878204001064,-1.01472829119,-0.758936994806,1.17272831234,0.702179705655,1.10983510004,-0.757786509215,7.34094619751
1.504022,-0.0053689327576,-0.555684540411,-0.00383495196971,0.745514662912,-0.00345145677274,1.25287880851,-0.00460194236366,0.0,0.880121477049,-1.01626227197,-0.760854470791,1.17656326431,0.702563200852,1.10906810964,-0.7597039852,7.34094619751
1.514009,-0.00575242795457,-0.555301045215,-0.00345145677274,0.745514662912,-0.00383495196971,1.2536457989,-0.00460194236366,0.0,0.879737981852,-1.01817974796,-0.762771946776,1.17848074029,0.702179705655,1.10945160484,-0.760087480397,7.34094619751
1.524009,-0.00575242795457,-0.554917550018,-0.00460194236366,0.745514662912,-0.00345145677274,1.2536457989,-0.00460194236366,0.0,0.880888467443,-1.02086421434,-0.763155441973,1.18154870187,0.702563200852,1.10983510004,-0.760470975594,7.34094619751
1.533996,-0.0053689327576,-0.555301045215,-0.00306796157577,0.745131167715,-0.00383495196971,1.2536457989,-0.00460194236366,0.0,0.882038953034,-1.02163120473,-0.764689422761,1.18500015864,0.701412715261,1.10983510004,-0.761237965988,7.34094619751
1.544012,-0.00575242795457,-0.555301045215,-0.00345145677274,0.745514662912,-0.00345145677274,1.2536457989,-0.00460194236366,0.0,0.882805943428,-1.02354868072,-0.765456413155,1.18768462502,0.701796210458,1.10983510004,-0.762004956382,7.34094619751
1.554018,-0.00575242795457,-0.555301045215,-0.00345145677274,0.745131167715,-0.00383495196971,1.2532623037,-0.00498543756063,0.0,0.883189438625,-1.02469916631,-0.76737388914,1.1899855962,0.701796210458,1.10945160484,-0.762004956382,7.34094619751
1.564038,-0.00498543756063,-0.554917550018,-0.00383495196971,0.745514662912,-0.00306796157577,1.2536457989,-0.00498543756063,0.0,0.884339924216,-1.0254661567,-0.767757384337,1.19190307219,0.702179705655,1.11021859523,-0.76353893717,7.34094619751
1.574013,-0.0053689327576,-0.554917550018,-0.00383495196971,0.745131167715,-0.00345145677274,1.2532623037,-0.00498543756063,0.0,0.884723419413,-1.02776712788,-0.768907869928,1.19573802416,0.701029220064,1.10945160484,-0.76353893717,7.34094619751
1.584030,-0.0053689327576,-0.555684540411,-0.00345145677274,0.745898158109,-0.00383495196971,1.2532623037,-0.00498543756063,0.0,0.885873905004,-1.02930110867,-0.770058355518,1.19803899534,0.701029220064,1.10906810964,-0.763922432367,7.34094619751
1.593998,-0.00460194236366,-0.555301045215,-0.00421844716668,0.745131167715,-0.00345145677274,1.2532623037,-0.00498543756063,0.0,0.886257400201,-1.03121858466,-0.771208841109,1.20033996652,0.700645724867,1.11021859523,-0.764305927564,7.34094619751
1.604034,-0.00498543756063,-0.555684540411,-0.00383495196971,0.745131167715,-0.00306796157577,1.2536457989,-0.00421844716668,0.0,0.886640895398,-1.03160207985,-0.771592336306,1.2026409377,0.700645724867,1.10868461444,-0.764689422761,7.34094619751
1.613995,-0.0053689327576,-0.555301045215,-0.00345145677274,0.745131167715,-0.00345145677274,1.2540292941,-0.00460194236366,0.0,0.887024390595,-1.03275256544,-0.773126317094,1.20570889928,0.701029220064,1.10983510004,-0.764689422761,7.34094619751
1.623997,-0.0053689327576,-0.556068035608,-0.00345145677274,0.745514662912,-0.00345145677274,1.2536457989,-0.00460194236366,0.0,0.888558371383,-1.03428654623,-0.774276802685,1.20724288007,0.701029220064,1.11021859523,-0.765839908352,7.34094619751
1.633988,-0.00498543756063,-0.555301045215,-0.00383495196971,0.745131167715,-0.00421844716668,1.2536457989,-0.0053689327576,0.0,0.888174876186,-1.03505353663,-0.775810783473,1.20992734644,0.701029220064,1.11060209043,-0.765839908352,7.34094619751
1.644022,-0.0053689327576,-0.555301045215,-0.00345145677274,0.745131167715,-0.00383495196971,1.2532623037,-0.00421844716668,0.0,0.888558371383,-1.03620402222,-0.777344764261,1.21184482243,0.701029220064,1.11136908082,-0.76737388914,7.34094619751
1.653993,-0.0053689327576,-0.556068035608,-0.00383495196971,0.745514662912,-0.00345145677274,1.2536457989,-0.00498543756063,0.0,0.889325361777,-1.037738003,-0.777728259458,1.21376229841,0.701796210458,1.11098558563,-0.76737388914,7.34094619751
1.663988,-0.00575242795457,-0.555301045215,-0.00345145677274,0.745514662912,-0.00345145677274,1.2532623037,-0.00460194236366,0.0,0.890859342564,-1.0388884886,-0.778878745049,1.2160632696,0.701412715261,1.10906810964,-0.768140879534,7.34094619751
1.674015,-0.00575242795457,-0.555301045215,-0.00383495196971,0.746281653306,-0.00383495196971,1.2540292941,-0.00421844716668,0.0,0.890475847367,-1.03965547899,-0.780412725837,1.21798074558,0.701412715261,1.10983510004,-0.76737388914,7.34094619751
1.684020,-0.00498543756063,-0.554917550018,-0.00383495196971,0.745514662912,-0.00383495196971,1.2532623037,-0.00498543756063,0.0,0.891626332958,-1.04118945978,-0.780796221034,1.22028171676,0.70026222967,1.10868461444,-0.767757384337,7.34094619751
1.694003,-0.00575242795457,-0.554534054821,-0.00345145677274,0.745898158109,-0.00306796157577,1.25441278929,-0.0053689327576,0.0,0.892393323352,-1.04042246938,-0.783097192216,1.22104870716,0.701029220064,1.11021859523,-0.767757384337,7.34094619751
1.704035,-0.00575242795457,-0.555301045215,-0.0026844663788,0.745514662912,-0.00345145677274,1.2540292941,-0.00460194236366,0.0,0.893160313746,-1.04233994537,-0.783480687412,1.22411666873,0.701412715261,1.11021859523,-0.768140879534,7.34094619751
1.713997,-0.0053689327576,-0.554917550018,-0.00383495196971,0.746281653306,-0.00345145677274,1.25441278929,-0.00498543756063,0.0,0.89392730414,-1.04349043096,-0.784247677806,1.22488365913,0.701796210458,1.11060209043,-0.767757384337,7.34094619751
1.723987,-0.00498543756063,-0.554917550018,-0.00306796157577,0.745514662912,-0.00345145677274,1.2536457989,-0.00575242795457,0.0,0.89392730414,-1.04425742135,-0.785781658594,1.22756812551,0.701029220064,1.11098558563,-0.767757384337,7.34094619751
1.734017,-0.0053689327576,-0.555301045215,-0.00345145677274,0.745131167715,-0.00345145677274,1.2532623037,-0.00498543756063,0.0,0.895844780125,-1.04540790694,-0.787315639382,1.22948560149,0.699878734473,1.11060209043,-0.768140879534,7.34094619751
1.744199,-0.00498543756063,-0.555301045215,-0.00345145677274,0.745514662912,-0.00306796157577,1.2532623037,-0.00460194236366,0.0,0.895461284928,-1.04655839253,-0.787699134579,1.23101958228,0.701412715261,1.10983510004,-0.766990393943,7.34094619751
1.754036,-0.00498543756063,-0.555684540411,-0.00345145677274,0.745131167715,-0.00421844716668,1.2536457989,-0.00498543756063,0.0,0.896611770519,-1.04694188773,-0.78884962017,1.23217006787,0.701412715261,1.11021859523,-0.76737388914,7.34094619751
1.763992,-0.0053689327576,-0.555301045215,-0.00383495196971,0.745514662912,-0.00383495196971,1.2536457989,-0.00460194236366,0.0,0.897378760913,-1.04694188773,-0.790000105761,1.23370404866,0.701796210458,1.10983510004,-0.768140879534,7.34094619751
1.774012,-0.0053689327576,-0.554534054821,-0.00306796157577,0.745131167715,-0.00383495196971,1.25287880851,-0.00383495196971,0.0,0.89776225611,-1.04885936372,-0.791150591352,1.23523802944,0.701796210458,1.11060209043,-0.767757384337,7.34094619751
1.784035,-0.00498543756063,-0.555684540411,-0.00421844716668,0.745514662912,-0.00345145677274,1.2536457989,-0.00460194236366,0.0,0.898145751307,-1.04885936372,-0.791917581746,1.23677201023,0.701029220064,1.11021859523,-0.76737388914,7.34094619751
1.794183,-0.00575242795457,-0.554917550018,-0.00383495196971,0.745131167715,-0.00306796157577,1.2536457989,-0.00498543756063,0.0,0.898529246504,-1.04924285891,-0.79268457214,1.23792249582,0.701796210458,1.10983510004,-0.767757384337,7.34094619751
1.804293,-0.0053689327576,-0.554917550018,-0.00383495196971,0.745514662912,-0.00421844716668,1.2536457989,-0.00460194236366,0.0,0.899296236898,-1.04962635411,-0.793451562534,1.23907298141,0.701029220064,1.10983510004,-0.768140879534,7.34094619751
1.813972,-0.0053689327576,-0.555684540411,-0.00306796157577,0.745131167715,-0.00345145677274,1.2532623037,-0.00421844716668,0.0,0.899296236898,-1.05000984931,-0.794602048125,1.24022346701,0.701029220064,1.11060209043,-0.767757384337,7.34094619751
1.824018,-0.00460194236366,-0.555301045215,-0.00383495196971,0.745898158109,-0.00383495196971,1.25441278929,-0.00498543756063,0.0,0.899679732095,-1.0511603349,-0.795752533716,1.24175744779,0.701412715261,1.11021859523,-0.768140879534,7.34094619751
1.833973,-0.0053689327576,-0.555301045215,-0.00383495196971,0.745514662912,-0.00345145677274,1.2536457989,-0.0053689327576,0.0,0.899296236898,-1.0515438301,-0.79651952411,1.24214094299,0.701412715261,1.11098558563,-0.767757384337,7.34094619751
1.843958,-0.00498543756063,-0.555301045215,-0.00306796157577,0.745514662912,-0.00306796157577,1.2536457989,-0.00421844716668,0.0,0.900063227292,-1.0515438301,-0.797286514503,1.24290793338,0.701029220064,1.11175257602,-0.76737388914,7.34094619751
1.853957,-0.0053689327576,-0.555301045215,-0.00306796157577,0.744747672518,-0.00345145677274,1.25287880851,-0.00498543756063,0.0,0.900063227292,-1.05192732529,-0.7976700097,1.24367492378,0.701412715261,1.11213607122,-0.768140879534,7.34094619751
1.863951,-0.0053689327576,-0.555301045215,-0.00383495196971,0.745514662912,-0.00306796157577,1.2532623037,-0.0053689327576,0.0,0.900446722489,-1.05307781088,-0.798437000094,1.24444191417,0.700645724867,1.11328655681,-0.767757384337,7.34094619751
1.873966,-0.0053689327576,-0.555301045215,-0.00421844716668,0.745131167715,-0.00306796157577,1.2536457989,-0.00460194236366,0.0,0.900063227292,-1.05346130608,-0.799587485685,1.24482540937,0.701412715261,1.1144370424,-0.767757384337,7.34094619751
1.883979,-0.00575242795457,-0.554917550018,-0.00421844716668,0.745514662912,-0.00345145677274,1.25441278929,-0.00498543756063,0.0,0.900446722489,-1.05384480128,-0.799587485685,1.24520890457,0.701412715261,1.11597102319,-0.767757384337,7.34094619751
1.893955,-0.0053689327576,-0.554917550018,-0.00383495196971,0.745898158109,-0.00306796157577,1.2536457989,-0.00460194236366,0.0,0.900063227292,-1.05384480128,-0.799587485685,1.24520890457,0.701412715261,1.11865548957,-0.76737388914,7.34094619751
1.904052,-0.0053689327576,-0.554917550018,-0.00345145677274,0.745131167715,-0.00345145677274,1.2540292941,-0.00421844716668,0.0,0.900063227292,-1.05461179167,-0.80150496167,1.24597589496,0.701412715261,1.12018947035,-0.76737388914,7.34094619751
1.914011,-0.00575242795457,-0.554917550018,-0.00383495196971,0.745131167715,-0.00421844716668,1.2536457989,-0.00498543756063,0.0,0.900063227292,-1.05499528687,-0.80150496167,1.24597589496,0.701029220064,1.12210694634,-0.767757384337,7.34094619751
1.923957,-0.00575242795457,-0.554917550018,-0.00383495196971,0.745898158109,-0.00345145677274,1.2532623037,-0.00460194236366,0.0,0.900063227292,-1.05499528687,-0.801888456867,1.24597589496,0.701029220064,1.12402442232,-0.767757384337,7.34094619751
1.933955,-0.0053689327576,-0.554534054821,-0.00345145677274,0.745514662912,-0.00345145677274,1.2532623037,-0.00498543756063,0.0,0.899296236898,-1.05576227726,-0.802655447261,1.24712638055,0.701029220064,1.12517490791,-0.768140879534,7.34094619751
1.943995,-0.00498543756063,-0.555684540411,-0.00345145677274,0.746281653306,-0.00383495196971,1.2536457989,-0.00421844716668,0.0,0.898145751307,-1.05652926766,-0.803038942458,1.24597589496,0.701029220064,1.12824286949,-0.768140879534,7.34094619751
1.953968,-0.0053689327576,-0.555301045215,-0.00383495196971,0.745898158109,-0.00345145677274,1.2540292941,-0.00498543756063,0.0,0.898529246504,-1.05652926766,-0.803422437655,1.24559239976,0.700645724867,1.13131083107,-0.76737388914,7.34094619751
1.963970,-0.0053689327576,-0.555301045215,-0.00383495196971,0.745131167715,-0.00345145677274,1.2540292941,-0.00460194236366,0.0,0.898912741701,-1.05652926766,-0.80533991364,1.24559239976,0.701796210458,1.13476228784,-0.768140879534,7.34094619751
1.974015,-0.00498543756063,-0.555684540411,-0.00383495196971,0.745514662912,-0.00383495196971,1.2540292941,-0.00460194236366,0.0,0.898912741701,-1.05729625805,-0.806106904034,1.24597589496,0.701412715261,1.13514578304,-0.768140879534,7.34094619751
1.983974,-0.0053689327576,-0.555684540411,-0.00383495196971,0.745514662912,-0.00383495196971,1.2536457989,-0.00498543756063,0.0,0.898912741701,-1.05767975325,-0.806873894428,1.24597589496,0.701029220064,1.13821374461,-0.767757384337,7.34094619751
1.993971,-0.00498543756063,-0.555301045215,-0.00345145677274,0.745514662912,-0.00345145677274,1.2532623037,-0.00460194236366,0.0,0.899296236898,-1.05844674364,-0.808791370413,1.24520890457,0.701029220064,1.1397477254,-0.76737388914,7.34094619751
2.003987,-0.0053689327576,-0.555684540411,-0.00345145677274,0.745514662912,-0.00383495196971,1.2536457989,-0.00498543756063,0.0,0.899296236898,-1.05921373403,-0.808791370413,1.24520890457,0.700645724867,1.14358267737,-0.76737388914,7.34094619751
2.014015,-0.0053689327576,-0.554917550018,-0.00345145677274,0.745514662912,-0.00421844716668,1.25287880851,-0.00460194236366,0.0,0.899296236898,-1.05883023884,-0.809941856003,1.24674288535,0.70026222967,1.14588364855,-0.768140879534,7.34094619751
2.024012,-0.0053689327576,-0.554917550018,-0.00345145677274,0.745131167715,-0.00383495196971,1.2532623037,-0.00460194236366,0.0,0.898912741701,-1.05959722923,-0.8103253512,1.24559239976,0.700645724867,1.14856811493,-0.767757384337,7.34094619751
2.034013,-0.0053689327576,-0.554917550018,-0.00345145677274,0.745131167715,-0.00306796157577,1.2536457989,-0.00498543756063,0.0,0.898529246504,-1.05959722923,-0.811475836791,1.24559239976,0.700645724867,1.14971860052,-0.768524374731,7.34094619751
2.044032,-0.00498543756063,-0.554534054821,-0.00306796157577,0.745131167715,-0.00306796157577,1.2536457989,-0.00460194236366,0.0,0.898912741701,-1.06074771482,-0.812626322382,1.24597589496,0.699495239276,1.1527865621,-0.768140879534,7.34094619751
2.054054,-0.0053689327576,-0.556068035608,-0.00345145677274,0.745514662912,-0.00345145677274,1.2540292941,-0.00460194236366,0.0,0.899296236898,-1.06074771482,-0.814543798367,1.24597589496,0.701029220064,1.15700500926,-0.768524374731,7.34094619751
2.064040,-0.00498543756063,-0.555684540411,-0.00345145677274,0.745514662912,-0.00383495196971,1.2540292941,-0.00498543756063,0.0,0.899679732095,-1.06036421963,-0.814543798367,1.24597589496,0.701412715261,1.15815549485,-0.76737388914,7.34094619751
2.074039,-0.0053689327576,-0.555684540411,-0.00345145677274,0.745898158109,-0.00345145677274,1.2532623037,-0.00421844716668,0.0,0.898912741701,-1.06113121002,-0.815694283958,1.24597589496,0.699878734473,1.16007297084,-0.768524374731,7.34094619751
2.083995,-0.0053689327576,-0.554917550018,-0.00345145677274,0.745514662912,-0.00345145677274,1.2532623037,-0.00460194236366,0.0,0.899679732095,-1.06113121002,-0.817228264746,1.24559239976,0.698344753685,1.16199044682,-0.768524374731,7.34094619751
2.094114,-0.00498543756063,-0.555301045215,-0.00383495196971,0.745131167715,-0.00383495196971,1.2532623037,-0.00421844716668,0.0,0.898912741701,-1.06228169561,-0.81799525514,1.24635939016,0.698344753685,1.1654419036,-0.768140879534,7.34094619751
2.104034,-0.00498543756063,-0.555684540411,-0.00383495196971,0.745131167715,-0.00306796157577,1.2532623037,-0.0053689327576,0.0,0.899296236898,-1.063048686,-0.818762245534,1.24482540937,0.697194268094,1.16697588438,-0.768524374731,7.34094619751
2.114014,-0.00460194236366,-0.554917550018,-0.00421844716668,0.745131167715,-0.00383495196971,1.2540292941,-0.00460194236366,0.0,0.899679732095,-1.06228169561,-0.819912731125,1.24520890457,0.696810772897,1.16889336037,-0.768140879534,7.34094619751
2.124034,-0.0053689327576,-0.555301045215,-0.00383495196971,0.745131167715,-0.00383495196971,1.2540292941,-0.00498543756063,0.0,0.898912741701,-1.0638156764,-0.820679721519,1.24597589496,0.6964272777,1.17157782675,-0.76737388914,7.34094619751
2.134017,-0.00575242795457,-0.555301045215,-0.00383495196971,0.745514662912,-0.00345145677274,1.25287880851,-0.0053689327576,0.0,0.898529246504,-1.0634321812,-0.822213702307,1.24559239976,0.6964272777,1.17349530273,-0.768140879534,7.34094619751
2.144014,-0.0053689327576,-0.555684540411,-0.00383495196971,0.745898158109,-0.00345145677274,1.2536457989,-0.00498543756063,0.0,0.899296236898,-1.06458266679,-0.82183020711,1.24520890457,0.694893296912,1.17617976911,-0.76737388914,7.34094619751
2.154014,-0.00498543756063,-0.554917550018,-0.00345145677274,0.744747672518,-0.00306796157577,1.25287880851,-0.00460194236366,0.0,0.899296236898,-1.06458266679,-0.822213702307,1.24520890457,0.694509801715,1.1773302547,-0.767757384337,7.34094619751
2.163991,-0.00498543756063,-0.555301045215,-0.0026844663788,0.745514662912,-0.00345145677274,1.25287880851,-0.00460194236366,0.0,0.899296236898,-1.06534965719,-0.824514673488,1.24520890457,0.69259232573,1.17963122588,-0.768140879534,7.34094619751
2.174026,-0.0053689327576,-0.555301045215,-0.00383495196971,0.745514662912,-0.00345145677274,1.2536457989,-0.00498543756063,0.0,0.899679732095,-1.06573315238,-0.824898168685,1.24520890457,0.691825335336,1.18116520667,-0.768524374731,7.34094619751
2.184029,-0.0053689327576,-0.555301045215,-0.00383495196971,0.745131167715,-0.00383495196971,1.25287880851,-0.00460194236366,0.0,0.899296236898,-1.06573315238,-0.824898168685,1.24482540937,0.691058344942,1.18346617785,-0.768907869928,7.34094619751
2.194026,-0.00498543756063,-0.555301045215,-0.00306796157577,0.745898158109,-0.00306796157577,1.2532623037,-0.00498543756063,0.0,0.898912741701,-1.06534965719,-0.826432149473,1.24597589496,0.689907859351,1.18461666344,-0.768140879534,7.34094619751
2.204025,-0.0053689327576,-0.555684540411,-0.00421844716668,0.745898158109,-0.00345145677274,1.25441278929,-0.00460194236366,0.0,0.898912741701,-1.06726713317,-0.82681564467,1.24520890457,0.689140868958,1.18653413943,-0.768524374731,7.34094619751
2.214024,-0.00575242795457,-0.554917550018,-0.00306796157577,0.745514662912,-0.00306796157577,1.2540292941,-0.00498543756063,0.0,0.899296236898,-1.06688363797,-0.827582635064,1.24559239976,0.688373878564,1.18768462502,-0.768907869928,7.34094619751
2.224024,-0.00613592315154,-0.555684540411,-0.00383495196971,0.745898158109,-0.00383495196971,1.2540292941,-0.00460194236366,0.0,0.899296236898,-1.06726713317,-0.827966130261,1.24482540937,0.687223392973,1.1903690914,-0.767757384337,7.34094619751
2.234025,-0.0053689327576,-0.554917550018,-0.00306796157577,0.745898158109,-0.00421844716668,1.25249531331,-0.00498543756063,0.0,0.899679732095,-1.06765062837,-0.828349625458,1.24520890457,0.686072907382,1.19151957699,-0.768140879534,7.34094619751
2.244021,-0.00575242795457,-0.554917550018,-0.00345145677274,0.745131167715,-0.00345145677274,1.2540292941,-0.00421844716668,0.0,0.899296236898,-1.06841761876,-0.828349625458,1.24520890457,0.684922421791,1.19382054817,-0.768907869928,7.34094619751
2.254018,-0.00498543756063,-0.555301045215,-0.00345145677274,0.744747672518,-0.00306796157577,1.2532623037,-0.00498543756063,0.0,0.899296236898,-1.06880111396,-0.828733120655,1.24597589496,0.683388441003,1.19458753857,-0.768524374731,7.34094619751
2.264032,-0.0053689327576,-0.555301045215,-0.00345145677274,0.745514662912,-0.00345145677274,1.2532623037,-0.00460194236366,0.0,0.898529246504,-1.06918460916,-0.829500111049,1.24597589496,0.681854460215,1.19650501455,-0.768907869928,7.34094619751
2.274021,-0.00575242795457,-0.554917550018,-0.00383495196971,0.745131167715,-0.00383495196971,1.2540292941,-0.00460194236366,0.0,0.898912741701,-1.06918460916,-0.829116615852,1.24559239976,0.680703974624,1.19842249054,-0.768907869928,7.34094619751
2.284003,-0.0053689327576,-0.555301045215,-0.00306796157577,0.745514662912,-0.00306796157577,1.2536457989,-0.00460194236366,0.0,0.898912741701,-1.06995159955,-0.829500111049,1.24559239976,0.679169993836,1.19995647132,-0.768140879534,7.34094619751
2.294017,-0.00575242795457,-0.555301045215,-0.00383495196971,0.745898158109,-0.00345145677274,1.2540292941,-0.00460194236366,0.0,0.898145751307,-1.06995159955,-0.829500111049,1.24520890457,0.678019508245,1.20110695691,-0.768140879534,7.34094619751
2.304018,-0.00498543756063,-0.555301045215,-0.00345145677274,0.745131167715,-0.00345145677274,1.2540292941,-0.00421844716668,0.0,0.898529246504,-1.07071858994,-0.829500111049,1.24482540937,0.676485527457,1.2034079281,-0.768140879534,7.34094619751
2.314007,-0.0053689327576,-0.555684540411,-0.00306796157577,0.745514662912,-0.00421844716668,1.2540292941,-0.00460194236366,0.0,0.89776225611,-1.07186907553,-0.828733120655,1.24520890457,0.673801061079,1.20609239447,-0.768140879534,7.34094619751
2.324033,-0.0053689327576,-0.554534054821,-0.00345145677274,0.745898158109,-0.00383495196971,1.2536457989,-0.00460194236366,0.0,0.898145751307,-1.07110208514,-0.830267101443,1.24597589496,0.672267080291,1.20685938487,-0.768524374731,7.34094619751
2.333992,-0.00498543756063,-0.554534054821,-0.00345145677274,0.745514662912,-0.00306796157577,1.2536457989,-0.00460194236366,0.0,0.89776225611,-1.07225257073,-0.829883606246,1.24559239976,0.669199118715,1.20800987046,-0.767757384337,7.34094619751
2.343998,-0.00498543756063,-0.555301045215,-0.0026844663788,0.745131167715,-0.00345145677274,1.2532623037,-0.0053689327576,0.0,0.898145751307,-1.07301956113,-0.83065059664,1.24520890457,0.668432128321,1.20954385125,-0.767757384337,7.34094619751
2.354043,-0.00460194236366,-0.555301045215,-0.00345145677274,0.745131167715,-0.00383495196971,1.2536457989,-0.00498543756063,0.0,0.89776225611,-1.07378655152,-0.829883606246,1.24520890457,0.668048633124,1.21107783204,-0.768140879534,7.34094619751
2.364007,-0.00498543756063,-0.554917550018,-0.00383495196971,0.745514662912,-0.00345145677274,1.2540292941,-0.00498543756063,0.0,0.89776225611,-1.07417004672,-0.83065059664,1.24520890457,0.666514652336,1.21299530802,-0.768524374731,7.34094619751
2.374222,-0.0053689327576,-0.555684540411,-0.00345145677274,0.745514662912,-0.00345145677274,1.2532623037,-0.00460194236366,0.0,0.89776225611,-1.07455354191,-0.831034091837,1.24520890457,0.664213681154,1.21491278401,-0.768140879534,7.34094619751
2.384036,-0.0053689327576,-0.555684540411,-0.00345145677274,0.745131167715,-0.00345145677274,1.2540292941,-0.00460194236366,0.0,0.897378760913,-1.07493703711,-0.831417587034,1.24520890457,0.663063195563,1.2156797744,-0.767757384337,7.34094619751
2.394039,-0.00498543756063,-0.555301045215,-0.00345145677274,0.745131167715,-0.00345145677274,1.2532623037,-0.0053689327576,0.0,0.896611770519,-1.0764710179,-0.831034091837,1.24482540937,0.661529214776,1.21798074558,-0.768140879534,7.34094619751
2.404404,-0.0053689327576,-0.554917550018,-0.00345145677274,0.745514662912,-0.00345145677274,1.25287880851,-0.00460194236366,0.0,0.896995265716,-1.0764710179,-0.83065059664,1.24520890457,0.660762224382,1.21874773597,-0.767757384337,7.34094619751
2.414032,-0.0053689327576,-0.555684540411,-0.00383495196971,0.745514662912,-0.00383495196971,1.25287880851,-0.00498543756063,0.0,0.897378760913,-1.0768545131,-0.831801082231,1.24482540937,0.659611738791,1.22143220235,-0.768140879534,7.34094619751
2.424139,-0.0053689327576,-0.555684540411,-0.00421844716668,0.745514662912,-0.00345145677274,1.2532623037,-0.00498543756063,0.0,0.896228275322,-1.07762150349,-0.831034091837,1.24520890457,0.657694262806,1.22258268794,-0.767757384337,7.34094619751
2.434005,-0.00498543756063,-0.555301045215,-0.00383495196971,0.745514662912,-0.00345145677274,1.2532623037,-0.0053689327576,0.0,0.895844780125,-1.07838849388,-0.831417587034,1.24444191417,0.657310767609,1.22411666873,-0.768907869928,7.34094619751
2.443998,-0.0053689327576,-0.554917550018,-0.00383495196971,0.745514662912,-0.00383495196971,1.2540292941,-0.00498543756063,0.0,0.895461284928,-1.07877198908,-0.831034091837,1.24520890457,0.655776786821,1.22641763991,-0.768140879534,7.34094619751
2.454146,-0.00575242795457,-0.555301045215,-0.00306796157577,0.745131167715,-0.00306796157577,1.2540292941,-0.00498543756063,0.0,0.895077789731,-1.07877198908,-0.831801082231,1.24520890457,0.653859310836,1.22756812551,-0.768907869928,7.34094619751
2.464025,-0.0053689327576,-0.554917550018,-0.00345145677274,0.745514662912,-0.00421844716668,1.2536457989,-0.00460194236366,0.0,0.894694294534,-1.07877198908,-0.83065059664,1.24559239976,0.652325330048,1.23063608708,-0.768907869928,7.34094619751
2.474033,-0.00498543756063,-0.555301045215,-0.00345145677274,0.745131167715,-0.00383495196971,1.2536457989,-0.00498543756063,0.0,0.894694294534,-1.07992247467,-0.831034091837,1.24559239976,0.652325330048,1.23178657267,-0.767757384337,7.34094619751
2.484018,-0.0053689327576,-0.555301045215,-0.00345145677274,0.745898158109,-0.00383495196971,1.2536457989,-0.00498543756063,0.0,0.894310799337,-1.07992247467,-0.831034091837,1.24520890457,0.651174844457,1.23447103905,-0.768140879534,7.34094619751
2.493991,-0.0053689327576,-0.555684540411,-0.0026844663788,0.745514662912,-0.00383495196971,1.2532623037,-0.0053689327576,0.0,0.893160313746,-1.08068946507,-0.831034091837,1.24559239976,0.648490378079,1.23523802944,-0.768140879534,7.34094619751
2.504086,-0.00498543756063,-0.554534054821,-0.00383495196971,0.745514662912,-0.00345145677274,1.2536457989,-0.00498543756063,0.0,0.893543808943,-1.08183995066,-0.831417587034,1.24559239976,0.648106882882,1.23677201023,-0.768524374731,7.34094619751
2.514166,-0.00575242795457,-0.555684540411,-0.00383495196971,0.745514662912,-0.00345145677274,1.2536457989,-0.00460194236366,0.0,0.892393323352,-1.08222344585,-0.831034091837,1.24559239976,0.647723387685,1.23868948622,-0.767757384337,7.34094619751
2.523989,-0.00498543756063,-0.555301045215,-0.00345145677274,0.745131167715,-0.00345145677274,1.2536457989,-0.00498543756063,0.0,0.892776818549,-1.08222344585,-0.831417587034,1.24444191417,0.647339892488,1.2409904574,-0.768524374731,7.34094619751
2.534013,-0.00575242795457,-0.555301045215,-0.00383495196971,0.745514662912,-0.00345145677274,1.2532623037,-0.00498543756063,0.0,0.891626332958,-1.08260694105,-0.831417587034,1.24520890457,0.646956397291,1.24329142858,-0.768140879534,7.34094619751
2.544031,-0.0053689327576,-0.555301045215,-0.00306796157577,0.745131167715,-0.00383495196971,1.2536457989,-0.00460194236366,0.0,0.890859342564,-1.08337393144,-0.831034091837,1.24520890457,0.646572902094,1.24482540937,-0.768524374731,7.34094619751
2.554039,-0.0053689327576,-0.555301045215,-0.00383495196971,0.745131167715,-0.00345145677274,1.2540292941,-0.00460194236366,0.0,0.890475847367,-1.08452441703,-0.831417587034,1.24482540937,0.645038921306,1.24750987575,-0.768524374731,7.34094619751
2.564038,-0.0053689327576,-0.555301045215,-0.00421844716668,0.745131167715,-0.00383495196971,1.2540292941,-0.00460194236366,0.0,0.889708856974,-1.08414092184,-0.831417587034,1.24520890457,0.645422416503,1.24942735173,-0.768140879534,7.34094619751
2.574010,-0.00575242795457,-0.555301045215,-0.00345145677274,0.745514662912,-0.00383495196971,1.2536457989,-0.00460194236366,0.0,0.889325361777,-1.08529140743,-0.831801082231,1.24597589496,0.644271930912,1.25057783732,-0.768140879534,7.34094619751
2.584015,-0.0053689327576,-0.555301045215,-0.00345145677274,0.744747672518,-0.00306796157577,1.25441278929,-0.0053689327576,0.0,0.888558371383,-1.08644189302,-0.831801082231,1.24520890457,0.644271930912,1.25287880851,-0.768140879534,7.34094619751
2.594041,-0.0053689327576,-0.555684540411,-0.00306796157577,0.745898158109,-0.00383495196971,1.2536457989,-0.00421844716668,0.0,0.888174876186,-1.08644189302,-0.831417587034,1.24559239976,0.643121445321,1.25517977969,-0.768907869928,7.34094619751
2.604009,-0.00575242795457,-0.554534054821,-0.00306796157577,0.745514662912,-0.00383495196971,1.2532623037,-0.00460194236366,0.0,0.887791380989,-1.08720888341,-0.832184577428,1.24597589496,0.642354454927,1.25671376048,-0.767757384337,7.34094619751
2.614011,-0.0053689327576,-0.554917550018,-0.00345145677274,0.745514662912,-0.00383495196971,1.2532623037,-0.00460194236366,0.0,0.887791380989,-1.08759237861,-0.831417587034,1.24559239976,0.644271930912,1.25901473166,-0.768140879534,7.34094619751
2.624005,-0.00460194236366,-0.554534054821,-0.00383495196971,0.745131167715,-0.00421844716668,1.2536457989,-0.00460194236366,0.0,0.886640895398,-1.088359369,-0.831801082231,1.24597589496,0.643121445321,1.26169919804,-0.768140879534,7.34094619751
2.634024,-0.00498543756063,-0.556068035608,-0.00383495196971,0.745514662912,-0.00345145677274,1.2536457989,-0.00421844716668,0.0,0.885490409807,-1.0895098546,-0.831801082231,1.24597589496,0.643504940518,1.26323317882,-0.76737388914,7.34094619751
2.643981,-0.0053689327576,-0.555684540411,-0.00345145677274,0.745898158109,-0.00306796157577,1.2536457989,-0.00498543756063,0.0,0.88510691461,-1.0895098546,-0.832568072625,1.24597589496,0.643504940518,1.2663011404,-0.768140879534,7.34094619751
2.653999,-0.0053689327576,-0.555684540411,-0.00383495196971,0.745514662912,-0.00421844716668,1.2540292941,-0.00498543756063,0.0,0.884339924216,-1.09066034019,-0.832184577428,1.24520890457,0.643121445321,1.26783512119,-0.768140879534,7.34094619751
2.664004,-0.0053689327576,-0.554917550018,-0.00383495196971,0.745131167715,-0.00383495196971,1.2540292941,-0.00460194236366,0.0,0.883572933822,-1.09066034019,-0.832184577428,1.24597589496,0.64197095973,1.27013609237,-0.768524374731,7.34094619751
2.674016,-0.0053689327576,-0.555301045215,-0.00383495196971,0.745898158109,-0.00383495196971,1.2536457989,-0.0053689327576,0.0,0.882805943428,-1.09066034019,-0.831417587034,1.24520890457,0.643504940518,1.27167007316,-0.767757384337,7.34094619751
2.684004,-0.00460194236366,-0.554917550018,-0.00345145677274,0.745898158109,-0.00345145677274,1.2532623037,-0.00460194236366,0.0,0.88127196264,-1.09219432097,-0.832184577428,1.24520890457,0.643121445321,1.27435453954,-0.768140879534,7.34094619751
2.694042,-0.00575242795457,-0.555301045215,-0.00306796157577,0.745514662912,-0.00383495196971,1.2536457989,-0.00460194236366,0.0,0.880888467443,-1.09296131137,-0.832184577428,1.24559239976,0.643121445321,1.27665551072,-0.768140879534,7.34094619751
2.704083,-0.00575242795457,-0.555684540411,-0.00345145677274,0.745514662912,-0.00345145677274,1.2536457989,-0.00460194236366,0.0,0.880504972246,-1.09296131137,-0.831801082231,1.24444191417,0.643504940518,1.27972347229,-0.767757384337,7.34094619751
2.714111,-0.00498543756063,-0.555301045215,-0.00383495196971,0.745131167715,-0.00421844716668,1.2536457989,-0.00498543756063,0.0,0.879737981852,-1.09411179696,-0.831417587034,1.24482540937,0.643504940518,1.28087395788,-0.768140879534,7.34094619751
2.724006,-0.00575242795457,-0.554917550018,-0.00383495196971,0.745514662912,-0.00345145677274,1.2536457989,-0.00575242795457,0.0,0.878970991458,-1.09449529216,-0.832568072625,1.24482540937,0.643121445321,1.28279143387,-0.768907869928,7.34094619751
2.734016,-0.0053689327576,-0.554917550018,-0.00383495196971,0.745514662912,-0.00345145677274,1.2536457989,-0.00498543756063,0.0,0.878587496261,-1.09526228255,-0.832568072625,1.24559239976,0.643504940518,1.28547590025,-0.768907869928,7.34094619751
2.744012,-0.0053689327576,-0.555301045215,-0.00460194236366,0.745131167715,-0.00383495196971,1.2532623037,-0.00421844716668,0.0,0.878204001064,-1.09641276814,-0.831801082231,1.24444191417,0.643504940518,1.28739337623,-0.768140879534,7.34094619751
2.754001,-0.0053689327576,-0.555301045215,-0.00345145677274,0.745514662912,-0.00345145677274,1.2536457989,-0.00460194236366,0.0,0.87743701067,-1.09564577775,-0.832184577428,1.24520890457,0.643121445321,1.28816036663,-0.768907869928,7.34094619751
2.763991,-0.00498543756063,-0.554534054821,-0.00383495196971,0.745131167715,-0.00383495196971,1.2532623037,-0.00460194236366,0.0,0.875903029883,-1.09679626334,-0.832184577428,1.24444191417,0.643121445321,1.29007784261,-0.769291365125,7.34094619751
2.774031,-0.0053689327576,-0.554917550018,-0.00383495196971,0.745514662912,-0.00345145677274,1.25441278929,-0.00460194236366,0.0,0.875136039489,-1.09679626334,-0.832184577428,1.24559239976,0.643121445321,1.2916118234,-0.770441850715,7.34094619751
2.784001,-0.0053689327576,-0.555301045215,-0.00306796157577,0.745131167715,-0.00345145677274,1.2540292941,-0.00460194236366,0.0,0.874752544292,-1.09717975854,-0.831417587034,1.24597589496,0.643121445321,1.29276230899,-0.771592336306,7.34094619751
2.793995,-0.0053689327576,-0.555301045215,-0.00345145677274,0.746281653306,-0.00345145677274,1.2536457989,-0.0053689327576,0.0,0.874369049095,-1.09833024413,-0.832184577428,1.24520890457,0.642737950124,1.29467978498,-0.774276802685,7.34094619751
2.803982,-0.00613592315154,-0.555684540411,-0.00383495196971,0.745898158109,-0.00345145677274,1.2532623037,-0.00460194236366,0.0,0.872835068307,-1.09871373932,-0.831801082231,1.24559239976,0.643121445321,1.29467978498,-0.774660297882,7.34094619751
2.813986,-0.00575242795457,-0.554534054821,-0.00421844716668,0.745898158109,-0.00383495196971,1.2536457989,-0.00460194236366,0.0,0.872835068307,-1.09909723452,-0.832184577428,1.24559239976,0.643121445321,1.29698075616,-0.776961269064,7.34094619751
2.823991,-0.0053689327576,-0.555301045215,-0.00460194236366,0.745514662912,-0.00345145677274,1.2536457989,-0.00460194236366,0.0,0.871684582716,-1.09986422491,-0.832184577428,1.24520890457,0.642354454927,1.29889823214,-0.776961269064,7.34094619751
2.834010,-0.0053689327576,-0.555684540411,-0.00421844716668,0.745131167715,-0.00306796157577,1.2540292941,-0.00498543756063,0.0,0.871301087519,-1.09986422491,-0.831034091837,1.24559239976,0.641587464533,1.30043221293,-0.78002923064,7.34094619751
2.844015,-0.0053689327576,-0.554534054821,-0.00383495196971,0.745514662912,-0.00345145677274,1.2540292941,-0.00460194236366,0.0,0.870150601928,-1.09871373932,-0.831801082231,1.24597589496,0.641203969336,1.30119920332,-0.781179716231,7.34094619751
2.854017,-0.0053689327576,-0.555684540411,-0.00421844716668,0.745514662912,-0.00383495196971,1.2536457989,-0.00421844716668,0.0,0.869383611534,-1.09948072972,-0.831801082231,1.24444191417,0.641203969336,1.30311667931,-0.783097192216,7.34094619751
2.864031,-0.0053689327576,-0.555301045215,-0.00383495196971,0.745514662912,-0.00383495196971,1.2536457989,-0.00460194236366,0.0,0.869767106731,-1.10024772011,-0.832184577428,1.24559239976,0.642354454927,1.3046506601,-0.7850146682,7.34094619751
2.874008,-0.00460194236366,-0.555301045215,-0.00421844716668,0.745514662912,-0.00345145677274,1.2536457989,-0.0053689327576,0.0,0.869000116337,-1.09986422491,-0.832568072625,1.24597589496,0.641587464533,1.30580114569,-0.785781658594,7.34094619751
2.883982,-0.00498543756063,-0.555684540411,-0.0026844663788,0.745131167715,-0.00383495196971,1.2536457989,-0.00498543756063,0.0,0.868233125943,-1.09986422491,-0.832184577428,1.24520890457,0.641587464533,1.30810211687,-0.788466124973,7.34094619751
2.894031,-0.00575242795457,-0.555301045215,-0.00345145677274,0.746281653306,-0.00383495196971,1.2536457989,-0.00460194236366,0.0,0.867466135549,-1.10024772011,-0.832951567822,1.24597589496,0.641203969336,1.31040308805,-0.789233115367,7.34094619751
2.904017,-0.00460194236366,-0.554534054821,-0.00345145677274,0.745898158109,-0.00345145677274,1.2532623037,-0.00460194236366,0.0,0.867082640352,-1.10024772011,-0.832184577428,1.24482540937,0.639669988548,1.31155357364,-0.790383600958,7.34094619751
2.914006,-0.00498543756063,-0.555301045215,-0.00421844716668,0.745514662912,-0.00345145677274,1.2536457989,-0.00460194236366,0.0,0.866699145155,-1.09986422491,-0.832568072625,1.24520890457,0.639286493351,1.31385454482,-0.791534086549,7.34094619751
2.923998,-0.00498543756063,-0.554917550018,-0.00383495196971,0.745898158109,-0.00383495196971,1.2532623037,-0.0053689327576,0.0,0.865548659564,-1.09948072972,-0.832568072625,1.24520890457,0.638519502957,1.31538852561,-0.79268457214,7.34094619751
2.933994,-0.0053689327576,-0.554917550018,-0.00345145677274,0.745898158109,-0.00383495196971,1.2532623037,-0.0053689327576,0.0,0.865548659564,-1.1010147105,-0.832184577428,1.24559239976,0.637369017366,1.3165390112,-0.793451562534,7.34094619751
2.944020,-0.0053689327576,-0.555301045215,-0.00383495196971,0.745514662912,-0.00383495196971,1.2532623037,-0.00421844716668,0.0,0.864398173973,-1.10024772011,-0.832184577428,1.24520890457,0.637369017366,1.31768949679,-0.794985543322,7.34094619751
2.954044,-0.00575242795457,-0.555301045215,-0.00383495196971,0.745514662912,-0.00345145677274,1.2532623037,-0.00460194236366,0.0,0.865165164367,-1.10063121531,-0.832951567822,1.24559239976,0.636985522169,1.31883998238,-0.795752533716,7.34094619751
2.964008,-0.00498543756063,-0.555301045215,-0.00345145677274,0.744747672518,-0.00383495196971,1.2532623037,-0.00498543756063,0.0,0.864398173973,-1.10024772011,-0.833335063019,1.24520890457,0.635451541382,1.32075745837,-0.796136028913,7.34094619751
2.973994,-0.00575242795457,-0.555301045215,-0.00383495196971,0.745131167715,-0.00306796157577,1.2536457989,-0.00498543756063,0.0,0.864014678776,-1.10024772011,-0.832568072625,1.24520890457,0.634301055791,1.32229143916,-0.796903019306,7.34094619751
2.984009,-0.00575242795457,-0.555301045215,-0.00383495196971,0.746281653306,-0.00345145677274,1.2532623037,-0.00498543756063,0.0,0.863247688383,-1.10024772011,-0.832951567822,1.24597589496,0.632767075003,1.32382541995,-0.798437000094,7.34094619751
2.994017,-0.0053689327576,-0.556068035608,-0.00345145677274,0.745514662912,-0.00345145677274,1.2536457989,-0.00460194236366,0.0,0.863631183579,-1.10063121531,-0.832951567822,1.24559239976,0.632000084609,1.32535940073,-0.799587485685,7.34094619751
3.004034,-0.00498543756063,-0.554534054821,-0.00421844716668,0.745898158109,-0.00383495196971,1.2536457989,-0.00460194236366,0.0,0.862864193186,-1.10024772011,-0.832184577428,1.24597589496,0.630466103821,1.32650988632,-0.799587485685,7.34094619751
3.013998,-0.0053689327576,-0.554917550018,-0.00383495196971,0.745898158109,-0.00345145677274,1.2532623037,-0.0053689327576,0.0,0.862097202792,-1.09986422491,-0.833335063019,1.24559239976,0.630082608624,1.32766037191,-0.801121466473,7.34094619751
3.024035,-0.0053689327576,-0.554534054821,-0.00383495196971,0.745514662912,-0.00383495196971,1.2540292941,-0.00498543756063,0.0,0.862480697989,-1.10063121531,-0.832951567822,1.24559239976,0.628932123033,1.32881085751,-0.803038942458,7.34094619751
3.034036,-0.00575242795457,-0.555301045215,-0.00383495196971,0.745514662912,-0.00306796157577,1.2532623037,-0.00460194236366,0.0,0.861330212398,-1.10063121531,-0.832568072625,1.24597589496,0.627398142245,1.33034483829,-0.804189428049,7.34094619751
3.044000,-0.0053689327576,-0.555684540411,-0.00383495196971,0.745131167715,-0.00345145677274,1.2540292941,-0.00498543756063,0.0,0.861713707595,-1.1010147105,-0.832951567822,1.24520890457,0.627014647048,1.33111182869,-0.805723408837,7.34094619751
3.053998,-0.00575242795457,-0.555684540411,-0.00383495196971,0.745514662912,-0.00383495196971,1.2532623037,-0.00460194236366,0.0,0.862097202792,-1.10024772011,-0.832568072625,1.24559239976,0.625097171063,1.33226231428,-0.806873894428,7.34094619751
3.063998,-0.00613592315154,-0.555301045215,-0.00421844716668,0.745514662912,-0.00345145677274,1.2532623037,-0.00460194236366,0.0,0.862864193186,-1.1017817009,-0.834102053413,1.24520890457,0.623179695078,1.33379629507,-0.808024380019,7.34094619751
3.074000,-0.00498543756063,-0.555301045215,-0.00345145677274,0.745898158109,-0.00306796157577,1.2536457989,-0.00460194236366,0.0,0.861330212398,-1.1013982057,-0.832568072625,1.24520890457,0.620878723897,1.33533027585,-0.809941856003,7.34094619751
3.083999,-0.0053689327576,-0.555301045215,-0.00345145677274,0.745131167715,-0.00345145677274,1.2540292941,-0.00421844716668,0.0,0.860946717201,-1.1013982057,-0.833335063019,1.24444191417,0.620878723897,1.33609726625,-0.811859331988,7.34094619751
3.094002,-0.00498543756063,-0.555301045215,-0.00421844716668,0.745514662912,-0.00306796157577,1.2536457989,-0.0053689327576,0.0,0.861713707595,-1.1017817009,-0.833335063019,1.24482540937,0.618961247912,1.33763124704,-0.813009817579,7.34094619751
3.104018,-0.0053689327576,-0.554917550018,-0.00306796157577,0.745514662912,-0.00345145677274,1.2536457989,-0.00460194236366,0.0,0.860946717201,-1.1013982057,-0.833335063019,1.24520890457,0.61666027673,1.33839823743,-0.814927293564,7.34094619751
3.114030,-0.0053689327576,-0.554534054821,-0.00383495196971,0.745514662912,-0.00383495196971,1.25441278929,-0.00460194236366,0.0,0.861330212398,-1.1021651961,-0.832951567822,1.24482540937,0.615509791139,1.33916522782,-0.816461274352,7.34094619751
3.124005,-0.00498543756063,-0.555301045215,-0.00383495196971,0.744747672518,-0.00345145677274,1.25287880851,-0.00498543756063,0.0,0.861330212398,-1.1010147105,-0.832951567822,1.24520890457,0.613208819957,1.34031571341,-0.816844769549,7.34094619751
3.133995,-0.0053689327576,-0.554917550018,-0.00383495196971,0.745131167715,-0.00383495196971,1.2536457989,-0.00460194236366,0.0,0.860946717201,-1.1017817009,-0.833718558216,1.24444191417,0.61282532476,1.34146619901,-0.819145740731,7.34094619751
3.144010,-0.00498543756063,-0.555301045215,-0.00383495196971,0.745131167715,-0.00306796157577,1.2536457989,-0.00421844716668,0.0,0.860946717201,-1.1013982057,-0.833718558216,1.24520890457,0.610140858381,1.3418496942,-0.821063216716,7.34094619751
3.153996,-0.00498543756063,-0.555301045215,-0.00383495196971,0.744747672518,-0.00345145677274,1.2532623037,-0.0053689327576,0.0,0.861330212398,-1.1013982057,-0.832951567822,1.24444191417,0.610140858381,1.3418496942,-0.821063216716,7.34094619751
3.164430,-0.00498543756063,-0.555684540411,-0.00383495196971,0.745514662912,-0.00383495196971,1.2536457989,-0.00460194236366,0.0,0.861330212398,-1.10254869129,-0.833335063019,1.24520890457,0.607456392003,1.34300017979,-0.822597197504,7.34094619751
3.174024,-0.00613592315154,-0.554917550018,-0.00345145677274,0.745514662912,-0.00345145677274,1.2532623037,-0.00421844716668,0.0,0.860946717201,-1.10254869129,-0.833718558216,1.24520890457,0.608990372791,1.34376717019,-0.822213702307,7.34094619751
3.184034,-0.00498543756063,-0.555301045215,-0.00306796157577,0.745514662912,-0.00345145677274,1.2532623037,-0.00460194236366,0.0,0.861330212398,-1.10293218649,-0.832951567822,1.24559239976,0.608223382397,1.34453416058,-0.823747683094,7.34094619751
3.194008,-0.00575242795457,-0.554917550018,-0.00306796157577,0.745514662912,-0.00383495196971,1.2536457989,-0.00498543756063,0.0,0.860946717201,-1.10331568169,-0.832951567822,1.24597589496,0.6078398872,1.34453416058,-0.822980692701,7.34094619751
3.204012,-0.0053689327576,-0.555301045215,-0.00383495196971,0.746281653306,-0.00383495196971,1.2536457989,-0.0053689327576,0.0,0.861330212398,-1.10331568169,-0.833335063019,1.24520890457,0.6078398872,1.34415066538,-0.824131178291,7.34094619751
3.214192,-0.0053689327576,-0.555301045215,-0.00383495196971,0.745898158109,-0.00383495196971,1.2536457989,-0.00460194236366,0.0,0.861330212398,-1.10408267208,-0.832951567822,1.24559239976,0.607072896806,1.34376717019,-0.823364187897,7.34094619751
3.224029,-0.00575242795457,-0.555301045215,-0.00383495196971,0.745514662912,-0.00383495196971,1.2532623037,-0.00383495196971,0.0,0.860946717201,-1.10369917688,-0.832184577428,1.24520890457,0.607456392003,1.34376717019,-0.823747683094,7.34094619751
3.234230,-0.00498543756063,-0.555301045215,-0.00383495196971,0.745514662912,-0.00345145677274,1.2540292941,-0.00498543756063,0.0,0.860946717201,-1.10331568169,-0.832951567822,1.24559239976,0.607456392003,1.34415066538,-0.824131178291,7.34094619751
3.243994,-0.0053689327576,-0.554917550018,-0.00345145677274,0.745131167715,-0.00345145677274,1.25287880851,-0.00460194236366,0.0,0.861330212398,-1.10331568169,-0.832951567822,1.24520890457,0.607456392003,1.34415066538,-0.823747683094,7.34094619751
3.253984,-0.0053689327576,-0.555684540411,-0.00383495196971,0.745131167715,-0.00306796157577,1.2540292941,-0.00460194236366,0.0,0.860563222004,-1.10408267208,-0.833335063019,1.24559239976,0.607072896806,1.34415066538,-0.823364187897,7.34094619751
3.264033,-0.0053689327576,-0.556068035608,-0.00345145677274,0.745131167715,-0.00345145677274,1.2536457989,-0.00460194236366,0.0,0.860946717201,-1.10446616728,-0.832951567822,1.24520890457,0.607456392003,1.34415066538,-0.823747683094,7.34094619751
3.274021,-0.0053689327576,-0.554917550018,-0.00345145677274,0.745514662912,-0.00345145677274,1.2536457989,-0.00460194236366,0.0,0.860946717201,-1.10369917688,-0.832951567822,1.24520890457,0.606305906412,1.34491765578,-0.824514673488,7.34094619751
3.284025,-0.0053689327576,-0.554917550018,-0.00345145677274,0.745514662912,-0.00383495196971,1.2532623037,-0.00421844716668,0.0,0.860946717201,-1.10408267208,-0.833718558216,1.24520890457,0.607456392003,1.34415066538,-0.822597197504,7.34094619751
3.294019,-0.00498543756063,-0.555684540411,-0.00421844716668,0.745131167715,-0.00383495196971,1.2536457989,-0.00460194236366,0.0,0.860563222004,-1.10446616728,-0.832568072625,1.24559239976,0.606305906412,1.34453416058,-0.823747683094,7.34094619751
3.304040,-0.0053689327576,-0.555301045215,-0.00383495196971,0.745131167715,-0.00345145677274,1.2536457989,-0.00498543756063,0.0,0.860563222004,-1.10446616728,-0.832568072625,1.24559239976,0.606689401609,1.34491765578,-0.823747683094,7.34094619751
3.314001,-0.0053689327576,-0.554917550018,-0.00383495196971,0.745131167715,-0.00306796157577,1.2532623037,-0.0053689327576,0.0,0.861330212398,-1.10446616728,-0.833335063019,1.24559239976,0.607072896806,1.34453416058,-0.823747683094,7.34094619751
3.324012,-0.00613592315154,-0.554917550018,-0.00345145677274,0.745898158109,-0.00421844716668,1.2536457989,-0.00460194236366,0.0,0.860563222004,-1.10484966247,-0.832951567822,1.24635939016,0.607072896806,1.34453416058,-0.823364187897,7.34094619751
3.334027,-0.0053689327576,-0.556068035608,-0.00345145677274,0.746281653306,-0.00306796157577,1.2536457989,-0.00460194236366,0.0,0.860946717201,-1.10523315767,-0.832568072625,1.24559239976,0.606305906412,1.34491765578,-0.823747683094,7.34094619751
3.344001,-0.00498543756063,-0.555301045215,-0.00383495196971,0.745131167715,-0.00345145677274,1.2532623037,-0.00498543756063,0.0,0.860563222004,-1.10523315767,-0.833718558216,1.24559239976,0.606689401609,1.34530115098,-0.824131178291,7.34094619751
3.353996,-0.00575242795457,-0.555684540411,-0.00345145677274,0.745514662912,-0.00345145677274,1.2532623037,-0.0053689327576,0.0,0.860563222004,-1.10446616728,-0.832951567822,1.24482540937,0.606305906412,1.34606814137,-0.823747683094,7.34094619751
3.364012,-0.0053689327576,-0.554917550018,-0.00383495196971,0.745898158109,-0.00345145677274,1.2536457989,-0.0053689327576,0.0,0.860946717201,-1.10523315767,-0.833335063019,1.24520890457,0.607072896806,1.34568464617,-0.823364187897,7.34094619751
3.374013,-0.0053689327576,-0.555684540411,-0.00383495196971,0.745514662912,-0.00383495196971,1.2536457989,-0.00498543756063,0.0,0.860563222004,-1.10523315767,-0.833335063019,1.24520890457,0.606305906412,1.34568464617,-0.823747683094,7.34094619751
3.384028,-0.00575242795457,-0.555301045215,-0.00306796157577,0.745898158109,-0.00345145677274,1.2532623037,-0.00460194236366,0.0,0.860563222004,-1.10484966247,-0.833335063019,1.24635939016,0.605922411215,1.34530115098,-0.823747683094,7.34094619751
3.394008,-0.0053689327576,-0.555684540411,-0.00383495196971,0.745898158109,-0.00345145677274,1.2536457989,-0.00460194236366,0.0,0.860179726807,-1.10523315767,-0.833335063019,1.24559239976,0.606689401609,1.34530115098,-0.823364187897,7.34094619751
3.404026,-0.0053689327576,-0.554534054821,-0.00383495196971,0.745898158109,-0.00383495196971,1.2536457989,-0.00460194236366,0.0,0.860179726807,-1.10523315767,-0.832951567822,1.24559239976,0.606689401609,1.34491765578,-0.823747683094,7.34094619751
3.414024,-0.0053689327576,-0.554917550018,-0.00345145677274,0.745514662912,-0.00345145677274,1.2540292941,-0.00460194236366,0.0,0.860179726807,-1.10523315767,-0.833718558216,1.24520890457,0.605922411215,1.34530115098,-0.823364187897,7.34094619751
3.423995,-0.00498543756063,-0.555301045215,-0.00383495196971,0.745131167715,-0.00383495196971,1.2536457989,-0.00460194236366,0.0,0.860179726807,-1.10561665287,-0.832951567822,1.24559239976,0.605922411215,1.34568464617,-0.823364187897,7.34094619751
3.434032,-0.0053689327576,-0.555301045215,-0.00421844716668,0.745131167715,-0.00345145677274,1.2540292941,-0.00460194236366,0.0,0.860179726807,-1.10561665287,-0.833335063019,1.24520890457,0.607072896806,1.34645163657,-0.823747683094,7.34094619751
3.444000,-0.0053689327576,-0.556068035608,-0.00383495196971,0.745898158109,-0.00383495196971,1.2540292941,-0.00460194236366,0.0,0.85979623161,-1.10523315767,-0.832568072625,1.24520890457,0.606689401609,1.34606814137,-0.824131178291,7.34094619751
3.454005,-0.0053689327576,-0.555301045215,-0.00383495196971,0.745514662912,-0.00383495196971,1.2536457989,-0.00421844716668,0.0,0.859412736413,-1.10484966247,-0.832951567822,1.24520890457,0.606305906412,1.34645163657,-0.824131178291,7.34094619751
3.464008,-0.00575242795457,-0.555301045215,-0.00383495196971,0.745514662912,-0.00383495196971,1.25287880851,-0.00421844716668,0.0,0.85979623161,-1.10523315767,-0.832568072625,1.24520890457,0.605922411215,1.34606814137,-0.823747683094,7.34094619751
3.474026,-0.0053689327576,-0.555301045215,-0.00345145677274,0.745514662912,-0.00306796157577,1.2536457989,-0.00460194236366,0.0,0.860179726807,-1.10523315767,-0.833335063019,1.24559239976,0.606689401609,1.34568464617,-0.823364187897,7.34094619751
3.484015,-0.00498543756063,-0.554534054821,-0.00345145677274,0.745898158109,-0.00345145677274,1.2536457989,-0.00460194236366,0.0,0.85979623161,-1.10446616728,-0.832951567822,1.24559239976,0.605922411215,1.34568464617,-0.824131178291,7.34094619751
3.494009,-0.00498543756063,-0.555301045215,-0.00306796157577,0.745898158109,-0.00421844716668,1.2532623037,-0.00498543756063,0.0,0.85979623161,-1.10523315767,-0.832951567822,1.24559239976,0.606305906412,1.34568464617,-0.824131178291,7.34094619751
3.504016,-0.0053689327576,-0.555301045215,-0.00383495196971,0.745514662912,-0.00345145677274,1.2540292941,-0.00498543756063,0.0,0.860179726807,-1.10446616728,-0.832951567822,1.24559239976,0.606305906412,1.34606814137,-0.824131178291,7.34094619751
3.514011,-0.0053689327576,-0.554917550018,-0.00383495196971,0.745514662912,-0.00345145677274,1.25441278929,-0.00460194236366,0.0,0.860179726807,-1.10484966247,-0.833335063019,1.24559239976,0.605538916018,1.34606814137,-0.823364187897,7.34094619751
3.524006,-0.00460194236366,-0.555301045215,-0.00345145677274,0.745131167715,-0.00383495196971,1.2540292941,-0.00421844716668,0.0,0.860179726807,-1.10523315767,-0.832568072625,1.24520890457,0.606305906412,1.34530115098,-0.824514673488,7.34094619751
3.534021,-0.00575242795457,-0.555301045215,-0.00345145677274,0.745514662912,-0.00345145677274,1.2532623037,-0.00498543756063,0.0,0.860946717201,-1.10484966247,-0.833335063019,1.24520890457,0.606305906412,1.34530115098,-0.823364187897,7.34094619751
3.544010,-0.0053689327576,-0.555301045215,-0.00421844716668,0.745514662912,-0.00421844716668,1.2536457989,-0.00460194236366,0.0,0.860563222004,-1.10523315767,-0.833335063019,1.24482540937,0.606689401609,1.34491765578,-0.824131178291,7.34094619751
3.554006,-0.00575242795457,-0.554917550018,-0.00383495196971,0.745898158109,-0.00306796157577,1.2532623037,-0.00421844716668,0.0,0.860179726807,-1.10408267208,-0.832951567822,1.24520890457,0.605922411215,1.34568464617,-0.823364187897,7.34094619751
3.564038,-0.0053689327576,-0.555301045215,-0.00383495196971,0.745514662912,-0.00345145677274,1.25287880851,-0.0053689327576,0.0,0.860563222004,-1.10523315767,-0.832568072625,1.24482540937,0.606305906412,1.34491765578,-0.824131178291,7.34094619751
3.574008,-0.00575242795457,-0.555301045215,-0.00383495196971,0.745514662912,-0.00345145677274,1.2532623037,-0.00460194236366,0.0,0.860179726807,-1.10408267208,-0.833718558216,1.24482540937,0.606305906412,1.34530115098,-0.824131178291,7.34094619751
3.584007,-0.00575242795457,-0.554917550018,-0.00383495196971,0.745898158109,-0.00345145677274,1.2532623037,-0.00498543756063,0.0,0.860179726807,-1.10523315767,-0.832951567822,1.24482540937,0.605155420821,1.34530115098,-0.823747683094,7.34094619751
3.594034,-0.0053689327576,-0.555301045215,-0.00383495196971,0.745131167715,-0.00345145677274,1.2536457989,-0.0053689327576,0.0,0.860179726807,-1.10484966247,-0.833335063019,1.24444191417,0.606305906412,1.34491765578,-0.823747683094,7.34094619751
3.604026,-0.00613592315154,-0.555684540411,-0.00306796157577,0.745898158109,-0.00345145677274,1.2532623037,-0.00460194236366,0.0,0.85979623161,-1.10446616728,-0.832184577428,1.24520890457,0.606305906412,1.34530115098,-0.823364187897,7.34094619751
3.614032,-0.00575242795457,-0.555684540411,-0.00383495196971,0.745514662912,-0.00421844716668,1.25287880851,-0.00460194236366,0.0,0.860179726807,-1.10408267208,-0.834102053413,1.24520890457,0.606689401609,1.34530115098,-0.822980692701,7.34094619751
3.624038,-0.0053689327576,-0.555301045215,-0.00383495196971,0.745898158109,-0.00383495196971,1.2536457989,-0.00460194236366,0.0,0.860563222004,-1.10408267208,-0.832951567822,1.24520890457,0.606305906412,1.34530115098,-0.823364187897,7.34094619751
3.634039,-0.00575242795457,-0.554917550018,-0.00421844716668,0.745514662912,-0.00383495196971,1.2540292941,-0.00498543756063,0.0,0.860179726807,-1.10446616728,-0.833335063019,1.24482540937,0.606305906412,1.34491765578,-0.823364187897,7.34094619751
3.644028,-0.00498543756063,-0.554534054821,-0.00383495196971,0.745898158109,-0.00345145677274,1.2532623037,-0.00460194236366,0.0,0.860563222004,-1.10369917688,-0.834102053413,1.24482540937,0.606305906412,1.34491765578,-0.824131178291,7.34094619751
3.654026,-0.00498543756063,-0.554534054821,-0.00345145677274,0.745131167715,-0.00345145677274,1.25441278929,-0.00498543756063,0.0,0.860179726807,-1.10446616728,-0.833718558216,1.24482540937,0.606689401609,1.34453416058,-0.822213702307,7.34094619751
3.664028,-0.0053689327576,-0.555684540411,-0.00306796157577,0.745898158109,-0.00421844716668,1.2536457989,-0.00498543756063,0.0,0.860179726807,-1.10408267208,-0.833335063019,1.24482540937,0.606305906412,1.34530115098,-0.823747683094,7.34094619751
3.673991,-0.0053689327576,-0.555301045215,-0.00306796157577,0.745514662912,-0.00345145677274,1.2532623037,-0.00498543756063,0.0,0.860946717201,-1.10369917688,-0.832951567822,1.24482540937,0.606689401609,1.34453416058,-0.823747683094,7.34094619751
3.683996,-0.00575242795457,-0.554917550018,-0.00383495196971,0.745514662912,-0.00383495196971,1.2536457989,-0.00498543756063,0.0,0.860179726807,-1.10408267208,-0.832568072625,1.24520890457,0.605922411215,1.34453416058,-0.822980692701,7.34094619751
3.694036,-0.0053689327576,-0.555684540411,-0.00383495196971,0.746281653306,-0.00345145677274,1.25287880851,-0.00498543756063,0.0,0.860179726807,-1.10369917688,-0.833335063019,1.24482540937,0.604771925624,1.34491765578,-0.823747683094,7.34094619751
3.704029,-0.0053689327576,-0.555684540411,-0.00421844716668,0.745131167715,-0.00306796157577,1.2536457989,-0.00575242795457,0.0,0.859029241216,-1.10331568169,-0.833335063019,1.24559239976,0.606689401609,1.34453416058,-0.823747683094,7.34094619751
3.714036,-0.0053689327576,-0.556068035608,-0.00345145677274,0.745131167715,-0.00383495196971,1.2532623037,-0.00421844716668,0.0,0.85979623161,-1.10446616728,-0.832951567822,1.24482540937,0.606305906412,1.34453416058,-0.823364187897,7.34094619751
3.724020,-0.0053689327576,-0.555301045215,-0.00345145677274,0.745514662912,-0.00345145677274,1.2532623037,-0.00460194236366,0.0,0.860563222004,-1.10408267208,-0.832951567822,1.24444191417,0.605922411215,1.34453416058,-0.822980692701,7.34094619751
3.734004,-0.00498543756063,-0.554917550018,-0.00345145677274,0.745131167715,-0.00345145677274,1.25287880851,-0.00498543756063,0.0,0.85979623161,-1.10331568169,-0.832951567822,1.24482540937,0.606305906412,1.34415066538,-0.824131178291,7.34094619751
3.743997,-0.0053689327576,-0.555684540411,-0.00383495196971,0.745514662912,-0.00306796157577,1.2536457989,-0.00460194236366,0.0,0.860563222004,-1.10369917688,-0.832184577428,1.24520890457,0.606305906412,1.34376717019,-0.824514673488,7.34094619751
3.754016,-0.0053689327576,-0.555301045215,-0.00345145677274,0.746281653306,-0.00421844716668,1.2540292941,-0.00460194236366,0.0,0.860563222004,-1.10293218649,-0.833335063019,1.24520890457,0.605922411215,1.34415066538,-0.823364187897,7.34094619751
3.764033,-0.00498543756063,-0.555301045215,-0.00345145677274,0.745131167715,-0.00383495196971,1.2540292941,-0.0053689327576,0.0,0.860563222004,-1.10408267208,-0.832951567822,1.24482540937,0.606689401609,1.34376717019,-0.823747683094,7.34094619751
3.774022,-0.0053689327576,-0.555684540411,-0.0026844663788,0.745131167715,-0.00345145677274,1.2532623037,-0.00460194236366,0.0,0.860179726807,-1.10293218649,-0.832184577428,1.24482540937,0.605155420821,1.34453416058,-0.822980692701,7.34094619751
3.784013,-0.00575242795457,-0.554917550018,-0.00345145677274,0.745898158109,-0.00383495196971,1.2532623037,-0.00460194236366,0.0,0.85979623161,-1.10369917688,-0.832568072625,1.24444191417,0.606305906412,1.34376717019,-0.822980692701,7.34094619751
3.794031,-0.00613592315154,-0.555301045215,-0.00345145677274,0.745131167715,-0.00345145677274,1.2540292941,-0.0053689327576,0.0,0.85979623161,-1.10369917688,-0.832951567822,1.24482540937,0.606305906412,1.34415066538,-0.823364187897,7.34094619751
3.804030,-0.00498543756063,-0.555301045215,-0.00306796157577,0.745514662912,-0.00383495196971,1.2536457989,-0.00498543756063,0.0,0.860179726807,-1.10293218649,-0.832184577428,1.24520890457,0.606305906412,1.34453416058,-0.823747683094,7.34094619751
3.814015,-0.00575242795457,-0.555301045215,-0.00383495196971,0.745514662912,-0.00306796157577,1.2536457989,-0.00498543756063,0.0,0.860179726807,-1.10254869129,-0.832184577428,1.24482540937,0.605538916018,1.34376717019,-0.822980692701,7.34094619751
3.824004,-0.00498543756063,-0.555301045215,-0.00345145677274,0.745131167715,-0.00383495196971,1.2532623037,-0.00460194236366,0.0,0.85979623161,-1.10369917688,-0.832951567822,1.24482540937,0.606689401609,1.34491765578,-0.822980692701,7.34094619751
3.834022,-0.00575242795457,-0.555301045215,-0.00421844716668,0.745898158109,-0.00345145677274,1.2536457989,-0.00498543756063,0.0,0.85979623161,-1.10293218649,-0.833335063019,1.24520890457,0.606689401609,1.34415066538,-0.823364187897,7.34094619751
3.844005,-0.00575242795457,-0.555301045215,-0.00383495196971,0.745514662912,-0.00383495196971,1.2536457989,-0.00498543756063,0.0,0.860179726807,-1.10331568169,-0.831801082231,1.24482540937,0.606305906412,1.34453416058,-0.824514673488,7.34094619751
3.854011,-0.0053689327576,-0.554534054821,-0.00421844716668,0.745131167715,-0.00345145677274,1.2540292941,-0.00498543756063,0.0,0.860563222004,-1.10293218649,-0.832951567822,1.24482540937,0.605538916018,1.34415066538,-0.824131178291,7.34094619751
3.863988,-0.00575242795457,-0.555301045215,-0.00345145677274,0.746281653306,-0.00345145677274,1.2532623037,-0.00498543756063,0.0,0.860179726807,-1.10369917688,-0.832184577428,1.24367492378,0.605922411215,1.34453416058,-0.824514673488,7.34094619751
3.874017,-0.00498543756063,-0.555684540411,-0.00345145677274,0.745514662912,-0.00345145677274,1.2536457989,-0.0053689327576,0.0,0.860179726807,-1.10369917688,-0.832184577428,1.24367492378,0.606305906412,1.34376717019,-0.824131178291,7.34094619751
3.884011,-0.00460194236366,-0.555301045215,-0.00345145677274,0.745514662912,-0.00306796157577,1.2532623037,-0.00460194236366,0.0,0.859412736413,-1.10331568169,-0.832951567822,1.24444191417,0.606305906412,1.34415066538,-0.824131178291,7.34094619751
3.893989,-0.0053689327576,-0.555684540411,-0.00460194236366,0.745514662912,-0.00345145677274,1.2532623037,-0.00498543756063,0.0,0.859412736413,-1.10331568169,-0.832568072625,1.24482540937,0.606689401609,1.34415066538,-0.824131178291,7.34094619751
3.904043,-0.0053689327576,-0.554917550018,-0.00421844716668,0.745514662912,-0.00306796157577,1.2532623037,-0.00460194236366,0.0,0.85979623161,-1.10408267208,-0.832568072625,1.24444191417,0.607072896806,1.34415066538,-0.823747683094,7.34094619751
3.913992,-0.00498543756063,-0.554917550018,-0.00383495196971,0.745131167715,-0.00383495196971,1.2536457989,-0.00498543756063,0.0,0.859412736413,-1.10369917688,-0.832568072625,1.24405841898,0.606305906412,1.34415066538,-0.823364187897,7.34094619751
3.924000,-0.00460194236366,-0.554917550018,-0.00383495196971,0.745131167715,-0.00345145677274,1.2532623037,-0.00460194236366,0.0,0.860179726807,-1.10331568169,-0.833335063019,1.24405841898,0.606689401609,1.34453416058,-0.824131178291,7.34094619751
3.933987,-0.00575242795457,-0.554917550018,-0.00383495196971,0.745131167715,-0.00383495196971,1.2536457989,-0.00460194236366,0.0,0.859412736413,-1.10331568169,-0.832184577428,1.24405841898,0.606689401609,1.34415066538,-0.823364187897,7.34094619751
3.943986,-0.0053689327576,-0.554917550018,-0.00383495196971,0.745131167715,-0.00345145677274,1.2536457989,-0.00498543756063,0.0,0.859029241216,-1.10369917688,-0.832568072625,1.24482540937,0.606305906412,1.34415066538,-0.823364187897,7.34094619751
3.954023,-0.0053689327576,-0.555301045215,-0.00383495196971,0.745131167715,-0.00383495196971,1.2532623037,-0.00498543756063,0.0,0.859412736413,-1.10369917688,-0.832568072625,1.24444191417,0.606689401609,1.34376717019,-0.823747683094,7.34094619751
3.964001,-0.00498543756063,-0.555301045215,-0.00383495196971,0.745514662912,-0.00306796157577,1.2532623037,-0.00421844716668,0.0,0.860179726807,-1.10293218649,-0.832184577428,1.24405841898,0.606305906412,1.34453416058,-0.824131178291,7.34094619751
3.974008,-0.0053689327576,-0.555301045215,-0.00345145677274,0.745898158109,-0.00345145677274,1.2536457989,-0.00421844716668,0.0,0.859412736413,-1.10293218649,-0.832951567822,1.24405841898,0.606689401609,1.34376717019,-0.824131178291,7.34094619751
3.984044,-0.00651941834851,-0.555301045215,-0.00345145677274,0.745514662912,-0.00345145677274,1.2536457989,-0.00460194236366,0.0,0.85979623161,-1.10331568169,-0.832568072625,1.24444191417,0.605155420821,1.34453416058,-0.823364187897,7.34094619751
3.994027,-0.00575242795457,-0.555301045215,-0.00345145677274,0.745898158109,-0.00306796157577,1.2532623037,-0.00460194236366,0.0,0.859412736413,-1.10331568169,-0.832568072625,1.24367492378,0.606689401609,1.34415066538,-0.822980692701,7.34094619751
4.004009,-0.00613592315154,-0.555301045215,-0.00345145677274,0.745514662912,-0.00345145677274,1.2532623037,-0.00460194236366,0.0,0.85979623161,-1.10331568169,-0.832568072625,1.24444191417,0.605922411215,1.34376717019,-0.823747683094,7.34094619751
4.014017,-0.0053689327576,-0.555684540411,-0.00383495196971,0.745514662912,-0.00345145677274,1.2536457989,-0.00498543756063,0.0,0.85979623161,-1.10254869129,-0.832568072625,1.24405841898,0.606689401609,1.34453416058,-0.824131178291,7.34094619751
4.024007,-0.0053689327576,-0.555684540411,-0.00345145677274,0.745898158109,-0.00345145677274,1.2540292941,-0.00498543756063,0.0,0.859412736413,-1.10254869129,-0.832568072625,1.24405841898,0.605538916018,1.34453416058,-0.824514673488,7.34094619751
4.033994,-0.0053689327576,-0.555301045215,-0.00383495196971,0.745131167715,-0.00383495196971,1.2536457989,-0.00498543756063,0.0,0.85979623161,-1.10293218649,-0.832184577428,1.24405841898,0.606689401609,1.34376717019,-0.823364187897,7.34094619751
4.044010,-0.00498543756063,-0.555301045215,-0.00306796157577,0.745898158109,-0.00345145677274,1.2536457989,-0.00460194236366,0.0,0.85979623161,-1.10254869129,-0.832568072625,1.24405841898,0.606689401609,1.34376717019,-0.824898168685,7.34094619751
4.054006,-0.00498543756063,-0.555301045215,-0.00383495196971,0.745514662912,-0.00306796157577,1.2540292941,-0.00498543756063,0.0,0.860179726807,-1.10254869129,-0.832184577428,1.24405841898,0.606689401609,1.34376717019,-0.823747683094,7.34094619751
4.064027,-0.00575242795457,-0.555684540411,-0.00345145677274,0.745514662912,-0.00345145677274,1.2540292941,-0.00460194236366,0.0,0.859412736413,-1.10293218649,-0.832184577428,1.24367492378,0.606689401609,1.34376717019,-0.823364187897,7.34094619751
4.074294,-0.0053689327576,-0.555684540411,-0.00383495196971,0.745514662912,-0.00306796157577,1.2532623037,-0.00460194236366,0.0,0.85979623161,-1.1021651961,-0.832568072625,1.24405841898,0.606305906412,1.34338367499,-0.823747683094,7.34094619751
4.084024,-0.00498543756063,-0.555684540411,-0.00345145677274,0.745131167715,-0.00345145677274,1.2536457989,-0.00498543756063,0.0,0.860179726807,-1.1017817009,-0.832184577428,1.24405841898,0.606305906412,1.34338367499,-0.824131178291,7.34094619751
4.094121,-0.00575242795457,-0.555301045215,-0.00306796157577,0.745514662912,-0.00345145677274,1.2532623037,-0.00460194236366,0.0,0.85979623161,-1.1021651961,-0.832568072625,1.24367492378,0.606689401609,1.34338367499,-0.823747683094,7.34094619751
4.103983,-0.00575242795457,-0.555684540411,-0.00345145677274,0.745898158109,-0.00421844716668,1.2536457989,-0.0053689327576,0.0,0.85979623161,-1.10254869129,-0.832184577428,1.24329142858,0.607072896806,1.34376717019,-0.823364187897,7.34094619751
4.114009,-0.0053689327576,-0.555301045215,-0.00383495196971,0.745514662912,-0.00345145677274,1.2540292941,-0.00421844716668,0.0,0.85979623161,-1.1013982057,-0.832184577428,1.24367492378,0.606305906412,1.34415066538,-0.823747683094,7.34094619751
4.124002,-0.00498543756063,-0.555301045215,-0.00383495196971,0.746665148503,-0.00383495196971,1.2532623037,-0.00498543756063,0.0,0.859412736413,-1.1017817009,-0.832184577428,1.24367492378,0.606305906412,1.34376717019,-0.822980692701,7.34094619751
4.134013,-0.0053689327576,-0.555301045215,-0.00383495196971,0.745131167715,-0.00383495196971,1.2540292941,-0.0053689327576,0.0,0.859412736413,-1.1013982057,-0.832568072625,1.24367492378,0.607072896806,1.34338367499,-0.824131178291,7.34094619751
4.144170,-0.00460194236366,-0.555301045215,-0.00345145677274,0.746281653306,-0.00345145677274,1.2536457989,-0.00460194236366,0.0,0.859412736413,-1.1017817009,-0.832568072625,1.24405841898,0.606305906412,1.34376717019,-0.823747683094,7.34094619751
4.154002,-0.0053689327576,-0.555301045215,-0.00345145677274,0.745514662912,-0.00345145677274,1.2540292941,-0.00460194236366,0.0,0.859029241216,-1.1017817009,-0.832184577428,1.24444191417,0.606305906412,1.34338367499,-0.823364187897,7.34094619751
4.164009,-0.0053689327576,-0.555684540411,-0.00383495196971,0.746281653306,-0.00306796157577,1.2536457989,-0.00421844716668,0.0,0.85979623161,-1.1013982057,-0.832568072625,1.24405841898,0.606305906412,1.34300017979,-0.823364187897,7.34094619751
4.174027,-0.00460194236366,-0.555301045215,-0.00306796157577,0.745514662912,-0.00345145677274,1.2540292941,-0.00498543756063,0.0,0.859412736413,-1.1013982057,-0.832951567822,1.24405841898,0.607072896806,1.34338367499,-0.823747683094,7.34094619751
4.183988,-0.0053689327576,-0.555301045215,-0.00383495196971,0.745898158109,-0.00345145677274,1.25441278929,-0.00421844716668,0.0,0.859412736413,-1.1021651961,-0.832568072625,1.24367492378,0.605922411215,1.34376717019,-0.823747683094,7.34094619751
4.194024,-0.0053689327576,-0.554917550018,-0.00383495196971,0.745131167715,-0.00345145677274,1.25287880851,-0.00498543756063,0.0,0.858645746019,-1.1010147105,-0.832184577428,1.24405841898,0.606689401609,1.34338367499,-0.823364187897,7.34094619751
4.203994,-0.0053689327576,-0.555301045215,-0.00345145677274,0.744747672518,-0.00345145677274,1.2536457989,-0.00460194236366,0.0,0.859412736413,-1.1013982057,-0.832568072625,1.24405841898,0.606689401609,1.34300017979,-0.823747683094,7.34094619751
4.214023,-0.0053689327576,-0.555684540411,-0.00345145677274,0.745898158109,-0.00345145677274,1.2536457989,-0.00498543756063,0.0,0.859412736413,-1.1013982057,-0.832184577428,1.24367492378,0.607072896806,1.34415066538,-0.823747683094,7.34094619751
4.224010,-0.00498543756063,-0.554534054821,-0.00345145677274,0.745514662912,-0.00345145677274,1.2536457989,-0.00460194236366,0.0,0.858645746019,-1.1021651961,-0.832568072625,1.24367492378,0.607072896806,1.34300017979,-0.824514673488,7.34094619751
4.234008,-0.00498543756063,-0.554917550018,-0.00306796157577,0.745514662912,-0.00383495196971,1.2536457989,-0.00460194236366,0.0,0.859029241216,-1.1010147105,-0.832184577428,1.24290793338,0.606305906412,1.34376717019,-0.823747683094,7.34094619751
4.244026,-0.0053689327576,-0.555684540411,-0.00306796157577,0.745514662912,-0.00383495196971,1.25249531331,-0.00460194236366,0.0,0.858645746019,-1.1021651961,-0.832568072625,1.24367492378,0.606689401609,1.34338367499,-0.824131178291,7.34094619751
4.254009,-0.00575242795457,-0.554917550018,-0.00421844716668,0.745898158109,-0.00383495196971,1.2536457989,-0.00460194236366,0.0,0.859412736413,-1.1013982057,-0.832568072625,1.24367492378,0.606305906412,1.34415066538,-0.824131178291,7.34094619751
4.263996,-0.00575242795457,-0.555301045215,-0.00421844716668,0.746281653306,-0.00383495196971,1.2532623037,-0.0053689327576,0.0,0.858645746019,-1.1013982057,-0.832184577428,1.24405841898,0.605922411215,1.3426166846,-0.823364187897,7.34094619751
4.274007,-0.00575242795457,-0.555301045215,-0.00383495196971,0.745898158109,-0.00345145677274,1.2540292941,-0.00460194236366,0.0,0.859412736413,-1.1013982057,-0.831801082231,1.24367492378,0.606689401609,1.34376717019,-0.824514673488,7.34094619751
4.284031,-0.0053689327576,-0.555301045215,-0.00345145677274,0.746281653306,-0.00345145677274,1.2536457989,-0.00460194236366,0.0,0.858262250822,-1.1013982057,-0.832184577428,1.24367492378,0.606305906412,1.34376717019,-0.822597197504,7.34094619751
