time,right_s0,right_s1,right_e0,right_e1,right_w0,right_w1,right_w2
0.652752,0.84475662547,-0.676860938029,-0.711817561148,0.75540865634,0.748916971427,1.00967786307,-0.641000370561
0.662728,0.845770867502,-0.675883340407,-0.711025525034,0.755516966403,0.750252176557,1.00979547397,-0.640226803885
0.672705,0.846815081977,-0.675103984523,-0.710377664861,0.755551999219,0.75141124434,1.01001154337,-0.639334454018
0.682681,0.847758908082,-0.674092912535,-0.709765505161,0.755495890448,0.752509362264,1.01024516209,-0.638701153949
0.692658,0.848552225044,-0.672816361247,-0.709189384217,0.755314367902,0.753566410251,1.01037860111,-0.638185593556
0.702634,0.849167540174,-0.671456550899,-0.708628089199,0.754957939575,0.754635524879,1.01037401381,-0.637578446592
0.712611,0.849572537086,-0.670233789458,-0.707970399796,0.754384407905,0.755860223358,1.01033965759,-0.636945070538
0.722587,0.849881619037,-0.66907109477,-0.707261398195,0.753773944584,0.757130761584,1.0104084849,-0.636834172647
0.732564,0.850399805869,-0.667723407002,-0.706871287291,0.752948537311,0.758304860217,1.01083579559,-0.636719095502
0.742540,0.850820415878,-0.666342691081,-0.706612733011,0.751857375857,0.759471661229,1.01143373414,-0.63638278628
0.752516,0.850974494176,-0.665167850976,-0.706376957906,0.750550991206,0.760709064859,1.01211290694,-0.635912007901
0.762493,0.850894251871,-0.664253008047,-0.70615266898,0.749058539189,0.762061409551,1.0128366704,-0.635434087708
0.772469,0.850799000985,-0.663411844804,-0.705983317328,0.747378892849,0.763522141549,1.01359429604,-0.635019005667
0.782446,0.850969572924,-0.662348064232,-0.705731630539,0.745620718509,0.765012450378,1.01430747653,-0.634652329077
0.792422,0.850974816602,-0.661068978031,-0.705220243965,0.743735570157,0.766535127356,1.01508109964,-0.634135715795
0.802399,0.850681198164,-0.659656783877,-0.704806469282,0.741668025953,0.76815885785,1.01597689747,-0.63343563891
0.812375,0.850254694964,-0.658194372162,-0.704708813827,0.739515762697,0.769867471468,1.01695536963,-0.632769618852
0.822352,0.849804191818,-0.656781094146,-0.704863261864,0.737337578819,0.771558387387,1.01795672761,-0.63218829147
0.832328,0.849360145303,-0.655469894745,-0.705009312832,0.735123721542,0.773135013147,1.01895997036,-0.631636893198
0.842304,0.848934011096,-0.654166860652,-0.704885161244,0.732795328922,0.774663262256,1.02006443739,-0.631175492215
0.852281,0.848433201759,-0.653027858849,-0.704928572915,0.730523101883,0.776266376,1.02123581857,-0.630840689077
0.862257,0.847983399184,-0.652037752582,-0.705222204048,0.728234394212,0.777728099474,1.02233379201,-0.630453130057
0.872234,0.847491076534,-0.6508198753,-0.705370034223,0.725656652407,0.779177416192,1.02336399628,-0.630178736863
0.882210,0.847016042873,-0.649297675441,-0.705368404517,0.72284648251,0.780801935296,1.02436155595,-0.629974332469
0.892187,0.846609306252,-0.64761596172,-0.705419091856,0.720006564236,0.782681525658,1.02537742395,-0.629682364581
0.902163,0.846167023427,-0.646017764136,-0.705706232397,0.71728613118,0.784671660598,1.02646633681,-0.629175604602
0.912140,0.845426961952,-0.644468830533,-0.705975096549,0.714497917355,0.786674466956,1.02770048549,-0.629141714953
0.922116,0.844444194533,-0.642921230248,-0.706302773248,0.711616283478,0.788465436576,1.0290549532,-0.629233040227
0.932093,0.84349806037,-0.641691892021,-0.706561257819,0.70872817116,0.789845496785,1.03035637753,-0.629025313252
0.942069,0.842791180335,-0.640714205875,-0.706840831203,0.70580635424,0.791104638176,1.03167180052,-0.628706351162
0.952045,0.842246924103,-0.639710293745,-0.707256056159,0.702768768752,0.792470416761,1.03311893,-0.628516488371
0.962022,0.841515832175,-0.638372500119,-0.707809571486,0.699553979726,0.793943415533,1.03474677956,-0.628500269558
0.971998,0.840396941229,-0.636856186627,-0.708080417872,0.696385425979,0.795719402693,1.0363244184,-0.628437048381
0.981975,0.839408283363,-0.635472786676,-0.708329475976,0.693191266713,0.797484546798,1.03771172304,-0.628475819117
0.991951,0.838383814642,-0.634104102998,-0.708907525382,0.690076407952,0.798994491129,1.03904168874,-0.628608124959
1.001928,0.83740297744,-0.632622197505,-0.709462020159,0.686901282187,0.80038311089,1.04039410191,-0.628713561374
1.011904,0.836556833248,-0.631136673551,-0.709752565734,0.683628434181,0.801845251974,1.04181570498,-0.628808255093
1.021881,0.835835281433,-0.629873716388,-0.709824269947,0.680320784954,0.803479896082,1.04332045645,-0.628989788656
1.031857,0.834961972175,-0.628815107948,-0.710058215259,0.676995815989,0.805079213614,1.04489956901,-0.629211308223
1.041833,0.83399536231,-0.627570013756,-0.710730680094,0.673554075396,0.80679149497,1.04647244892,-0.629592753043
1.051810,0.833026178741,-0.626310545766,-0.711322199146,0.670262985133,0.808555618953,1.0480843789,-0.630015107435
1.061786,0.832097622956,-0.624977895572,-0.711871015226,0.667187303813,0.810277532227,1.04968648546,-0.630309680246
1.071763,0.831185957308,-0.623645531884,-0.712404546718,0.664208222686,0.811946811199,1.05126589391,-0.630415046965
1.081739,0.830227198912,-0.62241377242,-0.712934260726,0.661141476141,0.813617969795,1.05283473096,-0.630413621106
1.091716,0.829159703586,-0.62127302645,-0.713475273987,0.6578775717,0.815373394932,1.0544077688,-0.630536076699
1.101692,0.828235067087,-0.619914034633,-0.713964554027,0.654674855033,0.817193285045,1.05594240229,-0.630782306137
1.111669,0.827330556285,-0.618694163958,-0.714624920906,0.651389631442,0.81934887891,1.05731327499,-0.631124284893
1.121645,0.826288734602,-0.617814326381,-0.71539219025,0.6479367404,0.821355547485,1.05880284411,-0.631255674694
1.131621,0.825168182077,-0.617129440298,-0.716069430344,0.644449229499,0.823042376355,1.06037797762,-0.63111073979
1.141598,0.824049349852,-0.616354230609,-0.716539833246,0.641064969563,0.824486239308,1.06192799093,-0.630806528107
1.151574,0.822955971945,-0.615233330762,-0.716900292855,0.637810222622,0.825930155003,1.06340440729,-0.630566110479
1.161551,0.822056856302,-0.613841581444,-0.717638056612,0.63461057214,0.827488496691,1.06491759557,-0.630456172718
1.171527,0.820996359109,-0.61270702596,-0.718535599145,0.631586870684,0.829285210685,1.06638123462,-0.63003305767
1.181504,0.820005206924,-0.611875747799,-0.719230697632,0.628585913272,0.830945761209,1.06779146047,-0.62953323536
1.191480,0.819089866165,-0.611128631878,-0.719806327387,0.625350630422,0.832545237646,1.06928662647,-0.629035287505
1.201457,0.818098012361,-0.610212254455,-0.720414654505,0.621883527077,0.834314578725,1.07086368769,-0.628538665831
1.211433,0.816898921637,-0.608988764024,-0.721148071965,0.618443407973,0.836400340621,1.07238202024,-0.628025326162
1.221409,0.815862262437,-0.607658631608,-0.721927042544,0.615303161492,0.838372273575,1.0737554412,-0.627613139798
1.231386,0.814881567159,-0.606564865375,-0.722448978824,0.611979768144,0.839654037792,1.07529288875,-0.627232838438
1.241362,0.813803405649,-0.605529557996,-0.722951192568,0.608726430167,0.840684298475,1.07684533414,-0.626899662566
1.251339,0.812571601199,-0.604490026197,-0.723553564235,0.605616034754,0.84179624047,1.07823674256,-0.626673619786
1.261315,0.811268314592,-0.603481339338,-0.72427532401,0.602643756677,0.842981959751,1.07942745625,-0.626506905963
1.271292,0.809983443207,-0.602545650135,-0.725064852587,0.599664808463,0.844074960114,1.08051684087,-0.626356887944
1.281268,0.8086418378,-0.601612592823,-0.725848827049,0.596323538076,0.845038725707,1.08170964953,-0.626345544963
1.291245,0.807342166426,-0.600600167515,-0.726663580474,0.59273960995,0.846001898196,1.08274187064,-0.626471711263
1.301221,0.806332913887,-0.599600134266,-0.72754430337,0.589458404308,0.846816136169,1.08359279831,-0.626771828809
1.311198,0.80547176763,-0.598725254089,-0.728403307969,0.586602738468,0.847440059437,1.08442624413,-0.627140837642
1.321174,0.804656476214,-0.597824230737,-0.729184079416,0.583792889155,0.847996963267,1.08521264669,-0.627325849245
1.331150,0.803774729664,-0.596753731843,-0.729835198356,0.580630688223,0.848546426486,1.08583734693,-0.627260004554
1.341127,0.802711940872,-0.59556667774,-0.730334501139,0.57705271192,0.848959718875,1.08621918751,-0.627256169755
1.351103,0.801715643318,-0.594602286128,-0.731123538251,0.573560240451,0.849127576789,1.08672951886,-0.627916829178
1.361080,0.800907442652,-0.593707089446,-0.732042660263,0.570502884675,0.849665275943,1.08721613884,-0.628776199891
1.371056,0.79997659147,-0.592837051305,-0.732853218851,0.56773121812,0.850568854762,1.08750393939,-0.629558741601
1.381033,0.799059071723,-0.59183334463,-0.733580226687,0.5651729587,0.851347531879,1.08773293283,-0.630152383623
1.391009,0.79825639415,-0.590682017089,-0.73422127525,0.562737255993,0.851703165597,1.08804971433,-0.6306308863
1.400986,0.797517149411,-0.58953170816,-0.734732599225,0.560301474321,0.851759029542,1.08847925342,-0.631203181484
1.410962,0.796717946962,-0.588477027582,-0.735285930146,0.557698540635,0.852109953997,1.08880433072,-0.632018518475
1.420938,0.795970693311,-0.587349229895,-0.735978409536,0.555270884106,0.85236182966,1.08888275482,-0.632825293811
1.430915,0.795303554438,-0.586359290359,-0.736796497934,0.552946378975,0.85234107555,1.08873821001,-0.633579962365
1.440891,0.794596141419,-0.585514131422,-0.737673767575,0.55058596778,0.852396239485,1.08852616338,-0.634295374385
1.450868,0.793838161691,-0.584770358924,-0.738561198794,0.548288959409,0.852708416876,1.08832273435,-0.635037746528
1.460844,0.793103805227,-0.584057714081,-0.739421916945,0.546239565375,0.85322619943,1.08810865547,-0.635861205069
1.470821,0.792454577106,-0.583289571096,-0.740201373206,0.544394583093,0.853715285613,1.08779766723,-0.636705238091
1.480797,0.791738891146,-0.582320337677,-0.740861056246,0.542461298818,0.853894836922,1.0873387446,-0.63719638848
1.490774,0.791206945613,-0.5811231538,-0.741366200078,0.540325841834,0.854103955547,1.08685586177,-0.637652565846
1.500750,0.790917829946,-0.579937255659,-0.741917905284,0.538209132268,0.854372281867,1.08640387355,-0.638317113324
1.510726,0.790625763249,-0.578990493743,-0.742640822742,0.536078780566,0.854768974602,1.0859405366,-0.639200203875
1.520703,0.790093237921,-0.578401222434,-0.743467045525,0.533908190046,0.855262073495,1.08537168577,-0.6401532165
1.530679,0.789350488559,-0.57809047189,-0.744109906283,0.531889657183,0.855630575696,1.08460705534,-0.640963580412
1.540656,0.788709429851,-0.577465986363,-0.744798808137,0.530434912941,0.855760640221,1.08374002833,-0.641588094894
1.550632,0.788323928183,-0.576555536047,-0.745788643014,0.529000426638,0.855855981666,1.08286952672,-0.642404183784
1.560609,0.788199574424,-0.575651516423,-0.746810748441,0.527400946502,0.855940318176,1.08201051604,-0.643333248464
1.570585,0.78800117315,-0.574859976223,-0.747635906326,0.525722324027,0.85603782673,1.08121936386,-0.644238595461
1.580562,0.787551376962,-0.574218241814,-0.748218175827,0.524102194715,0.856147659198,1.08055412871,-0.645085433922
1.590538,0.786991465607,-0.573703017573,-0.748715207507,0.522619410563,0.85621513332,1.08003095905,-0.645924894131
1.600514,0.786612138058,-0.573082398768,-0.749298677538,0.521193440962,0.856013837744,1.07949812859,-0.646472857837
1.610491,0.78622649981,-0.572284659156,-0.749979272681,0.519620890819,0.855633227255,1.07881868488,-0.646928767611
1.620467,0.785964723827,-0.571613517178,-0.750817912915,0.518013226596,0.855568505953,1.07807263524,-0.647650640792
1.630444,0.785846477812,-0.571033392452,-0.751653230311,0.516530568445,0.855720576549,1.07727732239,-0.648468579456
1.640420,0.785694284248,-0.57046576942,-0.7523620471,0.515086617309,0.855928799144,1.07651993372,-0.649177928274
1.650397,0.785282621789,-0.569909803097,-0.752914080382,0.513509981534,0.8560839864,1.07593954691,-0.649694456377
1.660373,0.784657623777,-0.569604292158,-0.753380138951,0.51198214414,0.856179567621,1.07566874159,-0.650198851035
1.670350,0.784193032889,-0.569227745063,-0.753979381582,0.510834168464,0.856029212737,1.07553023795,-0.651075249262
1.680326,0.783926269969,-0.56888888975,-0.754723178252,0.509616424584,0.856026105963,1.07531428034,-0.652211643813
1.690303,0.783677185593,-0.568700262085,-0.755481056196,0.508294233884,0.856175491311,1.07504803948,-0.653283494824
1.700279,0.783345830259,-0.568559587385,-0.756198355173,0.506947759307,0.856325885258,1.07481283415,-0.654194718398
1.710255,0.782909968727,-0.568348347876,-0.756875367395,0.505648310647,0.856359461814,1.07469449594,-0.654996497124
1.720232,0.782399890437,-0.568133993993,-0.757529687013,0.504353904432,0.856369746562,1.07473427754,-0.655766029588
1.730208,0.781803492259,-0.568011384196,-0.758120305772,0.5031573294,0.856648606591,1.07479511586,-0.656393354237
1.740185,0.781349990064,-0.568019260139,-0.758764250496,0.502201039263,0.857151415427,1.07481169281,-0.65702313336
1.750161,0.780942757907,-0.568046587784,-0.759539643395,0.501242874299,0.857706805525,1.07483780283,-0.657613058768
1.760138,0.780544011258,-0.568013645868,-0.760331880393,0.500078614395,0.858248343968,1.07477368699,-0.658233408449
1.770114,0.78020555831,-0.567978987186,-0.760999763312,0.49873517899,0.858772596358,1.07454952248,-0.658947317867
1.780091,0.780033967794,-0.568119612911,-0.761490246909,0.497521921892,0.859318192863,1.07422323716,-0.659749345068
1.790067,0.779884653113,-0.568299141518,-0.762024065641,0.496838953705,0.859951720719,1.0740547245,-0.660553909957
1.800043,0.779631683813,-0.568288706638,-0.762628336456,0.49646027257,0.860576997589,1.07390677636,-0.661373618444
1.810020,0.779204627568,-0.568465164369,-0.76317406221,0.496005232305,0.861089642977,1.07351628123,-0.662026981614
1.819996,0.778671241431,-0.568773509207,-0.76380205913,0.495342075076,0.861490053063,1.07291105387,-0.662634082468
1.829973,0.778161344699,-0.56906157311,-0.764591653611,0.494575668436,0.861924434386,1.07224407602,-0.663346977648
1.839949,0.777794758521,-0.569221704332,-0.765467121139,0.4939465554,0.862536947771,1.07166132352,-0.664230145948
1.849926,0.777561111129,-0.569374336783,-0.76612724355,0.493576894052,0.863066351891,1.07105760256,-0.665109967461
1.859902,0.777417202603,-0.569704181627,-0.766700518703,0.493145887966,0.863473249786,1.07051455378,-0.665758273833
1.869879,0.777110858736,-0.569964098333,-0.767293991925,0.492576516955,0.864019452607,1.0699947212,-0.666275084296
1.879855,0.776628856523,-0.570169367798,-0.767832587157,0.492167409269,0.864714151294,1.06911508683,-0.666717384291
1.889831,0.776097469838,-0.57033042853,-0.768275459598,0.491933423511,0.865446857676,1.06776796055,-0.667233377825
1.899808,0.775658368754,-0.570426364305,-0.768643121895,0.491670757257,0.866055907139,1.06615590014,-0.667943957536
1.909784,0.775324861886,-0.570400251976,-0.76902591795,0.491120447139,0.866411632437,1.06473905947,-0.668792161217
1.919761,0.775027139751,-0.570508911718,-0.769488719062,0.490498472609,0.866816965815,1.06335694354,-0.669366294333
1.929737,0.774855982748,-0.570617978385,-0.770062756754,0.490225861259,0.867259774697,1.06183627686,-0.669987887109
1.939714,0.77469904957,-0.570731986634,-0.7707889288,0.490166961817,0.86756407112,1.06032752177,-0.670677425567
1.949690,0.774399132352,-0.570841826371,-0.771489663835,0.490024733708,0.867866288079,1.0588154217,-0.671362140577
1.959667,0.773903974063,-0.570846346258,-0.771996901681,0.48964296365,0.868342236792,1.05712682699,-0.671977707477
1.969643,0.773352937369,-0.570567477925,-0.772318553865,0.489161319613,0.868990376112,1.05498407001,-0.672524244379
1.979619,0.77309317504,-0.570232086631,-0.772864236244,0.488759503684,0.869182861487,1.0522604437,-0.672986877944
1.989596,0.772971131098,-0.570044808516,-0.773468706149,0.488230933465,0.868893572973,1.0491653629,-0.673397133724
1.999572,0.772778311887,-0.569988360343,-0.773984920289,0.487842812018,0.868628433841,1.04595322655,-0.673847518073
2.009549,0.772539319912,-0.569857809871,-0.774439393058,0.487631749482,0.86852869364,1.04280556938,-0.674474238793
2.019525,0.772263724,-0.56948201838,-0.774921036742,0.487399794361,0.868628355295,1.0397963961,-0.675299197308
2.029502,0.771905815859,-0.568838716877,-0.775509817263,0.486897649481,0.868910557478,1.03688123348,-0.676198819902
2.039478,0.771437777638,-0.568203909978,-0.776149731858,0.486433574667,0.869316289247,1.03393038701,-0.676938503736
2.049455,0.771013847716,-0.567782331686,-0.776780797136,0.486490678508,0.869491972169,1.03107320311,-0.677456102438
2.059431,0.77072712185,-0.567299891668,-0.777383114389,0.48645451181,0.869524700861,1.02834209164,-0.677881202887
2.069407,0.770585821344,-0.566685406356,-0.777901038226,0.486135139308,0.869559742774,1.02542014603,-0.678383471742
2.079384,0.770495089529,-0.565988081719,-0.778364860612,0.48566206081,0.869633551551,1.02235057734,-0.679141392462
2.089360,0.7703479377,-0.565239319339,-0.778847679735,0.485257896095,0.869673270839,1.01946436731,-0.680192025397
2.099337,0.770162421633,-0.564252568171,-0.779379260065,0.484897206102,0.869535732764,1.01714093689,-0.681230757391
2.109313,0.770007985171,-0.563229098556,-0.779906027299,0.484463316153,0.869299087902,1.01530735322,-0.68169073612
2.119290,0.76969648955,-0.562500745081,-0.780444773205,0.483970744365,0.869105611373,1.01367459112,-0.681974264127
2.129266,0.769194802224,-0.561945522516,-0.781019478948,0.483489490159,0.868768864496,1.01225190704,-0.682365497106
2.139243,0.768651418468,-0.561434172599,-0.781608444225,0.483185970275,0.868318701195,1.01107111443,-0.682937424827
2.149219,0.768296438738,-0.560968329731,-0.782166300952,0.483145034762,0.867888941775,1.01009327659,-0.683632667674
2.159196,0.768320784275,-0.560735393535,-0.7826480218,0.483231023897,0.867593621902,1.00916197685,-0.684338635082
2.169172,0.768447023302,-0.560633135323,-0.783055480261,0.482937021937,0.867185005045,1.00823003368,-0.684891439207
2.179148,0.768220589845,-0.56002053974,-0.783429876875,0.482355220499,0.86684816245,1.00739781702,-0.685323606215
2.189125,0.76785030423,-0.559147762716,-0.783916434205,0.481736299853,0.866556929618,1.00671728791,-0.68576091498
2.199101,0.767459817439,-0.558352415455,-0.784550187898,0.481277446802,0.86623521922,1.00612468944,-0.686300392071
2.209078,0.767060797311,-0.557838185313,-0.785270959756,0.481061246506,0.865822526079,1.00546170515,-0.687010275141
2.219054,0.766599977179,-0.557590876513,-0.785954214917,0.481020878606,0.865304343751,1.00457882075,-0.687888179572
2.229031,0.76625418431,-0.557446487018,-0.786500009008,0.480917498604,0.86472056122,1.00371627034,-0.688695564967
2.239007,0.766178201075,-0.557266382123,-0.786963341548,0.480706085784,0.864147532743,1.00304549257,-0.689161044444
2.248984,0.766189815341,-0.557130788529,-0.787386197662,0.480376771231,0.863622184444,1.0022198494,-0.689494431792
2.258960,0.76609283136,-0.5570322127,-0.787828921499,0.480088530251,0.863295325432,1.0012094285,-0.689942621124
2.268936,0.765803865959,-0.556880476317,-0.788314478131,0.480028641571,0.863218104523,1.00004204054,-0.690572347151
2.278913,0.765396748548,-0.556608024744,-0.788813046427,0.480254173261,0.863273666769,0.998731880497,-0.691249330749
2.288889,0.765135268992,-0.556366556202,-0.789232112194,0.48044658036,0.863108196055,0.997202163208,-0.691675988369
2.298866,0.765104907585,-0.556346029927,-0.789759241663,0.480507315045,0.862467730708,0.995826678649,-0.691921223432
2.308842,0.764946330287,-0.556177665679,-0.79030686822,0.480638766022,0.861778063912,0.994937747657,-0.692294073478
2.318819,0.764592071957,-0.555750592201,-0.790691710953,0.480669174545,0.861199487182,0.99442023795,-0.692830169519
2.328795,0.7641639581,-0.555243585095,-0.790943017741,0.48057174611,0.860809840488,0.994196744788,-0.693471403863
2.338772,0.763857860687,-0.554897203306,-0.791202758938,0.480440736306,0.860581776518,0.994245360057,-0.694119506
2.348748,0.763815803248,-0.554789492113,-0.791605613512,0.480431213763,0.860369367253,0.994585994433,-0.694687254815
2.358724,0.763822914318,-0.554787395909,-0.792147668983,0.480497939182,0.859910866937,0.995074380259,-0.695110056574
2.368701,0.763456999662,-0.554942321017,-0.792571477049,0.480508495266,0.859472931367,0.995487746357,-0.695513160129
2.378677,0.762982377602,-0.555110888152,-0.792876780179,0.480317670804,0.859172110563,0.995956684243,-0.69604483711
2.388654,0.762623315214,-0.555169451663,-0.79327686917,0.479935206199,0.858941350684,0.996628526753,-0.696685497313
2.398630,0.7624350954,-0.555096354209,-0.793865568251,0.479552623483,0.858696021513,0.997460450224,-0.697303342851
2.408607,0.762302841071,-0.554992326258,-0.794499733917,0.47947045776,0.858413844767,0.998211246447,-0.697742006847
2.418583,0.762324938718,-0.55498413389,-0.79497879664,0.479712773382,0.858151709117,0.99889844656,-0.698143078557
2.428560,0.762354998697,-0.555153117979,-0.795437351299,0.479897678432,0.85779040439,0.999776373311,-0.698608184054
2.438536,0.762241474046,-0.555400049069,-0.795803985246,0.479975089542,0.85739406326,1.00051637849,-0.698999221678
2.448512,0.762090252826,-0.555620469419,-0.796110755083,0.479853193458,0.857131966639,1.00106665711,-0.699412268739
2.458489,0.761934827509,-0.555776749799,-0.796377205503,0.479499547206,0.857016667979,1.00158454855,-0.699880739983
2.468465,0.761718716371,-0.555894996874,-0.796599586151,0.47902799543,0.856901246416,1.00228436154,-0.700352108995
2.478442,0.761406311234,-0.556009061603,-0.796779961094,0.478877937275,0.856594782416,1.0031072929,-0.700768506637
2.488418,0.761234230974,-0.556226147006,-0.79713480365,0.479169704221,0.856169645616,1.00381404084,-0.701320332013
2.498395,0.761173095703,-0.556560224242,-0.797497997148,0.479310637372,0.855749240255,1.00458696748,-0.701909125934
2.508371,0.761083775019,-0.557002709409,-0.797783347349,0.479204284209,0.855305128379,1.00540219836,-0.702409327781
2.518348,0.760879311586,-0.557478622731,-0.798050803166,0.47899874104,0.854893894904,1.0062318949,-0.702764605322
2.528324,0.760572936637,-0.55791784657,-0.798418735007,0.478915458642,0.8546297751,1.00709704518,-0.703013580002
2.538301,0.76030957469,-0.558335397457,-0.798950130687,0.479055764361,0.854622625947,1.00810255227,-0.703298168307
2.548277,0.760354302742,-0.55874257608,-0.799549688896,0.479199580654,0.854430687649,1.00905143533,-0.703692887678
2.558253,0.760375996585,-0.559038657482,-0.800077395408,0.479028878922,0.854105283421,1.00991128699,-0.704168391375
2.568230,0.760132241161,-0.559297887643,-0.800502590125,0.478733104069,0.853782158295,1.01073674947,-0.704823323867
2.578206,0.759725174882,-0.559556763113,-0.800766670121,0.478609810404,0.853427123398,1.01149234347,-0.705560287139
2.588183,0.759385186161,-0.55982446483,-0.800871828658,0.478766452915,0.853019555666,1.01216824277,-0.706211044466
2.598159,0.759298492292,-0.560095294465,-0.800931612876,0.478985726634,0.852648691267,1.0128334824,-0.706645911158
2.608136,0.759315928701,-0.56041280828,-0.801231352494,0.478960646682,0.852501882826,1.01356531474,-0.706999767924
2.618112,0.759262655969,-0.560718638137,-0.801689373716,0.478828524587,0.852356703739,1.01424415168,-0.707401289554
2.628089,0.759240502257,-0.561062634247,-0.802167226798,0.478682942365,0.852172983753,1.014787085,-0.707794776978
2.638065,0.759206515432,-0.561410495906,-0.802529142616,0.478729472263,0.852001310435,1.01522940879,-0.708220608313
2.648041,0.75910635492,-0.561679379442,-0.802756108896,0.479016690799,0.85178447316,1.01568467282,-0.708684837583
2.658018,0.758908655271,-0.56183222362,-0.802949387311,0.479385018342,0.851412872931,1.01625565962,-0.709120803154
2.667994,0.758597841762,-0.562145896792,-0.803245400718,0.479514172426,0.85104467105,1.01680528334,-0.709353272785
2.677971,0.758181733063,-0.562569191571,-0.803760666395,0.479578358459,0.850792826188,1.01729335872,-0.709741716706
2.687947,0.757919008795,-0.562960278681,-0.804308841973,0.479564445998,0.850494606468,1.01782056789,-0.710328326385
2.697924,0.757849725808,-0.563315888646,-0.804740835253,0.479456163712,0.850252323818,1.01840698366,-0.710912874068
2.707900,0.757914353402,-0.563613629429,-0.805086191598,0.479391320738,0.850073086719,1.01915491208,-0.711387745308
2.717877,0.758009195759,-0.563842483975,-0.805437721256,0.479497982092,0.849889899828,1.02013426137,-0.711725439953
2.727853,0.758053803959,-0.564061667226,-0.805762796749,0.479650890943,0.849641796366,1.02120845427,-0.711905652736
2.737829,0.757809245102,-0.564170888833,-0.805969268324,0.479467523799,0.849365200354,1.02220236078,-0.712114119998
2.747806,0.757485694382,-0.56432820588,-0.80618456963,0.479161747282,0.848991039458,1.02308416638,-0.712435312185
2.757782,0.757380254588,-0.564660715185,-0.806369603267,0.478975923596,0.848558819704,1.02373931945,-0.712859501025
2.767759,0.757478446528,-0.565159363525,-0.806584463451,0.478972874367,0.848189006028,1.02425262068,-0.713396822018
2.777735,0.757618685853,-0.565717648818,-0.806886164801,0.479089316444,0.847954532594,1.02479124504,-0.713951991668
2.787712,0.757634289207,-0.566173835787,-0.807253321912,0.479191118491,0.847795590104,1.02550444699,-0.71428485976
2.797688,0.757452073801,-0.566333959018,-0.807561047491,0.479129666744,0.847558990256,1.02647039721,-0.714441891232
2.807665,0.757239810564,-0.566458739597,-0.807877937974,0.479120737978,0.847336741132,1.02739382234,-0.714891216687
2.817641,0.757036187309,-0.566588260231,-0.808127687495,0.479303504728,0.847153879531,1.02816981467,-0.715423423155
2.827617,0.756814742131,-0.566793839879,-0.808284847435,0.479560953593,0.846988375042,1.02881634514,-0.715899760391
2.837594,0.756603730018,-0.567151969426,-0.808467889206,0.479751224672,0.846793469447,1.02938030697,-0.71625272897
2.847570,0.756485501376,-0.567672652802,-0.808869483794,0.479819753761,0.846540735735,1.02993456289,-0.716462141253
2.857547,0.75645662991,-0.568048248429,-0.809389124848,0.479925588496,0.846361452925,1.03072146155,-0.716392578199
2.867523,0.756359943482,-0.568293896646,-0.809700466834,0.480120582237,0.846249355249,1.03171366273,-0.716398001556
2.877500,0.756271586433,-0.56851737648,-0.810004153473,0.480322253171,0.845907024966,1.03262902125,-0.716653394689
2.887476,0.75625328185,-0.568776734982,-0.810294195963,0.480349880235,0.845400362768,1.03345466101,-0.717000648472
2.897453,0.756279987196,-0.569072964128,-0.810504113535,0.480230038435,0.844875150402,1.03424061123,-0.717351226689
2.907429,0.756246093746,-0.569376004804,-0.810594529813,0.480170332737,0.844442322854,1.03499936082,-0.71771595699
2.917405,0.755993170732,-0.569678454006,-0.810676515421,0.480438966769,0.844047538244,1.03556857074,-0.718154958477
2.927382,0.755789012379,-0.570056332905,-0.810725573122,0.480765996678,0.843696868935,1.03573187247,-0.718695939821
2.937358,0.755937368657,-0.570467086024,-0.810879539304,0.480854456518,0.843147037768,1.03594031434,-0.719200717504
2.947335,0.756200649443,-0.57081741731,-0.811231416828,0.480855851768,0.842410864781,1.0364867428,-0.719546874268
2.957311,0.756398640618,-0.571050946554,-0.811708661747,0.480840261125,0.841725251936,1.03733808695,-0.719766267785
2.967288,0.756370195033,-0.571199748173,-0.812162113746,0.480784704716,0.841355560052,1.03825219669,-0.719950337572
2.977264,0.755951938493,-0.571405789296,-0.812463625224,0.480599628736,0.841406715325,1.03892780136,-0.720152916495
2.987241,0.755373445557,-0.571682672466,-0.812666684901,0.480463640387,0.841604356655,1.03940111149,-0.720275390767
2.997217,0.755206054378,-0.571992963348,-0.812871374587,0.480610642713,0.841457964631,1.03994345398,-0.72011139575
3.007194,0.755270317462,-0.572357505468,-0.813138989448,0.480826509296,0.841103628814,1.04080536436,-0.719806590694
3.017170,0.755415566795,-0.572739986821,-0.813339233859,0.480982453443,0.840668773206,1.04176765988,-0.719523493095
3.027146,0.75551925583,-0.573050504328,-0.813399547793,0.481081036383,0.840267073224,1.04253444778,-0.719310503691
3.037123,0.755504827156,-0.573205932532,-0.813393894911,0.481216539111,0.839966978477,1.04296138043,-0.719086472511
3.047099,0.755349210184,-0.573419768618,-0.81347079593,0.481229473492,0.839704613619,1.04332937446,-0.718879620721
3.057076,0.755202291936,-0.573643262864,-0.813693954851,0.481294915114,0.839425499272,1.04372687422,-0.718848483008
3.067052,0.755119002365,-0.573761498416,-0.814070576784,0.481592662144,0.839182361045,1.04435511835,-0.718860335224
3.077029,0.755048999806,-0.573994855512,-0.814532809295,0.481907094618,0.838909581674,1.04525397904,-0.718857821118
3.087005,0.75495245965,-0.574437915552,-0.814981531187,0.482126974968,0.838582432863,1.04628354889,-0.718790894075
3.096982,0.754848991758,-0.574977828807,-0.815352504865,0.482307126273,0.838263922583,1.04722115091,-0.718666299328
3.106958,0.754883375203,-0.575294588068,-0.815732476005,0.482599610377,0.838153723058,1.04796768378,-0.718678079579
3.116934,0.754580691487,-0.575530735893,-0.815964962764,0.482636350733,0.838180708298,1.04856785964,-0.718958042554
3.126911,0.754137308653,-0.575852578159,-0.815948109063,0.482541348662,0.838175506141,1.0491954602,-0.719236038304
3.136887,0.753906684524,-0.576145683825,-0.815791730257,0.482648609335,0.838076080807,1.04976472047,-0.719465499724
3.146864,0.753888199654,-0.576363461069,-0.815814287065,0.482928405592,0.837930032706,1.05016086895,-0.719617146483
3.156840,0.753897430387,-0.576510416299,-0.816202807221,0.483142683866,0.837823710429,1.05042734701,-0.719718169482
3.166817,0.75380391347,-0.576607128797,-0.816675466981,0.483076033269,0.8377956604,1.05091764183,-0.719893314561
3.176793,0.753893808948,-0.576882052614,-0.816813102548,0.483015064679,0.837605042605,1.05156618581,-0.720261552069
3.186770,0.754073498148,-0.577431665582,-0.816937785547,0.483023494746,0.837281224078,1.05181241698,-0.7204135767
3.196746,0.754010631954,-0.577814897079,-0.817141391607,0.482951318025,0.836997282394,1.05197673271,-0.720329007192
3.206722,0.753748930209,-0.577932730014,-0.817409659423,0.483004925594,0.836890112006,1.05224345563,-0.720313031901
3.216699,0.753489222602,-0.577978057377,-0.817674593532,0.483314128951,0.836888389593,1.05268007515,-0.720588503939
3.226675,0.753440730987,-0.578308676644,-0.817864844945,0.483724723713,0.83669782344,1.05326661439,-0.72107424507
3.236652,0.753677306707,-0.578828949835,-0.81804252144,0.48390052947,0.83625378222,1.05410578355,-0.721352885686
3.246628,0.753634971878,-0.579121286363,-0.81817416451,0.484059245006,0.835830061032,1.05477481317,-0.721427867003
3.256605,0.753389277443,-0.579331355564,-0.818296089199,0.483998863366,0.835656942161,1.05517914414,-0.721501292857
3.266581,0.753159353147,-0.579468375771,-0.818493988866,0.483728510919,0.835644039451,1.05560279693,-0.721686865626
3.276558,0.753033793246,-0.579540907318,-0.818753255504,0.483495604519,0.835635938685,1.05618537569,-0.721944424878
3.286534,0.752949715692,-0.579630757946,-0.818953598822,0.483629026878,0.835533571112,1.05679673702,-0.722114590432
3.296510,0.752842208879,-0.580054394849,-0.818939890924,0.484125231112,0.83545602886,1.0570256907,-0.722055929788
3.306487,0.752678768672,-0.580418502004,-0.819164331663,0.484246294201,0.835317108386,1.05726049773,-0.722042407077
3.316463,0.752550945831,-0.580577387831,-0.819571745185,0.484287800045,0.835188638702,1.05769314072,-0.722150276675
3.326440,0.75242574428,-0.580733697413,-0.819880168072,0.484579414525,0.835059774904,1.05818936915,-0.72229840066
3.336416,0.75234218728,-0.581007006206,-0.820083698398,0.484983112916,0.834856134307,1.05878361423,-0.72240352196
3.346393,0.75234757557,-0.581398550133,-0.820318643562,0.485186531383,0.834533988378,1.05954795609,-0.722419484817
3.356369,0.752394759809,-0.581805287236,-0.820619755477,0.485158432231,0.834196376564,1.06036526888,-0.722366664533
3.366346,0.752332444498,-0.582228278482,-0.820964236127,0.485236650211,0.833842172625,1.0606118823,-0.722313280774
3.376322,0.752231158531,-0.582580345887,-0.821372088608,0.485318567701,0.833541458925,1.06071870547,-0.722149453796
3.386299,0.75209614463,-0.582721419717,-0.821615684362,0.485203549192,0.833354082875,1.0609543198,-0.722010122776
3.396275,0.751950815479,-0.582738983618,-0.821699805499,0.484956952234,0.83309647631,1.06137420576,-0.721918230716
3.406251,0.751785076327,-0.582787243032,-0.821730234647,0.48486143668,0.83262965481,1.06181254318,-0.721875185864
3.416228,0.751541763591,-0.5829601151,-0.821802087267,0.485274015092,0.832069254351,1.06195701512,-0.721924959723
3.426204,0.751299930752,-0.583164489128,-0.821822208316,0.485724063066,0.832048805832,1.06196777671,-0.722227562669
3.436181,0.751280203378,-0.583556587301,-0.822090539016,0.485784312384,0.832146604985,1.06215615579,-0.722631883166
3.446157,0.751315250671,-0.584036846809,-0.822362258333,0.485860745958,0.832066426774,1.06245167505,-0.722980201378
3.456134,0.751327116938,-0.584534030769,-0.822571713963,0.486028414956,0.831971748864,1.0627645318,-0.723083079573
3.466110,0.751309163409,-0.585040710909,-0.82275342898,0.486150413744,0.83192623725,1.06309137534,-0.722909713155
3.476087,0.75130207431,-0.585566381713,-0.822995825636,0.486045272676,0.831789230625,1.06351802681,-0.722623087121
3.486063,0.751305390105,-0.58589059914,-0.823350246697,0.485991045589,0.831417705441,1.06411330892,-0.722503760198
3.496039,0.751180947342,-0.586110693205,-0.823684230585,0.486302265613,0.83103664014,1.0645344449,-0.722459485323
3.506016,0.751099116002,-0.586439732981,-0.823844138851,0.486518413004,0.830761447174,1.06492761838,-0.722418645334
3.515992,0.751018623529,-0.586932238906,-0.823899213731,0.486517826805,0.830654130978,1.06535389361,-0.722176872448
3.525969,0.750881741916,-0.587502440277,-0.823917841974,0.486337173577,0.830679058921,1.06580915968,-0.72153415572
3.535945,0.750674454148,-0.587942409417,-0.823918209986,0.486063565553,0.830715580819,1.06624285442,-0.720494059621
3.545922,0.750486439576,-0.587948972956,-0.823835229513,0.485678320342,0.830589114556,1.06659118555,-0.719541224293
3.555898,0.750341654374,-0.58793452583,-0.823973590234,0.485370161726,0.830188886927,1.06685611269,-0.718857394622
3.565875,0.750268128514,-0.588102820955,-0.824308041668,0.485014005046,0.829934576299,1.06727572437,-0.718083016852
3.575851,0.750138638223,-0.58837339718,-0.824575618027,0.48456642672,0.829795272174,1.0678001707,-0.71723938859
3.585827,0.749868199376,-0.588706602603,-0.824732235991,0.484022585331,0.829733095403,1.06839773243,-0.716279909118
3.595804,0.749465215179,-0.589025683238,-0.824875320437,0.483398441313,0.829673638403,1.06900661427,-0.715154957393
3.605780,0.749054827289,-0.589172207001,-0.825141698969,0.482702636559,0.829486770034,1.0695119479,-0.713875704117
3.615757,0.748766658101,-0.589166597848,-0.825393639011,0.481712594155,0.829036349685,1.06999062697,-0.712589427332
3.625733,0.748346241134,-0.589163809018,-0.825520163808,0.480839301741,0.828239006974,1.07046848129,-0.711353982772
3.635710,0.747901887513,-0.589131486706,-0.825612899588,0.479955380142,0.827560895773,1.07105149256,-0.710125698584
3.645686,0.747602682122,-0.589138857388,-0.825666074584,0.47902227428,0.827154878476,1.07162356076,-0.708782602417
3.655663,0.74742187371,-0.589170812549,-0.825712085319,0.477997514969,0.826765714119,1.07205864075,-0.707204991009
3.665639,0.747123701031,-0.589135724502,-0.825824010084,0.476835387939,0.825911834822,1.0723507872,-0.705349336095
3.675615,0.746647263129,-0.589248132009,-0.825900669016,0.4756314958,0.824881922178,1.07285074113,-0.703419104887
3.685592,0.74636400544,-0.589515953565,-0.8259819159,0.474339121501,0.824101243438,1.07358397011,-0.701571973852
3.695568,0.746195445356,-0.589677965989,-0.8261319241,0.473212898785,0.823239031013,1.07427783537,-0.699866204735
3.705545,0.746031640457,-0.589755690508,-0.826206041504,0.472119139319,0.822216095914,1.07493044163,-0.698135732881
3.715521,0.745630262662,-0.58984208508,-0.826138962631,0.470823474638,0.820992213005,1.07557952799,-0.696259516129
3.725498,0.74483718511,-0.590026816511,-0.826050390889,0.469238090292,0.819654695718,1.07625554001,-0.694258140086
3.735474,0.744050190845,-0.590314795572,-0.826374353982,0.467829696452,0.818668549776,1.07695428656,-0.692393981867
3.745451,0.744004971545,-0.590287415117,-0.826911694752,0.466577849983,0.817958896595,1.07783169875,-0.690700082699
3.755427,0.744128055477,-0.590241357291,-0.827098856302,0.465417664806,0.817381195098,1.07882180206,-0.688875748582
3.765404,0.743984445971,-0.590468564202,-0.826979404274,0.464482804901,0.816936397344,1.07993773506,-0.686924617193
3.775380,0.743649340186,-0.590838907395,-0.826829703402,0.463777592237,0.816598376971,1.08110707227,-0.684867369262
3.785356,0.743422190346,-0.591122846878,-0.826892036677,0.463156485578,0.816328338202,1.08222447837,-0.682746940618
3.795333,0.743483548589,-0.59133740344,-0.827136354129,0.462345882082,0.816100405596,1.08321820161,-0.680640366122
3.805309,0.743409001712,-0.591668484152,-0.827610861499,0.461356243769,0.81606175254,1.08418997289,-0.678633622135
3.815286,0.743175851873,-0.591940496102,-0.828118346345,0.460211769933,0.816325872219,1.0852634559,-0.676812545994
3.825262,0.742835969735,-0.592143301992,-0.828382362656,0.459301388726,0.816466818244,1.08632643563,-0.67520299971
3.835239,0.742446746049,-0.592271687607,-0.828283219964,0.458610059617,0.816183791162,1.08747339332,-0.673948381192
3.845215,0.74212006899,-0.592321403002,-0.827951407225,0.457970319375,0.815513211424,1.08872101329,-0.673122319928
3.855192,0.741995070277,-0.592291755936,-0.827757738631,0.457222750848,0.814862478556,1.08991876572,-0.672606758835
3.865168,0.741981136959,-0.592214094148,-0.828086871464,0.456424053512,0.814644506358,1.09101770128,-0.671845563507
3.875144,0.742007433424,-0.59229477572,-0.828191597087,0.455758434975,0.814640167581,1.09202826264,-0.670608197648
3.885121,0.742057431604,-0.592318400836,-0.828069329759,0.455193775504,0.814698151305,1.09282397954,-0.669159973071
3.895097,0.74200076478,-0.592285183579,-0.828034251607,0.454694173602,0.814686663302,1.09331869401,-0.668003128639
3.905074,0.741767261323,-0.59225791263,-0.828213498735,0.454273722174,0.814554841866,1.09363669053,-0.667310655613
3.915050,0.741428619932,-0.592345955405,-0.828507278099,0.453982047858,0.814352251335,1.0940418969,-0.666921874538
3.925027,0.741320060672,-0.592764443241,-0.828793122187,0.45383808458,0.814231498317,1.09468700998,-0.666708227846
3.935003,0.741360542732,-0.593331125026,-0.829168361568,0.453829749704,0.813798841886,1.09539915547,-0.666740193447
3.944980,0.741291567368,-0.593433564107,-0.82939551691,0.453873245393,0.813595938079,1.09597142618,-0.666842852992
3.954956,0.741284778486,-0.593235879941,-0.829474150265,0.453858362323,0.813605820834,1.09625548687,-0.66696676364
3.964932,0.741399613159,-0.593059426603,-0.829406070561,0.453827254763,0.8136081626,1.09632145719,-0.667177076956
3.974909,0.741543286647,-0.593136234301,-0.829245535632,0.453946012995,0.813422713463,1.09633014129,-0.667528815653
3.984885,0.7414866112,-0.593371703078,-0.82916951595,0.4544327318,0.813173003215,1.096357014,-0.667914061674
3.994862,0.741301599796,-0.593452774091,-0.829165556348,0.454881310822,0.813219802005,1.09654335874,-0.668020883454
4.004838,0.741167762857,-0.593712366754,-0.82926869428,0.454748138104,0.813307464844,1.09697307865,-0.66808932608
4.014815,0.741069305273,-0.594010335298,-0.82948489652,0.454475104447,0.813330674594,1.09733064561,-0.668224013532
4.024791,0.740981445537,-0.594233676854,-0.829758391981,0.454442842074,0.813253681209,1.09763555964,-0.668421021142
4.034768,0.740910430937,-0.594298357695,-0.830028395757,0.454700587401,0.81305889386,1.09793146614,-0.668599055511
4.044744,0.740905912379,-0.594183343168,-0.830242585975,0.454871089096,0.812749299486,1.09812656849,-0.668661544685
4.054720,0.740975303432,-0.594213251454,-0.830098998089,0.454637337788,0.812673724791,1.0982407517,-0.668843881858
4.064697,0.740816840392,-0.594649091829,-0.82986427108,0.454620714236,0.81267465497,1.09850594003,-0.669137423128
4.074673,0.740648172088,-0.594886318971,-0.829902872514,0.454872884933,0.812759601611,1.0988897431,-0.669361003466
4.084650,0.740527685784,-0.594832787624,-0.830160474669,0.455242435035,0.812798014129,1.09934986088,-0.669434586171
4.094626,0.740517331556,-0.594703228119,-0.830444476117,0.455588001318,0.812743954074,1.09979434077,-0.669376804887
4.104603,0.740671290339,-0.594824104078,-0.830556450765,0.455805041003,0.812664645753,1.10011698233,-0.669304961604
4.114579,0.740879970453,-0.595178798659,-0.830443684563,0.455651697533,0.812622196509,1.1003181454,-0.669448337238
4.124556,0.741107002295,-0.59535083216,-0.830349737277,0.455717429276,0.812296774688,1.10038331143,-0.669630030008
4.134532,0.741178097509,-0.595539776255,-0.830478947663,0.455963460424,0.812129108707,1.10022656767,-0.669846611237
4.144508,0.740969900993,-0.595795318415,-0.830668239928,0.456119439792,0.812143153724,1.10009872775,-0.669976715568
4.154485,0.740586262323,-0.595980791511,-0.830780426182,0.456056256615,0.812145165887,1.10027409529,-0.669959672952
4.164461,0.740264923622,-0.59596257123,-0.83081385356,0.455835209688,0.811920636535,1.10082904342,-0.669859601089
4.174438,0.740202898646,-0.595901515503,-0.830992592622,0.455700530551,0.811501743929,1.10138365831,-0.669922948188
4.184414,0.740415508601,-0.595993098675,-0.831083794037,0.455804151632,0.811503955129,1.10160876158,-0.670247003207
4.194391,0.740467210687,-0.596186951914,-0.83110699069,0.456197027963,0.811697330998,1.10179367463,-0.670592064132
4.204367,0.740480426271,-0.59636147971,-0.831103595248,0.456408717001,0.81185608506,1.10196745233,-0.670784560191
4.214344,0.740534671961,-0.596353185678,-0.831111140835,0.456279139905,0.811870051277,1.10210047103,-0.670818527104
4.224320,0.740603113587,-0.596258029808,-0.831162713011,0.455990549669,0.811778086799,1.10223124587,-0.670787964684
4.234297,0.740542331505,-0.596560611543,-0.831278042842,0.456003686851,0.811746199124,1.10252939281,-0.670817225873
4.244273,0.74043066833,-0.597149945458,-0.831348263696,0.456400315683,0.811605445557,1.10296334254,-0.670971208111
4.254249,0.740426718265,-0.597354261005,-0.831508949505,0.45690667328,0.8112763366,1.10319127518,-0.671279240577
4.264226,0.740508318647,-0.597213074942,-0.831558461111,0.457381270437,0.8112457548,1.10313026148,-0.671574416518
4.274202,0.740560013025,-0.597112188513,-0.831636768598,0.457598702205,0.811251238473,1.10309435353,-0.671721321154
4.284179,0.740532821542,-0.597297611299,-0.831787047756,0.457606288684,0.811055089083,1.10327767457,-0.67171146536
4.294155,0.74047063162,-0.597713436172,-0.831888156068,0.457701977749,0.810714984167,1.10357635847,-0.671679930901
4.304132,0.740358427697,-0.598113332102,-0.832027063942,0.457796960878,0.810587783014,1.10362574008,-0.67183680253
4.314108,0.7403576008,-0.598217455337,-0.832344211359,0.457887884258,0.810637963981,1.10395239081,-0.671908999748
4.324085,0.74041049843,-0.598078344282,-0.832471113731,0.457950424769,0.810779597966,1.10443761921,-0.672009580151
4.334061,0.740354950636,-0.598000550026,-0.832314403922,0.457993270423,0.810916810898,1.10468006949,-0.672065464611
4.344037,0.740202382071,-0.598166795651,-0.832071016389,0.45809029738,0.81094126717,1.10467047725,-0.672168432205
4.354014,0.740085541059,-0.598457411003,-0.832068543991,0.458283863128,0.810764846961,1.10464400773,-0.672427475477
4.363990,0.740075905287,-0.598225847972,-0.832466576541,0.458393643862,0.810361872369,1.10458779923,-0.67259347227
4.373967,0.74007266434,-0.598062482897,-0.832500991855,0.458159139018,0.810473961069,1.10481991917,-0.672578410876
4.383943,0.740141104176,-0.598362481904,-0.832422212388,0.458248567818,0.810594719992,1.10522668712,-0.672566026666
4.393920,0.740373693531,-0.598802000269,-0.832564935065,0.458615818593,0.810500626608,1.10561334205,-0.672647479092
4.403896,0.740676391311,-0.599062711556,-0.832778409155,0.45895750725,0.810227656926,1.10594266692,-0.672669903798
4.413873,0.740818725397,-0.599051320775,-0.83275513106,0.459007038961,0.809960919863,1.10622795623,-0.672561738202
4.423849,0.740535225499,-0.599028591979,-0.832389220631,0.458794659473,0.809896843924,1.10641747485,-0.672610350532
4.433825,0.740279648578,-0.598816577437,-0.83218973809,0.458622780685,0.809835972053,1.10628024407,-0.672991094748
4.443802,0.740269171063,-0.598648942724,-0.832244606885,0.458703009142,0.809811724291,1.10621070816,-0.673241599154
4.453778,0.740108733616,-0.598924980461,-0.832390026338,0.45884542574,0.809865361007,1.10639383334,-0.673350094827
4.463755,0.73993261419,-0.599332029168,-0.832537410192,0.458926903245,0.809965211921,1.10669271415,-0.673309425464
4.473731,0.739941042592,-0.599495128117,-0.832665058202,0.458950801185,0.810047147066,1.10694393187,-0.673138945974
4.483708,0.740153719971,-0.599329367414,-0.83279654394,0.459043706775,0.81005010896,1.10710434456,-0.672924500897
4.493684,0.740169400741,-0.599339994907,-0.832859856573,0.459282743688,0.809988796828,1.10730142105,-0.673055248528
4.503661,0.740140054819,-0.599600883133,-0.832812007242,0.459358533005,0.810073366652,1.10759085054,-0.673391447573
4.513637,0.740112143695,-0.599921603198,-0.832930399476,0.45945380982,0.810012159655,1.10784967945,-0.673559221857
4.523613,0.740027044803,-0.6001187424,-0.833070569984,0.459580626005,0.809683886632,1.10801022082,-0.673650210307
4.533590,0.739945388014,-0.600139653528,-0.83318963186,0.459796387075,0.809385573063,1.10818686807,-0.673740317967
4.543566,0.73997484921,-0.600066146889,-0.833353947691,0.460122582824,0.809475762785,1.10855897289,-0.673829553548
4.553543,0.739995470473,-0.600047166913,-0.833512244907,0.460249432271,0.80939662839,1.10903545891,-0.67391788368
4.563519,0.739762778148,-0.600111428492,-0.833791579456,0.459999224149,0.80940773951,1.10899135329,-0.674003564832
4.573496,0.739558551408,-0.600248674793,-0.833976447793,0.459670099504,0.809439084343,1.10879191902,-0.674056977351
4.583472,0.739528020216,-0.600435822713,-0.833891312675,0.459446900515,0.809210817208,1.10878377058,-0.674038024552
4.593449,0.739615467476,-0.600595918762,-0.833743787991,0.4593595724,0.809011001082,1.10900233804,-0.673995691495
4.603425,0.739707926729,-0.600587045167,-0.833810476666,0.459454165486,0.809148530087,1.10929297884,-0.674036016854
4.613402,0.739802461744,-0.600219322371,-0.83404987031,0.459977236288,0.809290697657,1.10949324418,-0.674265823264
4.623378,0.739566722623,-0.600350468445,-0.834092770631,0.460661750412,0.80907049631,1.10946385804,-0.674403767206
4.633354,0.739679104287,-0.600782203782,-0.833859688465,0.460910564712,0.808761939486,1.10937833841,-0.674313694515
4.643331,0.739900207243,-0.60098725157,-0.833733772878,0.461022726829,0.808610329741,1.1095493442,-0.674359240306
4.653307,0.740041592403,-0.600962362722,-0.833784285482,0.46104607763,0.808558000399,1.10987944383,-0.674651237364
4.663284,0.740046653818,-0.600840371118,-0.834029004153,0.461041416491,0.808516756858,1.11014171447,-0.675032689426
4.673260,0.740006798605,-0.600698166928,-0.834484951224,0.461147893387,0.808509517727,1.11018778144,-0.675173944039
4.683237,0.739909322069,-0.600833427334,-0.834354708423,0.460957667848,0.808568976322,1.11026101143,-0.675295287944
4.693213,0.739572254296,-0.601176245676,-0.834049225379,0.460888789573,0.808519153957,1.11032484232,-0.67521886689
4.703190,0.7394195831,-0.601413155709,-0.834113816784,0.461046534223,0.808368008129,1.11018742711,-0.67489727539
4.713166,0.739395440825,-0.60146514631,-0.83437923863,0.46130106531,0.808249722872,1.1102034544,-0.67463699383
4.723142,0.73937188289,-0.601410182455,-0.834577559315,0.461579689887,0.808200135226,1.11045255699,-0.674655208818
4.733119,0.739322443956,-0.601427171983,-0.834544544178,0.461854343182,0.808156279593,1.11067824104,-0.674990024938
4.743095,0.739568603263,-0.60169455153,-0.834335357988,0.46183411307,0.808145668946,1.1107374394,-0.675632980159
4.753072,0.739531151051,-0.602019980765,-0.834302633321,0.461515956447,0.808205955504,1.11113787521,-0.675869184733
4.763048,0.739322897414,-0.602092735099,-0.834236002966,0.461358584997,0.808205908019,1.11145607707,-0.675945995616
4.773025,0.739213985571,-0.601923054777,-0.834151236661,0.461411415115,0.808154415217,1.11143205905,-0.675914649022
4.783001,0.739283027171,-0.601763252817,-0.834165642829,0.461617472103,0.808086272887,1.11122558737,-0.675851745567
4.792978,0.739458471897,-0.601849094192,-0.834321749663,0.461861556059,0.80802569867,1.11114168217,-0.675873069351
4.802954,0.739642099733,-0.602054440395,-0.8343631493,0.4620092861,0.807950210269,1.11119770861,-0.676130490943
