time,left_s0,left_s1,left_e0,left_e1,left_w0,left_w1,left_w2,left_gripper,right_s0,right_s1,right_e0,right_e1,right_w0,right_w1,right_w2,right_gripper
0.497911,-0.00498543756063,-0.555301045215,-0.00421844716668,0.745898158109,-0.00306796157577,1.2536457989,-0.00498543756063,0.0,0.800737971276,-1.0507768397,-0.807257389625,1.09104383538,0.574092309866,1.51058758087,-0.826048654276,7.66721057892
0.498009,-0.00498543756063,-0.555301045215,-0.00421844716668,0.745898158109,-0.00306796157577,1.2536457989,-0.00498543756063,0.0,0.800737971276,-1.0507768397,-0.807257389625,1.09104383538,0.574092309866,1.51058758087,-0.826048654276,7.66721057892
0.508088,-0.00498543756063,-0.554917550018,-0.00460194236366,0.745898158109,-0.00345145677274,1.2536457989,-0.00498543756063,0.0,0.801121466473,-1.0503933445,-0.806873894428,1.09181082578,0.574092309866,1.50982059048,-0.826432149473,7.66721057892
0.518114,-0.00460194236366,-0.555684540411,-0.00383495196971,0.745898158109,-0.00306796157577,1.2540292941,-0.0053689327576,0.0,0.801121466473,-1.0511603349,-0.806490399231,1.09219432097,0.574092309866,1.51020408567,-0.826432149473,7.66721057892
0.530668,-0.00498543756063,-0.555684540411,-0.00460194236366,0.745514662912,-0.00306796157577,1.2536457989,-0.00498543756063,0.0,0.80150496167,-1.0515438301,-0.807640884822,1.09181082578,0.574092309866,1.50982059048,-0.826048654276,7.66721057892
0.538179,-0.00498543756063,-0.555684540411,-0.00460194236366,0.745514662912,-0.00306796157577,1.2536457989,-0.00498543756063,0.0,0.80150496167,-1.0515438301,-0.807640884822,1.09181082578,0.574092309866,1.50982059048,-0.826048654276,7.66721057892
0.548136,-0.00575242795457,-0.555301045215,-0.00421844716668,0.745898158109,-0.00383495196971,1.2536457989,-0.00498543756063,0.0,0.801121466473,-1.0507768397,-0.806106904034,1.09181082578,0.573708814669,1.50943709528,-0.825281663882,7.66721057892
0.558126,-0.00498543756063,-0.555684540411,-0.00421844716668,0.745898158109,-0.00306796157577,1.25287880851,-0.0053689327576,0.0,0.801121466473,-1.0507768397,-0.806873894428,1.09142733058,0.574092309866,1.50982059048,-0.826432149473,7.66721057892
0.568167,-0.0053689327576,-0.554917550018,-0.00383495196971,0.745898158109,-0.00306796157577,1.25441278929,-0.00613592315154,0.0,0.801121466473,-1.0503933445,-0.806490399231,1.09257781617,0.574475805063,1.51020408567,-0.826048654276,7.66721057892
0.578105,-0.0053689327576,-0.555684540411,-0.00421844716668,0.746281653306,-0.00345145677274,1.25287880851,-0.00498543756063,0.0,0.801121466473,-1.0503933445,-0.806873894428,1.09181082578,0.574092309866,1.50982059048,-0.826048654276,7.66721057892
0.588257,-0.0053689327576,-0.555301045215,-0.00421844716668,0.746281653306,-0.00383495196971,1.2536457989,-0.00498543756063,0.0,0.800737971276,-1.0503933445,-0.806490399231,1.09219432097,0.57485930026,1.50982059048,-0.827199139867,7.66721057892
0.598064,-0.0053689327576,-0.555301045215,-0.00383495196971,0.745898158109,-0.00306796157577,1.2536457989,-0.00460194236366,0.0,0.800737971276,-1.0507768397,-0.807257389625,1.09181082578,0.57485930026,1.50982059048,-0.826048654276,7.66721057892
0.608109,-0.00498543756063,-0.555684540411,-0.00383495196971,0.745898158109,-0.00383495196971,1.2532623037,-0.00498543756063,0.0,0.800737971276,-1.0507768397,-0.806490399231,1.09181082578,0.573325319472,1.51020408567,-0.82681564467,7.66721057892
0.618128,-0.00498543756063,-0.554917550018,-0.00421844716668,0.745514662912,-0.0026844663788,1.25441278929,-0.00498543756063,0.0,0.801121466473,-1.0507768397,-0.806873894428,1.09181082578,0.573708814669,1.50943709528,-0.82681564467,7.66721057892
0.628123,-0.00460194236366,-0.554917550018,-0.00460194236366,0.745514662912,-0.00306796157577,1.25441278929,-0.0053689327576,0.0,0.801121466473,-1.0503933445,-0.806490399231,1.09219432097,0.57485930026,1.51020408567,-0.826048654276,7.66721057892
0.638116,-0.0053689327576,-0.555301045215,-0.00421844716668,0.745514662912,-0.00306796157577,1.2532623037,-0.00498543756063,0.0,0.801121466473,-1.0507768397,-0.806490399231,1.09219432097,0.574475805063,1.50982059048,-0.826432149473,7.66721057892
0.648126,-0.00575242795457,-0.555684540411,-0.00383495196971,0.745514662912,-0.00306796157577,1.2532623037,-0.0053689327576,0.0,0.80150496167,-1.0503933445,-0.807257389625,1.09142733058,0.57485930026,1.50982059048,-0.826048654276,7.66721057892
0.658151,-0.00613592315154,-0.555301045215,-0.00345145677274,0.745131167715,-0.00306796157577,1.2536457989,-0.00498543756063,0.0,0.801121466473,-1.0507768397,-0.806873894428,1.09219432097,0.575242795457,1.51020408567,-0.826048654276,7.66721057892
0.668117,-0.00498543756063,-0.555684540411,-0.00421844716668,0.745898158109,-0.00306796157577,1.2536457989,-0.0053689327576,0.0,0.80150496167,-1.05000984931,-0.806873894428,1.09181082578,0.57485930026,1.50982059048,-0.826048654276,7.66721057892
0.678129,-0.0053689327576,-0.555301045215,-0.00460194236366,0.745898158109,-0.00383495196971,1.25441278929,-0.0053689327576,0.0,0.801121466473,-1.05000984931,-0.806873894428,1.09142733058,0.574092309866,1.51020408567,-0.82681564467,7.66721057892
0.688133,-0.0053689327576,-0.555684540411,-0.00421844716668,0.745131167715,-0.00345145677274,1.2540292941,-0.00498543756063,0.0,0.80150496167,-1.05000984931,-0.806490399231,1.09142733058,0.574475805063,1.50943709528,-0.82681564467,7.66721057892
0.698209,-0.0053689327576,-0.555301045215,-0.00383495196971,0.745898158109,-0.00345145677274,1.2536457989,-0.00460194236366,0.0,0.80150496167,-1.0507768397,-0.806873894428,1.09219432097,0.573325319472,1.50982059048,-0.825665159079,7.66721057892
0.708144,-0.00460194236366,-0.555301045215,-0.00421844716668,0.745514662912,-0.00345145677274,1.2540292941,-0.0053689327576,0.0,0.800737971276,-1.0503933445,-0.806490399231,1.09181082578,0.57485930026,1.50905360008,-0.825281663882,7.66721057892
0.718141,-0.00575242795457,-0.555684540411,-0.00383495196971,0.745898158109,-0.00345145677274,1.25441278929,-0.00613592315154,0.0,0.80150496167,-1.0507768397,-0.806873894428,1.09104383538,0.573708814669,1.50943709528,-0.827199139867,7.66721057892
0.728081,-0.00460194236366,-0.554917550018,-0.00383495196971,0.745898158109,-0.00345145677274,1.25441278929,-0.00575242795457,0.0,0.801888456867,-1.05000984931,-0.807257389625,1.09142733058,0.574092309866,1.51020408567,-0.826048654276,7.66721057892
0.738109,-0.0053689327576,-0.555684540411,-0.00421844716668,0.745898158109,-0.00306796157577,1.2540292941,-0.00460194236366,0.0,0.801121466473,-1.0507768397,-0.806490399231,1.09219432097,0.574092309866,1.50982059048,-0.826432149473,7.66721057892
0.748136,-0.0053689327576,-0.555301045215,-0.00383495196971,0.745514662912,-0.00306796157577,1.2540292941,-0.00575242795457,0.0,0.801121466473,-1.0511603349,-0.806490399231,1.09104383538,0.575242795457,1.50943709528,-0.826048654276,7.66721057892
0.758139,-0.00498543756063,-0.555301045215,-0.00345145677274,0.745514662912,-0.00306796157577,1.2532623037,-0.00498543756063,0.0,0.80150496167,-1.0503933445,-0.806490399231,1.09142733058,0.573325319472,1.50943709528,-0.826432149473,7.66721057892
0.768160,-0.00575242795457,-0.555684540411,-0.00421844716668,0.745898158109,-0.00306796157577,1.2536457989,-0.0053689327576,0.0,0.80150496167,-1.0503933445,-0.806106904034,1.09219432097,0.573708814669,1.50905360008,-0.826048654276,7.66721057892
0.778110,-0.0053689327576,-0.555684540411,-0.00421844716668,0.745898158109,-0.00306796157577,1.2536457989,-0.0053689327576,0.0,0.801888456867,-1.0511603349,-0.806490399231,1.09104383538,0.574092309866,1.50943709528,-0.825665159079,7.66721057892
0.788548,-0.00498543756063,-0.554917550018,-0.00383495196971,0.746281653306,-0.00306796157577,1.2540292941,-0.00498543756063,0.0,0.801888456867,-1.0503933445,-0.806873894428,1.09027684499,0.574475805063,1.50943709528,-0.826432149473,7.66721057892
0.798097,-0.00498543756063,-0.554534054821,-0.00421844716668,0.745131167715,-0.00306796157577,1.25441278929,-0.00498543756063,0.0,0.801888456867,-1.0507768397,-0.806873894428,1.09104383538,0.57485930026,1.50905360008,-0.826048654276,7.66721057892
0.808195,-0.0053689327576,-0.554917550018,-0.00383495196971,0.745131167715,-0.00345145677274,1.2540292941,-0.00613592315154,0.0,0.801888456867,-1.05000984931,-0.807257389625,1.08989334979,0.575626290654,1.50828660969,-0.826432149473,7.66721057892
0.818141,-0.00460194236366,-0.555684540411,-0.00421844716668,0.745514662912,-0.00345145677274,1.25441278929,-0.0053689327576,0.0,0.802655447261,-1.04962635411,-0.807257389625,1.0895098546,0.57485930026,1.50790311449,-0.826432149473,7.66721057892
0.828131,-0.0053689327576,-0.555301045215,-0.00460194236366,0.745514662912,-0.00383495196971,1.2540292941,-0.0053689327576,0.0,0.803422437655,-1.04962635411,-0.806106904034,1.08797587381,0.576009785851,1.50828660969,-0.826048654276,7.66721057892
0.838307,-0.0053689327576,-0.555684540411,-0.00421844716668,0.745898158109,-0.00306796157577,1.2536457989,-0.0053689327576,0.0,0.803805932852,-1.04924285891,-0.807257389625,1.08797587381,0.575242795457,1.50790311449,-0.826048654276,7.66721057892
0.848118,-0.00575242795457,-0.555684540411,-0.00460194236366,0.745131167715,-0.00383495196971,1.2532623037,-0.0053689327576,0.0,0.803805932852,-1.04962635411,-0.807640884822,1.08682538822,0.575626290654,1.50751961929,-0.826048654276,7.66721057892
0.858122,-0.0053689327576,-0.554917550018,-0.00383495196971,0.745898158109,-0.00306796157577,1.25441278929,-0.00498543756063,0.0,0.804956418443,-1.04847586852,-0.806873894428,1.08682538822,0.57485930026,1.50751961929,-0.82681564467,7.66721057892
0.868132,-0.00498543756063,-0.555684540411,-0.00345145677274,0.745898158109,-0.00306796157577,1.2540292941,-0.00498543756063,0.0,0.805723408837,-1.04732538293,-0.806873894428,1.08605839782,0.574475805063,1.50598563851,-0.826048654276,7.66721057892
0.878910,-0.0053689327576,-0.555301045215,-0.00383495196971,0.745898158109,-0.00345145677274,1.2540292941,-0.00498543756063,0.0,0.806490399231,-1.04694188773,-0.807640884822,1.08490791223,0.575626290654,1.50598563851,-0.826432149473,7.66721057892
0.888113,-0.0053689327576,-0.554917550018,-0.00383495196971,0.746281653306,-0.00345145677274,1.2540292941,-0.0053689327576,0.0,0.806873894428,-1.04655839253,-0.807257389625,1.08375742664,0.574475805063,1.50483515292,-0.826432149473,7.66721057892
0.898191,-0.0053689327576,-0.554917550018,-0.00345145677274,0.746281653306,-0.00345145677274,1.25441278929,-0.00498543756063,0.0,0.807640884822,-1.04655839253,-0.806873894428,1.08260694105,0.573708814669,1.50483515292,-0.826048654276,7.66721057892
0.908179,-0.0053689327576,-0.555301045215,-0.00460194236366,0.746281653306,-0.00345145677274,1.2536457989,-0.00575242795457,0.0,0.808791370413,-1.04579140214,-0.807640884822,1.08222344585,0.572941824275,1.50445165772,-0.826048654276,7.66721057892
0.918277,-0.00498543756063,-0.555301045215,-0.00460194236366,0.745131167715,-0.00383495196971,1.25287880851,-0.00498543756063,0.0,0.809558360807,-1.04540790694,-0.806873894428,1.08145645546,0.572174833881,1.50368466732,-0.825665159079,7.66721057892
0.928109,-0.0053689327576,-0.555684540411,-0.00383495196971,0.745514662912,-0.00345145677274,1.2536457989,-0.00498543756063,0.0,0.809558360807,-1.04464091655,-0.807257389625,1.08222344585,0.570257357896,1.50253418173,-0.825665159079,7.66721057892
0.938139,-0.00498543756063,-0.556068035608,-0.00383495196971,0.745514662912,-0.00306796157577,1.2532623037,-0.0053689327576,0.0,0.811092341594,-1.04425742135,-0.807640884822,1.08107296026,0.569873862699,1.50100020095,-0.825281663882,7.66721057892
0.948119,-0.00575242795457,-0.554917550018,-0.00421844716668,0.745131167715,-0.00383495196971,1.2532623037,-0.00460194236366,0.0,0.812242827185,-1.04349043096,-0.806873894428,1.07992247467,0.567956386715,1.49946622016,-0.824514673488,7.66721057892
0.958138,-0.00575242795457,-0.556068035608,-0.00421844716668,0.745514662912,-0.00306796157577,1.2540292941,-0.00498543756063,0.0,0.813393312776,-1.04272344057,-0.806490399231,1.07915548428,0.56603891073,1.49831573457,-0.824898168685,7.66721057892
0.968123,-0.00575242795457,-0.555301045215,-0.00383495196971,0.746281653306,-0.00306796157577,1.2536457989,-0.0053689327576,0.0,0.81416030317,-1.04233994537,-0.807640884822,1.07877198908,0.564888425139,1.49716524898,-0.824514673488,7.66721057892
0.978124,-0.0053689327576,-0.555301045215,-0.00421844716668,0.746281653306,-0.00306796157577,1.2532623037,-0.00498543756063,0.0,0.815694283958,-1.04118945978,-0.807640884822,1.07800499869,0.563737939548,1.49486427779,-0.825281663882,7.66721057892
0.988107,-0.00460194236366,-0.555684540411,-0.00421844716668,0.745898158109,-0.00306796157577,1.2536457989,-0.00460194236366,0.0,0.816844769549,-1.04118945978,-0.807257389625,1.0768545131,0.561436968366,1.49333029701,-0.825665159079,7.66721057892
0.998129,-0.00498543756063,-0.555301045215,-0.00421844716668,0.746281653306,-0.0026844663788,1.25441278929,-0.0053689327576,0.0,0.817228264746,-1.04080596458,-0.807640884822,1.0768545131,0.559902987578,1.49217981142,-0.825281663882,7.66721057892
1.008185,-0.0053689327576,-0.555684540411,-0.00345145677274,0.746281653306,-0.0026844663788,1.2536457989,-0.00498543756063,0.0,0.818762245534,-1.04003897419,-0.807640884822,1.0760875227,0.559135997184,1.49026233543,-0.824514673488,7.66721057892
1.018157,-0.00498543756063,-0.555301045215,-0.00421844716668,0.746281653306,-0.00345145677274,1.2536457989,-0.0053689327576,0.0,0.819912731125,-1.03965547899,-0.808024380019,1.07532053231,0.557985511593,1.48911184984,-0.823747683094,7.66721057892
1.028127,-0.00613592315154,-0.555301045215,-0.00421844716668,0.745131167715,-0.00345145677274,1.2536457989,-0.00498543756063,0.0,0.819912731125,-1.03927198379,-0.808024380019,1.07417004672,0.557602016396,1.48719437385,-0.824898168685,7.66721057892
1.038201,-0.00498543756063,-0.555301045215,-0.00460194236366,0.746281653306,-0.00345145677274,1.25441278929,-0.00498543756063,0.0,0.820679721519,-1.0388884886,-0.808791370413,1.07378655152,0.557985511593,1.48412641228,-0.825281663882,7.66721057892
1.048147,-0.00460194236366,-0.555684540411,-0.00383495196971,0.745898158109,-0.0026844663788,1.2540292941,-0.00498543756063,0.0,0.822597197504,-1.0385049934,-0.808407875216,1.07263606593,0.558752501987,1.48335942189,-0.824514673488,7.66721057892
1.058214,-0.00575242795457,-0.555684540411,-0.00421844716668,0.745514662912,-0.00306796157577,1.25517977969,-0.0053689327576,0.0,0.822597197504,-1.0388884886,-0.808407875216,1.07263606593,0.557985511593,1.4818254411,-0.824514673488,7.66721057892
1.068137,-0.0053689327576,-0.555301045215,-0.00383495196971,0.745131167715,-0.00383495196971,1.25441278929,-0.00575242795457,0.0,0.822213702307,-1.037738003,-0.808791370413,1.07301956113,0.557985511593,1.47990796511,-0.824514673488,7.66721057892
1.078124,-0.00460194236366,-0.554917550018,-0.00345145677274,0.745898158109,-0.00345145677274,1.2536457989,-0.00498543756063,0.0,0.822597197504,-1.03735450781,-0.807640884822,1.07186907553,0.559135997184,1.47837398432,-0.824131178291,7.66721057892
1.088140,-0.00575242795457,-0.555301045215,-0.00460194236366,0.745131167715,-0.00306796157577,1.2540292941,-0.00498543756063,0.0,0.822980692701,-1.03697101261,-0.808024380019,1.07071858994,0.559519492381,1.47645650834,-0.824131178291,7.66721057892
1.098212,-0.00498543756063,-0.555301045215,-0.00421844716668,0.745898158109,-0.00421844716668,1.2532623037,-0.00575242795457,0.0,0.823364187897,-1.03697101261,-0.808791370413,1.06956810435,0.560286482775,1.47530602275,-0.823364187897,7.66721057892
1.108134,-0.0053689327576,-0.554917550018,-0.00383495196971,0.745898158109,-0.0026844663788,1.2540292941,-0.00575242795457,0.0,0.824131178291,-1.03658751741,-0.808024380019,1.06880111396,0.559135997184,1.47377204196,-0.822597197504,7.66721057892
1.118289,-0.0053689327576,-0.554917550018,-0.00421844716668,0.745898158109,-0.00383495196971,1.2536457989,-0.00613592315154,0.0,0.824131178291,-1.03697101261,-0.807257389625,1.06803412357,0.559902987578,1.47185456598,-0.823364187897,7.66721057892
1.128111,-0.00498543756063,-0.555301045215,-0.00460194236366,0.745514662912,-0.00383495196971,1.2540292941,-0.0053689327576,0.0,0.824898168685,-1.03620402222,-0.808407875216,1.06726713317,0.560286482775,1.47070408039,-0.823364187897,7.66721057892
1.138195,-0.0053689327576,-0.555301045215,-0.00383495196971,0.745898158109,-0.00345145677274,1.2540292941,-0.00613592315154,0.0,0.825281663882,-1.03620402222,-0.808024380019,1.06611664758,0.558752501987,1.4691700996,-0.822213702307,7.66721057892
1.148298,-0.00575242795457,-0.555301045215,-0.00421844716668,0.745514662912,-0.00345145677274,1.2540292941,-0.0053689327576,0.0,0.826432149473,-1.03582052702,-0.808024380019,1.06496616199,0.560286482775,1.46763611881,-0.821063216716,7.66721057892
1.158112,-0.00460194236366,-0.556068035608,-0.00460194236366,0.746281653306,-0.00306796157577,1.2540292941,-0.0053689327576,0.0,0.826432149473,-1.03505353663,-0.808024380019,1.0641991716,0.559902987578,1.46686912842,-0.82183020711,7.66721057892
1.168101,-0.00575242795457,-0.555301045215,-0.00383495196971,0.745898158109,-0.00345145677274,1.2536457989,-0.0053689327576,0.0,0.826048654276,-1.03467004143,-0.807640884822,1.06266519081,0.559519492381,1.46648563322,-0.821063216716,7.66721057892
1.178111,-0.0053689327576,-0.555301045215,-0.00421844716668,0.746281653306,-0.00383495196971,1.2540292941,-0.00498543756063,0.0,0.827199139867,-1.03390305103,-0.807640884822,1.06189820041,0.560286482775,1.46610213802,-0.82183020711,7.66721057892
1.188100,-0.00498543756063,-0.555684540411,-0.00421844716668,0.745898158109,-0.00345145677274,1.25441278929,-0.00575242795457,0.0,0.827582635064,-1.03351955584,-0.807640884822,1.06036421963,0.559519492381,1.46533514763,-0.820296226322,7.66721057892
1.198100,-0.00575242795457,-0.555301045215,-0.00421844716668,0.745898158109,-0.00306796157577,1.2540292941,-0.0053689327576,0.0,0.827199139867,-1.03313606064,-0.808407875216,1.05921373403,0.559135997184,1.46380116684,-0.819912731125,7.66721057892
1.208127,-0.00575242795457,-0.556068035608,-0.00421844716668,0.746281653306,-0.00345145677274,1.2540292941,-0.00498543756063,0.0,0.827199139867,-1.03275256544,-0.808024380019,1.05729625805,0.559902987578,1.46265068125,-0.819529235928,7.66721057892
1.218139,-0.00575242795457,-0.555684540411,-0.00383495196971,0.745514662912,-0.00345145677274,1.2536457989,-0.00651941834851,0.0,0.827582635064,-1.03236907025,-0.808024380019,1.05576227726,0.560286482775,1.46226718605,-0.819145740731,7.66721057892
1.228232,-0.00498543756063,-0.554917550018,-0.00383495196971,0.745514662912,-0.00306796157577,1.2540292941,-0.00575242795457,0.0,0.827199139867,-1.03236907025,-0.807640884822,1.05461179167,0.559519492381,1.46150019566,-0.817228264746,7.66721057892
1.238153,-0.0053689327576,-0.555301045215,-0.00383495196971,0.744364177321,-0.00306796157577,1.2536457989,-0.0053689327576,0.0,0.828349625458,-1.03121858466,-0.808024380019,1.05346130608,0.559902987578,1.46111670046,-0.816461274352,7.66721057892
1.248129,-0.0053689327576,-0.555301045215,-0.00383495196971,0.745514662912,-0.00306796157577,1.2536457989,-0.00613592315154,0.0,0.827199139867,-1.03083508946,-0.808024380019,1.05192732529,0.559902987578,1.45996621487,-0.814543798367,7.66721057892
1.258160,-0.0053689327576,-0.556068035608,-0.00421844716668,0.745514662912,-0.00306796157577,1.2540292941,-0.00498543756063,0.0,0.827966130261,-1.03006809907,-0.808024380019,1.0507768397,0.559519492381,1.45919922448,-0.812626322382,7.66721057892
1.268152,-0.00575242795457,-0.556068035608,-0.00421844716668,0.745131167715,-0.00306796157577,1.2532623037,-0.00498543756063,0.0,0.827966130261,-1.03045159426,-0.808407875216,1.04847586852,0.561053473169,1.45766524369,-0.812242827185,7.66721057892
1.278105,-0.00498543756063,-0.556068035608,-0.00421844716668,0.745514662912,-0.00383495196971,1.25441278929,-0.00575242795457,0.0,0.828349625458,-1.02853411828,-0.808024380019,1.04655839253,0.561053473169,1.45728174849,-0.810708846397,7.66721057892
1.288106,-0.00498543756063,-0.555684540411,-0.00383495196971,0.745898158109,-0.00306796157577,1.2540292941,-0.00498543756063,0.0,0.827582635064,-1.02815062308,-0.808407875216,1.04502441175,0.560669977972,1.4557477677,-0.808407875216,7.66721057892
1.298124,-0.0053689327576,-0.555301045215,-0.00383495196971,0.745898158109,-0.00345145677274,1.2540292941,-0.00613592315154,0.0,0.827582635064,-1.02738363269,-0.808407875216,1.04310693576,0.56220395876,1.45383029172,-0.807257389625,7.66721057892
1.308125,-0.00498543756063,-0.554917550018,-0.00421844716668,0.745131167715,-0.00306796157577,1.2540292941,-0.00498543756063,0.0,0.828349625458,-1.0258496519,-0.808407875216,1.04080596458,0.561436968366,1.45306330132,-0.804572923246,7.66721057892
1.318207,-0.0053689327576,-0.554917550018,-0.00383495196971,0.745514662912,-0.00345145677274,1.2540292941,-0.00498543756063,0.0,0.828733120655,-1.0250826615,-0.807640884822,1.0385049934,0.562970949154,1.45152932054,-0.802655447261,7.66721057892
1.328078,-0.00498543756063,-0.555684540411,-0.00345145677274,0.745898158109,-0.00345145677274,1.2536457989,-0.00498543756063,0.0,0.828349625458,-1.02431567111,-0.807640884822,1.03658751741,0.562587453957,1.45037883495,-0.800354476079,7.66721057892
1.338157,-0.0053689327576,-0.554917550018,-0.00383495196971,0.745898158109,-0.00306796157577,1.2536457989,-0.0053689327576,0.0,0.828733120655,-1.02239819513,-0.806873894428,1.03428654623,0.564121434745,1.44999533975,-0.798437000094,7.66721057892
1.348123,-0.00498543756063,-0.555301045215,-0.00383495196971,0.745898158109,-0.00345145677274,1.2536457989,-0.00498543756063,0.0,0.828349625458,-1.02239819513,-0.808024380019,1.03160207985,0.564888425139,1.44846135896,-0.796903019306,7.66721057892
1.358177,-0.0053689327576,-0.555684540411,-0.00383495196971,0.745898158109,-0.00306796157577,1.2536457989,-0.00575242795457,0.0,0.828733120655,-1.02086421434,-0.806873894428,1.03006809907,0.564121434745,1.44731087337,-0.794985543322,7.66721057892
1.368135,-0.0053689327576,-0.556068035608,-0.00345145677274,0.745898158109,-0.00345145677274,1.25441278929,-0.00498543756063,0.0,0.827582635064,-1.01933023355,-0.808024380019,1.02776712788,0.564888425139,1.44692737817,-0.791917581746,7.66721057892
1.378074,-0.0053689327576,-0.556068035608,-0.00383495196971,0.745898158109,-0.00345145677274,1.2540292941,-0.00498543756063,0.0,0.828733120655,-1.01856324316,-0.808024380019,1.02469916631,0.564888425139,1.44577689258,-0.789616610564,7.66721057892
1.388093,-0.00575242795457,-0.555684540411,-0.00421844716668,0.745898158109,-0.00345145677274,1.2532623037,-0.00498543756063,0.0,0.829116615852,-1.01741275757,-0.808024380019,1.02354868072,0.565655415533,1.44539339739,-0.787699134579,7.66721057892
1.398112,-0.00498543756063,-0.555301045215,-0.00383495196971,0.745898158109,-0.00306796157577,1.25441278929,-0.0053689327576,0.0,0.828349625458,-1.01549528158,-0.808024380019,1.02009722394,0.565655415533,1.44424291179,-0.786165153791,7.66721057892
1.408135,-0.0053689327576,-0.555684540411,-0.00383495196971,0.745898158109,-0.00345145677274,1.2532623037,-0.00498543756063,0.0,0.828733120655,-1.01434479599,-0.807257389625,1.01779625276,0.565271920336,1.44577689258,-0.783864182609,7.66721057892
1.418139,-0.0053689327576,-0.555301045215,-0.00383495196971,0.745514662912,-0.00345145677274,1.2536457989,-0.00460194236366,0.0,0.829116615852,-1.01204382481,-0.808407875216,1.01511178638,0.564888425139,1.44616038778,-0.781179716231,7.66721057892
1.428106,-0.00498543756063,-0.554917550018,-0.00345145677274,0.745898158109,-0.0026844663788,1.2540292941,-0.00498543756063,0.0,0.827966130261,-1.01127683441,-0.807640884822,1.01166032961,0.564888425139,1.44577689258,-0.78002923064,7.66721057892
1.438091,-0.00613592315154,-0.555301045215,-0.00383495196971,0.745514662912,-0.00345145677274,1.2536457989,-0.0053689327576,0.0,0.829116615852,-1.00935935843,-0.808407875216,1.00974285363,0.564121434745,1.44731087337,-0.778111754655,7.66721057892
1.448243,-0.0053689327576,-0.554917550018,-0.00345145677274,0.745898158109,-0.00306796157577,1.25441278929,-0.0053689327576,0.0,0.829500111049,-1.00859236803,-0.806873894428,1.00705838725,0.565271920336,1.44769436857,-0.77619427867,7.66721057892
1.458124,-0.00498543756063,-0.555301045215,-0.00421844716668,0.746281653306,-0.00345145677274,1.25441278929,-0.00498543756063,0.0,0.828733120655,-1.00667489205,-0.807640884822,1.00437392087,0.564504929942,1.44807786376,-0.775043793079,7.66721057892
1.468169,-0.00575242795457,-0.555301045215,-0.00383495196971,0.745514662912,-0.00306796157577,1.25441278929,-0.00498543756063,0.0,0.829883606246,-1.00475741606,-0.807640884822,1.00168945449,0.565271920336,1.44807786376,-0.773893307488,7.66721057892
1.478138,-0.00575242795457,-0.555301045215,-0.00460194236366,0.746281653306,-0.00345145677274,1.25441278929,-0.00498543756063,0.0,0.830267101443,-1.00360693047,-0.806873894428,0.999388483307,0.564888425139,1.44807786376,-0.771975831503,7.66721057892
1.488121,-0.0053689327576,-0.556068035608,-0.00383495196971,0.745514662912,-0.00383495196971,1.2536457989,-0.0053689327576,0.0,0.829116615852,-1.00168945449,-0.807640884822,0.996704016929,0.565271920336,1.44884485416,-0.7723593267,7.66721057892
1.498135,-0.0053689327576,-0.555684540411,-0.00345145677274,0.745898158109,-0.0026844663788,1.2536457989,-0.00498543756063,0.0,0.829116615852,-1.0005389689,-0.807257389625,0.99401955055,0.565271920336,1.44922834935,-0.771592336306,7.66721057892
1.508123,-0.0053689327576,-0.555684540411,-0.00383495196971,0.745514662912,-0.00306796157577,1.2536457989,-0.00613592315154,0.0,0.83065059664,-0.997854502519,-0.807257389625,0.990951588974,0.564888425139,1.44922834935,-0.770441850715,7.66721057892
1.518130,-0.0053689327576,-0.554917550018,-0.00421844716668,0.745131167715,-0.00306796157577,1.2536457989,-0.00498543756063,0.0,0.829116615852,-0.996320521732,-0.808024380019,0.988267122595,0.56603891073,1.44884485416,-0.767757384337,7.66721057892
1.528115,-0.0053689327576,-0.555301045215,-0.00460194236366,0.745131167715,-0.00306796157577,1.2540292941,-0.00575242795457,0.0,0.829883606246,-0.99401955055,-0.808407875216,0.985966151413,0.565655415533,1.44922834935,-0.765456413155,7.66721057892
1.539745,-0.00498543756063,-0.555684540411,-0.00383495196971,0.745898158109,-0.00306796157577,1.2540292941,-0.0053689327576,0.0,0.829116615852,-0.992485569762,-0.808024380019,0.983665180232,0.565271920336,1.44846135896,-0.765839908352,7.66721057892
1.548170,-0.00498543756063,-0.555684540411,-0.00383495196971,0.745898158109,-0.00383495196971,1.25441278929,-0.00498543756063,0.0,0.829500111049,-0.99018459858,-0.808024380019,0.980213723459,0.564888425139,1.44846135896,-0.764689422761,7.66721057892
1.558127,-0.0053689327576,-0.555684540411,-0.00421844716668,0.745898158109,-0.00383495196971,1.2540292941,-0.0053689327576,0.0,0.830267101443,-0.988650617792,-0.808024380019,0.977912752277,0.565655415533,1.44884485416,-0.764305927564,7.66721057892
1.568180,-0.0053689327576,-0.555684540411,-0.00498543756063,0.745131167715,-0.00306796157577,1.2536457989,-0.00575242795457,0.0,0.829883606246,-0.98634964661,-0.808024380019,0.975228285898,0.564504929942,1.44884485416,-0.76353893717,7.66721057892
1.578166,-0.0053689327576,-0.554917550018,-0.00345145677274,0.745514662912,-0.00306796157577,1.25441278929,-0.00575242795457,0.0,0.830267101443,-0.984432170625,-0.808024380019,0.972160324322,0.565655415533,1.44884485416,-0.763155441973,7.66721057892
1.588125,-0.0053689327576,-0.555684540411,-0.00383495196971,0.745131167715,-0.00421844716668,1.2540292941,-0.00460194236366,0.0,0.830267101443,-0.982131199444,-0.807257389625,0.969092362747,0.565271920336,1.44846135896,-0.762388451579,7.66721057892
1.598136,-0.00498543756063,-0.556068035608,-0.00383495196971,0.745514662912,-0.00306796157577,1.25441278929,-0.00498543756063,0.0,0.830267101443,-0.979830228262,-0.807640884822,0.966024401171,0.564888425139,1.44922834935,-0.762388451579,7.66721057892
1.608129,-0.0053689327576,-0.555684540411,-0.00345145677274,0.745898158109,-0.00383495196971,1.2536457989,-0.00575242795457,0.0,0.830267101443,-0.978679742671,-0.806873894428,0.963339934792,0.565655415533,1.44961184455,-0.761237965988,7.66721057892
1.618103,-0.0053689327576,-0.555684540411,-0.00421844716668,0.745898158109,-0.00306796157577,1.2536457989,-0.00498543756063,0.0,0.829883606246,-0.975995276292,-0.808024380019,0.959121487625,0.565655415533,1.44961184455,-0.761237965988,7.66721057892
1.628127,-0.00498543756063,-0.555301045215,-0.00421844716668,0.745898158109,-0.00345145677274,1.2540292941,-0.00460194236366,0.0,0.829883606246,-0.97369430511,-0.807640884822,0.95605352605,0.565271920336,1.45037883495,-0.760854470791,7.66721057892
1.638259,-0.0053689327576,-0.555301045215,-0.00345145677274,0.745898158109,-0.00345145677274,1.2536457989,-0.00498543756063,0.0,0.829500111049,-0.971776829125,-0.807640884822,0.952602069277,0.564888425139,1.45114582534,-0.760087480397,7.66721057892
1.648146,-0.00498543756063,-0.554917550018,-0.00383495196971,0.745898158109,-0.00345145677274,1.25517977969,-0.00498543756063,0.0,0.829500111049,-0.969859353141,-0.808024380019,0.949917602898,0.564504929942,1.45152932054,-0.760087480397,7.66721057892
1.658159,-0.00575242795457,-0.554917550018,-0.00383495196971,0.745898158109,-0.00306796157577,1.2536457989,-0.0053689327576,0.0,0.829883606246,-0.967941877156,-0.807640884822,0.947233136519,0.564504929942,1.45152932054,-0.758936994806,7.66721057892
1.668140,-0.00460194236366,-0.556068035608,-0.00421844716668,0.746281653306,-0.00345145677274,1.25441278929,-0.00498543756063,0.0,0.829116615852,-0.966024401171,-0.806873894428,0.94339818455,0.565271920336,1.45076233014,-0.758170004412,7.66721057892
1.678144,-0.00498543756063,-0.555301045215,-0.00460194236366,0.745898158109,-0.00345145677274,1.2540292941,-0.0053689327576,0.0,0.829500111049,-0.962572944398,-0.807640884822,0.940330222974,0.565271920336,1.45152932054,-0.756636023624,7.66721057892
1.688134,-0.00575242795457,-0.555684540411,-0.00460194236366,0.746281653306,-0.00345145677274,1.2540292941,-0.0053689327576,0.0,0.829116615852,-0.96103896361,-0.808024380019,0.935344785413,0.564888425139,1.45191281573,-0.756252528428,7.66721057892
1.698114,-0.00575242795457,-0.554917550018,-0.00383495196971,0.746281653306,-0.0026844663788,1.2536457989,-0.00498543756063,0.0,0.828733120655,-0.959121487625,-0.807257389625,0.93189332864,0.565271920336,1.45191281573,-0.753951557246,7.66721057892
1.708134,-0.00575242795457,-0.554917550018,-0.00383495196971,0.745514662912,-0.00345145677274,1.2540292941,-0.0053689327576,0.0,0.829883606246,-0.95720401164,-0.807257389625,0.928825367065,0.56603891073,1.45229631093,-0.753184566852,7.66721057892
1.718196,-0.00498543756063,-0.554534054821,-0.00345145677274,0.745898158109,-0.00345145677274,1.2540292941,-0.0053689327576,0.0,0.829500111049,-0.954903040459,-0.808024380019,0.926140900686,0.565271920336,1.45152932054,-0.750500100473,7.66721057892
1.728094,-0.00498543756063,-0.555301045215,-0.00421844716668,0.745514662912,-0.00383495196971,1.2536457989,-0.00498543756063,0.0,0.829500111049,-0.952602069277,-0.808407875216,0.922305948716,0.56603891073,1.45114582534,-0.748966119685,7.66721057892
1.738111,-0.0053689327576,-0.555684540411,-0.00345145677274,0.745514662912,-0.00383495196971,1.25441278929,-0.00575242795457,0.0,0.829116615852,-0.951068088489,-0.807640884822,0.91923798714,0.565655415533,1.45152932054,-0.747432138897,7.66721057892
1.748084,-0.0053689327576,-0.555684540411,-0.00421844716668,0.746281653306,-0.0026844663788,1.2540292941,-0.00498543756063,0.0,0.829883606246,-0.949150612504,-0.808407875216,0.915019539974,0.566422405927,1.45229631093,-0.744747672518,7.66721057892
1.758117,-0.00575242795457,-0.555684540411,-0.00421844716668,0.745514662912,-0.00345145677274,1.2540292941,-0.00613592315154,0.0,0.829500111049,-0.946849641322,-0.808407875216,0.911568083201,0.566805901124,1.45152932054,-0.74206320614,7.66721057892
1.768141,-0.00575242795457,-0.555301045215,-0.00383495196971,0.745514662912,-0.00345145677274,1.2540292941,-0.00575242795457,0.0,0.829500111049,-0.944932165337,-0.808407875216,0.908116626428,0.566805901124,1.45152932054,-0.739762234958,7.66721057892
1.778237,-0.0053689327576,-0.555684540411,-0.00421844716668,0.746665148503,-0.00383495196971,1.2540292941,-0.00575242795457,0.0,0.829116615852,-0.942631194156,-0.808024380019,0.904281674458,0.568339881912,1.45152932054,-0.736310778185,7.66721057892
1.788105,-0.0053689327576,-0.554917550018,-0.00383495196971,0.745514662912,-0.00345145677274,1.2540292941,-0.00498543756063,0.0,0.829116615852,-0.940330222974,-0.808791370413,0.900830217686,0.569490367502,1.45114582534,-0.734009807003,7.66721057892
1.798203,-0.00613592315154,-0.555684540411,-0.00421844716668,0.745131167715,-0.00306796157577,1.25479628449,-0.0053689327576,0.0,0.829116615852,-0.938796242186,-0.808791370413,0.89776225611,0.570640853093,1.45114582534,-0.731325340624,7.66721057892
1.808166,-0.0053689327576,-0.554917550018,-0.00383495196971,0.745898158109,-0.00306796157577,1.2540292941,-0.00498543756063,0.0,0.829116615852,-0.936495271004,-0.808407875216,0.893543808943,0.571791338684,1.45076233014,-0.728257379049,7.66721057892
1.818181,-0.00575242795457,-0.554917550018,-0.00421844716668,0.745898158109,-0.0026844663788,1.2540292941,-0.0053689327576,0.0,0.829500111049,-0.933810804625,-0.808791370413,0.889708856974,0.573708814669,1.45114582534,-0.72557291267,7.66721057892
1.828154,-0.0053689327576,-0.554917550018,-0.00345145677274,0.745131167715,-0.00306796157577,1.2536457989,-0.0053689327576,0.0,0.829500111049,-0.931509833443,-0.808407875216,0.887024390595,0.573708814669,1.45114582534,-0.722888446291,7.66721057892
1.838134,-0.00613592315154,-0.555301045215,-0.00421844716668,0.745514662912,-0.00345145677274,1.25441278929,-0.00460194236366,0.0,0.829116615852,-0.929208862262,-0.80917486561,0.883572933822,0.57485930026,1.45114582534,-0.719436989518,7.66721057892
1.848152,-0.0053689327576,-0.555301045215,-0.00421844716668,0.745514662912,-0.00306796157577,1.2540292941,-0.0053689327576,0.0,0.828733120655,-0.927291386277,-0.80917486561,0.879354486655,0.576393281048,1.45076233014,-0.717136018336,7.66721057892
1.858232,-0.00460194236366,-0.555684540411,-0.00345145677274,0.745514662912,-0.00306796157577,1.2536457989,-0.00613592315154,0.0,0.829116615852,-0.924990415095,-0.808791370413,0.875519534686,0.576776776245,1.44961184455,-0.714068056761,7.66721057892
1.868095,-0.0053689327576,-0.555684540411,-0.00383495196971,0.745131167715,-0.00345145677274,1.25441278929,-0.00498543756063,0.0,0.828733120655,-0.92307293911,-0.80917486561,0.87245157311,0.575626290654,1.44922834935,-0.711000095185,7.66721057892
1.878094,-0.0053689327576,-0.555301045215,-0.00421844716668,0.745898158109,-0.00383495196971,1.2536457989,-0.00575242795457,0.0,0.829116615852,-0.920771967928,-0.808407875216,0.868233125943,0.577543766639,1.44922834935,-0.708699124003,7.66721057892
1.888218,-0.00460194236366,-0.555301045215,-0.00460194236366,0.745898158109,-0.00306796157577,1.25441278929,-0.00613592315154,0.0,0.829500111049,-0.918854491943,-0.808407875216,0.865165164367,0.577160271442,1.44846135896,-0.706398152821,7.66721057892
1.898113,-0.00498543756063,-0.555301045215,-0.00383495196971,0.745131167715,-0.00345145677274,1.2540292941,-0.0053689327576,0.0,0.829116615852,-0.915403035171,-0.808791370413,0.861330212398,0.578310757033,1.44807786376,-0.702563200852,7.66721057892
1.908134,-0.0053689327576,-0.555684540411,-0.00383495196971,0.746665148503,-0.00383495196971,1.2540292941,-0.00498543756063,0.0,0.828733120655,-0.912718568792,-0.807640884822,0.856728270034,0.578310757033,1.44692737817,-0.699878734473,7.66721057892
1.918161,-0.00575242795457,-0.555684540411,-0.00421844716668,0.745514662912,-0.00345145677274,1.25441278929,-0.00498543756063,0.0,0.829500111049,-0.911184588004,-0.808407875216,0.853660308458,0.578310757033,1.44692737817,-0.698344753685,7.66721057892
1.928147,-0.0053689327576,-0.555684540411,-0.00383495196971,0.746665148503,-0.00345145677274,1.25441278929,-0.00651941834851,0.0,0.827582635064,-0.909650607216,-0.808407875216,0.850208851685,0.579077747427,1.44692737817,-0.696043782503,7.66721057892
1.938117,-0.00575242795457,-0.555684540411,-0.00421844716668,0.745898158109,-0.00383495196971,1.2536457989,-0.00498543756063,0.0,0.829116615852,-0.90658264564,-0.808024380019,0.845223414125,0.578310757033,1.44616038778,-0.693359316124,7.66721057892
1.948147,-0.0053689327576,-0.555684540411,-0.00383495196971,0.745514662912,-0.00306796157577,1.25441278929,-0.0053689327576,0.0,0.829116615852,-0.903514684065,-0.808024380019,0.841388462155,0.57869425223,1.44577689258,-0.691441840139,7.66721057892
1.958129,-0.00498543756063,-0.555684540411,-0.00383495196971,0.745514662912,-0.00306796157577,1.25441278929,-0.00498543756063,0.0,0.828733120655,-0.900830217686,-0.808791370413,0.837170014988,0.57869425223,1.44500990219,-0.690674849745,7.66721057892
1.968154,-0.00575242795457,-0.554917550018,-0.00383495196971,0.745898158109,-0.00345145677274,1.2536457989,-0.00460194236366,0.0,0.828733120655,-0.89776225611,-0.808791370413,0.832184577428,0.57869425223,1.44539339739,-0.689907859351,7.66721057892
1.978169,-0.00498543756063,-0.555684540411,-0.00345145677274,0.744747672518,-0.00383495196971,1.2540292941,-0.0053689327576,0.0,0.829116615852,-0.895844780125,-0.808791370413,0.828733120655,0.577927261836,1.44500990219,-0.687990383367,7.66721057892
1.988142,-0.0053689327576,-0.554534054821,-0.00421844716668,0.745131167715,-0.00345145677274,1.2532623037,-0.00575242795457,0.0,0.828733120655,-0.89392730414,-0.808791370413,0.824514673488,0.57869425223,1.44462640699,-0.686072907382,7.66721057892
1.998201,-0.0053689327576,-0.555301045215,-0.00421844716668,0.745131167715,-0.00306796157577,1.2536457989,-0.00613592315154,0.0,0.829116615852,-0.890859342564,-0.808791370413,0.819912731125,0.578310757033,1.4438594166,-0.683388441003,7.66721057892
2.008097,-0.0053689327576,-0.554150559624,-0.00460194236366,0.745131167715,-0.00383495196971,1.2532623037,-0.0053689327576,0.0,0.828349625458,-0.888558371383,-0.808407875216,0.816461274352,0.579077747427,1.4434759214,-0.682621450609,7.66721057892
2.018209,-0.00498543756063,-0.555301045215,-0.00460194236366,0.745514662912,-0.00306796157577,1.2540292941,-0.00498543756063,0.0,0.828733120655,-0.88510691461,-0.808407875216,0.811859331988,0.579077747427,1.4430924262,-0.680703974624,7.66721057892
2.028093,-0.00575242795457,-0.555684540411,-0.00383495196971,0.745898158109,-0.00383495196971,1.25441278929,-0.0053689327576,0.0,0.829116615852,-0.881655457837,-0.808407875216,0.808407875216,0.580611728215,1.44194194061,-0.67993698423,7.66721057892
2.038099,-0.0053689327576,-0.554917550018,-0.00421844716668,0.746281653306,-0.00306796157577,1.25441278929,-0.00613592315154,0.0,0.828733120655,-0.880504972246,-0.808024380019,0.804189428049,0.580995223412,1.44079145502,-0.679169993836,7.66721057892
2.048113,-0.0053689327576,-0.555301045215,-0.00421844716668,0.745898158109,-0.00345145677274,1.25441278929,-0.0053689327576,0.0,0.828349625458,-0.878204001064,-0.80917486561,0.800354476079,0.581762213806,1.44002446463,-0.677636013048,7.66721057892
2.058148,-0.00498543756063,-0.554917550018,-0.00383495196971,0.745514662912,-0.00345145677274,1.25441278929,-0.00460194236366,0.0,0.828349625458,-0.874752544292,-0.80917486561,0.7976700097,0.582529204199,1.44002446463,-0.676869022654,7.66721057892
2.068143,-0.00498543756063,-0.555684540411,-0.00421844716668,0.745514662912,-0.00306796157577,1.2536457989,-0.0053689327576,0.0,0.828349625458,-0.872068077913,-0.80917486561,0.791917581746,0.582912699396,1.43964096943,-0.676485527457,7.66721057892
2.078073,-0.00498543756063,-0.555301045215,-0.00383495196971,0.746281653306,-0.00345145677274,1.2532623037,-0.0053689327576,0.0,0.827199139867,-0.870150601928,-0.808791370413,0.788466124973,0.584063184987,1.43925747423,-0.675718537064,7.66721057892
2.088127,-0.00575242795457,-0.555301045215,-0.00421844716668,0.745898158109,-0.0026844663788,1.2540292941,-0.00575242795457,0.0,0.827966130261,-0.867082640352,-0.80917486561,0.784631173003,0.584830175381,1.43810698864,-0.673801061079,7.66721057892
2.098081,-0.0053689327576,-0.555684540411,-0.00421844716668,0.744747672518,-0.00345145677274,1.2532623037,-0.0053689327576,0.0,0.826432149473,-0.863631183579,-0.808024380019,0.780796221034,0.585213670578,1.43810698864,-0.672650575488,7.66721057892
2.108096,-0.0053689327576,-0.555684540411,-0.00421844716668,0.745514662912,-0.00306796157577,1.2536457989,-0.0053689327576,0.0,0.827199139867,-0.860946717201,-0.808791370413,0.777344764261,0.585980660972,1.43695650305,-0.671883585094,7.66721057892
2.118127,-0.0053689327576,-0.555684540411,-0.00421844716668,0.745131167715,-0.00345145677274,1.25441278929,-0.0053689327576,0.0,0.82681564467,-0.859029241216,-0.808407875216,0.7723593267,0.586364156169,1.43657300785,-0.669582613912,7.66721057892
2.128094,-0.00498543756063,-0.554917550018,-0.00460194236366,0.745131167715,-0.00345145677274,1.2532623037,-0.0053689327576,0.0,0.82681564467,-0.855577784443,-0.80917486561,0.768524374731,0.58751464176,1.43542252226,-0.669582613912,7.66721057892
2.138103,-0.0053689327576,-0.555684540411,-0.00421844716668,0.745514662912,-0.00345145677274,1.2536457989,-0.00498543756063,0.0,0.826432149473,-0.853660308458,-0.808791370413,0.765072917958,0.589048622548,1.43618951266,-0.66728164273,7.66721057892
2.148129,-0.0053689327576,-0.554917550018,-0.00383495196971,0.745514662912,-0.0026844663788,1.2540292941,-0.00498543756063,0.0,0.826048654276,-0.851742832473,-0.808791370413,0.760470975594,0.589432117745,1.43503902707,-0.66728164273,7.66721057892
2.158284,-0.00575242795457,-0.555684540411,-0.00421844716668,0.745898158109,-0.00345145677274,1.2540292941,-0.0053689327576,0.0,0.825281663882,-0.848674870898,-0.808407875216,0.756252528428,0.590582603336,1.43465553187,-0.666898147533,7.66721057892
2.168139,-0.00575242795457,-0.555684540411,-0.00421844716668,0.745898158109,-0.00345145677274,1.25479628449,-0.0053689327576,0.0,0.824131178291,-0.845990404519,-0.808407875216,0.752034081261,0.591733088927,1.43388854148,-0.665364166745,7.66721057892
2.178155,-0.0053689327576,-0.555301045215,-0.00306796157577,0.745514662912,-0.00345145677274,1.2536457989,-0.0053689327576,0.0,0.824898168685,-0.843689433337,-0.808791370413,0.748199129291,0.593267069715,1.43350504628,-0.664213681154,7.66721057892
2.188087,-0.0053689327576,-0.555684540411,-0.00421844716668,0.746281653306,-0.00306796157577,1.25441278929,-0.0053689327576,0.0,0.823364187897,-0.840621471761,-0.809558360807,0.743597186927,0.5951845457,1.43235456069,-0.661529214776,7.66721057892
2.198152,-0.00575242795457,-0.555684540411,-0.00345145677274,0.745131167715,-0.00306796157577,1.2536457989,-0.00498543756063,0.0,0.823364187897,-0.837553510185,-0.80917486561,0.738611749367,0.596718526487,1.4312040751,-0.661145719579,7.66721057892
2.208124,-0.00575242795457,-0.554917550018,-0.00383495196971,0.745131167715,-0.00345145677274,1.2532623037,-0.00460194236366,0.0,0.822213702307,-0.83448554861,-0.808024380019,0.735160292594,0.598252507275,1.4312040751,-0.659995233988,7.66721057892
2.218137,-0.00613592315154,-0.555684540411,-0.00345145677274,0.745131167715,-0.00345145677274,1.2540292941,-0.00460194236366,0.0,0.822597197504,-0.831417587034,-0.808791370413,0.729791359836,0.599019497669,1.43005358951,-0.658844748397,7.66721057892
2.228133,-0.00575242795457,-0.555301045215,-0.00421844716668,0.745131167715,-0.00345145677274,1.2532623037,-0.00498543756063,0.0,0.821446711913,-0.829500111049,-0.808791370413,0.725956407867,0.602087459245,1.42890310392,-0.656927272412,7.66721057892
2.238304,-0.00498543756063,-0.555301045215,-0.00383495196971,0.746665148503,-0.00306796157577,1.2540292941,-0.0053689327576,0.0,0.820296226322,-0.825665159079,-0.808407875216,0.720587475109,0.603237944836,1.42813611352,-0.656543777215,7.66721057892
2.248125,-0.0053689327576,-0.555301045215,-0.00460194236366,0.745514662912,-0.00306796157577,1.2540292941,-0.00575242795457,0.0,0.819529235928,-0.823364187897,-0.808024380019,0.716752523139,0.605155420821,1.42775261832,-0.654242806033,7.66721057892
2.258100,-0.00575242795457,-0.555301045215,-0.00345145677274,0.745131167715,-0.00345145677274,1.2536457989,-0.0053689327576,0.0,0.819529235928,-0.821446711913,-0.808407875216,0.712150580776,0.606689401609,1.42698562793,-0.653092320442,7.66721057892
2.268104,-0.00498543756063,-0.554917550018,-0.00383495196971,0.745514662912,-0.00345145677274,1.2540292941,-0.00460194236366,0.0,0.818378750337,-0.818762245534,-0.80917486561,0.707165143215,0.6078398872,1.42660213273,-0.651174844457,7.66721057892
2.278090,-0.0053689327576,-0.555684540411,-0.00345145677274,0.745898158109,-0.00345145677274,1.25441278929,-0.00498543756063,0.0,0.817611759943,-0.816077779155,-0.808791370413,0.703330191245,0.610524353578,1.42660213273,-0.650407854063,7.66721057892
2.288082,-0.00498543756063,-0.555301045215,-0.00421844716668,0.745514662912,-0.0026844663788,1.2536457989,-0.00613592315154,0.0,0.817228264746,-0.812626322382,-0.808407875216,0.698728248882,0.611674839169,1.42660213273,-0.649257368473,7.66721057892
2.298143,-0.00460194236366,-0.554917550018,-0.00383495196971,0.746281653306,-0.00306796157577,1.2540292941,-0.0053689327576,0.0,0.814927293564,-0.809558360807,-0.807640884822,0.693359316124,0.613975810351,1.42698562793,-0.6458059117,7.66721057892
2.308094,-0.0053689327576,-0.555684540411,-0.00383495196971,0.745514662912,-0.00306796157577,1.2536457989,-0.0053689327576,0.0,0.815310788761,-0.807257389625,-0.808791370413,0.689140868958,0.614742800745,1.42736912313,-0.644655426109,7.66721057892
2.318124,-0.0053689327576,-0.555301045215,-0.00421844716668,0.745898158109,-0.00345145677274,1.25441278929,-0.00498543756063,0.0,0.813776807973,-0.804572923246,-0.808407875216,0.684155431397,0.617427267124,1.42545164714,-0.642737950124,7.66721057892
2.328314,-0.00575242795457,-0.555684540411,-0.00383495196971,0.746281653306,-0.00345145677274,1.2532623037,-0.00498543756063,0.0,0.813009817579,-0.802271952064,-0.808791370413,0.679553489033,0.619728238306,1.42506815195,-0.640820474139,7.66721057892
2.338127,-0.00575242795457,-0.555301045215,-0.00421844716668,0.745898158109,-0.00345145677274,1.2540292941,-0.00498543756063,0.0,0.811475836791,-0.798437000094,-0.80917486561,0.675335041867,0.620878723897,1.42430116155,-0.639286493351,7.66721057892
2.348076,-0.00460194236366,-0.555684540411,-0.00383495196971,0.745898158109,-0.00345145677274,1.2540292941,-0.00498543756063,0.0,0.810708846397,-0.796903019306,-0.808791370413,0.670349604306,0.622029209488,1.42353417116,-0.636985522169,7.66721057892
2.358146,-0.0053689327576,-0.554917550018,-0.00498543756063,0.745898158109,-0.00306796157577,1.25441278929,-0.00575242795457,0.0,0.8103253512,-0.793451562534,-0.808407875216,0.665747661942,0.625864161457,1.42315067596,-0.635835036579,7.66721057892
2.368153,-0.0053689327576,-0.555301045215,-0.00421844716668,0.746281653306,-0.00383495196971,1.25479628449,-0.00575242795457,0.0,0.80917486561,-0.790383600958,-0.808407875216,0.661529214776,0.627398142245,1.42238368557,-0.633534065397,7.66721057892
2.378132,-0.00498543756063,-0.555301045215,-0.00345145677274,0.745514662912,-0.00383495196971,1.2540292941,-0.00498543756063,0.0,0.808407875216,-0.787699134579,-0.80917486561,0.656543777215,0.630849599018,1.42238368557,-0.632383579806,7.66721057892
2.388118,-0.00498543756063,-0.555301045215,-0.00421844716668,0.746281653306,-0.0026844663788,1.25441278929,-0.0053689327576,0.0,0.806490399231,-0.785398163397,-0.808024380019,0.651941834851,0.632383579806,1.42161669517,-0.630082608624,7.66721057892
2.398109,-0.00498543756063,-0.556068035608,-0.00383495196971,0.746281653306,-0.00306796157577,1.2536457989,-0.00575242795457,0.0,0.806873894428,-0.782330201822,-0.808024380019,0.647723387685,0.634684550988,1.42123319998,-0.628548627836,7.66721057892
2.408144,-0.00498543756063,-0.555684540411,-0.00383495196971,0.745131167715,-0.00345145677274,1.2540292941,-0.00575242795457,0.0,0.804956418443,-0.78002923064,-0.808024380019,0.643121445321,0.637369017366,1.42123319998,-0.626631151851,7.66721057892
2.418152,-0.0053689327576,-0.554917550018,-0.00460194236366,0.746281653306,-0.00306796157577,1.25441278929,-0.00460194236366,0.0,0.803805932852,-0.777344764261,-0.80917486561,0.638519502957,0.639669988548,1.42046620958,-0.62548066626,7.66721057892
2.428093,-0.00498543756063,-0.555684540411,-0.00421844716668,0.744747672518,-0.00306796157577,1.2532623037,-0.00498543756063,0.0,0.803038942458,-0.774660297882,-0.808791370413,0.633917560594,0.640820474139,1.42008271438,-0.623946685472,7.66721057892
2.438226,-0.00575242795457,-0.555684540411,-0.00421844716668,0.746281653306,-0.00345145677274,1.2540292941,-0.0053689327576,0.0,0.801888456867,-0.7723593267,-0.808791370413,0.630082608624,0.643504940518,1.41931572399,-0.621262219094,7.66721057892
2.448119,-0.00575242795457,-0.555684540411,-0.00383495196971,0.745514662912,-0.0026844663788,1.2532623037,-0.0053689327576,0.0,0.800354476079,-0.770058355518,-0.80917486561,0.625097171063,0.646189406897,1.4177817432,-0.620111733503,7.66721057892
2.458199,-0.00575242795457,-0.555301045215,-0.00421844716668,0.745514662912,-0.00345145677274,1.25441278929,-0.0053689327576,0.0,0.799203990488,-0.768140879534,-0.808407875216,0.620878723897,0.648490378079,1.41739824801,-0.618577752715,7.66721057892
2.468134,-0.0053689327576,-0.554917550018,-0.00383495196971,0.745898158109,-0.00306796157577,1.25441278929,-0.0053689327576,0.0,0.798053504897,-0.764689422761,-0.808024380019,0.617043771927,0.650407854063,1.41739824801,-0.617427267124,7.66721057892
2.478122,-0.0053689327576,-0.554917550018,-0.00421844716668,0.745514662912,-0.00306796157577,1.2536457989,-0.00613592315154,0.0,0.7976700097,-0.762771946776,-0.808791370413,0.613208819957,0.651941834851,1.41739824801,-0.615893286336,7.66721057892
2.488092,-0.00498543756063,-0.555684540411,-0.00421844716668,0.745898158109,-0.00345145677274,1.2536457989,-0.00498543756063,0.0,0.795369038519,-0.760087480397,-0.808024380019,0.608223382397,0.653859310836,1.41663125761,-0.614742800745,7.66721057892
2.498136,-0.0053689327576,-0.555301045215,-0.00421844716668,0.745514662912,-0.0026844663788,1.2540292941,-0.00498543756063,0.0,0.795369038519,-0.758553499609,-0.808407875216,0.603621440033,0.655393291624,1.41586426722,-0.613592315154,7.66721057892
2.508136,-0.0053689327576,-0.556068035608,-0.00383495196971,0.745898158109,-0.0026844663788,1.2540292941,-0.00575242795457,0.0,0.793451562534,-0.756252528428,-0.808791370413,0.598252507275,0.657694262806,1.41586426722,-0.612058334366,7.66721057892
2.518110,-0.00575242795457,-0.555301045215,-0.00383495196971,0.745898158109,-0.00345145677274,1.2536457989,-0.0053689327576,0.0,0.791534086549,-0.753568062049,-0.808407875216,0.594034060109,0.659228243594,1.41548077202,-0.611291343972,7.66721057892
2.528127,-0.0053689327576,-0.554917550018,-0.00460194236366,0.745898158109,-0.00345145677274,1.25441278929,-0.00575242795457,0.0,0.791534086549,-0.752417576458,-0.80917486561,0.591733088927,0.661145719579,1.41471378163,-0.610907848775,7.66721057892
2.538119,-0.0053689327576,-0.554917550018,-0.00460194236366,0.745898158109,-0.00306796157577,1.2532623037,-0.0053689327576,0.0,0.790000105761,-0.750116605276,-0.808791370413,0.585980660972,0.662679700366,1.41433028643,-0.609757363184,7.66721057892
2.548202,-0.0053689327576,-0.555301045215,-0.00421844716668,0.745131167715,-0.00421844716668,1.2540292941,-0.0053689327576,0.0,0.788466124973,-0.748199129291,-0.808407875216,0.582145709003,0.664597176351,1.41394679123,-0.608990372791,7.66721057892
2.558231,-0.0053689327576,-0.555301045215,-0.00421844716668,0.745898158109,-0.0026844663788,1.2540292941,-0.00613592315154,0.0,0.787315639382,-0.745514662912,-0.808407875216,0.579844737821,0.666514652336,1.41317980084,-0.607456392003,7.66721057892
2.568136,-0.0053689327576,-0.556068035608,-0.00421844716668,0.745514662912,-0.0026844663788,1.25441278929,-0.0053689327576,0.0,0.786165153791,-0.743597186927,-0.808791370413,0.574475805063,0.666898147533,1.41279630564,-0.607456392003,7.66721057892
2.578112,-0.00498543756063,-0.555684540411,-0.00460194236366,0.745898158109,-0.00306796157577,1.2536457989,-0.00575242795457,0.0,0.786548648988,-0.740529225352,-0.808791370413,0.572174833881,0.669582613912,1.41241281045,-0.606689401609,7.66721057892
2.588171,-0.0053689327576,-0.555684540411,-0.00421844716668,0.745898158109,-0.00345145677274,1.2540292941,-0.00613592315154,0.0,0.7850146682,-0.739762234958,-0.80917486561,0.567956386715,0.671500089897,1.41279630564,-0.605922411215,7.66721057892
2.598137,-0.00575242795457,-0.555301045215,-0.00345145677274,0.745514662912,-0.00345145677274,1.2540292941,-0.00613592315154,0.0,0.783097192216,-0.73822825417,-0.808024380019,0.563737939548,0.673417565882,1.41241281045,-0.604388430427,7.66721057892
2.608094,-0.0053689327576,-0.554917550018,-0.00383495196971,0.745898158109,-0.00306796157577,1.2536457989,-0.0053689327576,0.0,0.782330201822,-0.735927282988,-0.809558360807,0.559902987578,0.675335041867,1.41317980084,-0.602854449639,7.66721057892
2.618130,-0.00498543756063,-0.555301045215,-0.00421844716668,0.745898158109,-0.00306796157577,1.2536457989,-0.00613592315154,0.0,0.781563211428,-0.7343933022,-0.80917486561,0.555301045215,0.675335041867,1.41279630564,-0.601703964048,7.66721057892
2.628099,-0.00498543756063,-0.554917550018,-0.00460194236366,0.745514662912,-0.00345145677274,1.2536457989,-0.0053689327576,0.0,0.78002923064,-0.732092331018,-0.808791370413,0.551849588442,0.676485527457,1.41317980084,-0.601703964048,7.66721057892
2.638140,-0.00575242795457,-0.554917550018,-0.00421844716668,0.745131167715,-0.00306796157577,1.2540292941,-0.00613592315154,0.0,0.779262240246,-0.73055835023,-0.807257389625,0.547631141275,0.678019508245,1.41279630564,-0.601320468851,7.66721057892
2.648149,-0.00575242795457,-0.555684540411,-0.00421844716668,0.745898158109,-0.00306796157577,1.2536457989,-0.00613592315154,0.0,0.778878745049,-0.728257379049,-0.808791370413,0.544179684502,0.678786498639,1.41317980084,-0.599786488063,7.66721057892
2.658179,-0.00575242795457,-0.555684540411,-0.00421844716668,0.745514662912,-0.00345145677274,1.2540292941,-0.00575242795457,0.0,0.776961269064,-0.727873883852,-0.80917486561,0.54072822773,0.680703974624,1.41241281045,-0.598636002472,7.66721057892
2.668113,-0.0053689327576,-0.556068035608,-0.00345145677274,0.745514662912,-0.00306796157577,1.2540292941,-0.00498543756063,0.0,0.776577773867,-0.72557291267,-0.808791370413,0.53689327576,0.682237955412,1.41202931525,-0.597869012078,7.66721057892
2.678177,-0.00498543756063,-0.555301045215,-0.00421844716668,0.745514662912,-0.00345145677274,1.25441278929,-0.00498543756063,0.0,0.775427288276,-0.724422427079,-0.808407875216,0.534592304578,0.683004945806,1.41126232485,-0.596718526487,7.66721057892
2.688119,-0.00498543756063,-0.555684540411,-0.00383495196971,0.745514662912,-0.00383495196971,1.2540292941,-0.00575242795457,0.0,0.774660297882,-0.722888446291,-0.807640884822,0.531524343002,0.685305916988,1.41011183926,-0.596718526487,7.66721057892
2.698140,-0.00498543756063,-0.555301045215,-0.00383495196971,0.745514662912,-0.00306796157577,1.2540292941,-0.00498543756063,0.0,0.774276802685,-0.7217379607,-0.807640884822,0.52807288623,0.686839897776,1.40934484887,-0.595951536093,7.66721057892
2.708096,-0.0053689327576,-0.554917550018,-0.00421844716668,0.746281653306,-0.0026844663788,1.2536457989,-0.00498543756063,0.0,0.773509812291,-0.719820484715,-0.808791370413,0.525771915048,0.688757373761,1.40742737288,-0.59633503129,7.66721057892
2.718168,-0.00498543756063,-0.555301045215,-0.00345145677274,0.745131167715,-0.00306796157577,1.25441278929,-0.00575242795457,0.0,0.772742821897,-0.718669999124,-0.80917486561,0.521553467881,0.690674849745,1.40666038249,-0.594417555306,7.66721057892
2.728108,-0.00498543756063,-0.555684540411,-0.00383495196971,0.745514662912,-0.00306796157577,1.25441278929,-0.0053689327576,0.0,0.772742821897,-0.717519513533,-0.808791370413,0.519252496699,0.691825335336,1.40474290651,-0.593267069715,7.66721057892
2.738150,-0.0053689327576,-0.555301045215,-0.00383495196971,0.745514662912,-0.00345145677274,1.2536457989,-0.00575242795457,0.0,0.771592336306,-0.716752523139,-0.808791370413,0.516951525517,0.692975820927,1.40359242092,-0.592500079321,7.66721057892
2.748141,-0.00575242795457,-0.555684540411,-0.00460194236366,0.745898158109,-0.00306796157577,1.2540292941,-0.0053689327576,0.0,0.771208841109,-0.714451551958,-0.808024380019,0.514650554336,0.694509801715,1.40320892572,-0.59134959373,7.66721057892
2.758102,-0.0053689327576,-0.555684540411,-0.00345145677274,0.745514662912,-0.00345145677274,1.2532623037,-0.00498543756063,0.0,0.769674860322,-0.713301066367,-0.808791370413,0.512349583154,0.694509801715,1.40052445934,-0.589815612942,7.66721057892
2.768328,-0.00498543756063,-0.555301045215,-0.00383495196971,0.745898158109,-0.00345145677274,1.2540292941,-0.00498543756063,0.0,0.770058355518,-0.71291757117,-0.808791370413,0.510048611972,0.697194268094,1.39783999296,-0.589048622548,7.66721057892
2.778156,-0.0053689327576,-0.555301045215,-0.00306796157577,0.745514662912,-0.00421844716668,1.2532623037,-0.00460194236366,0.0,0.768907869928,-0.711383590382,-0.808791370413,0.508514631184,0.697194268094,1.39630601217,-0.58751464176,7.66721057892
2.788108,-0.0053689327576,-0.554534054821,-0.00421844716668,0.745514662912,-0.00306796157577,1.2540292941,-0.00498543756063,0.0,0.768524374731,-0.709849609594,-0.808407875216,0.506980650396,0.697961258488,1.39438853619,-0.587131146563,7.66721057892
2.798119,-0.0053689327576,-0.555301045215,-0.00421844716668,0.745898158109,-0.00345145677274,1.2540292941,-0.0053689327576,0.0,0.768524374731,-0.7090826192,-0.808791370413,0.505446669608,0.698728248882,1.39132057461,-0.585597165775,7.66721057892
2.808191,-0.00575242795457,-0.556068035608,-0.00421844716668,0.745898158109,-0.0026844663788,1.25441278929,-0.00498543756063,0.0,0.767757384337,-0.708315628806,-0.808791370413,0.503529193623,0.698728248882,1.38901960343,-0.584830175381,7.66721057892
2.818093,-0.00498543756063,-0.554917550018,-0.00421844716668,0.746281653306,-0.00306796157577,1.25441278929,-0.0053689327576,0.0,0.766990393943,-0.707165143215,-0.808407875216,0.501611717639,0.698728248882,1.38671863225,-0.584063184987,7.66721057892
2.828093,-0.0053689327576,-0.555684540411,-0.00421844716668,0.745898158109,-0.00383495196971,1.25441278929,-0.00498543756063,0.0,0.766990393943,-0.706014657624,-0.808791370413,0.500844727245,0.700645724867,1.38326717548,-0.584446680184,7.66721057892
2.838129,-0.00498543756063,-0.554917550018,-0.00421844716668,0.745898158109,-0.00230097118183,1.2540292941,-0.0053689327576,0.0,0.766606898746,-0.704480676836,-0.808407875216,0.499694241654,0.70026222967,1.38096620429,-0.584063184987,7.66721057892
2.848097,-0.0053689327576,-0.555684540411,-0.00383495196971,0.746281653306,-0.00306796157577,1.25441278929,-0.0053689327576,0.0,0.766606898746,-0.703713686442,-0.808407875216,0.498543756063,0.702563200852,1.37904872831,-0.58367968979,7.66721057892
2.858214,-0.00613592315154,-0.555684540411,-0.00383495196971,0.745898158109,-0.00306796157577,1.2536457989,-0.0053689327576,0.0,0.766223403549,-0.702946696048,-0.808407875216,0.497393270472,0.702563200852,1.37559727154,-0.584063184987,7.66721057892
2.868166,-0.00498543756063,-0.555684540411,-0.00421844716668,0.745514662912,-0.00421844716668,1.2532623037,-0.00498543756063,0.0,0.765839908352,-0.701796210458,-0.809558360807,0.496242784881,0.703330191245,1.37329630035,-0.58367968979,7.66721057892
2.878412,-0.0053689327576,-0.555301045215,-0.00383495196971,0.745514662912,-0.00345145677274,1.25441278929,-0.0053689327576,0.0,0.766223403549,-0.701029220064,-0.808024380019,0.496242784881,0.704097181639,1.37022833878,-0.582912699396,7.66721057892
2.888084,-0.0053689327576,-0.555684540411,-0.00345145677274,0.745514662912,-0.0026844663788,1.2540292941,-0.00613592315154,0.0,0.766606898746,-0.70026222967,-0.808407875216,0.495859289684,0.704864172033,1.3675438724,-0.582529204199,7.66721057892
2.898183,-0.0053689327576,-0.555684540411,-0.00421844716668,0.745514662912,-0.00306796157577,1.2532623037,-0.00613592315154,0.0,0.766606898746,-0.699878734473,-0.808024380019,0.49509229929,0.706014657624,1.36524290122,-0.582529204199,7.66721057892
2.908142,-0.0053689327576,-0.555684540411,-0.00421844716668,0.745514662912,-0.00345145677274,1.2540292941,-0.00498543756063,0.0,0.766606898746,-0.699111744079,-0.808791370413,0.493941813699,0.707932133609,1.36102445405,-0.582529204199,7.66721057892
2.918127,-0.0053689327576,-0.555684540411,-0.00383495196971,0.745898158109,-0.00345145677274,1.2540292941,-0.00498543756063,0.0,0.766223403549,-0.698344753685,-0.808791370413,0.494325308896,0.708699124003,1.35910697807,-0.581378718609,7.66721057892
2.928126,-0.00575242795457,-0.555301045215,-0.00460194236366,0.745131167715,-0.00345145677274,1.2540292941,-0.0053689327576,0.0,0.766606898746,-0.697194268094,-0.808407875216,0.494708804093,0.709849609594,1.35565552129,-0.581378718609,7.66721057892
2.938142,-0.0053689327576,-0.554917550018,-0.00421844716668,0.745898158109,-0.00306796157577,1.2540292941,-0.0053689327576,0.0,0.766606898746,-0.697194268094,-0.808407875216,0.49509229929,0.711383590382,1.35297105491,-0.581378718609,7.66721057892
2.948137,-0.0053689327576,-0.555301045215,-0.00345145677274,0.745898158109,-0.00306796157577,1.2540292941,-0.00498543756063,0.0,0.766606898746,-0.696043782503,-0.808407875216,0.495475794487,0.712150580776,1.34913610295,-0.581762213806,7.66721057892
2.958142,-0.0053689327576,-0.554917550018,-0.00345145677274,0.745514662912,-0.00306796157577,1.2536457989,-0.00498543756063,0.0,0.766223403549,-0.6964272777,-0.808407875216,0.495475794487,0.71291757117,1.34606814137,-0.581762213806,7.66721057892
2.968132,-0.00498543756063,-0.555301045215,-0.00345145677274,0.744747672518,-0.00345145677274,1.2536457989,-0.0053689327576,0.0,0.766606898746,-0.695276792109,-0.80917486561,0.49509229929,0.714451551958,1.34376717019,-0.581762213806,7.66721057892
2.978140,-0.00575242795457,-0.555684540411,-0.00421844716668,0.745898158109,-0.00383495196971,1.2540292941,-0.00498543756063,0.0,0.766990393943,-0.694893296912,-0.808407875216,0.495859289684,0.715602037549,1.34069920861,-0.581378718609,7.66721057892
2.988322,-0.0053689327576,-0.554917550018,-0.00345145677274,0.745514662912,-0.00345145677274,1.25441278929,-0.00460194236366,0.0,0.76737388914,-0.693742811321,-0.807640884822,0.494708804093,0.716369027942,1.33763124704,-0.581762213806,7.66721057892
2.998140,-0.0053689327576,-0.555301045215,-0.00383495196971,0.746281653306,-0.00306796157577,1.2540292941,-0.00460194236366,0.0,0.766606898746,-0.693742811321,-0.808407875216,0.49509229929,0.71790300873,1.33494678066,-0.581762213806,7.66721057892
3.008134,-0.00575242795457,-0.555684540411,-0.00383495196971,0.745898158109,-0.00345145677274,1.2540292941,-0.0053689327576,0.0,0.766606898746,-0.692975820927,-0.808791370413,0.49509229929,0.718286503927,1.33187881908,-0.581762213806,7.66721057892
3.018205,-0.00575242795457,-0.555301045215,-0.00421844716668,0.746281653306,-0.00306796157577,1.2540292941,-0.0053689327576,0.0,0.766606898746,-0.691825335336,-0.808791370413,0.49509229929,0.719436989518,1.3291943527,-0.581762213806,7.66721057892
3.028137,-0.0053689327576,-0.555301045215,-0.00421844716668,0.745131167715,-0.00345145677274,1.2536457989,-0.0053689327576,0.0,0.766990393943,-0.691825335336,-0.808407875216,0.493941813699,0.720970970306,1.32650988632,-0.581378718609,7.66721057892
3.038131,-0.0053689327576,-0.554917550018,-0.00421844716668,0.745514662912,-0.00306796157577,1.2536457989,-0.00575242795457,0.0,0.766990393943,-0.691058344942,-0.808791370413,0.494708804093,0.7217379607,1.32305842955,-0.581378718609,7.66721057892
3.048143,-0.0053689327576,-0.555684540411,-0.00383495196971,0.745898158109,-0.00306796157577,1.25441278929,-0.00498543756063,0.0,0.766990393943,-0.690674849745,-0.809558360807,0.49509229929,0.723655436685,1.32075745837,-0.580995223412,7.66721057892
3.058112,-0.00575242795457,-0.554917550018,-0.00421844716668,0.745514662912,-0.00345145677274,1.2536457989,-0.00498543756063,0.0,0.766223403549,-0.690674849745,-0.808791370413,0.495859289684,0.724038931882,1.3169225064,-0.581378718609,7.66721057892
3.068090,-0.00575242795457,-0.554917550018,-0.00421844716668,0.745898158109,-0.00306796157577,1.25441278929,-0.00613592315154,0.0,0.766606898746,-0.689140868958,-0.808791370413,0.494708804093,0.724805922276,1.31423804002,-0.580995223412,7.66721057892
3.078237,-0.0053689327576,-0.554917550018,-0.00383495196971,0.746281653306,-0.0026844663788,1.2536457989,-0.00498543756063,0.0,0.766990393943,-0.688373878564,-0.808024380019,0.49509229929,0.725956407867,1.31155357364,-0.581378718609,7.66721057892
3.088221,-0.0053689327576,-0.555301045215,-0.00383495196971,0.745514662912,-0.00306796157577,1.2536457989,-0.0053689327576,0.0,0.766606898746,-0.687990383367,-0.808791370413,0.494708804093,0.727490388655,1.30810211687,-0.581762213806,7.66721057892
3.098126,-0.00575242795457,-0.555301045215,-0.00345145677274,0.745514662912,-0.00345145677274,1.2540292941,-0.0053689327576,0.0,0.766990393943,-0.68760688817,-0.808407875216,0.495475794487,0.727873883852,1.30580114569,-0.581378718609,7.66721057892
3.108125,-0.00575242795457,-0.555301045215,-0.00421844716668,0.745514662912,-0.00306796157577,1.2536457989,-0.00498543756063,0.0,0.766990393943,-0.686839897776,-0.808407875216,0.494708804093,0.73055835023,1.30273318411,-0.580228233018,7.66721057892
3.118278,-0.00498543756063,-0.554917550018,-0.00345145677274,0.745514662912,-0.00306796157577,1.2540292941,-0.00613592315154,0.0,0.766990393943,-0.687223392973,-0.807640884822,0.494708804093,0.730174855033,1.30004871773,-0.580995223412,7.66721057892
3.128165,-0.0053689327576,-0.555301045215,-0.00421844716668,0.745898158109,-0.00345145677274,1.25441278929,-0.0053689327576,0.0,0.766606898746,-0.686072907382,-0.808407875216,0.494708804093,0.731325340624,1.29659726096,-0.580995223412,7.66721057892
3.138125,-0.0053689327576,-0.555301045215,-0.00383495196971,0.746281653306,-0.00306796157577,1.25441278929,-0.00498543756063,0.0,0.766223403549,-0.686456402579,-0.808791370413,0.494708804093,0.731325340624,1.29429628978,-0.581378718609,7.66721057892
3.148110,-0.00575242795457,-0.555684540411,-0.00383495196971,0.745898158109,-0.0026844663788,1.2540292941,-0.00575242795457,0.0,0.766223403549,-0.685689412185,-0.808791370413,0.49509229929,0.733242816609,1.2916118234,-0.580228233018,7.66721057892
3.158130,-0.00575242795457,-0.555301045215,-0.00383495196971,0.746281653306,-0.00345145677274,1.2536457989,-0.00575242795457,0.0,0.766990393943,-0.684922421791,-0.80917486561,0.494708804093,0.734009807003,1.28892735702,-0.580611728215,7.66721057892
3.169429,-0.0053689327576,-0.555684540411,-0.00383495196971,0.745514662912,-0.00306796157577,1.25441278929,-0.0053689327576,0.0,0.766606898746,-0.684538926594,-0.808407875216,0.494325308896,0.7343933022,1.28662638584,-0.580995223412,7.66721057892
3.178087,-0.0053689327576,-0.555684540411,-0.00421844716668,0.745514662912,-0.00345145677274,1.2536457989,-0.00613592315154,0.0,0.766990393943,-0.684155431397,-0.80917486561,0.49509229929,0.736694273382,1.28355842426,-0.580228233018,7.66721057892
3.188138,-0.0053689327576,-0.555684540411,-0.00498543756063,0.745514662912,-0.00383495196971,1.2540292941,-0.00613592315154,0.0,0.766606898746,-0.684538926594,-0.808791370413,0.494708804093,0.735927282988,1.28202444348,-0.580995223412,7.66721057892
3.198152,-0.0053689327576,-0.555301045215,-0.00345145677274,0.745514662912,-0.00345145677274,1.2540292941,-0.00498543756063,0.0,0.766990393943,-0.6837719362,-0.808407875216,0.493941813699,0.737077768579,1.2785729867,-0.580228233018,7.66721057892
3.208236,-0.00498543756063,-0.554917550018,-0.00383495196971,0.745514662912,-0.00383495196971,1.2540292941,-0.00613592315154,0.0,0.766990393943,-0.682237955412,-0.80917486561,0.494325308896,0.737461263776,1.27703900591,-0.580995223412,7.66721057892
3.218166,-0.0053689327576,-0.555684540411,-0.00421844716668,0.745514662912,-0.00345145677274,1.2536457989,-0.00575242795457,0.0,0.766990393943,-0.682621450609,-0.808024380019,0.494708804093,0.738995244564,1.27550502513,-0.580611728215,7.66721057892
3.228159,-0.00498543756063,-0.554534054821,-0.00383495196971,0.745131167715,-0.00345145677274,1.2540292941,-0.0053689327576,0.0,0.766606898746,-0.682237955412,-0.808407875216,0.494708804093,0.739378739761,1.27205356835,-0.580611728215,7.66721057892
3.238165,-0.0053689327576,-0.554534054821,-0.00421844716668,0.745898158109,-0.00306796157577,1.2540292941,-0.00498543756063,0.0,0.766223403549,-0.681854460215,-0.808407875216,0.494708804093,0.739762234958,1.26975259717,-0.580228233018,7.66721057892
3.248128,-0.0053689327576,-0.555684540411,-0.00421844716668,0.745514662912,-0.00345145677274,1.25441278929,-0.00575242795457,0.0,0.766990393943,-0.681087469821,-0.808791370413,0.49509229929,0.741296215746,1.26821861638,-0.580995223412,7.66721057892
3.258159,-0.0053689327576,-0.555301045215,-0.00421844716668,0.746281653306,-0.00345145677274,1.2536457989,-0.00575242795457,0.0,0.767757384337,-0.681470965018,-0.808407875216,0.49509229929,0.741679710943,1.2666846356,-0.580995223412,7.66721057892
3.268086,-0.0053689327576,-0.555301045215,-0.00345145677274,0.746665148503,-0.00306796157577,1.2540292941,-0.00498543756063,0.0,0.766606898746,-0.681087469821,-0.808791370413,0.49509229929,0.74321369173,1.26553415001,-0.580228233018,7.66721057892
3.278130,-0.0053689327576,-0.555684540411,-0.00345145677274,0.746281653306,-0.00383495196971,1.2540292941,-0.00498543756063,0.0,0.766990393943,-0.680703974624,-0.808407875216,0.494708804093,0.743597186927,1.26208269323,-0.579844737821,7.66721057892
3.288127,-0.00498543756063,-0.554917550018,-0.00383495196971,0.745514662912,-0.00345145677274,1.2540292941,-0.0053689327576,0.0,0.76737388914,-0.680320479427,-0.808024380019,0.49509229929,0.745131167715,1.25978172205,-0.581378718609,7.66721057892
3.298137,-0.00575242795457,-0.554917550018,-0.00421844716668,0.745898158109,-0.00345145677274,1.2532623037,-0.00575242795457,0.0,0.766606898746,-0.680703974624,-0.808791370413,0.494325308896,0.747815634094,1.25786424607,-0.580611728215,7.66721057892
3.308126,-0.00460194236366,-0.555301045215,-0.00421844716668,0.745131167715,-0.00345145677274,1.2532623037,-0.00498543756063,0.0,0.766606898746,-0.679553489033,-0.808024380019,0.495475794487,0.748199129291,1.25594677008,-0.580611728215,7.66721057892
3.318253,-0.00498543756063,-0.555684540411,-0.00345145677274,0.745514662912,-0.00345145677274,1.2540292941,-0.00498543756063,0.0,0.766990393943,-0.679553489033,-0.808407875216,0.49509229929,0.749349614882,1.25479628449,-0.580611728215,7.66721057892
3.328129,-0.0053689327576,-0.555684540411,-0.00421844716668,0.745898158109,-0.0026844663788,1.2532623037,-0.00498543756063,0.0,0.766606898746,-0.679169993836,-0.808407875216,0.495475794487,0.75088359567,1.2536457989,-0.580611728215,7.66721057892
3.338280,-0.00498543756063,-0.555684540411,-0.00421844716668,0.745898158109,-0.00306796157577,1.2540292941,-0.00498543756063,0.0,0.766606898746,-0.679169993836,-0.808791370413,0.495475794487,0.752417576458,1.25134482772,-0.580611728215,7.66721057892
3.348153,-0.00498543756063,-0.555684540411,-0.00421844716668,0.745514662912,-0.00306796157577,1.2536457989,-0.00575242795457,0.0,0.767757384337,-0.678019508245,-0.808024380019,0.494708804093,0.753184566852,1.24904385654,-0.579461242624,7.66721057892
3.358087,-0.0053689327576,-0.555684540411,-0.00383495196971,0.745898158109,-0.00383495196971,1.2540292941,-0.00460194236366,0.0,0.767757384337,-0.679169993836,-0.808407875216,0.495475794487,0.755485538034,1.24635939016,-0.579844737821,7.66721057892
3.368125,-0.00498543756063,-0.555301045215,-0.00421844716668,0.745514662912,-0.00306796157577,1.25479628449,-0.00575242795457,0.0,0.767757384337,-0.678403003442,-0.808407875216,0.495475794487,0.755485538034,1.24635939016,-0.580611728215,7.66721057892
3.378141,-0.00575242795457,-0.555301045215,-0.00383495196971,0.745514662912,-0.00345145677274,1.25441278929,-0.00498543756063,0.0,0.766990393943,-0.679169993836,-0.80917486561,0.49509229929,0.756252528428,1.24329142858,-0.579077747427,7.66721057892
3.388127,-0.0053689327576,-0.554917550018,-0.00421844716668,0.745898158109,-0.00306796157577,1.25479628449,-0.00498543756063,0.0,0.766990393943,-0.678786498639,-0.808407875216,0.494708804093,0.756636023624,1.24214094299,-0.579461242624,7.66721057892
3.398317,-0.00460194236366,-0.554917550018,-0.00383495196971,0.745131167715,-0.0026844663788,1.2540292941,-0.00498543756063,0.0,0.766606898746,-0.678019508245,-0.808791370413,0.494325308896,0.756252528428,1.24214094299,-0.579077747427,7.66721057892
3.408112,-0.0053689327576,-0.555684540411,-0.00383495196971,0.745131167715,-0.00421844716668,1.25441278929,-0.00575242795457,0.0,0.766606898746,-0.678019508245,-0.808407875216,0.49509229929,0.756636023624,1.24290793338,-0.579844737821,7.66721057892
3.418127,-0.00575242795457,-0.554917550018,-0.00421844716668,0.745898158109,-0.00306796157577,1.2540292941,-0.00651941834851,0.0,0.766990393943,-0.677636013048,-0.808791370413,0.494325308896,0.756252528428,1.24022346701,-0.579077747427,7.66721057892
3.428237,-0.0053689327576,-0.555301045215,-0.00421844716668,0.745898158109,-0.00345145677274,1.2540292941,-0.00575242795457,0.0,0.766990393943,-0.678019508245,-0.808791370413,0.49509229929,0.755869033231,1.2409904574,-0.579077747427,7.66721057892
3.438134,-0.00498543756063,-0.555684540411,-0.00383495196971,0.745898158109,-0.00345145677274,1.2536457989,-0.00498543756063,0.0,0.76737388914,-0.677252517851,-0.808024380019,0.49509229929,0.756252528428,1.2413739526,-0.57869425223,7.66721057892
3.448432,-0.0053689327576,-0.555301045215,-0.00421844716668,0.745898158109,-0.00306796157577,1.2540292941,-0.00460194236366,0.0,0.766990393943,-0.678019508245,-0.808791370413,0.494708804093,0.755485538034,1.24175744779,-0.579077747427,7.66721057892
3.458138,-0.00498543756063,-0.554917550018,-0.00421844716668,0.746281653306,-0.00345145677274,1.2540292941,-0.00613592315154,0.0,0.766990393943,-0.677636013048,-0.808407875216,0.49509229929,0.757019518821,1.24214094299,-0.579844737821,7.66721057892
3.468209,-0.00575242795457,-0.554917550018,-0.00421844716668,0.745131167715,-0.00345145677274,1.2536457989,-0.0053689327576,0.0,0.766990393943,-0.678019508245,-0.80917486561,0.49509229929,0.756636023624,1.24214094299,-0.579461242624,7.66721057892
3.478169,-0.00498543756063,-0.555684540411,-0.00383495196971,0.745514662912,-0.00306796157577,1.2536457989,-0.00575242795457,0.0,0.766606898746,-0.678019508245,-0.808024380019,0.495475794487,0.756636023624,1.24175744779,-0.579077747427,7.66721057892
3.488079,-0.0053689327576,-0.555301045215,-0.00421844716668,0.745898158109,-0.00345145677274,1.2536457989,-0.00613592315154,0.0,0.766606898746,-0.677252517851,-0.808407875216,0.49509229929,0.755869033231,1.24175744779,-0.57869425223,7.66721057892
3.498145,-0.0053689327576,-0.554917550018,-0.00345145677274,0.745514662912,-0.00306796157577,1.2536457989,-0.00613592315154,0.0,0.76737388914,-0.677636013048,-0.808024380019,0.495859289684,0.756252528428,1.2413739526,-0.580228233018,7.66721057892
3.508226,-0.0053689327576,-0.555301045215,-0.00383495196971,0.745898158109,-0.00306796157577,1.2540292941,-0.00460194236366,0.0,0.766606898746,-0.677636013048,-0.808024380019,0.494325308896,0.755869033231,1.2413739526,-0.579844737821,7.66721057892
3.518143,-0.0053689327576,-0.555301045215,-0.00383495196971,0.745514662912,-0.00306796157577,1.2536457989,-0.0053689327576,0.0,0.766606898746,-0.677252517851,-0.808407875216,0.495859289684,0.756636023624,1.24214094299,-0.579461242624,7.66721057892
3.528108,-0.00498543756063,-0.555301045215,-0.00498543756063,0.745514662912,-0.00345145677274,1.2536457989,-0.0053689327576,0.0,0.766990393943,-0.678019508245,-0.808791370413,0.49509229929,0.756252528428,1.24175744779,-0.579461242624,7.66721057892
3.538125,-0.00498543756063,-0.555301045215,-0.00421844716668,0.745131167715,-0.00345145677274,1.2540292941,-0.0053689327576,0.0,0.766606898746,-0.678019508245,-0.808024380019,0.494325308896,0.756636023624,1.24252443819,-0.579077747427,7.66721057892
3.548116,-0.00575242795457,-0.555301045215,-0.00345145677274,0.745514662912,-0.00306796157577,1.2540292941,-0.00498543756063,0.0,0.766990393943,-0.678019508245,-0.808407875216,0.49509229929,0.757019518821,1.24175744779,-0.579461242624,7.66721057892
3.558120,-0.0053689327576,-0.555301045215,-0.00383495196971,0.745898158109,-0.00306796157577,1.2540292941,-0.0053689327576,0.0,0.766990393943,-0.678786498639,-0.808407875216,0.495859289684,0.756252528428,1.2413739526,-0.579461242624,7.66721057892
3.568100,-0.0053689327576,-0.555684540411,-0.00460194236366,0.746281653306,-0.00345145677274,1.2536457989,-0.00460194236366,0.0,0.76737388914,-0.677636013048,-0.808407875216,0.493941813699,0.757019518821,1.2413739526,-0.579077747427,7.66721057892
3.578085,-0.0053689327576,-0.555684540411,-0.00421844716668,0.745514662912,-0.00345145677274,1.25441278929,-0.00498543756063,0.0,0.76737388914,-0.677252517851,-0.808791370413,0.495475794487,0.755485538034,1.2413739526,-0.579077747427,7.66721057892
3.588128,-0.00460194236366,-0.555684540411,-0.00498543756063,0.745898158109,-0.00383495196971,1.2536457989,-0.00575242795457,0.0,0.766990393943,-0.677636013048,-0.808791370413,0.495859289684,0.756252528428,1.2413739526,-0.579461242624,7.66721057892
3.598144,-0.0053689327576,-0.554917550018,-0.00345145677274,0.745898158109,-0.00345145677274,1.2540292941,-0.0053689327576,0.0,0.76737388914,-0.678403003442,-0.808024380019,0.495475794487,0.756252528428,1.24175744779,-0.579844737821,7.66721057892
3.608230,-0.00575242795457,-0.555684540411,-0.00345145677274,0.745898158109,-0.00345145677274,1.2540292941,-0.0053689327576,0.0,0.767757384337,-0.677636013048,-0.808791370413,0.495475794487,0.757019518821,1.2413739526,-0.579461242624,7.66721057892
3.618200,-0.00498543756063,-0.555301045215,-0.00383495196971,0.745898158109,-0.00383495196971,1.2532623037,-0.00498543756063,0.0,0.767757384337,-0.677636013048,-0.808024380019,0.495475794487,0.756636023624,1.24290793338,-0.579844737821,7.66721057892
3.628122,-0.00575242795457,-0.555684540411,-0.00345145677274,0.745514662912,-0.00345145677274,1.25441278929,-0.00651941834851,0.0,0.76737388914,-0.678019508245,-0.808791370413,0.49509229929,0.756252528428,1.24290793338,-0.579077747427,7.66721057892
3.638121,-0.0053689327576,-0.555301045215,-0.00421844716668,0.745898158109,-0.00306796157577,1.25441278929,-0.00613592315154,0.0,0.76737388914,-0.677636013048,-0.808024380019,0.495475794487,0.756636023624,1.24214094299,-0.579077747427,7.66721057892
3.648127,-0.0053689327576,-0.555301045215,-0.00421844716668,0.746281653306,-0.00345145677274,1.2540292941,-0.00498543756063,0.0,0.76737388914,-0.677252517851,-0.808407875216,0.494708804093,0.756252528428,1.2409904574,-0.57869425223,7.66721057892
3.658124,-0.00613592315154,-0.555684540411,-0.00421844716668,0.745514662912,-0.00421844716668,1.25441278929,-0.00498543756063,0.0,0.768140879534,-0.677252517851,-0.808791370413,0.494708804093,0.756252528428,1.2413739526,-0.579844737821,7.66721057892
3.668131,-0.0053689327576,-0.554917550018,-0.00460194236366,0.745514662912,-0.00306796157577,1.2536457989,-0.0053689327576,0.0,0.767757384337,-0.677252517851,-0.807640884822,0.495859289684,0.755869033231,1.24252443819,-0.579077747427,7.66721057892
3.678124,-0.0053689327576,-0.555684540411,-0.00306796157577,0.745898158109,-0.00345145677274,1.2536457989,-0.0053689327576,0.0,0.766990393943,-0.677252517851,-0.807640884822,0.494708804093,0.757786509215,1.24214094299,-0.579077747427,7.66721057892
3.688103,-0.00498543756063,-0.555301045215,-0.00345145677274,0.745898158109,-0.00306796157577,1.2536457989,-0.0053689327576,0.0,0.766990393943,-0.677636013048,-0.807640884822,0.495475794487,0.756252528428,1.2409904574,-0.579461242624,7.66721057892
3.698212,-0.0053689327576,-0.554917550018,-0.00460194236366,0.745131167715,-0.00306796157577,1.25441278929,-0.00498543756063,0.0,0.76737388914,-0.677252517851,-0.808024380019,0.49509229929,0.756252528428,1.2413739526,-0.579461242624,7.66721057892
3.708070,-0.00498543756063,-0.555684540411,-0.00383495196971,0.745898158109,-0.00345145677274,1.2540292941,-0.00575242795457,0.0,0.76737388914,-0.677636013048,-0.808024380019,0.495475794487,0.757019518821,1.2413739526,-0.579461242624,7.66721057892
3.718137,-0.0053689327576,-0.555684540411,-0.00421844716668,0.745131167715,-0.00345145677274,1.2540292941,-0.0053689327576,0.0,0.76737388914,-0.676869022654,-0.808791370413,0.495475794487,0.756252528428,1.24175744779,-0.579844737821,7.66721057892
3.728083,-0.00498543756063,-0.554917550018,-0.00421844716668,0.745898158109,-0.00306796157577,1.25441278929,-0.00613592315154,0.0,0.76737388914,-0.677252517851,-0.808791370413,0.495475794487,0.757019518821,1.2413739526,-0.579077747427,7.66721057892
3.738105,-0.0053689327576,-0.555301045215,-0.00383495196971,0.745898158109,-0.00306796157577,1.25441278929,-0.00575242795457,0.0,0.76737388914,-0.677636013048,-0.808024380019,0.494708804093,0.756636023624,1.24175744779,-0.579844737821,7.66721057892
3.748119,-0.0053689327576,-0.555301045215,-0.00421844716668,0.745898158109,-0.00345145677274,1.25441278929,-0.0053689327576,0.0,0.767757384337,-0.677252517851,-0.808407875216,0.495859289684,0.756252528428,1.2413739526,-0.579461242624,7.66721057892
3.758137,-0.0053689327576,-0.555301045215,-0.00421844716668,0.745898158109,-0.00345145677274,1.2540292941,-0.00613592315154,0.0,0.767757384337,-0.677636013048,-0.809558360807,0.495475794487,0.755869033231,1.2413739526,-0.579461242624,7.66721057892
3.768120,-0.00575242795457,-0.555301045215,-0.00383495196971,0.745898158109,-0.00345145677274,1.2536457989,-0.00575242795457,0.0,0.76737388914,-0.677636013048,-0.808791370413,0.495859289684,0.756252528428,1.24175744779,-0.579844737821,7.66721057892
3.778212,-0.00575242795457,-0.555301045215,-0.00421844716668,0.745131167715,-0.00345145677274,1.2536457989,-0.0053689327576,0.0,0.76737388914,-0.677636013048,-0.808791370413,0.49509229929,0.755869033231,1.2413739526,-0.57869425223,7.66721057892
3.788144,-0.0053689327576,-0.556068035608,-0.00383495196971,0.745514662912,-0.00383495196971,1.2540292941,-0.0053689327576,0.0,0.76737388914,-0.678019508245,-0.808407875216,0.496242784881,0.755869033231,1.2413739526,-0.579461242624,7.66721057892
3.798169,-0.00498543756063,-0.554534054821,-0.00421844716668,0.745898158109,-0.00383495196971,1.2532623037,-0.0053689327576,0.0,0.76737388914,-0.677636013048,-0.808407875216,0.496626280078,0.755869033231,1.2406069622,-0.579461242624,7.66721057892
3.808170,-0.00460194236366,-0.555684540411,-0.00421844716668,0.745514662912,-0.00345145677274,1.2536457989,-0.00575242795457,0.0,0.76737388914,-0.677636013048,-0.808024380019,0.49509229929,0.756252528428,1.24175744779,-0.579077747427,7.66721057892
3.818179,-0.00575242795457,-0.555684540411,-0.00383495196971,0.745898158109,-0.00306796157577,1.2540292941,-0.00613592315154,0.0,0.76737388914,-0.676869022654,-0.808407875216,0.49509229929,0.756252528428,1.2413739526,-0.579844737821,7.66721057892
3.828186,-0.0053689327576,-0.554917550018,-0.00306796157577,0.745131167715,-0.00306796157577,1.2540292941,-0.00498543756063,0.0,0.766990393943,-0.676869022654,-0.808407875216,0.49509229929,0.757019518821,1.24175744779,-0.579077747427,7.66721057892
3.838132,-0.0053689327576,-0.555301045215,-0.00421844716668,0.745514662912,-0.00306796157577,1.25441278929,-0.00498543756063,0.0,0.767757384337,-0.677252517851,-0.808024380019,0.494708804093,0.755869033231,1.2413739526,-0.579077747427,7.66721057892
3.848096,-0.00575242795457,-0.555684540411,-0.00383495196971,0.745131167715,-0.00306796157577,1.25441278929,-0.00575242795457,0.0,0.766990393943,-0.677636013048,-0.808024380019,0.49509229929,0.756252528428,1.24175744779,-0.579077747427,7.66721057892
3.858112,-0.0053689327576,-0.555301045215,-0.00421844716668,0.745514662912,-0.00383495196971,1.25441278929,-0.00498543756063,0.0,0.767757384337,-0.678019508245,-0.808791370413,0.49509229929,0.755869033231,1.2413739526,-0.579844737821,7.66721057892
3.868212,-0.00575242795457,-0.555301045215,-0.00383495196971,0.745514662912,-0.0026844663788,1.25441278929,-0.00613592315154,0.0,0.767757384337,-0.677252517851,-0.807640884822,0.494708804093,0.756252528428,1.2409904574,-0.579461242624,7.66721057892
3.878125,-0.00575242795457,-0.555301045215,-0.00383495196971,0.745898158109,-0.00345145677274,1.2532623037,-0.00498543756063,0.0,0.767757384337,-0.676869022654,-0.808791370413,0.49509229929,0.756252528428,1.24175744779,-0.57869425223,7.66721057892
3.888135,-0.00575242795457,-0.555301045215,-0.00383495196971,0.745898158109,-0.0026844663788,1.2540292941,-0.00460194236366,0.0,0.766990393943,-0.676869022654,-0.808407875216,0.495475794487,0.756636023624,1.2413739526,-0.579077747427,7.66721057892
3.898124,-0.00575242795457,-0.555301045215,-0.00383495196971,0.745898158109,-0.00306796157577,1.25441278929,-0.0053689327576,0.0,0.767757384337,-0.676869022654,-0.808407875216,0.493941813699,0.756636023624,1.2406069622,-0.57869425223,7.66721057892
3.908145,-0.0053689327576,-0.556068035608,-0.00383495196971,0.745898158109,-0.00306796157577,1.2532623037,-0.00575242795457,0.0,0.767757384337,-0.676869022654,-0.807640884822,0.49509229929,0.756636023624,1.2409904574,-0.57869425223,7.66721057892
3.918129,-0.0053689327576,-0.555301045215,-0.00383495196971,0.746281653306,-0.00306796157577,1.2540292941,-0.00575242795457,0.0,0.766990393943,-0.677636013048,-0.808407875216,0.49509229929,0.756252528428,1.24252443819,-0.579461242624,7.66721057892
3.928127,-0.00575242795457,-0.554917550018,-0.00383495196971,0.745514662912,-0.00383495196971,1.2536457989,-0.00575242795457,0.0,0.76737388914,-0.676485527457,-0.808024380019,0.494325308896,0.755869033231,1.2413739526,-0.579077747427,7.66721057892
3.938129,-0.0053689327576,-0.555684540411,-0.00345145677274,0.745514662912,-0.00345145677274,1.2540292941,-0.00460194236366,0.0,0.768140879534,-0.676869022654,-0.808024380019,0.494708804093,0.755869033231,1.2409904574,-0.579461242624,7.66721057892
3.948111,-0.0053689327576,-0.554534054821,-0.00383495196971,0.745898158109,-0.00383495196971,1.2540292941,-0.0053689327576,0.0,0.767757384337,-0.676869022654,-0.808024380019,0.495859289684,0.756252528428,1.2413739526,-0.579461242624,7.66721057892
3.958158,-0.00498543756063,-0.554917550018,-0.00421844716668,0.745898158109,-0.0026844663788,1.25441278929,-0.0053689327576,0.0,0.768140879534,-0.676869022654,-0.808024380019,0.494325308896,0.756636023624,1.2406069622,-0.579077747427,7.66721057892
3.968369,-0.00575242795457,-0.554917550018,-0.00345145677274,0.745898158109,-0.00383495196971,1.2540292941,-0.0053689327576,0.0,0.767757384337,-0.677636013048,-0.808024380019,0.495859289684,0.755869033231,1.2409904574,-0.579844737821,7.66721057892
3.978302,-0.0053689327576,-0.555684540411,-0.00421844716668,0.745514662912,-0.00383495196971,1.2532623037,-0.00575242795457,0.0,0.766990393943,-0.677252517851,-0.808407875216,0.495475794487,0.755869033231,1.2409904574,-0.579077747427,7.66721057892
3.988122,-0.0053689327576,-0.555301045215,-0.00421844716668,0.745514662912,-0.00345145677274,1.2540292941,-0.0053689327576,0.0,0.766990393943,-0.67610203226,-0.808024380019,0.494708804093,0.756252528428,1.2409904574,-0.579077747427,7.66721057892
3.998129,-0.0053689327576,-0.554917550018,-0.00345145677274,0.745898158109,-0.00345145677274,1.2532623037,-0.00498543756063,0.0,0.76737388914,-0.677636013048,-0.808407875216,0.493941813699,0.755869033231,1.24022346701,-0.579461242624,7.66721057892
4.008119,-0.0053689327576,-0.555301045215,-0.00345145677274,0.745514662912,-0.00306796157577,1.25479628449,-0.00575242795457,0.0,0.767757384337,-0.67610203226,-0.808407875216,0.49509229929,0.755869033231,1.24022346701,-0.579077747427,7.66721057892
4.018108,-0.00575242795457,-0.554917550018,-0.00460194236366,0.746281653306,-0.00306796157577,1.2540292941,-0.00498543756063,0.0,0.76737388914,-0.67610203226,-0.808407875216,0.49509229929,0.755485538034,1.2406069622,-0.579461242624,7.66721057892
4.028127,-0.0053689327576,-0.554917550018,-0.00306796157577,0.745898158109,-0.00345145677274,1.2536457989,-0.00498543756063,0.0,0.76737388914,-0.676485527457,-0.808407875216,0.49509229929,0.756252528428,1.2409904574,-0.578310757033,7.66721057892
4.038131,-0.0053689327576,-0.555684540411,-0.00383495196971,0.745898158109,-0.00306796157577,1.2536457989,-0.00613592315154,0.0,0.766990393943,-0.676869022654,-0.808407875216,0.495475794487,0.756636023624,1.24022346701,-0.579077747427,7.66721057892
4.048186,-0.00575242795457,-0.555301045215,-0.00421844716668,0.745514662912,-0.00306796157577,1.2536457989,-0.00613592315154,0.0,0.76737388914,-0.676869022654,-0.808791370413,0.49509229929,0.756636023624,1.24252443819,-0.579461242624,7.66721057892
4.058134,-0.0053689327576,-0.555684540411,-0.00383495196971,0.746665148503,-0.00383495196971,1.2536457989,-0.00575242795457,0.0,0.766990393943,-0.676485527457,-0.808024380019,0.49509229929,0.756252528428,1.2406069622,-0.579461242624,7.66721057892
4.068129,-0.00498543756063,-0.554917550018,-0.00383495196971,0.745898158109,-0.00383495196971,1.2540292941,-0.00613592315154,0.0,0.767757384337,-0.675718537064,-0.808407875216,0.49509229929,0.756252528428,1.2409904574,-0.579844737821,7.66721057892
4.078113,-0.00575242795457,-0.555301045215,-0.00421844716668,0.745131167715,-0.0026844663788,1.2540292941,-0.00575242795457,0.0,0.768140879534,-0.676485527457,-0.808407875216,0.49509229929,0.757019518821,1.2409904574,-0.579077747427,7.66721057892
4.088171,-0.0053689327576,-0.555684540411,-0.00383495196971,0.745898158109,-0.00345145677274,1.2540292941,-0.00498543756063,0.0,0.767757384337,-0.676869022654,-0.808024380019,0.494325308896,0.755869033231,1.2406069622,-0.579461242624,7.66721057892
4.098144,-0.0053689327576,-0.555301045215,-0.00460194236366,0.745514662912,-0.00345145677274,1.2540292941,-0.00613592315154,0.0,0.766990393943,-0.676485527457,-0.808024380019,0.494708804093,0.755869033231,1.2406069622,-0.579461242624,7.66721057892
4.108081,-0.00575242795457,-0.555301045215,-0.00460194236366,0.745898158109,-0.00306796157577,1.25441278929,-0.00498543756063,0.0,0.767757384337,-0.676485527457,-0.808024380019,0.493941813699,0.757019518821,1.2409904574,-0.579077747427,7.66721057892
4.118125,-0.0053689327576,-0.555301045215,-0.00383495196971,0.745898158109,-0.00345145677274,1.2532623037,-0.00613592315154,0.0,0.76737388914,-0.676485527457,-0.80917486561,0.49509229929,0.756636023624,1.24214094299,-0.57869425223,7.66721057892
4.128121,-0.0053689327576,-0.555684540411,-0.00421844716668,0.745514662912,-0.00306796157577,1.25479628449,-0.0053689327576,0.0,0.768140879534,-0.676869022654,-0.808407875216,0.49509229929,0.755869033231,1.24214094299,-0.579077747427,7.66721057892
4.138130,-0.0053689327576,-0.554917550018,-0.00421844716668,0.746281653306,-0.00345145677274,1.2536457989,-0.00575242795457,0.0,0.768140879534,-0.677636013048,-0.808791370413,0.495475794487,0.755485538034,1.2413739526,-0.579077747427,7.66721057892
4.148134,-0.00575242795457,-0.555684540411,-0.00345145677274,0.745514662912,-0.00345145677274,1.25479628449,-0.00575242795457,0.0,0.766606898746,-0.676869022654,-0.808791370413,0.495475794487,0.755869033231,1.24022346701,-0.579077747427,7.66721057892
4.158128,-0.00575242795457,-0.554917550018,-0.00383495196971,0.745898158109,-0.00306796157577,1.25441278929,-0.00498543756063,0.0,0.76737388914,-0.677252517851,-0.808407875216,0.494708804093,0.756252528428,1.2406069622,-0.57869425223,7.66721057892
4.168144,-0.0053689327576,-0.555301045215,-0.00421844716668,0.745514662912,-0.00345145677274,1.2540292941,-0.0053689327576,0.0,0.767757384337,-0.676485527457,-0.808024380019,0.494325308896,0.755102042837,1.2406069622,-0.579077747427,7.66721057892
4.178200,-0.0053689327576,-0.554917550018,-0.00421844716668,0.745514662912,-0.00383495196971,1.2540292941,-0.0053689327576,0.0,0.767757384337,-0.67610203226,-0.808791370413,0.494708804093,0.755869033231,1.2406069622,-0.579077747427,7.66721057892
4.188094,-0.0053689327576,-0.555301045215,-0.00421844716668,0.745514662912,-0.00383495196971,1.25441278929,-0.00575242795457,0.0,0.767757384337,-0.677252517851,-0.808024380019,0.495475794487,0.755869033231,1.2409904574,-0.579461242624,7.66721057892
4.198379,-0.00498543756063,-0.555684540411,-0.00460194236366,0.746281653306,-0.00383495196971,1.2540292941,-0.00613592315154,0.0,0.768140879534,-0.676485527457,-0.808791370413,0.49509229929,0.755485538034,1.24022346701,-0.579077747427,7.66721057892
4.208093,-0.00613592315154,-0.554917550018,-0.00421844716668,0.745898158109,-0.00345145677274,1.25441278929,-0.00613592315154,0.0,0.76737388914,-0.676869022654,-0.80917486561,0.49509229929,0.756252528428,1.2406069622,-0.579461242624,7.66721057892
4.218200,-0.00498543756063,-0.555301045215,-0.00345145677274,0.745898158109,-0.00306796157577,1.2532623037,-0.00575242795457,0.0,0.768140879534,-0.676869022654,-0.808407875216,0.495475794487,0.755869033231,1.2406069622,-0.579461242624,7.66721057892
4.228112,-0.0053689327576,-0.554534054821,-0.00421844716668,0.745131167715,-0.00306796157577,1.2540292941,-0.0053689327576,0.0,0.767757384337,-0.676485527457,-0.808407875216,0.49509229929,0.755869033231,1.24175744779,-0.57869425223,7.66721057892
4.238119,-0.0053689327576,-0.555301045215,-0.00421844716668,0.746665148503,-0.00345145677274,1.2540292941,-0.00498543756063,0.0,0.768140879534,-0.676485527457,-0.808791370413,0.495475794487,0.755485538034,1.2409904574,-0.57869425223,7.66721057892
4.248109,-0.0053689327576,-0.554534054821,-0.00460194236366,0.745514662912,-0.00306796157577,1.2532623037,-0.00613592315154,0.0,0.768140879534,-0.676485527457,-0.807640884822,0.49509229929,0.757019518821,1.2406069622,-0.579461242624,7.66721057892
4.258079,-0.00498543756063,-0.554917550018,-0.00421844716668,0.745514662912,-0.00345145677274,1.2536457989,-0.00575242795457,0.0,0.768140879534,-0.676485527457,-0.808791370413,0.49509229929,0.755485538034,1.24022346701,-0.579077747427,7.66721057892
4.268196,-0.0053689327576,-0.555301045215,-0.00421844716668,0.745898158109,-0.00345145677274,1.25441278929,-0.0053689327576,0.0,0.767757384337,-0.676869022654,-0.807640884822,0.49509229929,0.755869033231,1.2406069622,-0.57869425223,7.66721057892
4.278125,-0.00498543756063,-0.554534054821,-0.00383495196971,0.745898158109,-0.00306796157577,1.2536457989,-0.00575242795457,0.0,0.766990393943,-0.67610203226,-0.80917486561,0.494325308896,0.756252528428,1.23983997181,-0.579461242624,7.66721057892
4.288132,-0.00498543756063,-0.555301045215,-0.00345145677274,0.745898158109,-0.00345145677274,1.2540292941,-0.0053689327576,0.0,0.767757384337,-0.67610203226,-0.80917486561,0.494708804093,0.755485538034,1.24022346701,-0.579844737821,7.66721057892
4.298146,-0.00575242795457,-0.555301045215,-0.00345145677274,0.745514662912,-0.00345145677274,1.2536457989,-0.00498543756063,0.0,0.767757384337,-0.67610203226,-0.808024380019,0.49509229929,0.756252528428,1.2406069622,-0.579077747427,7.66721057892
4.310926,-0.00575242795457,-0.554534054821,-0.00383495196971,0.745898158109,-0.00383495196971,1.2540292941,-0.00498543756063,0.0,0.767757384337,-0.676485527457,-0.808024380019,0.494325308896,0.756252528428,1.24022346701,-0.579461242624,7.66721057892
4.318156,-0.00575242795457,-0.554534054821,-0.00383495196971,0.745898158109,-0.00383495196971,1.2540292941,-0.00498543756063,0.0,0.767757384337,-0.676485527457,-0.808024380019,0.494325308896,0.756252528428,1.24022346701,-0.579461242624,7.66721057892
4.328154,-0.00613592315154,-0.556068035608,-0.00421844716668,0.745514662912,-0.00345145677274,1.2540292941,-0.00575242795457,0.0,0.768140879534,-0.676485527457,-0.808791370413,0.495475794487,0.755485538034,1.2406069622,-0.579461242624,7.66721057892
