time,right_s0,right_s1,right_e0,right_e1,right_w0,right_w1,right_w2
0.637243,0.935790967637,-0.928258823057,-0.745830736161,0.994947618776,0.615708044298,1.03388840637,-0.676626818964
0.647212,0.936569181932,-0.927167740627,-0.744952545819,0.995721786037,0.616115583313,1.03337822583,-0.676035516864
0.657181,0.937106033626,-0.926134226963,-0.744043521537,0.996158764061,0.616631196029,1.03328126639,-0.675257551045
0.667149,0.937441638763,-0.925123972613,-0.743086262552,0.996491170155,0.617252327085,1.03326314814,-0.67443772411
0.677118,0.937699044256,-0.924104280988,-0.742150513703,0.996806514962,0.61794923817,1.03313012658,-0.673715750939
0.687087,0.938108097926,-0.923041363908,-0.741416648646,0.997025612875,0.618659681172,1.03283673313,-0.673240022644
0.697056,0.938677637065,-0.921917511723,-0.740890205389,0.99699044624,0.619473705005,1.03299813827,-0.672594094034
0.707025,0.939142576752,-0.920700515372,-0.740249035719,0.99694603404,0.620321417907,1.03303596948,-0.671815247241
0.716994,0.939554642266,-0.919351739441,-0.739522771856,0.996842941978,0.621274379861,1.03294932984,-0.671096846155
0.726962,0.939885457668,-0.917879096967,-0.738768451858,0.996615597027,0.622300119523,1.03281632702,-0.670540611008
0.736931,0.939953794498,-0.916357682619,-0.738076623802,0.996168121166,0.623193301771,1.03282376904,-0.670115777622
0.746900,0.939917575873,-0.914792020587,-0.737651133892,0.995561015133,0.624041221053,1.0329753134,-0.669690393714
0.756869,0.939914369693,-0.913233222612,-0.737225597736,0.994784123558,0.625025354234,1.03301761857,-0.669122156786
0.766838,0.939908606378,-0.911738811342,-0.736745365686,0.993940232515,0.626044943939,1.03282959621,-0.668469400291
0.776807,0.939871239198,-0.910283543681,-0.736212837745,0.993088180963,0.627020528625,1.03245536049,-0.667816656272
0.786775,0.939802531304,-0.90866087565,-0.735723886991,0.992179370115,0.627942270597,1.03226811841,-0.667288909784
0.796744,0.939676147534,-0.906904913902,-0.735026539561,0.991299783667,0.629121608572,1.03231324784,-0.666860608679
0.806713,0.939615339487,-0.905036224376,-0.73449263579,0.990301041492,0.630385004931,1.03228360928,-0.666465302511
0.816682,0.93954808788,-0.903082304475,-0.73417469252,0.989129419464,0.631622422839,1.03213051435,-0.666092147188
0.826651,0.939358322254,-0.901103096363,-0.734013255006,0.987769105088,0.632770618851,1.03188331904,-0.665747194391
0.836619,0.938824845151,-0.899250970429,-0.733727931869,0.986255511425,0.633872357631,1.03171817078,-0.66547798768
0.846588,0.938362339693,-0.89761052197,-0.733587339366,0.98486087283,0.634804165812,1.0313265378,-0.665180158738
0.856557,0.937931295736,-0.895884102046,-0.733536085202,0.983542841976,0.635819145734,1.03092381354,-0.664787048213
0.866526,0.937415079903,-0.893993026295,-0.733340576307,0.982078234094,0.636886705587,1.03065251561,-0.664434013441
0.876495,0.936763154186,-0.89191524824,-0.73285832181,0.980290175231,0.63795862659,1.0306007877,-0.664260914164
0.886464,0.936216374061,-0.889693318756,-0.732371729913,0.978233984783,0.639081925852,1.03071833049,-0.66434231701
0.896432,0.935617658302,-0.88772385063,-0.732299999777,0.976295089385,0.640663117494,1.0308512827,-0.664314551524
0.906401,0.935054622668,-0.885822322915,-0.73234925211,0.974297420922,0.642196186512,1.03103606237,-0.664078776548
0.916370,0.93453528823,-0.883924297466,-0.732268843341,0.972219794029,0.643536957634,1.03122898042,-0.663781341551
0.926339,0.934013160833,-0.881987834972,-0.731886750018,0.970096996874,0.644670933603,1.03133114141,-0.663576847233
0.936308,0.933224689023,-0.879973907345,-0.73140672821,0.968091360388,0.645876593929,1.03101090555,-0.663364298125
0.946276,0.932399843257,-0.877701150485,-0.731271201086,0.966204618103,0.647023075517,1.03061266551,-0.663133019879
0.956245,0.931662289334,-0.875321207949,-0.73124244962,0.964242001057,0.648081537579,1.03054145785,-0.6628929702
0.966214,0.930996832871,-0.872955812026,-0.731182169747,0.962177575241,0.649142714182,1.03064513956,-0.662674740914
0.976183,0.93034157532,-0.870714611263,-0.731016905765,0.960042949825,0.650341042128,1.03062087079,-0.662520535107
0.986152,0.929597870164,-0.868634492124,-0.731029997186,0.957929662329,0.651878575405,1.03029589211,-0.662524548384
0.996121,0.928896152214,-0.866450032486,-0.731235141913,0.955688178064,0.653351394856,1.03018547569,-0.662378128503
1.006089,0.928119258359,-0.864159162363,-0.731440293164,0.953316846601,0.654605810342,1.03030644132,-0.662119379716
1.016058,0.927225429231,-0.861815784374,-0.731507095404,0.950876091152,0.655711428744,1.03055915748,-0.661835496231
1.026027,0.926224624108,-0.859515613952,-0.731328755504,0.948465772565,0.656842291149,1.03078968905,-0.661640796675
1.035996,0.925379673371,-0.857526841498,-0.730977820786,0.946279842338,0.658269202268,1.03090338122,-0.661656716897
1.045965,0.924697575966,-0.855605323804,-0.730926769574,0.944240085428,0.659868730011,1.03093029409,-0.661826754335
1.055934,0.92404780956,-0.853468044295,-0.731110455865,0.942122198581,0.66143572771,1.03090459052,-0.661941262388
1.065902,0.923302762951,-0.851206477627,-0.731322094956,0.939922013156,0.662960380609,1.03084114744,-0.66189725318
1.075871,0.922341505305,-0.849108378088,-0.731279806216,0.937746275126,0.66452851057,1.03076098239,-0.66165449592
1.085840,0.921334926079,-0.8472920458,-0.731121068246,0.935626343618,0.666149949491,1.03095145301,-0.661421058906
1.095809,0.920361457751,-0.845319922049,-0.731104941457,0.933397581492,0.66783452451,1.03107927552,-0.661261882907
1.105778,0.919366825483,-0.843183741416,-0.73121423422,0.931195972154,0.669612203723,1.03096981734,-0.661123743513
1.115746,0.918341394457,-0.840940009228,-0.731419526956,0.929031596778,0.671426330157,1.03067841763,-0.661063466313
1.125715,0.917306717127,-0.838703921236,-0.731671156574,0.926829683997,0.673154413039,1.03042977704,-0.661210089733
1.135684,0.916316474758,-0.836816875269,-0.73164404052,0.924597789105,0.67473178376,1.03038400609,-0.66134964843
1.145653,0.91539064134,-0.835029969825,-0.7316007069,0.922570021815,0.676326529413,1.03037764047,-0.661240801556
1.155622,0.914573859293,-0.833254488069,-0.731665496973,0.920590427496,0.677996446705,1.03032313447,-0.661114201817
1.165591,0.913894091219,-0.8314594499,-0.731867285778,0.918594964157,0.679756857117,1.03016787927,-0.661107779203
1.175559,0.913365057885,-0.829665389915,-0.732146552548,0.916599988436,0.68158371768,1.02988791737,-0.661284654996
1.185528,0.912463653653,-0.82779620765,-0.732149497048,0.914716570097,0.683244921571,1.02964911797,-0.661259299804
1.195497,0.911360819501,-0.825980829793,-0.732128550264,0.912728308321,0.684804047619,1.02919734512,-0.661100579452
1.205466,0.910304300133,-0.824245714103,-0.73217761322,0.910611054789,0.686503524165,1.02841374121,-0.660967996148
1.215435,0.909423607801,-0.822604288199,-0.732328857823,0.908446867602,0.688414173525,1.02735939494,-0.660955507281
1.225403,0.908711094649,-0.821059454238,-0.732542181905,0.90646184298,0.690394037405,1.02632532715,-0.661083630606
1.235372,0.907953383696,-0.819481664741,-0.73251432207,0.904775673153,0.692106861801,1.02541646421,-0.661232731097
1.245341,0.907252282571,-0.817892511655,-0.732426354818,0.903158295233,0.693918409041,1.02431971629,-0.661289487351
1.255310,0.906600527899,-0.816236648842,-0.732420788866,0.901450495412,0.695880982727,1.0230375133,-0.661200950826
1.265279,0.905988458512,-0.814502348424,-0.732570443978,0.899590833215,0.697925710646,1.02168128048,-0.661021785396
1.275248,0.905411805827,-0.812752800351,-0.732847139344,0.89766892232,0.699785964064,1.02054325854,-0.660993848175
1.285216,0.904806203983,-0.811186424553,-0.733039595438,0.895914813839,0.701467083705,1.01944711627,-0.661190622987
1.295185,0.904029905036,-0.809674250607,-0.733104683068,0.894224629288,0.703278774737,1.01820092666,-0.661263270158
1.305154,0.903140398684,-0.808188217702,-0.733156427354,0.892607864963,0.705161598491,1.016825184,-0.66129925349
1.315123,0.902236819439,-0.806681125631,-0.733289887719,0.89107716139,0.70699520603,1.01537693456,-0.661396737615
1.325092,0.901492511622,-0.80503549509,-0.733546460559,0.889648082619,0.708554679896,1.0139609144,-0.661624128941
1.335061,0.900739535536,-0.803278293014,-0.733741298769,0.888165945913,0.709971280027,1.01278783973,-0.661673183251
1.345029,0.899971477667,-0.801636631865,-0.733778368472,0.886725464585,0.711322764315,1.01169086074,-0.661607245119
1.354998,0.89927198799,-0.800056731836,-0.733764690345,0.885244090698,0.712562410659,1.01059256677,-0.661587048699
1.364967,0.898699635675,-0.798490041377,-0.733822832896,0.883642297745,0.713660805325,1.0094693711,-0.661717474345
1.374936,0.898222829421,-0.797010117772,-0.734068192464,0.881889245331,0.714660647082,1.00844306494,-0.661910422449
1.384905,0.897721020091,-0.795799584089,-0.734312611476,0.880327628853,0.715485189252,1.00744586364,-0.662049629546
1.394873,0.897124652136,-0.794631836218,-0.734542033722,0.878915818729,0.716130211484,1.00652248155,-0.662141032299
1.404842,0.896483140437,-0.793405271873,-0.734703339021,0.877638503152,0.716664952234,1.00570451959,-0.662129900189
1.414811,0.895863451607,-0.792056760446,-0.734741723469,0.876462863121,0.717164672191,1.00498106151,-0.661984868379
1.424780,0.895322347048,-0.79059105322,-0.734595600617,0.875294379001,0.717652542629,1.00418235537,-0.661792666773
1.434749,0.894741682391,-0.789188634471,-0.734782949519,0.873850695202,0.718146234643,1.00340057471,-0.661648221198
1.444718,0.894183344653,-0.787832791541,-0.735116140366,0.872376002023,0.718599248939,1.00267332792,-0.661527466992
1.454686,0.893670321119,-0.786581712401,-0.735379568237,0.871013639832,0.719017701112,1.00202160411,-0.661435133068
1.464655,0.893198535748,-0.785471179073,-0.735415483576,0.869821659322,0.719426490563,1.00148773101,-0.661389737146
1.474624,0.892656606309,-0.784322911192,-0.735484901073,0.868466718379,0.719884852558,1.00130941535,-0.661472707892
1.484593,0.891970124058,-0.782948346995,-0.735769615588,0.866770676397,0.720268603776,1.00138393596,-0.661682762938
1.494562,0.891335094747,-0.781550511691,-0.736025735641,0.865057333008,0.720568372483,1.0013882673,-0.661918779316
1.504530,0.890782654978,-0.780224228406,-0.73617512609,0.863441029402,0.720834972305,1.00120490427,-0.66212275328
1.514499,0.890273250507,-0.779015285371,-0.736205413091,0.861956095656,0.721132825933,1.00083944515,-0.662259381459
1.524468,0.889593521025,-0.777800480064,-0.736239266107,0.860463210784,0.721437978935,1.0008362834,-0.662399574752
1.534437,0.88908446439,-0.776573205998,-0.736345303531,0.85904999647,0.721920018215,1.00113507814,-0.662430301673
1.544406,0.888789500694,-0.775323428779,-0.736416314986,0.857783140515,0.722507486646,1.00137481746,-0.662505929139
1.554375,0.88856272622,-0.774031436328,-0.736445654798,0.856609226531,0.723018915926,1.00144767977,-0.662663471649
1.564343,0.888172515633,-0.772679923221,-0.736476514934,0.855408125332,0.723244903814,1.00135740366,-0.662870499709
1.574312,0.887514657062,-0.771333383293,-0.736655886523,0.853950582126,0.723398223762,1.00122725296,-0.662797199382
1.584281,0.886843295783,-0.770018798162,-0.736854315733,0.852386634355,0.723829192686,1.00113496932,-0.662631271052
1.594250,0.886218140537,-0.768830491457,-0.737123832539,0.850841469095,0.724275938047,1.0010174088,-0.662500458864
1.604219,0.885640688165,-0.767690566783,-0.737403565482,0.849402497952,0.724653483211,1.00080237682,-0.662464794167
1.614188,0.885078689653,-0.766411837403,-0.737561723339,0.848136237262,0.724978529415,1.00042290939,-0.662546892028
1.624156,0.884524862454,-0.764731279827,-0.737435838623,0.846997743835,0.725528321299,1.00018066448,-0.662728708319
1.634125,0.884008705009,-0.763171215666,-0.737429248896,0.845814068424,0.725946788488,1.00019310559,-0.662814956766
1.644094,0.88355168937,-0.761786414578,-0.737437978669,0.844428943433,0.72629868919,1.00025189611,-0.662765413825
1.654063,0.883119046474,-0.760512636669,-0.737316512223,0.842837676971,0.726649431807,1.0002304612,-0.662660546395
1.664032,0.882629624946,-0.759186606114,-0.736881630607,0.841159283784,0.72706914786,1.00005700323,-0.662681280229
1.674000,0.882076644418,-0.757829195087,-0.736491643967,0.83981794905,0.727296903945,1.00009686949,-0.662873400212
1.683969,0.881580866547,-0.756473488591,-0.736290253195,0.838460791528,0.727503065822,1.0002592615,-0.663029848458
1.693938,0.881062861065,-0.755101779941,-0.736010424459,0.837051375757,0.727848180598,1.00031728244,-0.663168878746
1.703907,0.880501266984,-0.75369362169,-0.735533045979,0.835651779559,0.728293396567,1.00016228349,-0.663275659326
1.713876,0.879933866806,-0.752223339303,-0.734882618749,0.834434641564,0.728585569952,0.999798581407,-0.663298508535
1.723845,0.879465939688,-0.750836088349,-0.734231167818,0.833194091601,0.728566657527,0.99919405487,-0.663215236644
1.733813,0.8789062044,-0.749473632188,-0.733490568678,0.831730883189,0.728750733449,0.998663160643,-0.663111540588
1.743782,0.878221858205,-0.748071945789,-0.732760471339,0.830210913167,0.729115231507,0.998283058864,-0.663045653286
1.753751,0.877457699989,-0.746659555199,-0.732103974181,0.828757389949,0.729596534399,0.99801032013,-0.663046328925
1.763720,0.876768078155,-0.745403163574,-0.731536763823,0.827438310958,0.730084845389,0.997632654612,-0.663106723675
1.773689,0.876328690034,-0.744276551468,-0.730793955684,0.825992787725,0.730583969426,0.997231517019,-0.663138894311
1.783657,0.875824052866,-0.742977940382,-0.730088841572,0.824519245508,0.730941457966,0.996855439137,-0.663320596366
1.793626,0.875197845648,-0.741470680576,-0.729454930175,0.823085190594,0.731132763144,0.996483996768,-0.663581936168
1.803595,0.874482868018,-0.739776495501,-0.728833054118,0.821689327196,0.731246916695,0.996072521119,-0.663815979551
1.813564,0.873859702865,-0.737990789949,-0.727990752373,0.820199834296,0.731588324084,0.995525302345,-0.66385077516
1.823533,0.873062420179,-0.736217933101,-0.72704299276,0.818620635143,0.732390157605,0.994432068333,-0.663827240012
1.833502,0.872126859245,-0.734550948497,-0.726288799164,0.817093827545,0.733146347047,0.993012247456,-0.663728378293
1.843470,0.871273213274,-0.732921917316,-0.725678513788,0.815622409871,0.733782980327,0.991506185315,-0.663623294376
1.853439,0.870636710888,-0.731271456413,-0.725107899614,0.814244115153,0.734339040873,0.990101076558,-0.663586646212
1.863408,0.870124384863,-0.729591936424,-0.724401232573,0.813139642034,0.735056237999,0.988860363057,-0.663704922456
1.873377,0.869387011332,-0.728066918228,-0.723776900181,0.81209002004,0.735792237203,0.987495437929,-0.663566020216
1.883346,0.868576864977,-0.726472108925,-0.723263568257,0.810612086049,0.736564925714,0.985967791679,-0.663147955185
1.893315,0.867817245708,-0.724737743573,-0.722824654302,0.808872948347,0.737443542144,0.984282924207,-0.662513798592
1.903283,0.867194445818,-0.722868465043,-0.722430804007,0.807145983546,0.738479099383,0.982490911021,-0.661763438642
1.913252,0.86669569162,-0.721045539874,-0.72212314202,0.805792992067,0.739666127916,0.980759052972,-0.661059850197
1.923221,0.8661859021,-0.719446810705,-0.721788766623,0.804276046495,0.74061310734,0.979301842573,-0.660565179395
1.933190,0.865541361735,-0.718005379508,-0.72148298273,0.802603798917,0.740999994195,0.978091850319,-0.660112966179
1.943159,0.864744216761,-0.716594837734,-0.721262228558,0.80090912563,0.740947585847,0.977242429752,-0.659711790853
1.953127,0.863848712977,-0.715098740456,-0.721157906134,0.799308384562,0.740663219564,0.976871756314,-0.659377630732
1.963096,0.863144099499,-0.713513606548,-0.721099075165,0.797715405075,0.740269627589,0.977130084308,-0.659027919309
1.973065,0.862684929924,-0.711885744285,-0.721040472707,0.79606551749,0.739541541122,0.977615532959,-0.658660605023
1.983034,0.862212260306,-0.710182210224,-0.721029212246,0.794386820172,0.738834147043,0.978111944596,-0.658572920815
1.993003,0.861650850456,-0.708485006182,-0.721095158981,0.792730733893,0.73830387302,0.978589830016,-0.658799200071
2.002972,0.861002338342,-0.706882281328,-0.721236477105,0.791144955003,0.738036205651,0.97903613325,-0.659247822339
2.012940,0.860489253166,-0.705288916771,-0.721277861564,0.789607391087,0.737990745435,0.97922915242,-0.659503845383
2.022909,0.860125697483,-0.703735776283,-0.721313464741,0.78794637333,0.738052937894,0.979361963937,-0.659439671908
2.032878,0.859643586904,-0.702299974807,-0.72154261108,0.786234794784,0.738065148669,0.979754822646,-0.65934900889
2.042847,0.858969788677,-0.70096225263,-0.721894209188,0.784519137201,0.73805919335,0.980407081151,-0.659360944984
2.052816,0.85811704598,-0.699668913779,-0.722193095852,0.782841676013,0.73813827684,0.981182700448,-0.659529529212
2.062784,0.857253931563,-0.69842073736,-0.722240349683,0.781255503012,0.73846725159,0.98180569516,-0.659656803864
2.072753,0.856524926019,-0.697244116396,-0.722231053416,0.779634586842,0.73866066274,0.982483051647,-0.659511824264
2.082722,0.855945408118,-0.69606340069,-0.722144854663,0.777913156135,0.738634081484,0.983228209316,-0.659358404639
2.092691,0.855489915224,-0.694801425161,-0.722051704432,0.776112858779,0.738445890005,0.983941095763,-0.659299361525
2.102660,0.855102593338,-0.693388566692,-0.722068363397,0.774301750232,0.738234001539,0.984475251167,-0.659360537971
2.112629,0.854690080317,-0.691951282824,-0.722289801128,0.772550774857,0.738132298036,0.984911589909,-0.659409783708
2.122597,0.854069816165,-0.690788022962,-0.722419073,0.770847412661,0.73813222478,0.985612889335,-0.659560795556
2.132566,0.853333632126,-0.689855479568,-0.72249649897,0.769284476886,0.7381897801,0.98663182012,-0.65965669701
2.142535,0.852589294586,-0.689047257635,-0.722586341071,0.767810405058,0.738290071978,0.987875419418,-0.659653384783
2.152504,0.851963756518,-0.688205077107,-0.722763699884,0.766270372031,0.738430776553,0.989142186774,-0.659581552493
2.162473,0.851467527664,-0.687352259844,-0.722699535559,0.764335360383,0.738546537818,0.990311434672,-0.659689912345
2.172442,0.851081938636,-0.686437753323,-0.722562645259,0.762406320663,0.73867660616,0.991506136198,-0.659640233816
2.182410,0.850701060506,-0.685514297405,-0.722578732817,0.760595029857,0.738746222473,0.992692236474,-0.659450666648
2.192379,0.850270083579,-0.684675955145,-0.722764292207,0.758910454897,0.738726777843,0.993868718922,-0.659209909542
2.202348,0.849773038573,-0.684058144323,-0.722957772047,0.75727297825,0.738627924981,0.995062374194,-0.659075633096
2.212317,0.849268710418,-0.683417774012,-0.722990465391,0.75568397004,0.738728797417,0.996161093236,-0.658930022229
2.222286,0.84865910097,-0.682641499754,-0.723118516743,0.754107348902,0.738856795651,0.997167088155,-0.658860012057
2.232254,0.848012701755,-0.681852457443,-0.723305951905,0.752438540118,0.738917045611,0.998177662439,-0.658840204646
2.242223,0.847409548895,-0.681135407822,-0.72349802644,0.750633459872,0.738895331211,0.999295217261,-0.658827803131
2.252192,0.846951515053,-0.680538610552,-0.723613168825,0.748712258806,0.738870003347,1.00064019867,-0.658755903539
2.262161,0.846556681849,-0.680066921345,-0.723532968045,0.747071557168,0.738857122463,1.00211155458,-0.658688622733
2.272130,0.846189556947,-0.679647945254,-0.723520238044,0.745640183989,0.739016736657,1.00342321284,-0.658583070755
2.282099,0.845858430472,-0.679321982386,-0.72356952963,0.744338747015,0.73932376151,1.0045281266,-0.658539102416
2.292067,0.845547323668,-0.679112030437,-0.72361969479,0.743128368081,0.739638248792,1.00542889293,-0.658589263139
2.302036,0.84519884293,-0.679019595616,-0.723524010116,0.742039447373,0.739627295692,1.00618321746,-0.658661301409
2.312005,0.844840125768,-0.678830411741,-0.723566465987,0.741132919893,0.739423203828,1.00701123218,-0.658739584032
2.321974,0.844553034565,-0.678578724058,-0.723768322764,0.740222693767,0.739530318847,1.00781251863,-0.65884331017
2.331943,0.844251293368,-0.678312467576,-0.723968018489,0.739305934854,0.739888225946,1.00858141612,-0.658816073789
2.341912,0.843827939337,-0.678062156072,-0.724014114627,0.738406392581,0.740332135424,1.00935298006,-0.658630579311
2.351880,0.843125800135,-0.677822721911,-0.723767029569,0.737588285101,0.740533138599,1.01024412775,-0.658544382267
2.361849,0.842419484866,-0.677657937907,-0.723608258312,0.736804433564,0.740437030606,1.01092800525,-0.658759271805
2.371818,0.842013775817,-0.677495996241,-0.723750703942,0.736004249099,0.740369367137,1.0113906743,-0.658843910811
2.381787,0.84177436332,-0.677409504711,-0.723982357294,0.735212566622,0.740360759856,1.01171942976,-0.658801527721
2.391756,0.841556861761,-0.677452239093,-0.72408165283,0.734501091324,0.740402057362,1.01198909427,-0.658714111784
2.401724,0.841311308153,-0.67760671717,-0.723887527225,0.734079726061,0.740455349871,1.01219758493,-0.658773858348
2.411693,0.841219480402,-0.67771321479,-0.723887976879,0.733870466546,0.740574070628,1.01240642649,-0.659007560558
2.421662,0.841072071809,-0.677748542095,-0.724106177657,0.733648686459,0.740618315555,1.01252306509,-0.659264270493
2.431631,0.840797713281,-0.677695182593,-0.724363588249,0.733428603493,0.740535903972,1.01255654627,-0.659430076248
2.441600,0.84040562336,-0.677571842442,-0.724495370455,0.733235452307,0.740338763413,1.01254115911,-0.659462387282
2.451569,0.840131621002,-0.677524129052,-0.724497610407,0.733009094292,0.740224946462,1.01254098984,-0.659566613713
2.461537,0.839910871898,-0.67774546676,-0.724410641771,0.732814404594,0.740565287819,1.01252552245,-0.659632421321
2.471506,0.839703869006,-0.677970522879,-0.724254514357,0.732610605437,0.741044151048,1.01251968585,-0.659448333485
2.481475,0.839486984319,-0.678098761874,-0.724144642345,0.732427007553,0.741484826809,1.01251413913,-0.659077753546
2.491444,0.839237735165,-0.678085244179,-0.724197329354,0.732304882902,0.741757813113,1.01249908306,-0.658687813635
2.501413,0.838919640249,-0.677995589937,-0.724441418821,0.732284910563,0.741849654345,1.01250081892,-0.658676383729
2.511381,0.83865531269,-0.677948571639,-0.72468453533,0.732212909116,0.741830936727,1.01248639696,-0.658812600267
2.521350,0.838590364341,-0.677950930984,-0.724871102742,0.732129987357,0.7419098416,1.01246417652,-0.658919647174
2.531319,0.838627249001,-0.677984905128,-0.724970444021,0.732067119315,0.742003862894,1.01242085021,-0.658996330718
2.541288,0.838598521379,-0.678012345413,-0.724954924088,0.73203918955,0.741973689669,1.01235466362,-0.659072828848
2.551257,0.838385008492,-0.677903335281,-0.724729988207,0.731948460298,0.741888929802,1.01240174543,-0.659035910551
2.561226,0.838306238804,-0.677892988638,-0.724720309902,0.731763020786,0.74195966912,1.0124191802,-0.65907411233
2.571194,0.838234829916,-0.67793437846,-0.724836550166,0.731611691989,0.742077149205,1.01237847057,-0.659251175152
2.581163,0.838152970162,-0.677967934578,-0.724991858192,0.731540054182,0.742154258054,1.01234825916,-0.659434699401
2.591132,0.838087592807,-0.677932899237,-0.725108313561,0.731552576263,0.742121829768,1.0124256261,-0.659421462355
2.601101,0.838134025847,-0.677865978684,-0.725328671644,0.731537142476,0.74209305891,1.01255684527,-0.659159491344
2.611070,0.838103422549,-0.677800345443,-0.725419567231,0.731341775532,0.74206840323,1.01258560882,-0.658977086149
2.621039,0.838139435376,-0.677750041411,-0.725357720369,0.731174096642,0.741963292991,1.01252095302,-0.658845068518
2.631007,0.838222735231,-0.67771689598,-0.725221008092,0.731162574379,0.741830824719,1.01238666191,-0.658793447953
2.640976,0.838248277203,-0.677688969235,-0.725143011367,0.731380282846,0.741797894554,1.01222261852,-0.658872182093
2.650945,0.838122579404,-0.677502839599,-0.725096701457,0.731449396784,0.741943011663,1.01211943511,-0.65894868002
2.660914,0.838138790783,-0.677327281939,-0.725098416495,0.731264291707,0.742106831507,1.01216426702,-0.659045870307
2.670883,0.838226719624,-0.677205843013,-0.725251751008,0.731000295604,0.742281363439,1.01231447242,-0.659113662905
2.680851,0.838340182101,-0.677097455347,-0.725515489832,0.730766037301,0.742437189327,1.01244006606,-0.659109384635
2.690820,0.838441939103,-0.676907433417,-0.725737501308,0.730631362623,0.742525558227,1.01234082825,-0.658995788003
2.700789,0.838420774788,-0.677083345234,-0.72558353282,0.730423756491,0.742362414523,1.01197027806,-0.658857597038
2.710758,0.838304345053,-0.677274273697,-0.725235783117,0.730235261312,0.74213288153,1.01165733509,-0.658746666055
2.720727,0.838133270222,-0.677414255326,-0.725083820385,0.730149450912,0.742018042057,1.01154085857,-0.658752384364
2.730696,0.837952980621,-0.677486044062,-0.725235035787,0.730197784701,0.742022870951,1.01164718034,-0.658884989999
2.740664,0.837818043438,-0.677517237192,-0.725538701479,0.730364463189,0.741985742849,1.0118970897,-0.659079943054
2.750633,0.837802100317,-0.677226279758,-0.725638729171,0.730367196872,0.741972620272,1.01202621424,-0.658934325046
2.760602,0.837739709491,-0.67704331571,-0.725697120829,0.730330329783,0.742039177734,1.01195227633,-0.658669336961
2.770571,0.837615926368,-0.67704463007,-0.725783840996,0.73032350068,0.742060040973,1.01183694893,-0.658620951076
2.780540,0.837484804233,-0.677178985107,-0.725918507737,0.730361239087,0.741984969284,1.01179509177,-0.658898873846
2.790508,0.837494842872,-0.677231514068,-0.72605912019,0.730389110444,0.741856043695,1.01189104375,-0.659337324295
2.800477,0.837338077573,-0.67723243934,-0.726033987473,0.730166841414,0.741827208575,1.01186908176,-0.659474243862
2.810446,0.837270937998,-0.677093759746,-0.726002228583,0.729946644193,0.74182918239,1.01200579236,-0.659502233714
2.820415,0.837273772263,-0.676893067714,-0.725989844714,0.729870240002,0.741842127683,1.01224533812,-0.659429429134
2.830384,0.837303907675,-0.676756327312,-0.725981804653,0.729948109245,0.741850545251,1.01241305071,-0.659250584695
2.840353,0.837292978248,-0.676905137263,-0.725896469646,0.729976862198,0.741841578125,1.01211650519,-0.658937546936
2.850321,0.837445079193,-0.677073087355,-0.725872170514,0.729947105746,0.741807613389,1.01168914162,-0.658792129489
2.860290,0.837456319476,-0.677272923312,-0.725878070248,0.730014742408,0.741934716003,1.01166226989,-0.65879050844
2.870259,0.837360470544,-0.677438439359,-0.725895826782,0.730046262014,0.742196211022,1.01176068253,-0.658863222925
2.880228,0.837247842548,-0.677483794336,-0.725916775205,0.729945564739,0.742441854174,1.01174864838,-0.658973443823
2.890197,0.837295652291,-0.677263682274,-0.725953874343,0.729729745557,0.742239766267,1.01158796264,-0.659175330648
2.900166,0.837428574519,-0.676945868241,-0.726073181215,0.729637175622,0.741817896631,1.0115150286,-0.659329143769
2.910134,0.837546442925,-0.676785366383,-0.726222693398,0.729575745888,0.741538728766,1.01137574116,-0.659549045539
2.920103,0.83760014839,-0.6768070547,-0.726325060375,0.729559635235,0.741418931053,1.01128353553,-0.659676756674
2.930072,0.837531250523,-0.676968807665,-0.726314432277,0.729576580292,0.741446843446,1.01134721018,-0.659592536797
2.940041,0.837205769856,-0.677116343565,-0.726149494535,0.729494742961,0.741671555616,1.01159635232,-0.659360081232
2.950010,0.836987204505,-0.67704240859,-0.726045439148,0.729471680194,0.741854079383,1.01169291575,-0.659178613335
2.959978,0.837069612677,-0.676947525218,-0.726039687172,0.729468067185,0.741868487529,1.01173207755,-0.659162106227
2.969947,0.837299240414,-0.676843659444,-0.726061156729,0.729411992782,0.741740496057,1.01176945256,-0.659232470685
2.979916,0.8374674671,-0.67673243791,-0.726047419949,0.729279885201,0.741565369768,1.01181931456,-0.659300390553
2.989885,0.837382390676,-0.676698517155,-0.726057204425,0.729280745201,0.741621994392,1.01172977779,-0.659379959882
2.999854,0.837319459114,-0.67691856125,-0.725899726987,0.72919754908,0.741937707651,1.01138597619,-0.659351319812
3.009823,0.837295858413,-0.677084077428,-0.725864575636,0.729108756575,0.742132761476,1.01105229107,-0.659237315407
3.019791,0.83731512288,-0.677091982302,-0.725991365207,0.729083752282,0.74208737248,1.01084814463,-0.659130300151
3.029760,0.837357895098,-0.676918978734,-0.726228728417,0.72916557781,0.741798065866,1.01082276603,-0.659113489769
3.039729,0.837291148847,-0.676724836755,-0.726340762572,0.729255160189,0.741574849299,1.01080644017,-0.659103397716
3.049698,0.837112383618,-0.676377454531,-0.72634015051,0.729255267179,0.741603869884,1.01076748463,-0.659121389656
3.059667,0.836934270243,-0.676134229614,-0.726295084464,0.72910741159,0.741654102036,1.01095037659,-0.659124404784
3.069635,0.836744108505,-0.67606602566,-0.726237438956,0.72891236152,0.741654006953,1.01125286725,-0.659135899746
3.079604,0.836530348431,-0.676167667494,-0.726199132062,0.728822783307,0.741596875799,1.01147497763,-0.659201840538
3.089573,0.836643718855,-0.676306570228,-0.726289084739,0.728952394988,0.741651660884,1.01159294294,-0.65938777298
3.099542,0.836886690859,-0.676509473382,-0.7261097705,0.728865968868,0.741793215019,1.01146003016,-0.659612537714
3.109511,0.836983054244,-0.676630377934,-0.725930021784,0.728683606001,0.741845621724,1.01116422292,-0.659720207598
3.119480,0.836910998055,-0.676602962704,-0.725883719211,0.728604042228,0.741870916556,1.01089089236,-0.659736871858
3.129448,0.836770257206,-0.676424525408,-0.726035287334,0.728826396206,0.742013614332,1.01086300326,-0.659754032488
3.139417,0.836804705037,-0.676508932471,-0.726175629335,0.728909226457,0.742098873773,1.01104669273,-0.659617461878
3.149386,0.836860905633,-0.676731630041,-0.726325204869,0.728727330262,0.741885079199,1.01118661275,-0.659501755711
3.159355,0.836928641089,-0.676717357373,-0.726321473434,0.728482369603,0.741741477328,1.01133056832,-0.659402814803
3.169324,0.837025946646,-0.676464814071,-0.726232583997,0.728269837076,0.741803086437,1.0114226636,-0.659313209297
3.179293,0.837178618706,-0.676192980335,-0.726264033866,0.728138329003,0.742065993597,1.01135624944,-0.659213885084
3.189261,0.837176918791,-0.676134354134,-0.726549175605,0.72822808688,0.742158418461,1.01131220681,-0.65884640819
3.199230,0.837100338836,-0.676050690855,-0.726747670468,0.728346029863,0.742173395312,1.01130178956,-0.658677284391
3.209199,0.836963558896,-0.676136566291,-0.726807007783,0.728415741492,0.742105471814,1.01130109233,-0.658686961617
3.219168,0.836851150076,-0.676430423951,-0.726702179941,0.728473605685,0.741926816325,1.01129718926,-0.658849254195
3.229137,0.836905608983,-0.676845208304,-0.726434112773,0.728641257431,0.741596594964,1.01128377615,-0.659124389065
3.239105,0.836913941133,-0.676762946085,-0.726251194746,0.728531119749,0.741431961139,1.01120374645,-0.659418735498
3.249074,0.83677856136,-0.676581325012,-0.726103958661,0.72861707439,0.741416322126,1.0112218431,-0.659558393698
3.259043,0.83667393591,-0.676560032015,-0.726068696279,0.728723542949,0.741376643685,1.01136209367,-0.659510307494
3.269012,0.836715885752,-0.676788838555,-0.726163926353,0.728761347568,0.741307421572,1.01148518499,-0.659370334298
3.278981,0.8369705284,-0.677188295926,-0.726349944674,0.728723795215,0.741380106019,1.01126500766,-0.659379348124
3.288950,0.83683108574,-0.677639688665,-0.726584296868,0.728629103159,0.741451854388,1.01081104618,-0.659625053826
3.298918,0.836570772516,-0.677995495092,-0.726717210022,0.728678477135,0.741616132667,1.01068655041,-0.659611759706
3.308887,0.83636859249,-0.678198387321,-0.72657789625,0.728831172477,0.74182345764,1.01090029403,-0.659406343415
3.318856,0.836362547999,-0.678202903228,-0.726223515598,0.72896985296,0.741979890201,1.01134278298,-0.659148531524
3.328825,0.836658724409,-0.677961970935,-0.726038757456,0.728858113444,0.741917214199,1.01174776505,-0.659081862885
3.338794,0.836919979264,-0.677671544197,-0.726342615639,0.728807800578,0.741902934396,1.01165351946,-0.659268238674
3.348762,0.837013986498,-0.677643829073,-0.726553933404,0.728769375526,0.742083122549,1.01152707416,-0.659474082187
3.358731,0.837073907072,-0.677883908995,-0.726637606889,0.728791046763,0.742220394232,1.01136948574,-0.659519797663
3.368700,0.837161388578,-0.678295685836,-0.726627238618,0.728872541449,0.742101804461,1.01113477716,-0.659370751128
3.378669,0.83718014828,-0.678618683427,-0.726636841176,0.728914515223,0.741548574574,1.01071215593,-0.659251844177
3.388638,0.836992796396,-0.678931209621,-0.726450660343,0.729085602631,0.741435186922,1.01067467414,-0.659189478615
3.398607,0.836785365989,-0.679151332193,-0.726324958485,0.729340067462,0.741329144256,1.01096151603,-0.659186484351
3.408575,0.836764057763,-0.679321400385,-0.72636224875,0.729498169316,0.741287664807,1.01127420001,-0.659319411941
3.418544,0.836971081528,-0.679495197552,-0.726555710565,0.729466310456,0.741379336446,1.01138648404,-0.659535525549
3.428513,0.837037756515,-0.679733932439,-0.726659880859,0.729378024063,0.741624094626,1.01127588769,-0.659424887876
3.438482,0.836766212776,-0.680138048379,-0.726492089109,0.729365553964,0.741288493395,1.01160422885,-0.659313251833
3.448451,0.836605528649,-0.680564801584,-0.726413697923,0.729280849402,0.740963851186,1.01187345206,-0.659291171774
3.458420,0.836505451962,-0.680925303588,-0.726441753184,0.729221063355,0.740817890011,1.01207112794,-0.659298257112
3.468388,0.836392274036,-0.681133332403,-0.726519590095,0.729290360114,0.740927668463,1.0121926681,-0.659286077165
3.478357,0.836331754789,-0.681056964506,-0.726484926562,0.729532831089,0.74127752367,1.01202512546,-0.65931851516
3.488326,0.836231531098,-0.681069781755,-0.726608396006,0.729730507109,0.74146988909,1.01181350977,-0.659402792587
3.498295,0.836089986699,-0.681059295147,-0.726676017082,0.729820057215,0.741328026579,1.01164096055,-0.659675210613
3.508264,0.836005304858,-0.681047963996,-0.726661903675,0.729832236216,0.741032096002,1.01149041954,-0.659999617256
3.518232,0.836064257566,-0.681145857322,-0.726561633073,0.729815765383,0.740823220315,1.01135952461,-0.660167384955
3.528201,0.83622717095,-0.681810154232,-0.726287165055,0.729804626524,0.740900060076,1.01142109068,-0.659840670643
3.538170,0.836365197743,-0.682280271163,-0.726180781324,0.729873509094,0.741373597322,1.01173909231,-0.659482816406
3.548139,0.836457520563,-0.682513284148,-0.726267795059,0.730001660295,0.74178470553,1.01210723525,-0.659465286171
3.558108,0.836489585995,-0.68274677301,-0.726476482081,0.730185900526,0.741934258599,1.01238149801,-0.659591817693
3.568077,0.836464403389,-0.683207586302,-0.726681411338,0.730435079083,0.74176879927,1.01245325889,-0.659571572695
3.578045,0.836477675564,-0.683492377102,-0.726607549696,0.730845088629,0.741775437353,1.0123548295,-0.659530308534
3.588014,0.836380944777,-0.683403622554,-0.726402607916,0.731120275259,0.74140726566,1.01218911482,-0.65960692619
3.597983,0.836357156235,-0.683144235742,-0.726227263922,0.731299663441,0.741104174287,1.01191922769,-0.659745448845
3.607952,0.836437394704,-0.68298150696,-0.72618321054,0.731438431058,0.741036918948,1.0115629302,-0.659872544574
3.617921,0.836579184425,-0.683184109937,-0.726320347728,0.731600710479,0.741253425865,1.01119339249,-0.659908504552
3.627889,0.836533490797,-0.683671788241,-0.726352285902,0.731819752619,0.741466773829,1.0112165785,-0.659813654889
3.637858,0.836537384621,-0.683948849091,-0.726454279356,0.731966843162,0.74147186614,1.01134407557,-0.659664576358
3.647827,0.836592975923,-0.684131102372,-0.7264834311,0.731988619683,0.741415259466,1.01161072267,-0.659622362036
3.657796,0.836581452173,-0.684156954077,-0.726434534848,0.731954272423,0.741402733469,1.01197498386,-0.659735887656
3.667765,0.836354240707,-0.683901535744,-0.726375290899,0.731978858063,0.741505546317,1.01233661263,-0.659976282888
3.677734,0.836342290863,-0.683481359986,-0.726492401475,0.731828682222,0.74136843614,1.01233894704,-0.659910033332
3.687702,0.836320085321,-0.68332802542,-0.726412312187,0.731991326406,0.741151710185,1.01220062384,-0.659613794751
3.697671,0.836203816953,-0.683320669248,-0.72632370077,0.732304733118,0.741080694878,1.01189119493,-0.659459799123
3.707640,0.836108020724,-0.683414170018,-0.726375146083,0.732597612182,0.741174187992,1.01144828847,-0.659489653121
3.717609,0.83627178772,-0.683593982167,-0.726682446629,0.732684825882,0.741318189262,1.0109735748,-0.659540016723
3.727578,0.836579153158,-0.683607746377,-0.726665385435,0.732765606051,0.741396489461,1.01101805379,-0.659543280254
3.737547,0.83667221387,-0.683622752096,-0.726553025114,0.732904813744,0.74139672217,1.01097508724,-0.6596888905
3.747515,0.836583611578,-0.683516397971,-0.726446379549,0.733000823581,0.74149517178,1.01082024647,-0.659859869566
3.757484,0.836451588769,-0.683291965879,-0.726422951669,0.733073640489,0.741687991412,1.01065267247,-0.659889505243
3.767453,0.836517259939,-0.683061577704,-0.726545801102,0.733247602638,0.741817686125,1.0106848139,-0.659557201982
