time,left_s0,left_s1,left_e0,left_e1,left_w0,left_w1,left_w2,left_gripper,right_s0,right_s1,right_e0,right_e1,right_w0,right_w1,right_w2,right_gripper
0.571054,-0.00460194236366,-0.554917550018,-0.00421844716668,0.745514662912,-0.00383495196971,1.25287880851,-0.00460194236366,0.0,0.907349636034,-0.878204001064,-0.6964272777,0.875903029883,0.534592304578,1.14856811493,-0.392699081699,96.0848312378
0.571221,-0.00460194236366,-0.554917550018,-0.00421844716668,0.745514662912,-0.00383495196971,1.25287880851,-0.00460194236366,0.0,0.907349636034,-0.878204001064,-0.6964272777,0.875903029883,0.534592304578,1.14856811493,-0.392699081699,96.0848312378
0.581354,-0.0053689327576,-0.555301045215,-0.00383495196971,0.745514662912,-0.00345145677274,1.2532623037,-0.00498543756063,0.0,0.908116626428,-0.87743701067,-0.696043782503,0.875903029883,0.535742790169,1.14665063894,-0.394233062487,96.0848312378
0.591350,-0.00498543756063,-0.555684540411,-0.00383495196971,0.745514662912,-0.00345145677274,1.2532623037,-0.00498543756063,0.0,0.908116626428,-0.876670020277,-0.696043782503,0.875519534686,0.535742790169,1.14665063894,-0.39500005288,96.0848312378
0.601326,-0.0053689327576,-0.555684540411,-0.00345145677274,0.745514662912,-0.00383495196971,1.2532623037,-0.0053689327576,0.0,0.907349636034,-0.877053515473,-0.696810772897,0.875519534686,0.537660266154,1.14588364855,-0.395383548077,96.0848312378
0.611351,-0.0053689327576,-0.555684540411,-0.00345145677274,0.745514662912,-0.00345145677274,1.2532623037,-0.00498543756063,0.0,0.906966140837,-0.875519534686,-0.6964272777,0.875519534686,0.539577742139,1.14473316296,-0.395767043274,96.0848312378
0.621408,-0.0053689327576,-0.555301045215,-0.00345145677274,0.745898158109,-0.00306796157577,1.2532623037,-0.0053689327576,0.0,0.907349636034,-0.875903029883,-0.696043782503,0.874752544292,0.539961237336,1.14511665816,-0.395767043274,96.0848312378
0.631432,-0.0053689327576,-0.555301045215,-0.00421844716668,0.745898158109,-0.00383495196971,1.2532623037,-0.00498543756063,0.0,0.907733131231,-0.874369049095,-0.696043782503,0.875136039489,0.541495218124,1.14281568697,-0.394616557684,96.0848312378
0.641298,-0.0053689327576,-0.554917550018,-0.00383495196971,0.745898158109,-0.00345145677274,1.25287880851,-0.00460194236366,0.0,0.907349636034,-0.873985553898,-0.697194268094,0.873985553898,0.543412694108,1.14243219178,-0.39500005288,96.0848312378
0.651318,-0.0053689327576,-0.554917550018,-0.00421844716668,0.745898158109,-0.00383495196971,1.2532623037,-0.00498543756063,0.0,0.907349636034,-0.873218563504,-0.696043782503,0.873985553898,0.544946674896,1.14281568697,-0.395767043274,96.0848312378
0.661285,-0.0053689327576,-0.554917550018,-0.00383495196971,0.745131167715,-0.00345145677274,1.2536457989,-0.0053689327576,0.0,0.908116626428,-0.871684582716,-0.6964272777,0.874369049095,0.546480655684,1.14281568697,-0.396150538471,96.0848312378
0.671329,-0.0053689327576,-0.555684540411,-0.00345145677274,0.745514662912,-0.00383495196971,1.2536457989,-0.00421844716668,0.0,0.907349636034,-0.870917592322,-0.696810772897,0.87245157311,0.548014636472,1.1401312206,-0.396534033668,96.0848312378
0.681343,-0.0053689327576,-0.554917550018,-0.00421844716668,0.746281653306,-0.00345145677274,1.2532623037,-0.0053689327576,0.0,0.907349636034,-0.870534097125,-0.696043782503,0.873218563504,0.548398131669,1.13859723981,-0.395767043274,96.0848312378
0.691342,-0.00498543756063,-0.555684540411,-0.00383495196971,0.745898158109,-0.00345145677274,1.25287880851,-0.00460194236366,0.0,0.907733131231,-0.869767106731,-0.6964272777,0.87245157311,0.549165122063,1.13744675422,-0.395383548077,96.0848312378
0.701419,-0.0053689327576,-0.555684540411,-0.00421844716668,0.746281653306,-0.00383495196971,1.2536457989,-0.00460194236366,0.0,0.907733131231,-0.869383611534,-0.696043782503,0.870917592322,0.548781626866,1.13591277343,-0.396534033668,96.0848312378
0.711383,-0.00498543756063,-0.554917550018,-0.00383495196971,0.745514662912,-0.00345145677274,1.2532623037,-0.0053689327576,0.0,0.906199150443,-0.867849630746,-0.695276792109,0.870534097125,0.548781626866,1.13552927823,-0.39500005288,96.0848312378
0.721314,-0.0053689327576,-0.554917550018,-0.00421844716668,0.745898158109,-0.00345145677274,1.25287880851,-0.00498543756063,0.0,0.906199150443,-0.867849630746,-0.696810772897,0.870150601928,0.549165122063,1.13322830705,-0.394616557684,96.0848312378
0.731332,-0.0053689327576,-0.555684540411,-0.00421844716668,0.746281653306,-0.00345145677274,1.25287880851,-0.00575242795457,0.0,0.90658264564,-0.867082640352,-0.6964272777,0.869000116337,0.548014636472,1.13246131666,-0.395383548077,96.0848312378
0.741331,-0.00575242795457,-0.555684540411,-0.00421844716668,0.745898158109,-0.00345145677274,1.25287880851,-0.0053689327576,0.0,0.907349636034,-0.865165164367,-0.6964272777,0.86861662114,0.548014636472,1.13054384067,-0.395767043274,96.0848312378
0.751353,-0.0053689327576,-0.555301045215,-0.00460194236366,0.745514662912,-0.00460194236366,1.25287880851,-0.00498543756063,0.0,0.906966140837,-0.86478166917,-0.6964272777,0.867849630746,0.548398131669,1.12939335508,-0.395383548077,96.0848312378
0.761310,-0.00498543756063,-0.555301045215,-0.00460194236366,0.745898158109,-0.00345145677274,1.25287880851,-0.00498543756063,0.0,0.906966140837,-0.864398173973,-0.6964272777,0.867082640352,0.548781626866,1.1267088887,-0.396917528865,96.0848312378
0.771326,-0.00575242795457,-0.555684540411,-0.00460194236366,0.745898158109,-0.00383495196971,1.2532623037,-0.00460194236366,0.0,0.906966140837,-0.862480697989,-0.695660287306,0.867082640352,0.548781626866,1.12594189831,-0.396534033668,96.0848312378
0.781342,-0.0053689327576,-0.555301045215,-0.00421844716668,0.745898158109,-0.00383495196971,1.2536457989,-0.00498543756063,0.0,0.90658264564,-0.861330212398,-0.6964272777,0.865932154761,0.548781626866,1.12287393673,-0.395767043274,96.0848312378
0.791474,-0.0053689327576,-0.555301045215,-0.00421844716668,0.745514662912,-0.00383495196971,1.2536457989,-0.00460194236366,0.0,0.905815655246,-0.860563222004,-0.6964272777,0.865932154761,0.549165122063,1.12210694634,-0.395383548077,96.0848312378
0.802115,-0.0053689327576,-0.554917550018,-0.00421844716668,0.745514662912,-0.00383495196971,1.2532623037,-0.00460194236366,0.0,0.907349636034,-0.859412736413,-0.696810772897,0.865548659564,0.549165122063,1.11980597516,-0.395383548077,96.0848312378
0.811373,-0.00575242795457,-0.555301045215,-0.00383495196971,0.746281653306,-0.00345145677274,1.25287880851,-0.00460194236366,0.0,0.906966140837,-0.858645746019,-0.6964272777,0.864014678776,0.548781626866,1.11750500397,-0.396150538471,96.0848312378
0.821290,-0.0053689327576,-0.555301045215,-0.00421844716668,0.745898158109,-0.00345145677274,1.25249531331,-0.00498543756063,0.0,0.90658264564,-0.857878755625,-0.695660287306,0.864398173973,0.549165122063,1.11788849917,-0.396150538471,96.0848312378
0.831561,-0.00575242795457,-0.554917550018,-0.00421844716668,0.745898158109,-0.00421844716668,1.2532623037,-0.00498543756063,0.0,0.90658264564,-0.857111765231,-0.696043782503,0.863631183579,0.549165122063,1.11520403279,-0.395767043274,96.0848312378
0.841322,-0.00575242795457,-0.555684540411,-0.00421844716668,0.745898158109,-0.00306796157577,1.25287880851,-0.00575242795457,0.0,0.90658264564,-0.856344774837,-0.696043782503,0.862480697989,0.549165122063,1.113670052,-0.394233062487,96.0848312378
0.851365,-0.0053689327576,-0.555301045215,-0.00383495196971,0.745898158109,-0.00421844716668,1.2532623037,-0.00498543756063,0.0,0.90658264564,-0.854810794049,-0.6964272777,0.861330212398,0.549165122063,1.11213607122,-0.39500005288,96.0848312378
0.861263,-0.0053689327576,-0.555301045215,-0.00421844716668,0.745514662912,-0.00383495196971,1.2536457989,-0.0053689327576,0.0,0.906199150443,-0.853276813261,-0.696043782503,0.861713707595,0.549932112457,1.11021859523,-0.395383548077,96.0848312378
0.871330,-0.0053689327576,-0.556068035608,-0.00421844716668,0.745898158109,-0.00383495196971,1.25287880851,-0.00498543756063,0.0,0.90658264564,-0.852893318064,-0.696810772897,0.860179726807,0.549932112457,1.10868461444,-0.395767043274,96.0848312378
0.881585,-0.00498543756063,-0.555301045215,-0.00345145677274,0.745514662912,-0.00383495196971,1.2532623037,-0.00575242795457,0.0,0.906199150443,-0.851359337276,-0.696043782503,0.860179726807,0.54954861726,1.10753412885,-0.39384956729,96.0848312378
0.891321,-0.0053689327576,-0.555684540411,-0.00460194236366,0.745514662912,-0.00345145677274,1.2532623037,-0.0053689327576,0.0,0.905815655246,-0.850592346882,-0.6964272777,0.859029241216,0.549932112457,1.10600014807,-0.394616557684,96.0848312378
0.901317,-0.0053689327576,-0.555301045215,-0.00383495196971,0.745514662912,-0.00383495196971,1.2532623037,-0.00498543756063,0.0,0.905432160049,-0.849058366095,-0.6964272777,0.857878755625,0.550315607654,1.10408267208,-0.394616557684,96.0848312378
0.911332,-0.00498543756063,-0.555301045215,-0.00421844716668,0.746281653306,-0.00383495196971,1.25249531331,-0.00498543756063,0.0,0.905048664852,-0.847907880504,-0.696043782503,0.858262250822,0.550699102851,1.10254869129,-0.395767043274,96.0848312378
0.921387,-0.00575242795457,-0.555301045215,-0.00421844716668,0.745514662912,-0.00306796157577,1.2532623037,-0.00421844716668,0.0,0.905432160049,-0.846373899716,-0.6964272777,0.856728270034,0.551466093245,1.1017817009,-0.39500005288,96.0848312378
0.931366,-0.0053689327576,-0.554917550018,-0.00345145677274,0.745131167715,-0.00383495196971,1.2532623037,-0.00421844716668,0.0,0.906199150443,-0.845223414125,-0.695660287306,0.856344774837,0.550315607654,1.10024772011,-0.394233062487,96.0848312378
0.942441,-0.00613592315154,-0.555301045215,-0.00460194236366,0.746281653306,-0.00421844716668,1.25287880851,-0.00575242795457,0.0,0.905432160049,-0.843689433337,-0.6964272777,0.854810794049,0.551082598048,1.09986422491,-0.394233062487,96.0848312378
0.951328,-0.00575242795457,-0.555301045215,-0.00460194236366,0.746281653306,-0.00345145677274,1.2532623037,-0.00575242795457,0.0,0.905815655246,-0.842155452549,-0.695660287306,0.854810794049,0.550699102851,1.09833024413,-0.393466072093,96.0848312378
0.961325,-0.00575242795457,-0.555301045215,-0.00421844716668,0.745898158109,-0.00383495196971,1.2532623037,-0.00498543756063,0.0,0.905432160049,-0.840621471761,-0.696043782503,0.854043803655,0.550699102851,1.09871373932,-0.393466072093,96.0848312378
0.971337,-0.00498543756063,-0.554917550018,-0.00421844716668,0.745898158109,-0.00383495196971,1.2532623037,-0.00498543756063,0.0,0.905048664852,-0.839087490973,-0.6964272777,0.852509822867,0.550699102851,1.09794674893,-0.393466072093,96.0848312378
0.981311,-0.0053689327576,-0.554534054821,-0.00383495196971,0.745898158109,-0.00383495196971,1.25287880851,-0.0053689327576,0.0,0.905432160049,-0.837937005382,-0.6964272777,0.852509822867,0.550699102851,1.09717975854,-0.39384956729,96.0848312378
0.991277,-0.00575242795457,-0.555301045215,-0.00498543756063,0.745898158109,-0.00421844716668,1.2532623037,-0.00498543756063,0.0,0.905048664852,-0.836019529398,-0.695660287306,0.850975842079,0.551466093245,1.09602927294,-0.393466072093,96.0848312378
1.001307,-0.00575242795457,-0.554917550018,-0.00345145677274,0.745898158109,-0.00345145677274,1.2540292941,-0.0053689327576,0.0,0.905432160049,-0.834869043807,-0.695660287306,0.849441861292,0.551082598048,1.09526228255,-0.391932091305,96.0848312378
1.011377,-0.00498543756063,-0.555301045215,-0.00421844716668,0.745514662912,-0.00345145677274,1.2532623037,-0.00460194236366,0.0,0.905048664852,-0.832951567822,-0.695660287306,0.848291375701,0.550699102851,1.09487878735,-0.392315586502,96.0848312378
1.021342,-0.0053689327576,-0.554917550018,-0.00421844716668,0.746281653306,-0.00345145677274,1.2536457989,-0.0053689327576,0.0,0.904665169655,-0.831801082231,-0.696043782503,0.846757394913,0.551082598048,1.09372830176,-0.391932091305,96.0848312378
1.031732,-0.0053689327576,-0.554917550018,-0.00345145677274,0.745131167715,-0.00383495196971,1.2532623037,-0.00460194236366,0.0,0.904281674458,-0.829116615852,-0.696043782503,0.845606909322,0.551082598048,1.09411179696,-0.391548596108,96.0848312378
1.041345,-0.0053689327576,-0.555684540411,-0.00345145677274,0.746281653306,-0.00345145677274,1.2532623037,-0.00575242795457,0.0,0.903898179261,-0.827199139867,-0.696043782503,0.845223414125,0.552233083639,1.09411179696,-0.391548596108,96.0848312378
1.051503,-0.00575242795457,-0.555301045215,-0.00345145677274,0.745514662912,-0.00345145677274,1.25287880851,-0.00498543756063,0.0,0.903898179261,-0.825281663882,-0.696043782503,0.842922442943,0.552616578836,1.09372830176,-0.392315586502,96.0848312378
1.061456,-0.0053689327576,-0.554917550018,-0.00345145677274,0.745131167715,-0.00383495196971,1.2536457989,-0.00498543756063,0.0,0.904665169655,-0.824898168685,-0.6964272777,0.841388462155,0.552233083639,1.09257781617,-0.391548596108,96.0848312378
1.071332,-0.00498543756063,-0.555301045215,-0.00383495196971,0.745898158109,-0.00383495196971,1.2536457989,-0.00460194236366,0.0,0.902747693671,-0.822980692701,-0.696043782503,0.840621471761,0.552616578836,1.09219432097,-0.391932091305,96.0848312378
1.081324,-0.0053689327576,-0.554917550018,-0.00383495196971,0.745898158109,-0.00421844716668,1.25287880851,-0.00498543756063,0.0,0.903131188868,-0.820296226322,-0.696043782503,0.840237976564,0.552616578836,1.09027684499,-0.391932091305,96.0848312378
1.091339,-0.00575242795457,-0.554917550018,-0.00383495196971,0.745131167715,-0.00345145677274,1.25287880851,-0.00498543756063,0.0,0.902747693671,-0.817611759943,-0.694893296912,0.838320500579,0.55338356923,1.08989334979,-0.391932091305,96.0848312378
1.101390,-0.00498543756063,-0.554917550018,-0.00383495196971,0.745898158109,-0.00383495196971,1.2532623037,-0.00498543756063,0.0,0.902747693671,-0.815310788761,-0.6964272777,0.835636034201,0.553767064427,1.0891263594,-0.391548596108,96.0848312378
1.111420,-0.00498543756063,-0.555684540411,-0.00421844716668,0.745898158109,-0.00421844716668,1.2532623037,-0.00460194236366,0.0,0.902364198474,-0.813393312776,-0.695660287306,0.835252539004,0.554150559624,1.088359369,-0.391932091305,96.0848312378
1.121345,-0.0053689327576,-0.554917550018,-0.00383495196971,0.745514662912,-0.00345145677274,1.2532623037,-0.00460194236366,0.0,0.902364198474,-0.811092341594,-0.696043782503,0.832184577428,0.555684540411,1.08720888341,-0.391165100911,96.0848312378
1.131356,-0.00575242795457,-0.554534054821,-0.00421844716668,0.745898158109,-0.00383495196971,1.2536457989,-0.00498543756063,0.0,0.901980703277,-0.809558360807,-0.6964272777,0.831417587034,0.556835026002,1.08644189302,-0.390398110517,96.0848312378
1.141539,-0.0053689327576,-0.554917550018,-0.00383495196971,0.745514662912,-0.00383495196971,1.25287880851,-0.0053689327576,0.0,0.900830217686,-0.806490399231,-0.695660287306,0.829883606246,0.557985511593,1.08452441703,-0.391548596108,96.0848312378
1.151360,-0.00575242795457,-0.555301045215,-0.00383495196971,0.745898158109,-0.00383495196971,1.25287880851,-0.00498543756063,0.0,0.900830217686,-0.803805932852,-0.695660287306,0.827966130261,0.559902987578,1.08375742664,-0.390398110517,96.0848312378
1.161317,-0.00575242795457,-0.554917550018,-0.00421844716668,0.745131167715,-0.00421844716668,1.2532623037,-0.00613592315154,0.0,0.901213712883,-0.802271952064,-0.6964272777,0.826432149473,0.560286482775,1.08222344585,-0.389631120123,96.0848312378
1.171301,-0.0053689327576,-0.555301045215,-0.00383495196971,0.745898158109,-0.00383495196971,1.2532623037,-0.00498543756063,0.0,0.900063227292,-0.800354476079,-0.695660287306,0.824898168685,0.562970949154,1.07992247467,-0.391548596108,96.0848312378
1.181345,-0.00498543756063,-0.555684540411,-0.00421844716668,0.745514662912,-0.00421844716668,1.2536457989,-0.00575242795457,0.0,0.899679732095,-0.796903019306,-0.695660287306,0.822597197504,0.565271920336,1.07953897947,-0.39001461532,96.0848312378
1.191429,-0.0053689327576,-0.555301045215,-0.00345145677274,0.745514662912,-0.00383495196971,1.2536457989,-0.0053689327576,0.0,0.898912741701,-0.795369038519,-0.696043782503,0.820679721519,0.566805901124,1.07877198908,-0.389247624926,96.0848312378
1.201272,-0.0053689327576,-0.555301045215,-0.00345145677274,0.745898158109,-0.00383495196971,1.25287880851,-0.00498543756063,0.0,0.898912741701,-0.793451562534,-0.696043782503,0.818378750337,0.569490367502,1.07723800829,-0.389247624926,96.0848312378
1.211266,-0.00498543756063,-0.555301045215,-0.00345145677274,0.745898158109,-0.00383495196971,1.2532623037,-0.00498543756063,0.0,0.898912741701,-0.791534086549,-0.696043782503,0.816461274352,0.572174833881,1.07532053231,-0.388864129729,96.0848312378
1.221263,-0.00575242795457,-0.555301045215,-0.00460194236366,0.745514662912,-0.00383495196971,1.25249531331,-0.00498543756063,0.0,0.89776225611,-0.78884962017,-0.696043782503,0.814927293564,0.573708814669,1.07493703711,-0.39001461532,96.0848312378
1.231411,-0.0053689327576,-0.555301045215,-0.00421844716668,0.746665148503,-0.00345145677274,1.2532623037,-0.0053689327576,0.0,0.896228275322,-0.786548648988,-0.696810772897,0.812626322382,0.577160271442,1.07455354191,-0.389247624926,96.0848312378
1.241364,-0.0053689327576,-0.554917550018,-0.00460194236366,0.745898158109,-0.00345145677274,1.25287880851,-0.0053689327576,0.0,0.896228275322,-0.784247677806,-0.695660287306,0.80917486561,0.579077747427,1.07263606593,-0.388480634532,96.0848312378
1.251349,-0.0053689327576,-0.555684540411,-0.00421844716668,0.745514662912,-0.00421844716668,1.2532623037,-0.00460194236366,0.0,0.895461284928,-0.781563211428,-0.695660287306,0.806873894428,0.580611728215,1.07301956113,-0.388480634532,96.0848312378
1.261309,-0.0053689327576,-0.555301045215,-0.00383495196971,0.745898158109,-0.00345145677274,1.25287880851,-0.00498543756063,0.0,0.894310799337,-0.778878745049,-0.696810772897,0.804189428049,0.58367968979,1.07186907553,-0.387713644138,96.0848312378
1.271343,-0.00498543756063,-0.555301045215,-0.00383495196971,0.745514662912,-0.00383495196971,1.2532623037,-0.00498543756063,0.0,0.89392730414,-0.77619427867,-0.696043782503,0.801888456867,0.584446680184,1.07148558034,-0.388097139335,96.0848312378
1.281283,-0.0053689327576,-0.554917550018,-0.00421844716668,0.746281653306,-0.00345145677274,1.2536457989,-0.00498543756063,0.0,0.893160313746,-0.774660297882,-0.696043782503,0.799970980882,0.585980660972,1.07186907553,-0.386563158547,96.0848312378
1.291320,-0.0053689327576,-0.555684540411,-0.00383495196971,0.745898158109,-0.00345145677274,1.2532623037,-0.0053689327576,0.0,0.892393323352,-0.771975831503,-0.696810772897,0.796903019306,0.586747651366,1.07263606593,-0.38617966335,96.0848312378
1.301305,-0.0053689327576,-0.555684540411,-0.00460194236366,0.745514662912,-0.00383495196971,1.2532623037,-0.0053689327576,0.0,0.891242837761,-0.770441850715,-0.696810772897,0.794602048125,0.58751464176,1.07225257073,-0.385029177759,96.0848312378
1.311359,-0.0053689327576,-0.555301045215,-0.00383495196971,0.746281653306,-0.00345145677274,1.2532623037,-0.0053689327576,0.0,0.890475847367,-0.767757384337,-0.695660287306,0.79268457214,0.587898136957,1.07301956113,-0.383878692168,96.0848312378
1.321304,-0.0053689327576,-0.554917550018,-0.00383495196971,0.745898158109,-0.00345145677274,1.25211181811,-0.0053689327576,0.0,0.889708856974,-0.766606898746,-0.696810772897,0.789616610564,0.58751464176,1.07340305632,-0.382728206577,96.0848312378
1.331319,-0.00498543756063,-0.554917550018,-0.00306796157577,0.745898158109,-0.00383495196971,1.2540292941,-0.00498543756063,0.0,0.88894186658,-0.764305927564,-0.6964272777,0.786548648988,0.588665127351,1.07378655152,-0.38234471138,96.0848312378
1.341332,-0.0053689327576,-0.555684540411,-0.00421844716668,0.745131167715,-0.00383495196971,1.2532623037,-0.00460194236366,0.0,0.888174876186,-0.762388451579,-0.696043782503,0.783864182609,0.588281632154,1.07378655152,-0.380043740199,96.0848312378
1.351381,-0.0053689327576,-0.555684540411,-0.00421844716668,0.745898158109,-0.00421844716668,1.2532623037,-0.00498543756063,0.0,0.887407885792,-0.761237965988,-0.696043782503,0.781563211428,0.588281632154,1.07417004672,-0.378893254608,96.0848312378
1.361579,-0.0053689327576,-0.555301045215,-0.00383495196971,0.745898158109,-0.00345145677274,1.25249531331,-0.00575242795457,0.0,0.886640895398,-0.758553499609,-0.6964272777,0.779262240246,0.589048622548,1.07455354191,-0.378126264214,96.0848312378
1.371344,-0.0053689327576,-0.554917550018,-0.00345145677274,0.746281653306,-0.00345145677274,1.2540292941,-0.00498543756063,0.0,0.887024390595,-0.756636023624,-0.695660287306,0.778111754655,0.587898136957,1.07417004672,-0.376975778623,96.0848312378
1.381310,-0.00498543756063,-0.555301045215,-0.00383495196971,0.745898158109,-0.00345145677274,1.2536457989,-0.00498543756063,0.0,0.885873905004,-0.756252528428,-0.696810772897,0.775043793079,0.589048622548,1.07417004672,-0.375825293032,96.0848312378
1.391326,-0.00575242795457,-0.555301045215,-0.00421844716668,0.745898158109,-0.00306796157577,1.25249531331,-0.00460194236366,0.0,0.88510691461,-0.75471854764,-0.695660287306,0.772742821897,0.589048622548,1.07301956113,-0.374674807441,96.0848312378
1.401389,-0.00575242795457,-0.555301045215,-0.00421844716668,0.745514662912,-0.00421844716668,1.2532623037,-0.00498543756063,0.0,0.884339924216,-0.752417576458,-0.696043782503,0.770441850715,0.587898136957,1.07378655152,-0.37352432185,96.0848312378
1.411488,-0.00498543756063,-0.555301045215,-0.00345145677274,0.745898158109,-0.00421844716668,1.25287880851,-0.00498543756063,0.0,0.883572933822,-0.751267090867,-0.6964272777,0.767757384337,0.588665127351,1.07417004672,-0.373140826653,96.0848312378
1.421305,-0.00575242795457,-0.555684540411,-0.00383495196971,0.745514662912,-0.00421844716668,1.25287880851,-0.00460194236366,0.0,0.883956429019,-0.749733110079,-0.6964272777,0.766990393943,0.588281632154,1.07301956113,-0.371606845865,96.0848312378
1.431283,-0.0053689327576,-0.555301045215,-0.00421844716668,0.745131167715,-0.00383495196971,1.2536457989,-0.00498543756063,0.0,0.882805943428,-0.747432138897,-0.696043782503,0.764689422761,0.589048622548,1.07378655152,-0.370456360274,96.0848312378
1.441283,-0.00575242795457,-0.555301045215,-0.00383495196971,0.745131167715,-0.00383495196971,1.25287880851,-0.00498543756063,0.0,0.882422448231,-0.745898158109,-0.696043782503,0.762771946776,0.588281632154,1.07301956113,-0.368155389092,96.0848312378
1.451467,-0.0053689327576,-0.555301045215,-0.00383495196971,0.745131167715,-0.00383495196971,1.2536457989,-0.00460194236366,0.0,0.882422448231,-0.745131167715,-0.696043782503,0.760470975594,0.589048622548,1.07378655152,-0.367771893896,96.0848312378
1.461437,-0.00460194236366,-0.554917550018,-0.00383495196971,0.745131167715,-0.00383495196971,1.2536457989,-0.00575242795457,0.0,0.881655457837,-0.743980682124,-0.695660287306,0.758553499609,0.58751464176,1.07455354191,-0.367771893896,96.0848312378
1.471396,-0.0053689327576,-0.555301045215,-0.00383495196971,0.745898158109,-0.00345145677274,1.2532623037,-0.00498543756063,0.0,0.88127196264,-0.74206320614,-0.696043782503,0.756636023624,0.587898136957,1.07455354191,-0.365470922714,96.0848312378
1.481400,-0.00498543756063,-0.555684540411,-0.00421844716668,0.745131167715,-0.00421844716668,1.2532623037,-0.00498543756063,0.0,0.880504972246,-0.740145730155,-0.696810772897,0.755485538034,0.588665127351,1.07340305632,-0.365087427517,96.0848312378
1.491579,-0.00575242795457,-0.555301045215,-0.00421844716668,0.745514662912,-0.00383495196971,1.2532623037,-0.0053689327576,0.0,0.880121477049,-0.739378739761,-0.696043782503,0.753568062049,0.589432117745,1.07493703711,-0.363169951532,96.0848312378
1.501408,-0.00498543756063,-0.554917550018,-0.00383495196971,0.745898158109,-0.00421844716668,1.25287880851,-0.0053689327576,0.0,0.880504972246,-0.737844758973,-0.6964272777,0.751267090867,0.588281632154,1.07493703711,-0.362402961138,96.0848312378
1.511393,-0.00498543756063,-0.555301045215,-0.00421844716668,0.745131167715,-0.00383495196971,1.2540292941,-0.00421844716668,0.0,0.879737981852,-0.736310778185,-0.6964272777,0.750500100473,0.588665127351,1.07417004672,-0.361252475547,96.0848312378
1.521307,-0.00575242795457,-0.556068035608,-0.00383495196971,0.746665148503,-0.00345145677274,1.2536457989,-0.00460194236366,0.0,0.878587496261,-0.735543787791,-0.696043782503,0.748582624488,0.588665127351,1.07493703711,-0.361252475547,96.0848312378
1.531351,-0.00498543756063,-0.555301045215,-0.00460194236366,0.745514662912,-0.00345145677274,1.2532623037,-0.0053689327576,0.0,0.878587496261,-0.734009807003,-0.695276792109,0.7470486437,0.588665127351,1.0757040275,-0.36086898035,96.0848312378
1.541325,-0.00460194236366,-0.555301045215,-0.00460194236366,0.745898158109,-0.00421844716668,1.2536457989,-0.00498543756063,0.0,0.878587496261,-0.732859321412,-0.696810772897,0.745131167715,0.589048622548,1.07532053231,-0.358951504365,96.0848312378
1.551351,-0.00575242795457,-0.555301045215,-0.00421844716668,0.745514662912,-0.00345145677274,1.2536457989,-0.0053689327576,0.0,0.877820505867,-0.731325340624,-0.6964272777,0.744364177321,0.589432117745,1.0764710179,-0.358951504365,96.0848312378
1.561316,-0.00575242795457,-0.554917550018,-0.00383495196971,0.745514662912,-0.00345145677274,1.2532623037,-0.0053689327576,0.0,0.877820505867,-0.731325340624,-0.696810772897,0.743597186927,0.58751464176,1.0757040275,-0.358568009168,96.0848312378
1.571353,-0.00575242795457,-0.555301045215,-0.00421844716668,0.746281653306,-0.00383495196971,1.2532623037,-0.00460194236366,0.0,0.877820505867,-0.730174855033,-0.696043782503,0.741679710943,0.588281632154,1.0764710179,-0.358568009168,96.0848312378
1.581383,-0.0053689327576,-0.556068035608,-0.00421844716668,0.745898158109,-0.00345145677274,1.2532623037,-0.0053689327576,0.0,0.877053515473,-0.729024369443,-0.696043782503,0.739762234958,0.588665127351,1.0760875227,-0.358568009168,96.0848312378
1.591336,-0.0053689327576,-0.554917550018,-0.00345145677274,0.746281653306,-0.00383495196971,1.25287880851,-0.00575242795457,0.0,0.87743701067,-0.729024369443,-0.696043782503,0.739762234958,0.589048622548,1.0764710179,-0.357417523577,96.0848312378
1.601355,-0.00498543756063,-0.555301045215,-0.00421844716668,0.745898158109,-0.00421844716668,1.25287880851,-0.00575242795457,0.0,0.876670020277,-0.727873883852,-0.696043782503,0.738611749367,0.588665127351,1.07723800829,-0.357801018774,96.0848312378
1.611344,-0.00498543756063,-0.555301045215,-0.00460194236366,0.745898158109,-0.00383495196971,1.2532623037,-0.00575242795457,0.0,0.876670020277,-0.727106893458,-0.6964272777,0.737844758973,0.588281632154,1.07723800829,-0.358568009168,96.0848312378
1.621324,-0.0053689327576,-0.555301045215,-0.00383495196971,0.745898158109,-0.00306796157577,1.25287880851,-0.00460194236366,0.0,0.87628652508,-0.726339903064,-0.696810772897,0.737077768579,0.588665127351,1.0764710179,-0.358184513971,96.0848312378
1.634709,-0.00575242795457,-0.555684540411,-0.00421844716668,0.745131167715,-0.00345145677274,1.2532623037,-0.00498543756063,0.0,0.87628652508,-0.726339903064,-0.697194268094,0.737077768579,0.589432117745,1.0764710179,-0.357801018774,96.0848312378
1.641296,-0.00498543756063,-0.555684540411,-0.00421844716668,0.744747672518,-0.00383495196971,1.2532623037,-0.0053689327576,0.0,0.875903029883,-0.725956407867,-0.6964272777,0.736310778185,0.588281632154,1.0768545131,-0.358568009168,96.0848312378
1.651319,-0.0053689327576,-0.555301045215,-0.00383495196971,0.745898158109,-0.00383495196971,1.2532623037,-0.0053689327576,0.0,0.87628652508,-0.72557291267,-0.696043782503,0.735927282988,0.589048622548,1.0768545131,-0.357801018774,96.0848312378
1.661383,-0.0053689327576,-0.554917550018,-0.00383495196971,0.745514662912,-0.00383495196971,1.2540292941,-0.00460194236366,0.0,0.875903029883,-0.72557291267,-0.695660287306,0.735160292594,0.589048622548,1.0764710179,-0.358568009168,96.0848312378
1.673705,-0.00498543756063,-0.555301045215,-0.00383495196971,0.745898158109,-0.00345145677274,1.2532623037,-0.00498543756063,0.0,0.87628652508,-0.724422427079,-0.6964272777,0.734776797397,0.588665127351,1.0764710179,-0.358951504365,96.0848312378
1.681288,-0.00498543756063,-0.554917550018,-0.00345145677274,0.745514662912,-0.00383495196971,1.2532623037,-0.00498543756063,0.0,0.87628652508,-0.725189417473,-0.696043782503,0.7343933022,0.589432117745,1.0764710179,-0.357417523577,96.0848312378
1.691373,-0.0053689327576,-0.554917550018,-0.00345145677274,0.745131167715,-0.00383495196971,1.2536457989,-0.00498543756063,0.0,0.875903029883,-0.724038931882,-0.6964272777,0.7343933022,0.589048622548,1.07723800829,-0.358184513971,96.0848312378
1.701367,-0.0053689327576,-0.555684540411,-0.00383495196971,0.745898158109,-0.00383495196971,1.2532623037,-0.00575242795457,0.0,0.875903029883,-0.724422427079,-0.696043782503,0.7343933022,0.589048622548,1.07723800829,-0.358184513971,96.0848312378
1.711357,-0.0053689327576,-0.554917550018,-0.00383495196971,0.745514662912,-0.00383495196971,1.2532623037,-0.00498543756063,0.0,0.87628652508,-0.724422427079,-0.695660287306,0.734009807003,0.589432117745,1.0764710179,-0.358568009168,96.0848312378
1.721339,-0.0053689327576,-0.554917550018,-0.00345145677274,0.746281653306,-0.00345145677274,1.25287880851,-0.0053689327576,0.0,0.875903029883,-0.724422427079,-0.6964272777,0.733626311806,0.588665127351,1.0768545131,-0.357801018774,96.0848312378
1.731340,-0.0053689327576,-0.554917550018,-0.00460194236366,0.745514662912,-0.00345145677274,1.2532623037,-0.00460194236366,0.0,0.875903029883,-0.724805922276,-0.6964272777,0.733626311806,0.589048622548,1.0764710179,-0.357801018774,96.0848312378
1.741292,-0.0053689327576,-0.555301045215,-0.00383495196971,0.745514662912,-0.00383495196971,1.25287880851,-0.0053689327576,0.0,0.875519534686,-0.724038931882,-0.6964272777,0.734009807003,0.589432117745,1.0768545131,-0.358184513971,96.0848312378
1.751281,-0.00575242795457,-0.555684540411,-0.00345145677274,0.745898158109,-0.00421844716668,1.2536457989,-0.00460194236366,0.0,0.87628652508,-0.724038931882,-0.696810772897,0.734009807003,0.589432117745,1.0764710179,-0.358568009168,96.0848312378
1.761351,-0.00575242795457,-0.555301045215,-0.00421844716668,0.745514662912,-0.00383495196971,1.25249531331,-0.00498543756063,0.0,0.875903029883,-0.723655436685,-0.696043782503,0.734009807003,0.589432117745,1.0764710179,-0.358568009168,96.0848312378
1.771328,-0.00460194236366,-0.555684540411,-0.00383495196971,0.745514662912,-0.00383495196971,1.2536457989,-0.00498543756063,0.0,0.87628652508,-0.725189417473,-0.6964272777,0.734009807003,0.589048622548,1.0768545131,-0.357801018774,96.0848312378
1.781312,-0.00575242795457,-0.555301045215,-0.00383495196971,0.745898158109,-0.00306796157577,1.2540292941,-0.00575242795457,0.0,0.875519534686,-0.724038931882,-0.695660287306,0.734009807003,0.588665127351,1.0768545131,-0.358184513971,96.0848312378
1.791327,-0.00498543756063,-0.556068035608,-0.00460194236366,0.745898158109,-0.00345145677274,1.25249531331,-0.00421844716668,0.0,0.876670020277,-0.724805922276,-0.695660287306,0.734009807003,0.589432117745,1.0764710179,-0.357417523577,96.0848312378
1.801440,-0.0053689327576,-0.555684540411,-0.00421844716668,0.745898158109,-0.00345145677274,1.2532623037,-0.00460194236366,0.0,0.875903029883,-0.725189417473,-0.6964272777,0.7343933022,0.589048622548,1.0764710179,-0.358568009168,96.0848312378
1.811340,-0.0053689327576,-0.556068035608,-0.00421844716668,0.745514662912,-0.00306796157577,1.2536457989,-0.00498543756063,0.0,0.875519534686,-0.724805922276,-0.696810772897,0.7343933022,0.589048622548,1.0760875227,-0.358184513971,96.0848312378
1.821267,-0.00575242795457,-0.555301045215,-0.00421844716668,0.746665148503,-0.00421844716668,1.2536457989,-0.00498543756063,0.0,0.875903029883,-0.724422427079,-0.695660287306,0.733242816609,0.589432117745,1.0768545131,-0.358184513971,96.0848312378
1.831325,-0.0053689327576,-0.554917550018,-0.00345145677274,0.745898158109,-0.00383495196971,1.2536457989,-0.00498543756063,0.0,0.875903029883,-0.72557291267,-0.696043782503,0.733626311806,0.589048622548,1.0760875227,-0.357417523577,96.0848312378
1.841354,-0.0053689327576,-0.555301045215,-0.00383495196971,0.745514662912,-0.00383495196971,1.25287880851,-0.00460194236366,0.0,0.875903029883,-0.724422427079,-0.6964272777,0.733626311806,0.589048622548,1.0764710179,-0.357801018774,96.0848312378
1.851813,-0.0053689327576,-0.554917550018,-0.00421844716668,0.745514662912,-0.00421844716668,1.2532623037,-0.00575242795457,0.0,0.875903029883,-0.725189417473,-0.695660287306,0.734009807003,0.588665127351,1.0760875227,-0.359334999562,96.0848312378
1.861313,-0.0053689327576,-0.554534054821,-0.00383495196971,0.745514662912,-0.00383495196971,1.2532623037,-0.00421844716668,0.0,0.875903029883,-0.724422427079,-0.696043782503,0.7343933022,0.589048622548,1.0760875227,-0.358568009168,96.0848312378
1.871342,-0.0053689327576,-0.555684540411,-0.00383495196971,0.745514662912,-0.00383495196971,1.2532623037,-0.00575242795457,0.0,0.87628652508,-0.724038931882,-0.696810772897,0.733626311806,0.588281632154,1.0764710179,-0.358568009168,96.0848312378
1.881323,-0.00498543756063,-0.555301045215,-0.00345145677274,0.745898158109,-0.00345145677274,1.25287880851,-0.00575242795457,0.0,0.87628652508,-0.724422427079,-0.696043782503,0.734009807003,0.589048622548,1.07532053231,-0.357801018774,96.0848312378
1.891422,-0.00460194236366,-0.554917550018,-0.00383495196971,0.745131167715,-0.00345145677274,1.25287880851,-0.00498543756063,0.0,0.87628652508,-0.724422427079,-0.696043782503,0.733626311806,0.589048622548,1.0768545131,-0.358951504365,96.0848312378
1.901294,-0.00575242795457,-0.555684540411,-0.00421844716668,0.745514662912,-0.00383495196971,1.25287880851,-0.0053689327576,0.0,0.875903029883,-0.724422427079,-0.696043782503,0.7343933022,0.588665127351,1.0757040275,-0.35703402838,96.0848312378
1.911339,-0.0053689327576,-0.555301045215,-0.00421844716668,0.745898158109,-0.00383495196971,1.2536457989,-0.00613592315154,0.0,0.876670020277,-0.723655436685,-0.696043782503,0.734009807003,0.589432117745,1.0757040275,-0.357801018774,96.0848312378
1.921331,-0.0053689327576,-0.555301045215,-0.00383495196971,0.745514662912,-0.00345145677274,1.25287880851,-0.00498543756063,0.0,0.875903029883,-0.724038931882,-0.6964272777,0.7343933022,0.588665127351,1.07493703711,-0.358184513971,96.0848312378
1.931411,-0.00498543756063,-0.555684540411,-0.00421844716668,0.746281653306,-0.00345145677274,1.25249531331,-0.00460194236366,0.0,0.87628652508,-0.724805922276,-0.696043782503,0.7343933022,0.589815612942,1.0760875227,-0.358184513971,96.0848312378
1.941737,-0.00498543756063,-0.555684540411,-0.00421844716668,0.745131167715,-0.00383495196971,1.2532623037,-0.00460194236366,0.0,0.87628652508,-0.724422427079,-0.6964272777,0.734776797397,0.588665127351,1.0760875227,-0.358184513971,96.0848312378
1.951267,-0.00575242795457,-0.554917550018,-0.00383495196971,0.745898158109,-0.00383495196971,1.25287880851,-0.00498543756063,0.0,0.87628652508,-0.724422427079,-0.697194268094,0.7343933022,0.588665127351,1.0757040275,-0.358568009168,96.0848312378
1.961308,-0.00575242795457,-0.555301045215,-0.00460194236366,0.745898158109,-0.00383495196971,1.2532623037,-0.00460194236366,0.0,0.875903029883,-0.724422427079,-0.696043782503,0.7343933022,0.589048622548,1.07455354191,-0.357801018774,96.0848312378
1.971270,-0.00575242795457,-0.555301045215,-0.00421844716668,0.745898158109,-0.00383495196971,1.25287880851,-0.00498543756063,0.0,0.875903029883,-0.724038931882,-0.6964272777,0.734776797397,0.588665127351,1.0760875227,-0.358184513971,96.0848312378
1.981314,-0.00575242795457,-0.554917550018,-0.00383495196971,0.745514662912,-0.00383495196971,1.25287880851,-0.00498543756063,0.0,0.87628652508,-0.723655436685,-0.696810772897,0.7343933022,0.588665127351,1.0757040275,-0.358184513971,96.0848312378
1.991357,-0.0053689327576,-0.555301045215,-0.00421844716668,0.745898158109,-0.00383495196971,1.2532623037,-0.00613592315154,0.0,0.875903029883,-0.724805922276,-0.6964272777,0.7343933022,0.588665127351,1.07532053231,-0.358568009168,96.0848312378
2.001320,-0.00575242795457,-0.555301045215,-0.00421844716668,0.745898158109,-0.00383495196971,1.25287880851,-0.0053689327576,0.0,0.875903029883,-0.724422427079,-0.6964272777,0.7343933022,0.589048622548,1.07532053231,-0.35703402838,96.0848312378
2.011315,-0.00498543756063,-0.555684540411,-0.00383495196971,0.745514662912,-0.00383495196971,1.2532623037,-0.00498543756063,0.0,0.87628652508,-0.724422427079,-0.6964272777,0.734009807003,0.589048622548,1.0760875227,-0.357801018774,96.0848312378
2.021369,-0.0053689327576,-0.555301045215,-0.00498543756063,0.745898158109,-0.00421844716668,1.25249531331,-0.00460194236366,0.0,0.875903029883,-0.724038931882,-0.696810772897,0.7343933022,0.588665127351,1.07532053231,-0.358184513971,96.0848312378
2.031557,-0.0053689327576,-0.555301045215,-0.00383495196971,0.746281653306,-0.00383495196971,1.25287880851,-0.0053689327576,0.0,0.875903029883,-0.724422427079,-0.696043782503,0.734009807003,0.589048622548,1.0757040275,-0.358184513971,96.0848312378
2.041339,-0.0053689327576,-0.555301045215,-0.00421844716668,0.745514662912,-0.00421844716668,1.2532623037,-0.00498543756063,0.0,0.876670020277,-0.724422427079,-0.696810772897,0.7343933022,0.589048622548,1.07532053231,-0.357801018774,96.0848312378
2.051319,-0.0053689327576,-0.555301045215,-0.00383495196971,0.746281653306,-0.00345145677274,1.25287880851,-0.00421844716668,0.0,0.875519534686,-0.724422427079,-0.6964272777,0.734009807003,0.589048622548,1.0760875227,-0.357801018774,96.0848312378
2.061290,-0.0053689327576,-0.555301045215,-0.00345145677274,0.745898158109,-0.00383495196971,1.2532623037,-0.00498543756063,0.0,0.87628652508,-0.724805922276,-0.696810772897,0.734009807003,0.589432117745,1.07493703711,-0.358184513971,96.0848312378
2.071392,-0.0053689327576,-0.554917550018,-0.00383495196971,0.745898158109,-0.00345145677274,1.25249531331,-0.00460194236366,0.0,0.875903029883,-0.724422427079,-0.696810772897,0.7343933022,0.588665127351,1.0757040275,-0.358184513971,96.0848312378
2.081313,-0.0053689327576,-0.554534054821,-0.00383495196971,0.746281653306,-0.00383495196971,1.25287880851,-0.00498543756063,0.0,0.87628652508,-0.724422427079,-0.696810772897,0.733242816609,0.589048622548,1.07417004672,-0.358184513971,96.0848312378
2.091397,-0.00575242795457,-0.555684540411,-0.00421844716668,0.745898158109,-0.00345145677274,1.2536457989,-0.00460194236366,0.0,0.875519534686,-0.724038931882,-0.6964272777,0.7343933022,0.589048622548,1.0757040275,-0.358951504365,96.0848312378
2.101311,-0.0053689327576,-0.555301045215,-0.00383495196971,0.745898158109,-0.00345145677274,1.25287880851,-0.0053689327576,0.0,0.875903029883,-0.724422427079,-0.697194268094,0.733242816609,0.589815612942,1.0757040275,-0.358184513971,96.0848312378
2.113347,-0.0053689327576,-0.554917550018,-0.00421844716668,0.745898158109,-0.00383495196971,1.2532623037,-0.0053689327576,0.0,0.87628652508,-0.724422427079,-0.697577763291,0.733626311806,0.589432117745,1.0760875227,-0.358568009168,96.0848312378
2.121302,-0.0053689327576,-0.556068035608,-0.00383495196971,0.745131167715,-0.00345145677274,1.2532623037,-0.00498543756063,0.0,0.875903029883,-0.724805922276,-0.697194268094,0.734776797397,0.589048622548,1.07532053231,-0.357417523577,96.0848312378
2.131554,-0.0053689327576,-0.555684540411,-0.00383495196971,0.745131167715,-0.00345145677274,1.25287880851,-0.00460194236366,0.0,0.875519534686,-0.724422427079,-0.697194268094,0.7343933022,0.589048622548,1.0757040275,-0.358568009168,96.0848312378
2.141334,-0.00498543756063,-0.555301045215,-0.00460194236366,0.746281653306,-0.00306796157577,1.2532623037,-0.00460194236366,0.0,0.87628652508,-0.724038931882,-0.696810772897,0.734009807003,0.589432117745,1.0757040275,-0.357801018774,96.0848312378
2.151479,-0.0053689327576,-0.555684540411,-0.00383495196971,0.745131167715,-0.00421844716668,1.2536457989,-0.00460194236366,0.0,0.875903029883,-0.725189417473,-0.697194268094,0.733626311806,0.589048622548,1.07532053231,-0.357801018774,96.0848312378
2.161339,-0.0053689327576,-0.555301045215,-0.00345145677274,0.745514662912,-0.00345145677274,1.25287880851,-0.00460194236366,0.0,0.87628652508,-0.724805922276,-0.697577763291,0.734009807003,0.589432117745,1.0757040275,-0.359334999562,96.0848312378
2.171332,-0.00498543756063,-0.555301045215,-0.00345145677274,0.745514662912,-0.00383495196971,1.2532623037,-0.00498543756063,0.0,0.876670020277,-0.725189417473,-0.697194268094,0.734009807003,0.588665127351,1.07532053231,-0.357417523577,96.0848312378
2.181321,-0.0053689327576,-0.555301045215,-0.00345145677274,0.745514662912,-0.00345145677274,1.2532623037,-0.00498543756063,0.0,0.875519534686,-0.725189417473,-0.697194268094,0.733242816609,0.588665127351,1.07532053231,-0.357417523577,96.0848312378
2.191324,-0.00498543756063,-0.555301045215,-0.00306796157577,0.745898158109,-0.00383495196971,1.25287880851,-0.00421844716668,0.0,0.87628652508,-0.724422427079,-0.696810772897,0.733626311806,0.589432117745,1.07455354191,-0.357801018774,96.0848312378
2.201413,-0.0053689327576,-0.556068035608,-0.00383495196971,0.745898158109,-0.00383495196971,1.2536457989,-0.00498543756063,0.0,0.87628652508,-0.724422427079,-0.696810772897,0.734009807003,0.589048622548,1.0757040275,-0.358184513971,96.0848312378
2.211363,-0.0053689327576,-0.556451530805,-0.00383495196971,0.745898158109,-0.00345145677274,1.2532623037,-0.0053689327576,0.0,0.875903029883,-0.724038931882,-0.697577763291,0.733626311806,0.589048622548,1.07532053231,-0.358184513971,96.0848312378
2.221365,-0.0053689327576,-0.555684540411,-0.00460194236366,0.745131167715,-0.00345145677274,1.2540292941,-0.00498543756063,0.0,0.875903029883,-0.724038931882,-0.697194268094,0.7343933022,0.589048622548,1.0760875227,-0.358184513971,96.0848312378
2.231389,-0.0053689327576,-0.555301045215,-0.00421844716668,0.745898158109,-0.00345145677274,1.25287880851,-0.00498543756063,0.0,0.875519534686,-0.724422427079,-0.696810772897,0.733626311806,0.589432117745,1.0757040275,-0.358951504365,96.0848312378
2.241427,-0.00575242795457,-0.555301045215,-0.00460194236366,0.745514662912,-0.00421844716668,1.2540292941,-0.00460194236366,0.0,0.87628652508,-0.724422427079,-0.696810772897,0.734009807003,0.589815612942,1.07532053231,-0.357801018774,96.0848312378
2.251406,-0.0053689327576,-0.555301045215,-0.00421844716668,0.745131167715,-0.00460194236366,1.25287880851,-0.0053689327576,0.0,0.87628652508,-0.724038931882,-0.697194268094,0.733626311806,0.587898136957,1.0764710179,-0.357417523577,96.0848312378
2.261367,-0.00613592315154,-0.555301045215,-0.00383495196971,0.745131167715,-0.00345145677274,1.2532623037,-0.00498543756063,0.0,0.876670020277,-0.725189417473,-0.696810772897,0.734009807003,0.588665127351,1.07532053231,-0.358184513971,96.0848312378
2.271354,-0.0053689327576,-0.555301045215,-0.00421844716668,0.745514662912,-0.00421844716668,1.25287880851,-0.00460194236366,0.0,0.875903029883,-0.724038931882,-0.697194268094,0.734009807003,0.589048622548,1.07378655152,-0.359334999562,96.0848312378
2.281325,-0.0053689327576,-0.555301045215,-0.00345145677274,0.745898158109,-0.00421844716668,1.25249531331,-0.00460194236366,0.0,0.87628652508,-0.724422427079,-0.6964272777,0.734009807003,0.589048622548,1.07493703711,-0.359334999562,96.0848312378
2.291326,-0.00575242795457,-0.555684540411,-0.00421844716668,0.745898158109,-0.00383495196971,1.25287880851,-0.00498543756063,0.0,0.875519534686,-0.724805922276,-0.697194268094,0.733626311806,0.588665127351,1.0760875227,-0.358951504365,96.0848312378
2.301565,-0.00498543756063,-0.555684540411,-0.00383495196971,0.745898158109,-0.00383495196971,1.2532623037,-0.00421844716668,0.0,0.875519534686,-0.724038931882,-0.696810772897,0.7343933022,0.588665127351,1.07455354191,-0.35703402838,96.0848312378
2.311399,-0.0053689327576,-0.555301045215,-0.00345145677274,0.745898158109,-0.00421844716668,1.2536457989,-0.00421844716668,0.0,0.87628652508,-0.723655436685,-0.697577763291,0.733626311806,0.589048622548,1.0757040275,-0.358568009168,96.0848312378
2.321409,-0.0053689327576,-0.555684540411,-0.00421844716668,0.745898158109,-0.00383495196971,1.2532623037,-0.0053689327576,0.0,0.874752544292,-0.724038931882,-0.697577763291,0.733626311806,0.589432117745,1.0760875227,-0.357417523577,96.0848312378
2.331448,-0.00575242795457,-0.555301045215,-0.00421844716668,0.745514662912,-0.00345145677274,1.2532623037,-0.00575242795457,0.0,0.877053515473,-0.724805922276,-0.696810772897,0.733242816609,0.589048622548,1.0757040275,-0.35703402838,96.0848312378
2.341346,-0.0053689327576,-0.556068035608,-0.00383495196971,0.745131167715,-0.00383495196971,1.2532623037,-0.0053689327576,0.0,0.87628652508,-0.724805922276,-0.697577763291,0.734009807003,0.589815612942,1.0757040275,-0.357801018774,96.0848312378
2.351425,-0.00575242795457,-0.555301045215,-0.00498543756063,0.745898158109,-0.00460194236366,1.25287880851,-0.0053689327576,0.0,0.87628652508,-0.724422427079,-0.697577763291,0.733626311806,0.588665127351,1.0757040275,-0.357801018774,96.0848312378
2.361354,-0.00498543756063,-0.555684540411,-0.00345145677274,0.745131167715,-0.00306796157577,1.2532623037,-0.00460194236366,0.0,0.875903029883,-0.724422427079,-0.697194268094,0.733626311806,0.588665127351,1.0757040275,-0.358568009168,96.0848312378
2.371633,-0.0053689327576,-0.555684540411,-0.00306796157577,0.745898158109,-0.00345145677274,1.2532623037,-0.00575242795457,0.0,0.875903029883,-0.724805922276,-0.697577763291,0.734009807003,0.589048622548,1.07455354191,-0.358568009168,96.0848312378
2.381350,-0.0053689327576,-0.554917550018,-0.00345145677274,0.745514662912,-0.00421844716668,1.2532623037,-0.0053689327576,0.0,0.875903029883,-0.724805922276,-0.6964272777,0.733626311806,0.589432117745,1.07493703711,-0.358951504365,96.0848312378
2.391435,-0.0053689327576,-0.555684540411,-0.00383495196971,0.745898158109,-0.00306796157577,1.2532623037,-0.00575242795457,0.0,0.874752544292,-0.724805922276,-0.696810772897,0.734009807003,0.589815612942,1.07378655152,-0.357801018774,96.0848312378
2.401309,-0.00575242795457,-0.555301045215,-0.00345145677274,0.745898158109,-0.00421844716668,1.2532623037,-0.00460194236366,0.0,0.87628652508,-0.724422427079,-0.697194268094,0.733242816609,0.588665127351,1.07532053231,-0.357801018774,96.0848312378
2.411335,-0.00498543756063,-0.554917550018,-0.00306796157577,0.745898158109,-0.00383495196971,1.2532623037,-0.00498543756063,0.0,0.875519534686,-0.725189417473,-0.697577763291,0.733626311806,0.588281632154,1.07493703711,-0.357801018774,96.0848312378
2.423759,-0.0053689327576,-0.555684540411,-0.00383495196971,0.745898158109,-0.00383495196971,1.2536457989,-0.0053689327576,0.0,0.875903029883,-0.723655436685,-0.697194268094,0.734009807003,0.589815612942,1.07532053231,-0.358568009168,96.0848312378
2.431444,-0.0053689327576,-0.555684540411,-0.00421844716668,0.745514662912,-0.00383495196971,1.25249531331,-0.00498543756063,0.0,0.876670020277,-0.72557291267,-0.697194268094,0.7343933022,0.589048622548,1.07532053231,-0.357801018774,96.0848312378
2.441340,-0.00613592315154,-0.555301045215,-0.00383495196971,0.745514662912,-0.00460194236366,1.2540292941,-0.0053689327576,0.0,0.87628652508,-0.724422427079,-0.697194268094,0.734009807003,0.589432117745,1.07417004672,-0.358184513971,96.0848312378
2.451323,-0.00575242795457,-0.555684540411,-0.00421844716668,0.745131167715,-0.00421844716668,1.2532623037,-0.0053689327576,0.0,0.87628652508,-0.724038931882,-0.697194268094,0.7343933022,0.589048622548,1.07417004672,-0.358184513971,96.0848312378
2.461319,-0.00498543756063,-0.554917550018,-0.00421844716668,0.745898158109,-0.00383495196971,1.2536457989,-0.00460194236366,0.0,0.875519534686,-0.724038931882,-0.697194268094,0.7343933022,0.589048622548,1.0757040275,-0.357801018774,96.0848312378
2.471340,-0.00575242795457,-0.555684540411,-0.00383495196971,0.745514662912,-0.00421844716668,1.25287880851,-0.00498543756063,0.0,0.875903029883,-0.723655436685,-0.696810772897,0.734009807003,0.587898136957,1.0757040275,-0.358184513971,96.0848312378
2.481378,-0.0053689327576,-0.554917550018,-0.00383495196971,0.745131167715,-0.00383495196971,1.2532623037,-0.00460194236366,0.0,0.875903029883,-0.724038931882,-0.697577763291,0.734009807003,0.588665127351,1.0757040275,-0.358184513971,96.0848312378
2.491331,-0.00498543756063,-0.554917550018,-0.00383495196971,0.745131167715,-0.00345145677274,1.2536457989,-0.0053689327576,0.0,0.875519534686,-0.724422427079,-0.697961258488,0.7343933022,0.589432117745,1.0757040275,-0.358184513971,96.0848312378
2.501324,-0.00575242795457,-0.555301045215,-0.00383495196971,0.746281653306,-0.00345145677274,1.2536457989,-0.00575242795457,0.0,0.87628652508,-0.724422427079,-0.696810772897,0.734009807003,0.589815612942,1.07417004672,-0.359334999562,96.0848312378
2.511510,-0.00575242795457,-0.554917550018,-0.00383495196971,0.745131167715,-0.00383495196971,1.2536457989,-0.00498543756063,0.0,0.875519534686,-0.724422427079,-0.697961258488,0.7343933022,0.589432117745,1.07532053231,-0.357417523577,96.0848312378
2.521336,-0.0053689327576,-0.555301045215,-0.00383495196971,0.745898158109,-0.00421844716668,1.2532623037,-0.0053689327576,0.0,0.875519534686,-0.723655436685,-0.697194268094,0.734009807003,0.588665127351,1.07493703711,-0.358184513971,96.0848312378
2.531390,-0.0053689327576,-0.555301045215,-0.00383495196971,0.745514662912,-0.00345145677274,1.2532623037,-0.00575242795457,0.0,0.875136039489,-0.724422427079,-0.697577763291,0.7343933022,0.588281632154,1.07493703711,-0.358951504365,96.0848312378
2.541332,-0.0053689327576,-0.555684540411,-0.00421844716668,0.745514662912,-0.00383495196971,1.25287880851,-0.0053689327576,0.0,0.875136039489,-0.724038931882,-0.697577763291,0.735160292594,0.589048622548,1.0757040275,-0.358184513971,96.0848312378
2.551410,-0.00575242795457,-0.555301045215,-0.00421844716668,0.745514662912,-0.00345145677274,1.2532623037,-0.0053689327576,0.0,0.875903029883,-0.724422427079,-0.697577763291,0.734776797397,0.589815612942,1.0757040275,-0.358184513971,96.0848312378
2.561308,-0.0053689327576,-0.555301045215,-0.00383495196971,0.745514662912,-0.00345145677274,1.2536457989,-0.00575242795457,0.0,0.875903029883,-0.723655436685,-0.697194268094,0.734776797397,0.588665127351,1.07532053231,-0.357801018774,96.0848312378
2.571445,-0.0053689327576,-0.554917550018,-0.00345145677274,0.746281653306,-0.00421844716668,1.2532623037,-0.00575242795457,0.0,0.875136039489,-0.724422427079,-0.697577763291,0.734009807003,0.589432117745,1.07532053231,-0.357417523577,96.0848312378
2.581316,-0.0053689327576,-0.555684540411,-0.00345145677274,0.745898158109,-0.00345145677274,1.2536457989,-0.00498543756063,0.0,0.875519534686,-0.724038931882,-0.696810772897,0.7343933022,0.589048622548,1.0760875227,-0.357801018774,96.0848312378
2.591685,-0.00575242795457,-0.555684540411,-0.00421844716668,0.745131167715,-0.00345145677274,1.25287880851,-0.0053689327576,0.0,0.875519534686,-0.724422427079,-0.697577763291,0.7343933022,0.588665127351,1.07532053231,-0.357801018774,96.0848312378
2.601304,-0.0053689327576,-0.555301045215,-0.00421844716668,0.745514662912,-0.00383495196971,1.2536457989,-0.00575242795457,0.0,0.875903029883,-0.724038931882,-0.697577763291,0.734009807003,0.588665127351,1.0760875227,-0.358184513971,96.0848312378
2.611307,-0.00498543756063,-0.555301045215,-0.00383495196971,0.745898158109,-0.00345145677274,1.2540292941,-0.0053689327576,0.0,0.875136039489,-0.724038931882,-0.696810772897,0.734009807003,0.589048622548,1.0757040275,-0.357417523577,96.0848312378
2.621313,-0.0053689327576,-0.554917550018,-0.00421844716668,0.745898158109,-0.00383495196971,1.25287880851,-0.00575242795457,0.0,0.875903029883,-0.724805922276,-0.697577763291,0.734009807003,0.589048622548,1.0757040275,-0.357801018774,96.0848312378
2.631305,-0.0053689327576,-0.554917550018,-0.00383495196971,0.745898158109,-0.00421844716668,1.25287880851,-0.0053689327576,0.0,0.875903029883,-0.724038931882,-0.696810772897,0.7343933022,0.589815612942,1.07532053231,-0.358568009168,96.0848312378
2.641354,-0.0053689327576,-0.556451530805,-0.00383495196971,0.746281653306,-0.00345145677274,1.2536457989,-0.00613592315154,0.0,0.875903029883,-0.724038931882,-0.697577763291,0.734009807003,0.589048622548,1.07493703711,-0.357801018774,96.0848312378
2.651337,-0.0053689327576,-0.555684540411,-0.00383495196971,0.745898158109,-0.00345145677274,1.25249531331,-0.00498543756063,0.0,0.875903029883,-0.724038931882,-0.697194268094,0.734009807003,0.589048622548,1.07455354191,-0.358184513971,96.0848312378
2.661329,-0.00498543756063,-0.555301045215,-0.00421844716668,0.746281653306,-0.00460194236366,1.25287880851,-0.00460194236366,0.0,0.875519534686,-0.724038931882,-0.697194268094,0.7343933022,0.589432117745,1.0757040275,-0.358184513971,96.0848312378
2.671349,-0.0053689327576,-0.554917550018,-0.00460194236366,0.745514662912,-0.00383495196971,1.2532623037,-0.00498543756063,0.0,0.875903029883,-0.724805922276,-0.697577763291,0.734009807003,0.588281632154,1.07532053231,-0.357417523577,96.0848312378
2.681362,-0.00498543756063,-0.555301045215,-0.00383495196971,0.745131167715,-0.00383495196971,1.2536457989,-0.00460194236366,0.0,0.875903029883,-0.725189417473,-0.696810772897,0.733626311806,0.589048622548,1.0760875227,-0.357801018774,96.0848312378
2.691339,-0.0053689327576,-0.554917550018,-0.00421844716668,0.745898158109,-0.00345145677274,1.2532623037,-0.00498543756063,0.0,0.875519534686,-0.724422427079,-0.697194268094,0.733626311806,0.588665127351,1.07532053231,-0.358184513971,96.0848312378
2.701282,-0.0053689327576,-0.555684540411,-0.00345145677274,0.745898158109,-0.00383495196971,1.25287880851,-0.00575242795457,0.0,0.875519534686,-0.724038931882,-0.6964272777,0.733242816609,0.589048622548,1.0757040275,-0.357801018774,96.0848312378
2.711318,-0.00575242795457,-0.555684540411,-0.00383495196971,0.745131167715,-0.00383495196971,1.2536457989,-0.00460194236366,0.0,0.875519534686,-0.724038931882,-0.696810772897,0.734009807003,0.588281632154,1.0760875227,-0.357801018774,96.0848312378
2.721303,-0.00498543756063,-0.555301045215,-0.00383495196971,0.745898158109,-0.00345145677274,1.2532623037,-0.00498543756063,0.0,0.875519534686,-0.724422427079,-0.697194268094,0.734776797397,0.589048622548,1.0757040275,-0.358951504365,96.0848312378
2.731393,-0.00498543756063,-0.555301045215,-0.00383495196971,0.745131167715,-0.00383495196971,1.25287880851,-0.0053689327576,0.0,0.875519534686,-0.724805922276,-0.696810772897,0.733626311806,0.588665127351,1.0757040275,-0.35703402838,96.0848312378
2.741337,-0.00575242795457,-0.555301045215,-0.00460194236366,0.745514662912,-0.00345145677274,1.2532623037,-0.00460194236366,0.0,0.875519534686,-0.724038931882,-0.697194268094,0.734009807003,0.588665127351,1.07532053231,-0.358184513971,96.0848312378
