time,right_s0,right_s1,right_e0,right_e1,right_w0,right_w1,right_w2
0.571054,0.908883099445,-0.875979017864,-0.694368037603,0.877600918089,0.536403707154,1.14823877922,-0.391376057329
0.581009,0.90981259265,-0.873863989356,-0.692756355988,0.87845544092,0.537834821981,1.14770946225,-0.390664253694
0.590965,0.910911021452,-0.871831300026,-0.691421903511,0.87905232472,0.539252961509,1.14715048756,-0.389677886048
0.600920,0.912051436201,-0.869922318902,-0.690286242993,0.879462485992,0.54067617401,1.14645932394,-0.388674297339
0.610876,0.913049288341,-0.868216042219,-0.689259073744,0.879766607703,0.542132212094,1.14546412238,-0.388036908952
0.620831,0.913606864525,-0.86614461668,-0.688056764465,0.879762705872,0.544111493938,1.14443309693,-0.387689334158
0.630787,0.914084274244,-0.863905827501,-0.687001235634,0.879508280306,0.546115526022,1.14363490287,-0.386960909377
0.640742,0.914535131728,-0.861631944565,-0.686124818346,0.879032557904,0.548086386833,1.14299085876,-0.385918009569
0.650697,0.915005473221,-0.859675227345,-0.685444604427,0.878381382733,0.550003644447,1.14217712541,-0.384961200359
0.660653,0.915575498279,-0.857724328773,-0.6847565103,0.87758418546,0.552183565068,1.14096221465,-0.384313694536
0.670608,0.916040543179,-0.855653054574,-0.684090512519,0.876766906012,0.554372163188,1.13968403967,-0.383877543146
0.680564,0.916302067167,-0.853417264837,-0.683473305293,0.875947797346,0.556501632566,1.13847464564,-0.383623443999
0.690519,0.916051103918,-0.850972808934,-0.68304661364,0.87499829908,0.55859094471,1.13765590798,-0.383483405064
0.700475,0.915783053402,-0.84853455278,-0.682578173592,0.873598098017,0.56083373984,1.13670639741,-0.382988349409
0.710430,0.915610905496,-0.846067425608,-0.681993623817,0.871885457338,0.562985793911,1.1356556496,-0.382348578282
0.720385,0.91560593184,-0.84354629316,-0.681246138018,0.869920588198,0.56489492687,1.13451723213,-0.381680371236
0.730341,0.91537976259,-0.840850642532,-0.680957973264,0.868045634192,0.566753753863,1.13365388902,-0.381182282254
0.740296,0.915063356042,-0.838124938974,-0.680815130251,0.866176534643,0.568618407508,1.13270830713,-0.380726102013
0.750252,0.914726489392,-0.835446050389,-0.680656267441,0.864329770909,0.570337799392,1.13178321488,-0.380277861921
0.760207,0.914459334273,-0.832923285599,-0.680263779058,0.862530548681,0.571689419371,1.13101864467,-0.379793374546
0.770163,0.914100343631,-0.830567899617,-0.680088375405,0.86061051459,0.572853286472,1.13063978618,-0.379034140297
0.780118,0.913635269983,-0.828196295931,-0.68006614148,0.858527812807,0.57388888285,1.13028163337,-0.378266528658
0.790073,0.913073557417,-0.825809727726,-0.680079384036,0.856351279731,0.574793520512,1.12988293899,-0.37748861323
0.800029,0.912432159478,-0.823455978213,-0.679812764589,0.854275023685,0.575526026688,1.1293549573,-0.376626240116
0.809984,0.91183463272,-0.821131812962,-0.679525388241,0.852144168464,0.576017523337,1.12896181465,-0.375705599442
0.819940,0.911254422941,-0.818888142731,-0.679422031928,0.849799649169,0.576442632741,1.12858998085,-0.374843720546
0.829895,0.910680462866,-0.816714550251,-0.679503585156,0.847217278112,0.576860768944,1.12819577054,-0.374049289758
0.839851,0.910079035545,-0.814441984051,-0.679404227035,0.844529150609,0.577395003609,1.12766735747,-0.373176010829
0.849806,0.909457107757,-0.812254236279,-0.679227005682,0.841983806187,0.577735463499,1.12708142708,-0.372055731602
0.859761,0.908828353726,-0.810109699285,-0.679112174844,0.839561245764,0.578025006394,1.12649852107,-0.370946826967
0.869717,0.90820428998,-0.807982085833,-0.679137494111,0.837263100708,0.578335665263,1.12594803135,-0.369992211517
0.879672,0.907762700629,-0.805593637015,-0.679182630329,0.835182077581,0.578626874447,1.12529345069,-0.369278227962
0.889628,0.907376401971,-0.803428877481,-0.679237237422,0.833092119581,0.578829686534,1.12448370426,-0.368511307867
0.899583,0.906919969849,-0.801511325129,-0.679324922157,0.830879756315,0.579071811221,1.12353789999,-0.367703190159
0.909539,0.90623417008,-0.799904694723,-0.679478530223,0.828392401459,0.579510741102,1.12245906979,-0.366861869249
0.919494,0.90544279994,-0.798003695021,-0.679429060472,0.825875604706,0.57969022229,1.12140502795,-0.366051901054
0.929449,0.904684679523,-0.795954526802,-0.679492050872,0.82339551753,0.579715451677,1.12059581963,-0.365329755155
0.939405,0.903997141666,-0.793855918581,-0.679684656997,0.820986688186,0.579705500026,1.11994159611,-0.364683892701
0.949360,0.903460821071,-0.791926190036,-0.680012476958,0.818736003314,0.579940309802,1.1191956237,-0.364085896271
0.959316,0.903017106142,-0.789911178424,-0.680169230258,0.816751852299,0.58025119779,1.11822611725,-0.363280415304
0.969271,0.902480471573,-0.787801792154,-0.680239193305,0.814723417823,0.580547797718,1.11730270309,-0.362321253902
0.979226,0.901840128028,-0.785650315242,-0.680260067638,0.812576873506,0.580800644161,1.11647728161,-0.361245434233
0.989182,0.901277876567,-0.783787952323,-0.68035385378,0.810275573347,0.580951160078,1.11570832619,-0.360214488819
0.999137,0.900803127331,-0.782180160732,-0.680455292624,0.807973083882,0.581015644568,1.11517370358,-0.359614286778
1.009093,0.900292059127,-0.780587278431,-0.680569494138,0.80570163092,0.58096943134,1.114748109,-0.359164438584
1.019048,0.899683109263,-0.778885809362,-0.680709445875,0.803484681259,0.580811666137,1.11435955677,-0.358722770039
1.029004,0.899009453234,-0.776876041584,-0.681110726937,0.801457482355,0.581020923749,1.11353425199,-0.357867812566
1.038959,0.898344357109,-0.7749309328,-0.681513488235,0.799520077871,0.581525785516,1.11267237232,-0.357035897491
1.048914,0.897745341034,-0.773107932288,-0.681829743854,0.797565940016,0.582084830318,1.11194519091,-0.356212831492
1.058870,0.897282633907,-0.771485079342,-0.681954119025,0.795479873175,0.582449956359,1.11155308799,-0.355384825586
1.068825,0.896929817967,-0.769807160456,-0.682145971108,0.793383152814,0.582416509027,1.11097778713,-0.354643028794
1.078781,0.896382429756,-0.768129406135,-0.682336429283,0.791450596773,0.582441310898,1.11024220496,-0.354075239205
1.088736,0.895665004553,-0.766489602505,-0.682468789011,0.789618768476,0.582554222276,1.10949475174,-0.353684111101
1.098692,0.89484644533,-0.764973110782,-0.682412991835,0.787735513746,0.582779016836,1.10907072143,-0.353491630979
1.108647,0.894322981035,-0.763405236526,-0.682530253761,0.785755110173,0.583003037432,1.10873025917,-0.353134833903
1.118602,0.893885171846,-0.761814026091,-0.682888036017,0.783838063388,0.583274795259,1.10832631432,-0.352614905632
1.128558,0.893467201774,-0.760237180506,-0.683437349819,0.782046553873,0.583549889225,1.10784926561,-0.352007190051
1.138513,0.892931480878,-0.758845440653,-0.683852429433,0.780547936715,0.583545693272,1.10739543332,-0.351707769156
1.148469,0.892493652205,-0.757677578435,-0.684050819949,0.779053436371,0.583270824136,1.10683544323,-0.351632419268
1.158424,0.892093422409,-0.756533629608,-0.684130854641,0.777403937467,0.58311467709,1.10625016312,-0.351641929706
1.168380,0.891701938904,-0.755330587542,-0.684135064006,0.775538353368,0.583257140957,1.10567431662,-0.35167388469
1.178335,0.891228257679,-0.754116514036,-0.684198996908,0.773793848554,0.583734029398,1.10512806354,-0.351596284414
1.188290,0.890807012178,-0.753058941537,-0.684368143497,0.772396344512,0.584060305221,1.10467180891,-0.351427049614
1.198246,0.890389780548,-0.752035510713,-0.684607516766,0.771167168089,0.584229737982,1.10430496317,-0.351342200048
1.208201,0.889931383165,-0.750935243819,-0.684893417845,0.769960007042,0.584215606505,1.10403884922,-0.351519120238
1.218157,0.889467499522,-0.749778007671,-0.685311231452,0.76869305778,0.584191149358,1.10346476895,-0.35191899027
1.228112,0.889051759952,-0.748753338085,-0.68576316186,0.767555240365,0.584345920012,1.10271277208,-0.352134317874
1.238068,0.88867686853,-0.747877925361,-0.686200786157,0.766555220469,0.584638126401,1.1018926255,-0.352194281139
1.248023,0.888329618451,-0.747193216084,-0.68653045861,0.765716229916,0.584987102398,1.10120880504,-0.352169020514
1.257978,0.888020147116,-0.746517743061,-0.686532618813,0.764792743778,0.585060446803,1.10074776494,-0.352309223165
1.267934,0.887733217356,-0.745812971129,-0.686389419825,0.763775875189,0.585087267778,1.100286072,-0.352498491245
1.277889,0.887468433894,-0.745085817931,-0.686200945271,0.762698014342,0.585134912044,1.0997668935,-0.352721752716
1.287845,0.887236732486,-0.744396878065,-0.686287234827,0.761712820341,0.585339081661,1.09909703115,-0.353000581265
1.297800,0.887051933129,-0.743644575092,-0.68657746033,0.760794894883,0.585418817477,1.09849495832,-0.35323882752
1.307756,0.886871649876,-0.742933222207,-0.686905688778,0.759949229972,0.58552963386,1.09800217788,-0.353283292838
1.317711,0.886670420661,-0.742305265198,-0.687201093752,0.759184892903,0.585725805925,1.09764173644,-0.353091227766
1.327666,0.886320196228,-0.741750211948,-0.687349702495,0.758542384787,0.585890137346,1.09741961573,-0.353061583576
1.337622,0.886050862841,-0.741228503386,-0.687444625888,0.757936460141,0.585977731525,1.09704595026,-0.353279275735
1.347577,0.885850383404,-0.740790438072,-0.687521609645,0.757305030714,0.586046516054,1.09652406429,-0.353532235389
1.357533,0.885717010527,-0.740488509473,-0.687608542428,0.756592759776,0.586142934669,1.09583871703,-0.353646347219
1.367488,0.885454350095,-0.740161262571,-0.68797349315,0.755879185299,0.586099362575,1.09529658171,-0.35356378355
1.377444,0.885145045201,-0.739814201408,-0.688330200741,0.755293526004,0.586148953275,1.09482059846,-0.353530829194
1.387399,0.884839306356,-0.739404873116,-0.688645794225,0.754831435869,0.586306309519,1.09438407023,-0.353607331102
1.397354,0.884626503085,-0.738845117959,-0.68886722043,0.754497211979,0.586603330479,1.09394732265,-0.353908474015
1.407310,0.884553213126,-0.73828487412,-0.689055290383,0.754124411724,0.586769430034,1.09348640534,-0.354215809213
1.417265,0.884471619198,-0.73788969897,-0.689153102719,0.75370777703,0.586840249982,1.09304209997,-0.354392885262
1.427221,0.88434480863,-0.737678035529,-0.689169914296,0.753257698308,0.5868197429,1.09264285783,-0.354419696744
1.437176,0.884106144129,-0.737642158449,-0.68917041564,0.752816852446,0.586695453846,1.0923841167,-0.354283126815
1.447132,0.883901985736,-0.737427954295,-0.689151367608,0.752389106844,0.586634793625,1.09204825016,-0.35421210727
1.457087,0.883765222373,-0.737176060043,-0.689182783804,0.751993451346,0.586693107356,1.09162360357,-0.354213374296
1.467042,0.883690856869,-0.736947314188,-0.689312829721,0.751640267896,0.58687738851,1.09111093562,-0.354300728715
1.476998,0.883454164413,-0.736894783038,-0.689781591089,0.751353982165,0.586980923795,1.09061472162,-0.354563429611
1.486953,0.883083243387,-0.73660420586,-0.690121115549,0.750927412888,0.587026415256,1.09020386701,-0.354783649139
1.496909,0.882766658386,-0.736230050702,-0.690266534448,0.750353533171,0.587087614999,1.08986591084,-0.35487141727
1.506864,0.882651570468,-0.735879064663,-0.690148318298,0.749611201689,0.587221483766,1.08959937142,-0.354745038643
1.516820,0.882583164531,-0.735756925741,-0.690199457162,0.749103846712,0.587223846149,1.08923160102,-0.354624806798
1.526775,0.882461203777,-0.735520272198,-0.690379044704,0.748781019198,0.587167486061,1.08883233426,-0.354734372995
1.536730,0.882309141401,-0.73519487041,-0.690570760458,0.748577488986,0.587089475388,1.08843330426,-0.355075821158
1.546686,0.882163782027,-0.734818050425,-0.690583636667,0.748403080766,0.587046820086,1.08808587327,-0.355681504547
1.556641,0.882069122896,-0.734432660544,-0.690744354246,0.748184269573,0.587028768801,1.08773478091,-0.355895300591
1.566597,0.882025179101,-0.733973904385,-0.691032360715,0.747832359926,0.587013033966,1.08740992241,-0.355851864375
1.576552,0.882012192832,-0.733510349061,-0.691354483705,0.747376766713,0.58702205075,1.08709291155,-0.355653109616
1.586508,0.881962275126,-0.733317915209,-0.691387732123,0.746952277238,0.587149446628,1.0867048294,-0.355588964578
1.596463,0.881805639441,-0.733165487086,-0.691334473719,0.746666341128,0.587326258974,1.08649156252,-0.355592852596
1.606418,0.881630733976,-0.73293918159,-0.691347654195,0.746445010299,0.587432751553,1.08626204223,-0.355505717062
1.616374,0.881473349906,-0.732602873634,-0.69147012521,0.746262968547,0.587449480751,1.08593344652,-0.355298982605
1.626329,0.881417656724,-0.732178713003,-0.691631057873,0.746074734544,0.587571757303,1.08529300207,-0.355205303183
1.636285,0.881292960834,-0.731946309003,-0.691816574814,0.745844095484,0.58768328018,1.08485836509,-0.355463053243
1.646240,0.881131623438,-0.731887716996,-0.691986338589,0.745636925775,0.587786897673,1.08462142525,-0.35577042841
1.656195,0.880951876685,-0.732006880597,-0.692111999257,0.745499316598,0.587883785975,1.08459487315,-0.355930649705
1.666151,0.880928843612,-0.731873846832,-0.692337700272,0.7453102125,0.587812630278,1.08459731564,-0.356028097135
1.676106,0.880813722887,-0.731637513631,-0.692620942645,0.745053117342,0.587645086251,1.08427902564,-0.35611944108
1.686062,0.880625576865,-0.731357768312,-0.692836152857,0.744752407128,0.587516357621,1.08377260322,-0.356165542577
1.696017,0.880382959009,-0.731118429955,-0.692785744807,0.744438637759,0.58763445708,1.08325100824,-0.356101518323
1.705973,0.880216905051,-0.730776708514,-0.692760739816,0.744259420065,0.587641348501,1.08318939061,-0.356089214897
1.715928,0.880135159183,-0.73047726824,-0.692901954639,0.744031423429,0.58760418604,1.08318918723,-0.356187428892
1.725883,0.880095280549,-0.730285907356,-0.693135268769,0.743741311734,0.587567090735,1.08312116615,-0.356335490457
1.735839,0.879963945917,-0.730378176849,-0.693186991508,0.743400722525,0.587648669515,1.08269790772,-0.356325307466
1.745794,0.879814026298,-0.730401218826,-0.693184302476,0.743115221034,0.587796002574,1.08246078245,-0.356085055605
1.755750,0.879727377382,-0.730265367682,-0.693233770291,0.742824541583,0.58792243543,1.082352038,-0.355908201043
1.765705,0.879708104276,-0.729968660684,-0.693357523368,0.742522737098,0.587993748716,1.0823276326,-0.355904776538
1.775661,0.879592202076,-0.7297325939,-0.693483589431,0.742297187628,0.58793347799,1.08213245357,-0.356288673428
1.785616,0.879479438072,-0.729587351026,-0.693517266378,0.742095003038,0.587959619836,1.08187263712,-0.356463270524
1.795571,0.879427221414,-0.729506322597,-0.69355010984,0.741891364227,0.588046231262,1.0816556251,-0.356492113851
1.805527,0.879471217291,-0.729477661246,-0.693637816162,0.741671489984,0.588181465701,1.08154798046,-0.356403063062
1.815482,0.879291005849,-0.729387505881,-0.693839669521,0.741455470314,0.588245764139,1.08141524898,-0.356382579438
1.825438,0.879114658212,-0.729328608828,-0.693973953455,0.741212368332,0.588312003528,1.08119617837,-0.356488489608
1.835393,0.879001956972,-0.729253407726,-0.694092715004,0.740978912057,0.588332815879,1.08090084897,-0.356656109827
1.845349,0.87904183206,-0.729096088336,-0.694263175931,0.740805500304,0.588238458079,1.08053174551,-0.356807997676
1.855304,0.878917390364,-0.728833012647,-0.694300004859,0.7404747676,0.588183232978,1.08024487898,-0.356931114347
1.865259,0.878753144525,-0.728598272313,-0.694323698241,0.74019762119,0.588283072254,1.0801040734,-0.357105558326
1.875215,0.878581956797,-0.728416198764,-0.694393021017,0.739978433403,0.588506940927,1.08014682754,-0.357282326963
1.885170,0.878465387345,-0.72832996065,-0.694652018534,0.739784682637,0.588754376004,1.08049015317,-0.357301451685
1.895126,0.878570286569,-0.728335174974,-0.695019810754,0.739512446503,0.588863895168,1.08051171115,-0.357204871621
1.905081,0.878593445648,-0.728336196713,-0.695243719836,0.739506962495,0.588799930311,1.08038535247,-0.357088642062
1.915037,0.87846269143,-0.72830121237,-0.695266634994,0.73978900032,0.58858984028,1.08015912565,-0.356980345978
1.924992,0.878205130628,-0.728173456076,-0.695142550755,0.73988059272,0.588506317193,1.07989041171,-0.356910216168
1.934947,0.87818059154,-0.727977027387,-0.695085429634,0.739581328969,0.588568889673,1.07979156105,-0.356978200871
1.944903,0.878244981368,-0.727902161094,-0.695105827932,0.739184201037,0.588649784653,1.07968535661,-0.357027357792
1.954858,0.878324939803,-0.728055784985,-0.695217156853,0.738843960227,0.588680607823,1.07947995155,-0.356984082752
1.964814,0.878318257011,-0.728215685493,-0.695472066907,0.738723706914,0.588631165026,1.07934946422,-0.357334633393
1.974769,0.878365339845,-0.728218081504,-0.695575588756,0.738621729755,0.588528705941,1.07922077785,-0.357337065959
1.984725,0.87834017683,-0.728147557961,-0.695560850134,0.738452851539,0.588397412095,1.07904484924,-0.357062990372
1.994680,0.878082530087,-0.728094111115,-0.69545012243,0.738106146372,0.588261856502,1.07875654793,-0.356557529823
2.004635,0.877939292978,-0.72776005441,-0.695365569519,0.7379160303,0.588479481585,1.07850965422,-0.3567133634
2.014591,0.877963610359,-0.727408197681,-0.695332118332,0.737897719235,0.588646958007,1.07842983324,-0.356955915436
2.024546,0.878036501926,-0.727087910238,-0.695390944054,0.737965648704,0.588714417939,1.07850628419,-0.357202838043
2.034502,0.877851342298,-0.726882129639,-0.695656542603,0.737911173659,0.588613086114,1.0787117879,-0.35734918236
2.044457,0.877654266677,-0.726721354124,-0.695786530661,0.737872690732,0.588644175764,1.07875841161,-0.35744851771
2.054413,0.877502416546,-0.726672296468,-0.695738301112,0.737807220518,0.588754539892,1.07876382335,-0.357578033058
2.064368,0.877426151796,-0.726727710663,-0.695548240704,0.737692242426,0.588912941982,1.07872768072,-0.357705517119
2.074323,0.877530696891,-0.726750744478,-0.695500753531,0.737450076001,0.58899619912,1.07849760699,-0.357535640486
2.084279,0.877731521818,-0.726683616926,-0.695592314918,0.737338086068,0.5886701541,1.07850138054,-0.357195569458
2.094234,0.87787788943,-0.726668106771,-0.69569577062,0.737261930967,0.588279308933,1.0784490516,-0.35706903307
2.104190,0.877891170258,-0.726766291858,-0.695749100468,0.737182926536,0.588008097678,1.07818063034,-0.357356723073
2.114145,0.877739732378,-0.726714187671,-0.695725378669,0.73721219912,0.588394024766,1.07733003605,-0.35801420238
2.124101,0.877539398617,-0.726519760057,-0.695691324465,0.737141649618,0.58858465634,1.07701156097,-0.358453932364
2.134056,0.877331199524,-0.726378314336,-0.695670684261,0.737013071665,0.58861356242,1.07714550536,-0.358595445071
2.144011,0.877157490118,-0.726504186188,-0.695690499556,0.736862568586,0.588493540998,1.07771112037,-0.358311532753
2.153967,0.876934584895,-0.72629597041,-0.69589212961,0.736848994222,0.588413286222,1.0776242008,-0.357686706876
2.163922,0.876904577758,-0.725971117471,-0.696074786435,0.736791153646,0.588482366275,1.07749475551,-0.357312439048
2.173878,0.876963346977,-0.725670062155,-0.696250714439,0.73663730164,0.588669912981,1.07748501149,-0.357191993394
2.183833,0.876855127082,-0.725690531601,-0.696472493525,0.736277227914,0.588909415958,1.07790735902,-0.357296470951
2.193789,0.87700046429,-0.725985639613,-0.696355501312,0.736106337881,0.588995285313,1.0779107456,-0.356939902301
2.203744,0.877327852598,-0.726242462901,-0.696285785001,0.736052292047,0.589047949983,1.07778717484,-0.356802528964
2.213699,0.87768848253,-0.726369112091,-0.696347683821,0.73608872267,0.589068273439,1.07762041071,-0.356982588584
2.223655,0.877369228324,-0.726194002881,-0.696599848315,0.736148939338,0.588940379588,1.07756011422,-0.357317819943
2.233610,0.877173332967,-0.72604574837,-0.696593646705,0.736035825794,0.588645550631,1.07743466849,-0.357608361787
2.243566,0.877011923787,-0.725999854213,-0.696521429489,0.735957000074,0.58851374148,1.07717664347,-0.357892753545
2.253521,0.876851229711,-0.726088559398,-0.69645472177,0.735994901731,0.58868928009,1.07675815937,-0.358174627468
2.263477,0.876740050481,-0.72617569752,-0.696249313899,0.735961039273,0.588981518361,1.07636679641,-0.358223993078
2.273432,0.876497202663,-0.726158001234,-0.696036546528,0.735868859625,0.589196184334,1.07611637169,-0.358069247822
2.283387,0.876308057267,-0.726076854742,-0.695992088958,0.735738555327,0.589226494356,1.07600949449,-0.357779375652
2.293343,0.876354750187,-0.725962896599,-0.696304145675,0.735584123752,0.588947143839,1.0760677009,-0.357401547353
2.303298,0.876616353826,-0.725950188049,-0.696564283145,0.735422000489,0.588532315216,1.07643794549,-0.357447466279
2.313254,0.876639825299,-0.725829708199,-0.696685577153,0.735483899852,0.588564246352,1.0765569845,-0.357609285127
2.323209,0.876612558448,-0.725675109246,-0.696680978573,0.735688934194,0.588893707996,1.07651690824,-0.357796144884
2.333165,0.876950002729,-0.725650081645,-0.696565042695,0.735873378711,0.589210878963,1.07652967727,-0.357850669045
2.343120,0.877138955882,-0.725888768282,-0.696555597103,0.735911067921,0.58911567683,1.07617400433,-0.35772838809
2.353075,0.877112806378,-0.725731808067,-0.696566580319,0.735891395228,0.589043234147,1.0758056658,-0.357717438036
2.363031,0.876895870962,-0.725219612314,-0.696579053871,0.735854477589,0.589016440688,1.07559783121,-0.357804544312
2.372986,0.876642927827,-0.725030117362,-0.696571857646,0.735916026536,0.588808105512,1.0760840763,-0.357711056305
2.382942,0.876462784291,-0.724887673866,-0.696523837596,0.735793163004,0.588505115963,1.07658605373,-0.357694346515
2.392897,0.876410828359,-0.724810129747,-0.696558272634,0.735628566442,0.588278304656,1.07686041667,-0.357759874729
2.402852,0.8764936383,-0.724818673241,-0.6967306766,0.735488483189,0.588229816918,1.07681538134,-0.35790422219
2.412808,0.876395146446,-0.725059118105,-0.697075702196,0.735553156774,0.5887918671,1.07668476119,-0.35798236276
2.422763,0.876403636825,-0.725208428832,-0.697064374209,0.73556765643,0.589227808852,1.07631333152,-0.358197116033
2.432719,0.876439505664,-0.725258644717,-0.69693666948,0.735540091779,0.589468966534,1.07592635278,-0.358318132054
2.442674,0.876439116478,-0.725191009501,-0.696880311038,0.735472166263,0.589433861516,1.07571143756,-0.358140217177
2.452630,0.876129862995,-0.724961036425,-0.697070134593,0.735470440516,0.589028655519,1.07596223499,-0.35776170221
2.462585,0.875920515424,-0.724827660369,-0.697059070231,0.73546855955,0.588647268872,1.07598900313,-0.357921208103
2.472540,0.875787744755,-0.724813214794,-0.696990298384,0.735551434831,0.588418278441,1.07595485076,-0.358305524085
2.482496,0.87568005638,-0.724964323187,-0.697141661754,0.735892095111,0.588583257306,1.07618579948,-0.358333366379
2.492451,0.875883101531,-0.724914725709,-0.697150527698,0.736035632793,0.589028852852,1.07642119496,-0.358070401852
2.502407,0.876117019904,-0.724830885672,-0.697095365116,0.735977722133,0.589227972955,1.07645373488,-0.357852706809
2.512362,0.876265882027,-0.724743011686,-0.697007430961,0.735752030353,0.589150029902,1.07630609818,-0.357692854507
2.522318,0.876016085304,-0.724675386312,-0.696964934314,0.735484458658,0.58895933017,1.0761784036,-0.357448131482
2.532273,0.875831263753,-0.724789259077,-0.696907629479,0.735281716788,0.58903250206,1.07630701391,-0.357393465483
2.542228,0.875801517385,-0.724856331707,-0.696862455554,0.735220804754,0.588992796548,1.07643470384,-0.357462345458
2.552184,0.875944866706,-0.724808866749,-0.696858961348,0.735302306706,0.588734324419,1.07646982015,-0.35762346933
2.562139,0.876021593713,-0.724810398442,-0.697118451495,0.735148235809,0.588613706258,1.07639385574,-0.357716622114
2.572095,0.875988491738,-0.724719356592,-0.697044366173,0.734979277037,0.588673727218,1.0764795481,-0.357686951698
2.582050,0.875922532319,-0.724706475346,-0.696887011553,0.734863545042,0.588824931757,1.07651290292,-0.357593654817
2.592006,0.875877854855,-0.724908121661,-0.696824986543,0.734857819354,0.589010111067,1.07632791814,-0.357474234946
2.601961,0.876155337526,-0.724930816687,-0.696905461706,0.734942189833,0.58922999919,1.07616168363,-0.357837973852
2.611916,0.876254164029,-0.724745890109,-0.696907013411,0.734972126966,0.589337687437,1.07590680078,-0.358014239375
2.621872,0.876239124786,-0.724515265238,-0.696918604286,0.734929676443,0.589294658518,1.07561675524,-0.358015621542
2.631827,0.876212214573,-0.724502422135,-0.697094483536,0.734777532634,0.589018063689,1.07537775518,-0.357852001038
2.641783,0.876101749753,-0.724520245237,-0.69700001293,0.734842438299,0.589061667313,1.0755355125,-0.357943028305
2.651738,0.876029717589,-0.724668345243,-0.696997608124,0.734875628811,0.588991701475,1.07580979044,-0.357872584469
2.661694,0.876026111364,-0.724947359915,-0.697067941988,0.734811500732,0.588791751138,1.07609763098,-0.357653104492
2.671649,0.876151523607,-0.72532890014,-0.696985871748,0.734515065343,0.588584028589,1.07615557248,-0.35750080441
2.681604,0.876065084991,-0.725293209292,-0.696809870339,0.73431032763,0.588701011186,1.07620558793,-0.357688874457
2.691560,0.875918966513,-0.725021681381,-0.696665622337,0.73415880455,0.58878263234,1.07615319547,-0.35784860674
2.701515,0.875772968155,-0.724605317885,-0.696580032297,0.734066307833,0.588727940285,1.07601511608,-0.357865973655
2.711471,0.875765767478,-0.724457272717,-0.696425142705,0.734180815151,0.588657499351,1.0762654251,-0.357761029157
2.721426,0.875758762822,-0.724511208373,-0.696579271531,0.734573071576,0.588593162416,1.07634246128,-0.357958383786
2.731382,0.875751926993,-0.724682551926,-0.696768904159,0.734862389339,0.588619496825,1.07628477843,-0.35810958047
2.741337,0.875745257313,-0.724925637495,-0.696814839749,0.734785400882,0.588801215984,1.07610575978,-0.357977950269
