time,right_s0,right_s1,right_e0,right_e1,right_w0,right_w1,right_w2
0.658961,0.60227848253,-0.963738195296,-0.684877877179,0.907225012304,0.480488355974,1.1278227154,-0.33963560185
0.668914,0.603869569317,-0.962440993496,-0.684158771041,0.908208344231,0.48168001048,1.12795474756,-0.337803827821
0.678866,0.605595620265,-0.961170560691,-0.683417200028,0.909152221406,0.482826929028,1.12814012485,-0.335949710641
0.688819,0.607467060779,-0.959935239942,-0.682650209439,0.910054356946,0.483929417784,1.12835640033,-0.3341110738
0.698771,0.609751267404,-0.958885329788,-0.68179439383,0.910848380172,0.484957158974,1.1282974575,-0.332856669183
0.708724,0.61212924994,-0.957779162495,-0.680938114355,0.911502586693,0.485941417803,1.12829905962,-0.331733732876
0.718676,0.614630089035,-0.95662356553,-0.68009837022,0.91207301242,0.486886978095,1.12836306652,-0.330720404951
0.728629,0.617569014358,-0.955393273776,-0.679389317752,0.912760571238,0.487770982306,1.12857882076,-0.329835871174
0.738581,0.620848053776,-0.954245309361,-0.678763595424,0.913469700468,0.48865374562,1.1287453829,-0.329061856954
0.748534,0.624280444539,-0.953132892673,-0.678196256864,0.914147267276,0.489526864737,1.12889461009,-0.328416294857
0.758486,0.627540764126,-0.951971225849,-0.677687349665,0.914614361821,0.490356702272,1.12909214167,-0.328094819212
0.768439,0.630856049873,-0.950804820391,-0.677220378769,0.914935608585,0.491049107677,1.12936071542,-0.327619168757
0.778391,0.634310570995,-0.949639041006,-0.676784033832,0.915208573921,0.49167179866,1.12968464852,-0.327083387041
0.788344,0.638155506879,-0.948482228715,-0.676390393639,0.915529547834,0.492257989223,1.13009266201,-0.326567665168
0.798296,0.642010037266,-0.947416237199,-0.67603544689,0.915861763851,0.492848753993,1.13053575373,-0.3261209683
0.808249,0.645825143397,-0.946402849954,-0.67568891603,0.916144269445,0.493446896926,1.13099410511,-0.325746574052
0.818201,0.649533995177,-0.945448145406,-0.675332397133,0.91629348409,0.494059817269,1.13146247687,-0.325497586112
0.828154,0.653253396655,-0.944480670635,-0.675000453532,0.91640451823,0.49469694518,1.13202501081,-0.325455159085
0.838106,0.65710689011,-0.94344898932,-0.6747142398,0.916532149686,0.495324536355,1.13254775649,-0.325574564967
0.848059,0.661212781551,-0.94229982777,-0.674504932276,0.91670828268,0.495923266823,1.13295307976,-0.325913855689
0.858011,0.665527958021,-0.941152209678,-0.674110227124,0.916918710628,0.496392148507,1.13325796689,-0.326499878364
0.867964,0.669861302198,-0.940069137965,-0.67363761685,0.917071009957,0.496765380807,1.13352992842,-0.327168640791
0.877917,0.674175580758,-0.939082544236,-0.673089179516,0.917128526492,0.497023876059,1.13377472922,-0.327906908232
0.887869,0.678419358121,-0.938168441712,-0.672973225237,0.916969953163,0.497427373981,1.13389518238,-0.328774565483
0.897822,0.682649842809,-0.937229512779,-0.673064602894,0.91679817554,0.497865369131,1.13412402236,-0.329665183071
0.907774,0.686870982458,-0.936254480694,-0.673362681562,0.916630456797,0.498331084302,1.13449293037,-0.330571246798
0.917727,0.69113105209,-0.935118775762,-0.67342307148,0.916575711455,0.498583936552,1.13508567766,-0.331771152223
0.927679,0.695379020576,-0.934128827661,-0.673303999211,0.916420286583,0.498782223256,1.13556835993,-0.3331360811
0.937632,0.699612676806,-0.93327745132,-0.673029248836,0.916158287766,0.498937604833,1.13594235413,-0.334657336921
0.947584,0.703793837641,-0.93239733886,-0.672990351168,0.915674264671,0.499220630654,1.13627896304,-0.336278946451
0.957537,0.708050483648,-0.931413079581,-0.673053466204,0.915333443965,0.499590438981,1.13696600852,-0.338062363902
0.967489,0.712384692605,-0.930368024923,-0.673182543309,0.915140820507,0.499998375642,1.13792889618,-0.339986110053
0.977442,0.716907443208,-0.929478802896,-0.673216693283,0.915315356153,0.500163685389,1.13900891668,-0.342080611038
0.987394,0.721409771227,-0.928729279294,-0.673259886017,0.915428364508,0.500258544661,1.13973888704,-0.344076862411
0.997347,0.725859217176,-0.928068553737,-0.67331746837,0.915488035812,0.500344872879,1.14030321693,-0.346003720575
1.007299,0.730089750701,-0.927441345412,-0.673423571089,0.915456632495,0.500608730866,1.14108856788,-0.347869773233
1.017252,0.734173007993,-0.926771676801,-0.673596788477,0.915430718498,0.50093713927,1.14188846184,-0.349758105425
1.027204,0.738200613429,-0.926072329007,-0.67379045547,0.915373586184,0.501265015403,1.14256876453,-0.351609086337
1.037157,0.742271667948,-0.925335514411,-0.673946314417,0.915192761601,0.501482459306,1.14278612559,-0.353285670558
1.047109,0.746491099169,-0.92454731217,-0.674141749833,0.915086581252,0.501636496196,1.14294312604,-0.354797647394
1.057062,0.750713617692,-0.923772385689,-0.674347468012,0.91504101843,0.501746164837,1.14317108226,-0.356236969336
1.067014,0.754806559004,-0.923080840963,-0.674544014825,0.915088810139,0.501795654372,1.14364558274,-0.357634215169
1.076967,0.758794475914,-0.922424026963,-0.674490415306,0.914977682558,0.501863333636,1.14458550547,-0.35876963225
1.086920,0.76277043109,-0.921715206337,-0.674373125453,0.914705138385,0.501961678993,1.14572039424,-0.359576801363
1.096872,0.766775596492,-0.920882368426,-0.674253477937,0.914183929945,0.502113397264,1.14701592184,-0.35984696323
1.106825,0.770644765153,-0.920028559865,-0.674412853959,0.91376166915,0.502155331707,1.14804344689,-0.359570768742
1.116777,0.774445803874,-0.91923930682,-0.674686952866,0.91344528537,0.502124840645,1.14891908845,-0.359269304463
1.126730,0.778174437257,-0.918558430699,-0.675069696783,0.913271256656,0.502008145414,1.14962397796,-0.359072616219
1.136682,0.781856064651,-0.918077933697,-0.675330908821,0.913285456392,0.501757039887,1.15006773611,-0.359387281574
1.146635,0.785493281748,-0.917613133426,-0.675500820765,0.913440817688,0.501476272433,1.15050030093,-0.360006490594
1.156587,0.789080171879,-0.91714444723,-0.675570205202,0.913751569005,0.501174041187,1.15094958259,-0.360948524336
1.166540,0.79235832045,-0.916436465474,-0.675844698296,0.913748659229,0.501028175525,1.15167587323,-0.361814396598
1.176492,0.795495237697,-0.915637178849,-0.676197299235,0.913597819276,0.500965618913,1.15227291513,-0.362319673253
1.186445,0.79850225339,-0.914754806458,-0.67661540928,0.913306750565,0.500983399489,1.15271885749,-0.362464536317
1.196397,0.801585739674,-0.913912588002,-0.676810270908,0.91296386902,0.501056502328,1.15269888156,-0.362539426506
1.206350,0.804544540885,-0.913114527855,-0.67688211709,0.912429741486,0.501170376737,1.15275541856,-0.362805524418
1.216302,0.807377310139,-0.912356489711,-0.676860503525,0.911731888921,0.501317065374,1.15289501282,-0.363202358317
1.226255,0.809922897428,-0.911650950855,-0.676884988747,0.91090914047,0.501468085289,1.15327182618,-0.363372529401
1.236207,0.812467238924,-0.910967968459,-0.676992638077,0.910379149423,0.501760671582,1.15358553967,-0.363560161603
1.246160,0.81501196379,-0.910289486333,-0.677126927773,0.910036871695,0.502184727557,1.15385243147,-0.363863835726
1.256112,0.817563682329,-0.909553025676,-0.677107743726,0.909717927384,0.50286425852,1.1540761183,-0.364797977629
1.266065,0.820105060934,-0.908872015943,-0.677051032529,0.909077899374,0.503495967494,1.15427781107,-0.36605483769
1.276018,0.822581214731,-0.908260182442,-0.67697310144,0.908312077547,0.504142226492,1.15447427544,-0.367437368323
1.285970,0.824816709168,-0.90781651164,-0.676883748189,0.907671584704,0.504940294589,1.15469287846,-0.368690877614
1.295923,0.826940524758,-0.907344837745,-0.676780293319,0.907187592333,0.505888010529,1.15518742751,-0.369716942785
1.305875,0.829115765636,-0.906815642193,-0.676741112742,0.906748570975,0.506897346493,1.15575466691,-0.370573099789
1.315828,0.831559763121,-0.906150411369,-0.676902790363,0.90627103182,0.507923636957,1.15623491297,-0.371183198334
1.325780,0.833899782602,-0.905626284707,-0.677081307394,0.905858884737,0.509136472601,1.15626932485,-0.371495072319
1.335733,0.836095475666,-0.905168616362,-0.67720111507,0.905460628403,0.510499385127,1.15621252798,-0.371762740725
1.345685,0.838038145938,-0.904771985173,-0.677182809462,0.905053768171,0.512078736034,1.15622201993,-0.372111416531
1.355638,0.840039943328,-0.904154478643,-0.677186708298,0.904363117796,0.513915344281,1.15650295227,-0.372497907568
1.365590,0.842012984504,-0.903526472675,-0.67729742029,0.90364893159,0.515822642744,1.15681554149,-0.372822024134
1.375543,0.843918705822,-0.902950387906,-0.677581887174,0.902984455559,0.517768402254,1.15709606038,-0.373028652629
1.385495,0.845628710175,-0.902390763389,-0.677858712075,0.902624557638,0.519716820976,1.15717540309,-0.373383931467
1.395448,0.847289672501,-0.90179843719,-0.678028688208,0.902213629476,0.521749542013,1.15725817825,-0.373889560512
1.405400,0.848914240562,-0.901160070192,-0.678057331466,0.901689538311,0.523894272177,1.15737533389,-0.374573634226
1.415353,0.850496027272,-0.900659813517,-0.678132682152,0.901065579604,0.525980037442,1.15774136815,-0.375190777051
1.425305,0.852013984827,-0.900180532029,-0.678291269482,0.900530380447,0.527841395228,1.15800468718,-0.375592407774
1.435258,0.85346401439,-0.899719106503,-0.678535496264,0.900095564323,0.529463563198,1.15814085716,-0.375765018757
1.445210,0.854750345331,-0.899409118837,-0.678760467386,0.899775813329,0.5307836891,1.15782215243,-0.375661377946
1.455163,0.856129944573,-0.899283536002,-0.67889205492,0.899438245733,0.532020630186,1.15745480528,-0.375704683988
1.465115,0.857602027685,-0.899302362388,-0.678941010486,0.899080535385,0.533152550959,1.15704822035,-0.375897720753
1.475068,0.859255358644,-0.899179761034,-0.678938054993,0.898656014175,0.533829862489,1.15666405045,-0.376428575597
1.485021,0.860714317428,-0.898800368199,-0.679062618708,0.898291737548,0.534156388299,1.15651366371,-0.376916333881
1.494973,0.862019909079,-0.898250994441,-0.679280015791,0.897991899067,0.534228371982,1.15657218053,-0.377344905274
1.504926,0.863164286643,-0.897709844823,-0.679550418901,0.897856591772,0.534160157467,1.15699024588,-0.377567053679
1.514878,0.86441394815,-0.897292216767,-0.679820573152,0.897587852809,0.534020245562,1.15741147201,-0.377801174488
1.524831,0.865723318088,-0.896948001279,-0.680098683574,0.897225409549,0.533808093338,1.15779522687,-0.378060223422
1.534783,0.8670536363,-0.896643100603,-0.680412248045,0.896757350661,0.533443211872,1.15800745389,-0.378401184211
1.544736,0.868256418646,-0.896402912336,-0.680560441642,0.896430310794,0.533252215136,1.15823386294,-0.37887930077
1.554688,0.869360777455,-0.896199828506,-0.680603067545,0.896170471955,0.533185708825,1.15846558972,-0.379296667618
1.564641,0.870317331148,-0.896031723029,-0.680522797844,0.895944283194,0.533290475235,1.15869620948,-0.37935359699
1.574593,0.871323230345,-0.895874292422,-0.680419624801,0.895571667326,0.533261670812,1.15885768548,-0.37930037558
1.584546,0.872353461368,-0.895663533654,-0.680443059493,0.895129456866,0.533166983165,1.1590058795,-0.379285504462
1.594498,0.873406351241,-0.895320962355,-0.680777746641,0.894626092582,0.533010913263,1.15917088533,-0.379436270986
1.604451,0.874368870916,-0.894917145798,-0.6812346782,0.894195107576,0.532897123654,1.15920796576,-0.379658494442
1.614403,0.875280324535,-0.894579083262,-0.681701381921,0.893823057432,0.532766269205,1.15925206852,-0.379966446656
1.624356,0.87613351436,-0.894382186543,-0.682140150026,0.893530134995,0.532588952279,1.15935645266,-0.380402099085
1.634308,0.876985588354,-0.894216474142,-0.682641111992,0.89340404223,0.532488130012,1.15954878438,-0.381076663782
1.644261,0.87790233753,-0.89400699526,-0.683008779274,0.893256784898,0.532507797911,1.15973960389,-0.381595572611
1.654213,0.878910727587,-0.89372995083,-0.683176649742,0.893049171359,0.532683859444,1.1599122416,-0.381850832697
1.664166,0.87979393702,-0.893545574348,-0.683136787763,0.892934043896,0.532814782567,1.15999813515,-0.381596776604
1.674118,0.880528452788,-0.89348917447,-0.683188885256,0.892990755838,0.532796153454,1.16006518295,-0.381451064772
1.684071,0.881104757719,-0.893569966516,-0.683358204712,0.893233851569,0.532612911815,1.16011699512,-0.381461439019
1.694024,0.88185979531,-0.893764896552,-0.683559417631,0.893124052026,0.532401253264,1.16004268319,-0.381632445467
1.703976,0.882650085595,-0.893994248068,-0.68371201005,0.892911443885,0.532321185111,1.15979482998,-0.381684996485
1.713929,0.883472235657,-0.894239897463,-0.683826828477,0.892615538937,0.532360730376,1.15939765878,-0.381659937712
1.723881,0.884301285786,-0.894247907899,-0.684033885864,0.892458190207,0.532437384239,1.15909061187,-0.382097533087
1.733834,0.885061988913,-0.894177831003,-0.684256624954,0.892264942978,0.532441155712,1.15889571587,-0.382617772816
1.743786,0.885751090229,-0.894073581022,-0.684487370511,0.892054534906,0.532395415967,1.15872789265,-0.38312539809
1.753739,0.88625993577,-0.894132541523,-0.684694203676,0.891907915369,0.532365484203,1.15815510516,-0.383082229178
1.763691,0.886685453604,-0.894332702462,-0.684703573404,0.891939356553,0.532318255979,1.15734063672,-0.382955108892
1.773644,0.887080403603,-0.894584712231,-0.68461607205,0.892070305361,0.532266447215,1.15641684966,-0.382845523479
1.783596,0.887551359393,-0.894708175345,-0.684590586366,0.892204081678,0.532238943368,1.1556136474,-0.383046114944
1.793549,0.887931591098,-0.894689900156,-0.684784594481,0.89217662295,0.532192110601,1.15489374976,-0.383204317963
1.803501,0.888359109699,-0.894601658732,-0.685053036041,0.892055576186,0.532137601374,1.15418399416,-0.3833341675
1.813454,0.889077447483,-0.894482295596,-0.685255208376,0.891851884779,0.532085141997,1.15338797378,-0.383429635895
1.823406,0.889861484776,-0.89464224622,-0.685436905824,0.891673251049,0.532008231459,1.15261617295,-0.383541193118
1.833359,0.89050407621,-0.894889467514,-0.685574157445,0.891550465594,0.531992680935,1.15187330971,-0.383757695028
1.843311,0.890740369429,-0.89513088747,-0.685616713043,0.891547207408,0.532150137508,1.15118336916,-0.384223657238
1.853264,0.89091922797,-0.895106944503,-0.685553847951,0.891461561503,0.532247114696,1.15052274088,-0.384661184575
1.863216,0.891160785128,-0.895001333827,-0.685453635717,0.891299826848,0.532248020703,1.14989089074,-0.384808377305
1.873169,0.891547621313,-0.894855192667,-0.68532792448,0.891028269937,0.532091227907,1.14930138526,-0.384411525239
1.883121,0.892055420628,-0.894953854465,-0.685423750983,0.890940217644,0.531953833381,1.14912090111,-0.384085783081
1.893074,0.892500258294,-0.895137745663,-0.685565672805,0.890943528184,0.531838296779,1.14913843052,-0.384043427121
1.903027,0.892823882958,-0.895395303261,-0.685727708764,0.891043271296,0.531751254006,1.14936245915,-0.384410413017
1.912979,0.893329842759,-0.895464193663,-0.685720324307,0.890895830247,0.531627260401,1.14958426276,-0.384727448082
1.922932,0.893869746324,-0.895507055778,-0.685789814186,0.890682329103,0.531492904237,1.14971362259,-0.385042984729
1.932884,0.894433302496,-0.895536243324,-0.685966068242,0.890412960917,0.53134961785,1.14973340865,-0.385361304821
1.942837,0.894857612812,-0.895539912498,-0.686197141688,0.890411059271,0.531414639209,1.14980453799,-0.385712375983
1.952789,0.895238568793,-0.895484277968,-0.68627109029,0.890408720688,0.531439883428,1.15005544403,-0.38589415567
1.962742,0.895571975928,-0.895370798353,-0.686190192736,0.890404103382,0.53142422333,1.15047084293,-0.385905508315
1.972694,0.895715348105,-0.895208513338,-0.685981992418,0.890439572482,0.531397714027,1.15078365466,-0.385691464804
1.982647,0.895816904397,-0.895193248784,-0.686039592108,0.890490006668,0.531398041134,1.1507983843,-0.385503795822
1.992599,0.895938167059,-0.895295468739,-0.686286092222,0.890532092327,0.531434548989,1.15059657762,-0.385384695931
2.002552,0.896519044269,-0.895462661151,-0.686438546105,0.890398026915,0.531615537823,1.15045799818,-0.385704689771
2.012504,0.896918087688,-0.895519614603,-0.686478349065,0.890390876971,0.531739034871,1.15056440851,-0.38598683357
2.022457,0.897186781596,-0.895502250684,-0.686480608443,0.890474180608,0.53177352262,1.15086741023,-0.386207729144
2.032409,0.897332636055,-0.895435669143,-0.686638535955,0.890640395752,0.531512812567,1.15144838093,-0.386220074256
2.042362,0.897509126853,-0.895329449671,-0.686506235576,0.89070511733,0.531273505093,1.15200498681,-0.386141052562
2.052314,0.897693698598,-0.895247187024,-0.686325805611,0.890719387614,0.531107181487,1.15245628956,-0.38612816128
2.062267,0.897856414408,-0.895319379807,-0.68645664459,0.890719235395,0.531172497177,1.15256242725,-0.386511295169
2.072219,0.89810482735,-0.895504201207,-0.686692397644,0.890626234393,0.531336300066,1.15277494242,-0.3868108859
2.082172,0.898404413998,-0.895732042556,-0.686947662654,0.89045630075,0.531451564151,1.15304276642,-0.386951700883
2.092124,0.89876173617,-0.895970709652,-0.687157820966,0.890166134129,0.531345030507,1.1533602103,-0.386743952439
2.102077,0.898963778683,-0.895799383193,-0.68741243751,0.890129095594,0.531220896055,1.15319952712,-0.386637814018
2.112030,0.899148226136,-0.89554984774,-0.68767353876,0.890106753262,0.531148403977,1.15289814237,-0.386706380325
2.121982,0.899376046118,-0.895349947136,-0.687925179007,0.889985126864,0.531190433684,1.15255349758,-0.387080042477
2.131935,0.899610867856,-0.895171836331,-0.687817472836,0.88991680973,0.531133839351,1.15215586491,-0.387221843511
2.141887,0.89988462488,-0.895011447543,-0.687617656711,0.88990348672,0.531058792508,1.15185075024,-0.387254685292
2.151840,0.900218531459,-0.894873498998,-0.687366529027,0.889963596953,0.530980536319,1.15170704374,-0.387175542759
2.161792,0.900470945435,-0.895079637387,-0.687259660607,0.889876244438,0.530971126802,1.15166346394,-0.38708949124
2.171745,0.900788133798,-0.895216496329,-0.687217160455,0.88982771919,0.530865248848,1.15158798436,-0.38697246263
2.181697,0.901196424045,-0.895225614421,-0.687238625285,0.889845433428,0.530629887358,1.15146056349,-0.386817277712
2.191650,0.901442939811,-0.89505990599,-0.687502631647,0.889842939481,0.530737887191,1.15129898276,-0.386950004873
2.201602,0.901666257519,-0.894951271947,-0.687761828017,0.889713559202,0.530988054504,1.15104728959,-0.387201304853
2.211555,0.90185920006,-0.89491074917,-0.688001470576,0.889467062746,0.531359100281,1.15071403407,-0.387549341495
2.221507,0.901646346472,-0.895070653697,-0.687982364746,0.889532543458,0.531349680798,1.15063732089,-0.387442860969
2.231460,0.90145551489,-0.895127548181,-0.687950645945,0.889671537592,0.531184056547,1.15060545166,-0.387265833618
2.241412,0.901320333747,-0.895093475471,-0.687916461533,0.889851590657,0.530932548773,1.15060408967,-0.387065766783
2.251365,0.901592040772,-0.894962470313,-0.687962918014,0.889846312364,0.531089352909,1.15054792284,-0.387218086074
2.261317,0.90186048309,-0.894926956847,-0.687850711946,0.88969222162,0.530966879685,1.15032364599,-0.387369626661
2.271270,0.902125528401,-0.894994177133,-0.687687252706,0.889470097142,0.530669093217,1.15000553785,-0.387510714331
2.281222,0.902382491264,-0.895318040527,-0.687814026357,0.889400412517,0.530371588497,1.14975778662,-0.387592018217
2.291175,0.902562984666,-0.895430662088,-0.688097378913,0.889450343841,0.530394777037,1.14948789979,-0.387618206693
2.301128,0.902664499564,-0.895487114278,-0.688420191977,0.889556165535,0.530545598613,1.14926682102,-0.387604296451
2.311080,0.902599785349,-0.895732383634,-0.688594352196,0.889651406847,0.530579212333,1.14928430371,-0.387537876821
2.321033,0.90291407467,-0.895757589562,-0.688433884297,0.889751279799,0.530498345292,1.14921510087,-0.387284139406
2.330985,0.903291977446,-0.895706949719,-0.688200630585,0.889793512152,0.530424947648,1.14898136731,-0.387037564313
2.340938,0.903445748834,-0.895674043731,-0.68811725117,0.889664242406,0.530496338486,1.14836561829,-0.387013281646
2.350890,0.90337618923,-0.895694235258,-0.688157102391,0.889424516785,0.53052938518,1.14812876773,-0.387133470784
2.360843,0.903301866097,-0.895708837009,-0.688231741015,0.889186583475,0.530505023471,1.14801755568,-0.387252482011
2.370795,0.90335004098,-0.89567964767,-0.688308952105,0.889018286473,0.530378223419,1.14795500378,-0.387282956556
2.380748,0.903243844404,-0.895634312533,-0.688670456258,0.889050638713,0.530427280989,1.14830527988,-0.387155079567
2.390700,0.903159522048,-0.895580730103,-0.688905727402,0.889140574553,0.530529129567,1.14872786894,-0.387050956688
2.400653,0.903160924111,-0.895518284959,-0.688837674729,0.889264651719,0.53066483106,1.14914258032,-0.387036995352
2.410605,0.903066993082,-0.895634932584,-0.688532340912,0.889272615987,0.530684021372,1.14909551629,-0.387568669671
2.420558,0.902999382637,-0.895584992635,-0.688269663886,0.889261544186,0.53068394847,1.14901963585,-0.388061100948
2.430510,0.902980989723,-0.895286403659,-0.688099015345,0.889242292872,0.5306754522,1.14897374469,-0.38842037326
2.440463,0.903085309553,-0.895202936175,-0.688314286071,0.889215604623,0.530659125171,1.14894603304,-0.388171789341
2.450415,0.903152748925,-0.895345651994,-0.688517124679,0.889145849946,0.530599521418,1.14907383907,-0.387949934819
2.460368,0.903174691596,-0.895714615304,-0.688686432693,0.889031580395,0.530495193333,1.14936215487,-0.387791254401
2.470320,0.90315323395,-0.895873694394,-0.688712859654,0.888967838738,0.530441016272,1.14942317554,-0.388050294596
2.480273,0.903206443085,-0.895794478382,-0.688730888936,0.888947239741,0.530429781841,1.14946026144,-0.388374971767
2.490225,0.903337218207,-0.895518662468,-0.688739884395,0.888958826019,0.530451022116,1.14946266852,-0.388736858962
2.500178,0.903658946377,-0.895295752104,-0.68872337266,0.888916522281,0.530424324781,1.14927627371,-0.388863924295
2.510131,0.904026075523,-0.895356783204,-0.688487001797,0.888966419875,0.530548110947,1.1489861169,-0.388830861627
2.520083,0.904376281786,-0.895567106792,-0.688131784592,0.889050215897,0.530750047472,1.14867962159,-0.388724951302
2.530036,0.904406643347,-0.895506306924,-0.687964490831,0.888947154504,0.530801707277,1.14873123805,-0.388848837094
2.539988,0.904385174719,-0.895456893109,-0.68820190219,0.888809123278,0.530727900885,1.14887881432,-0.388780908682
2.549941,0.90436059902,-0.895428812764,-0.688588796667,0.888694970301,0.530611374132,1.14900429503,-0.388611917443
2.559893,0.904440968066,-0.895468224453,-0.688705303407,0.888765512147,0.530594554691,1.14881337513,-0.388438603628
2.569846,0.904529635201,-0.895455961611,-0.688728204446,0.888809151459,0.530653206776,1.14873575672,-0.388492463487
2.579798,0.904619795764,-0.895417771929,-0.688643563753,0.888798462387,0.530706401398,1.14877460029,-0.388657249102
2.589751,0.904704264103,-0.89536319269,-0.68834037771,0.888651945626,0.530648464146,1.14903523761,-0.388884563138
2.599703,0.904712465991,-0.895367077553,-0.688436865897,0.888597553696,0.53049303734,1.14923977431,-0.388946234714
2.609656,0.904710454769,-0.895449354376,-0.688638810595,0.888576221313,0.530428273274,1.14938495183,-0.388864948692
2.619608,0.904737340381,-0.895674126143,-0.688810502503,0.888568336629,0.530642455789,1.1494304102,-0.388564613187
2.629561,0.904749806907,-0.895591005302,-0.688775957247,0.888642947756,0.530728742925,1.14970539724,-0.388697051819
2.639513,0.904680542911,-0.895576855587,-0.688710254275,0.888751818823,0.530717400629,1.15000944261,-0.388904934405
2.649466,0.904469533841,-0.895801517355,-0.688665272978,0.888891635204,0.530577955357,1.15028031334,-0.389087445051
2.659418,0.904574436739,-0.895890870478,-0.688698502535,0.888823951425,0.530632478486,1.15010140097,-0.389130528615
2.669371,0.904835883839,-0.895877406102,-0.688670118768,0.888742635137,0.530698895993,1.15012310409,-0.389025175254
2.679323,0.905261021836,-0.895743262724,-0.688540358899,0.888679898501,0.53074674502,1.15051048766,-0.388735397767
2.689276,0.905463497635,-0.895723898308,-0.688714114199,0.888702812251,0.53061505506,1.15074775161,-0.388485594947
2.699228,0.905509191605,-0.89571904362,-0.688870300118,0.888695199438,0.530530190764,1.15056476466,-0.388532322682
2.709181,0.905394230286,-0.895722657925,-0.688986162496,0.888647539737,0.53051002805,1.14992078826,-0.3889088077
