time,left_s0,left_s1,left_e0,left_e1,left_w0,left_w1,left_w2,left_gripper,right_s0,right_s1,right_e0,right_e1,right_w0,right_w1,right_w2,right_gripper
0.654270,-0.00498543756063,-0.555684540411,-0.00421844716668,0.745131167715,-0.00383495196971,1.2532623037,-0.00498543756063,0.0,0.54571366529,-0.972543819519,-0.727873883852,0.967174886762,0.570640853093,1.04694188773,-0.572941824275,96.0848312378
0.654375,-0.00498543756063,-0.555684540411,-0.00421844716668,0.745131167715,-0.00383495196971,1.2532623037,-0.00498543756063,0.0,0.54571366529,-0.972543819519,-0.727873883852,0.967174886762,0.570640853093,1.04694188773,-0.572941824275,96.0848312378
0.664444,-0.00575242795457,-0.555684540411,-0.00421844716668,0.744747672518,-0.00383495196971,1.2536457989,-0.00498543756063,0.0,0.547631141275,-0.972160324322,-0.728257379049,0.967174886762,0.57102434829,1.04770887813,-0.572174833881,96.0848312378
0.674468,-0.0053689327576,-0.555684540411,-0.00421844716668,0.744364177321,-0.00383495196971,1.2540292941,-0.0053689327576,0.0,0.551082598048,-0.972160324322,-0.727873883852,0.967174886762,0.570640853093,1.04809237332,-0.572558329078,96.0848312378
0.684501,-0.0053689327576,-0.555684540411,-0.00383495196971,0.745131167715,-0.00460194236366,1.2536457989,-0.00460194236366,0.0,0.554917550018,-0.971776829125,-0.727873883852,0.967174886762,0.57102434829,1.04847586852,-0.572174833881,96.0848312378
0.694486,-0.0053689327576,-0.555301045215,-0.00383495196971,0.745131167715,-0.00345145677274,1.25287880851,-0.00460194236366,0.0,0.557985511593,-0.972543819519,-0.727873883852,0.967941877156,0.570640853093,1.04847586852,-0.571791338684,96.0848312378
0.704443,-0.00575242795457,-0.554917550018,-0.00421844716668,0.744747672518,-0.00421844716668,1.2536457989,-0.00498543756063,0.0,0.561053473169,-0.972160324322,-0.727873883852,0.967941877156,0.570257357896,1.04694188773,-0.572941824275,96.0848312378
0.714443,-0.0053689327576,-0.554917550018,-0.00421844716668,0.744364177321,-0.00383495196971,1.2540292941,-0.00460194236366,0.0,0.565655415533,-0.972543819519,-0.727490388655,0.967558381959,0.570640853093,1.04809237332,-0.573708814669,96.0848312378
0.724454,-0.00498543756063,-0.555301045215,-0.00460194236366,0.744747672518,-0.00421844716668,1.2536457989,-0.00498543756063,0.0,0.569490367502,-0.972160324322,-0.728257379049,0.967174886762,0.570640853093,1.04770887813,-0.572174833881,96.0848312378
0.734482,-0.00460194236366,-0.554534054821,-0.00421844716668,0.744364177321,-0.00383495196971,1.2536457989,-0.00460194236366,0.0,0.572174833881,-0.972160324322,-0.727490388655,0.967174886762,0.571407843487,1.04847586852,-0.572174833881,96.0848312378
0.744433,-0.0053689327576,-0.554917550018,-0.00421844716668,0.745131167715,-0.00421844716668,1.2532623037,-0.00460194236366,0.0,0.575242795457,-0.972543819519,-0.728640874246,0.966791391565,0.57102434829,1.04694188773,-0.572941824275,96.0848312378
0.754439,-0.00575242795457,-0.554917550018,-0.00421844716668,0.745131167715,-0.00383495196971,1.2536457989,-0.00498543756063,0.0,0.579844737821,-0.971393333928,-0.727873883852,0.966791391565,0.570257357896,1.04770887813,-0.572174833881,96.0848312378
0.764471,-0.00575242795457,-0.555301045215,-0.00383495196971,0.743597186927,-0.00383495196971,1.2536457989,-0.00460194236366,0.0,0.584446680184,-0.972927314716,-0.728257379049,0.967174886762,0.570640853093,1.04770887813,-0.572941824275,96.0848312378
0.774432,-0.00498543756063,-0.555301045215,-0.00383495196971,0.744747672518,-0.00383495196971,1.2536457989,-0.00460194236366,0.0,0.586747651366,-0.972160324322,-0.727873883852,0.967941877156,0.569873862699,1.04770887813,-0.572941824275,96.0848312378
0.784478,-0.0053689327576,-0.555301045215,-0.00460194236366,0.744747672518,-0.00345145677274,1.2536457989,-0.00421844716668,0.0,0.590966098533,-0.972543819519,-0.727873883852,0.967941877156,0.57102434829,1.04770887813,-0.571791338684,96.0848312378
0.794481,-0.00498543756063,-0.555301045215,-0.00421844716668,0.744364177321,-0.00421844716668,1.2532623037,-0.00460194236366,0.0,0.5951845457,-0.972160324322,-0.727873883852,0.967941877156,0.57102434829,1.04770887813,-0.572558329078,96.0848312378
0.804465,-0.00498543756063,-0.555301045215,-0.00345145677274,0.744747672518,-0.00383495196971,1.2536457989,-0.00460194236366,0.0,0.598636002472,-0.972160324322,-0.727873883852,0.966791391565,0.569873862699,1.04655839253,-0.572174833881,96.0848312378
0.814475,-0.00498543756063,-0.555684540411,-0.00460194236366,0.744364177321,-0.00383495196971,1.2536457989,-0.00498543756063,0.0,0.601703964048,-0.972543819519,-0.727490388655,0.966791391565,0.569873862699,1.04847586852,-0.572174833881,96.0848312378
0.824479,-0.0053689327576,-0.554917550018,-0.00383495196971,0.744364177321,-0.00383495196971,1.25441278929,-0.00498543756063,0.0,0.605922411215,-0.971776829125,-0.727873883852,0.966791391565,0.570640853093,1.04770887813,-0.572174833881,96.0848312378
0.834467,-0.00460194236366,-0.555301045215,-0.00421844716668,0.744747672518,-0.00383495196971,1.2536457989,-0.00460194236366,0.0,0.609757363184,-0.972160324322,-0.727873883852,0.967558381959,0.570257357896,1.04809237332,-0.572174833881,96.0848312378
0.844474,-0.00498543756063,-0.554917550018,-0.00421844716668,0.745131167715,-0.00421844716668,1.2540292941,-0.00498543756063,0.0,0.614359305548,-0.971393333928,-0.727490388655,0.967174886762,0.570640853093,1.04809237332,-0.572558329078,96.0848312378
0.854473,-0.0053689327576,-0.554917550018,-0.00460194236366,0.74321369173,-0.00421844716668,1.25441278929,-0.00498543756063,0.0,0.618194257518,-0.971776829125,-0.727490388655,0.967174886762,0.570257357896,1.04809237332,-0.572941824275,96.0848312378
0.864469,-0.00498543756063,-0.555684540411,-0.00383495196971,0.744364177321,-0.00421844716668,1.2532623037,-0.0053689327576,0.0,0.621645714291,-0.972543819519,-0.727490388655,0.967558381959,0.570640853093,1.04770887813,-0.572558329078,96.0848312378
0.874495,-0.00575242795457,-0.555301045215,-0.00460194236366,0.744747672518,-0.00421844716668,1.2532623037,-0.00460194236366,0.0,0.62548066626,-0.972543819519,-0.727873883852,0.967558381959,0.569873862699,1.04809237332,-0.572174833881,96.0848312378
0.884470,-0.00460194236366,-0.555301045215,-0.00421844716668,0.744364177321,-0.00345145677274,1.2536457989,-0.00498543756063,0.0,0.628932123033,-0.972160324322,-0.727873883852,0.967558381959,0.570257357896,1.04694188773,-0.571791338684,96.0848312378
0.894507,-0.0053689327576,-0.555301045215,-0.00421844716668,0.744747672518,-0.00383495196971,1.2536457989,-0.00498543756063,0.0,0.632767075003,-0.972543819519,-0.727490388655,0.967558381959,0.570257357896,1.04809237332,-0.572174833881,96.0848312378
0.904499,-0.0053689327576,-0.555301045215,-0.00421844716668,0.744747672518,-0.00383495196971,1.2536457989,-0.00460194236366,0.0,0.636985522169,-0.972543819519,-0.727873883852,0.966791391565,0.569873862699,1.04809237332,-0.572941824275,96.0848312378
0.914470,-0.00575242795457,-0.554917550018,-0.00383495196971,0.744747672518,-0.00460194236366,1.2536457989,-0.00460194236366,0.0,0.640820474139,-0.972160324322,-0.727873883852,0.967558381959,0.571407843487,1.04809237332,-0.573325319472,96.0848312378
0.924474,-0.0053689327576,-0.555301045215,-0.00421844716668,0.744364177321,-0.00383495196971,1.2536457989,-0.0053689327576,0.0,0.644271930912,-0.972160324322,-0.727490388655,0.967174886762,0.570257357896,1.04885936372,-0.572174833881,96.0848312378
0.934499,-0.00613592315154,-0.555301045215,-0.00460194236366,0.744364177321,-0.00345145677274,1.2532623037,-0.00460194236366,0.0,0.648490378079,-0.972543819519,-0.728257379049,0.967941877156,0.569106872305,1.04809237332,-0.572558329078,96.0848312378
0.944497,-0.00575242795457,-0.555301045215,-0.00383495196971,0.744747672518,-0.00383495196971,1.2536457989,-0.00460194236366,0.0,0.652708825245,-0.972160324322,-0.727490388655,0.967558381959,0.569106872305,1.04885936372,-0.572174833881,96.0848312378
0.954475,-0.0053689327576,-0.556068035608,-0.00421844716668,0.744747672518,-0.00383495196971,1.2536457989,-0.00421844716668,0.0,0.656543777215,-0.972160324322,-0.728640874246,0.967941877156,0.57102434829,1.04847586852,-0.572174833881,96.0848312378
0.964464,-0.0053689327576,-0.555301045215,-0.00460194236366,0.744364177321,-0.00383495196971,1.2532623037,-0.00460194236366,0.0,0.659995233988,-0.972160324322,-0.727106893458,0.968325372353,0.569873862699,1.04885936372,-0.572558329078,96.0848312378
0.974471,-0.0053689327576,-0.555684540411,-0.00383495196971,0.744747672518,-0.00460194236366,1.2540292941,-0.00498543756063,0.0,0.663830185957,-0.972160324322,-0.727873883852,0.967558381959,0.570257357896,1.04885936372,-0.572558329078,96.0848312378
0.984467,-0.0053689327576,-0.555301045215,-0.00383495196971,0.744364177321,-0.00421844716668,1.2532623037,-0.00460194236366,0.0,0.66728164273,-0.972160324322,-0.727873883852,0.967174886762,0.569873862699,1.04924285891,-0.571791338684,96.0848312378
0.994470,-0.00498543756063,-0.554917550018,-0.00421844716668,0.74321369173,-0.00345145677274,1.2536457989,-0.00498543756063,0.0,0.671500089897,-0.971776829125,-0.727873883852,0.967174886762,0.570640853093,1.04924285891,-0.572558329078,96.0848312378
1.004452,-0.00460194236366,-0.556451530805,-0.00460194236366,0.744364177321,-0.00383495196971,1.2532623037,-0.00498543756063,0.0,0.675335041867,-0.972160324322,-0.728640874246,0.967941877156,0.570257357896,1.04924285891,-0.572174833881,96.0848312378
1.014609,-0.00575242795457,-0.554917550018,-0.00421844716668,0.744747672518,-0.00460194236366,1.2532623037,-0.00498543756063,0.0,0.678786498639,-0.971393333928,-0.728640874246,0.967558381959,0.570640853093,1.04924285891,-0.572941824275,96.0848312378
1.024462,-0.0053689327576,-0.555684540411,-0.00421844716668,0.744747672518,-0.00421844716668,1.2532623037,-0.00460194236366,0.0,0.682237955412,-0.972543819519,-0.727490388655,0.968325372353,0.570257357896,1.04924285891,-0.572558329078,96.0848312378
1.034460,-0.00498543756063,-0.554917550018,-0.00460194236366,0.744747672518,-0.00345145677274,1.2532623037,-0.0053689327576,0.0,0.685689412185,-0.972160324322,-0.727490388655,0.967941877156,0.570640853093,1.0503933445,-0.572558329078,96.0848312378
1.044477,-0.00613592315154,-0.555301045215,-0.00460194236366,0.745514662912,-0.00383495196971,1.2540292941,-0.0053689327576,0.0,0.689524364154,-0.971776829125,-0.727873883852,0.967174886762,0.569873862699,1.0503933445,-0.572941824275,96.0848312378
1.054489,-0.0053689327576,-0.555684540411,-0.00421844716668,0.744747672518,-0.00383495196971,1.2540292941,-0.00498543756063,0.0,0.692975820927,-0.972160324322,-0.727490388655,0.966791391565,0.569106872305,1.0515438301,-0.572174833881,96.0848312378
1.064502,-0.0053689327576,-0.555301045215,-0.00383495196971,0.744364177321,-0.00421844716668,1.25441278929,-0.00498543756063,0.0,0.697194268094,-0.971393333928,-0.727490388655,0.967174886762,0.569873862699,1.05384480128,-0.571791338684,96.0848312378
1.074483,-0.00421844716668,-0.554917550018,-0.00498543756063,0.745131167715,-0.00421844716668,1.2536457989,-0.00421844716668,0.0,0.701029220064,-0.971776829125,-0.728257379049,0.966791391565,0.569106872305,1.05384480128,-0.572174833881,96.0848312378
1.084477,-0.00498543756063,-0.555301045215,-0.00421844716668,0.744747672518,-0.00383495196971,1.2536457989,-0.00460194236366,0.0,0.703713686442,-0.971393333928,-0.727873883852,0.967174886762,0.569873862699,1.05652926766,-0.573325319472,96.0848312378
1.094466,-0.00498543756063,-0.555684540411,-0.00383495196971,0.744747672518,-0.00383495196971,1.2532623037,-0.00498543756063,0.0,0.707165143215,-0.971393333928,-0.727490388655,0.967558381959,0.570257357896,1.05729625805,-0.572941824275,96.0848312378
1.104486,-0.00575242795457,-0.555301045215,-0.00421844716668,0.744747672518,-0.00383495196971,1.2536457989,-0.00421844716668,0.0,0.710616599988,-0.972160324322,-0.728257379049,0.968325372353,0.569106872305,1.05806324844,-0.572174833881,96.0848312378
1.114501,-0.0053689327576,-0.555301045215,-0.00460194236366,0.744747672518,-0.00345145677274,1.2540292941,-0.0053689327576,0.0,0.714451551958,-0.971776829125,-0.727873883852,0.96870886755,0.569106872305,1.06113121002,-0.572558329078,96.0848312378
1.124464,-0.00575242795457,-0.554534054821,-0.00460194236366,0.744364177321,-0.00421844716668,1.2536457989,-0.0053689327576,0.0,0.71790300873,-0.972160324322,-0.727873883852,0.967174886762,0.570257357896,1.06189820041,-0.572174833881,96.0848312378
1.134503,-0.00575242795457,-0.555301045215,-0.00498543756063,0.744747672518,-0.00421844716668,1.25441278929,-0.00460194236366,0.0,0.720970970306,-0.971776829125,-0.727490388655,0.967941877156,0.570640853093,1.06228169561,-0.571791338684,96.0848312378
1.144501,-0.0053689327576,-0.555301045215,-0.00460194236366,0.744747672518,-0.00383495196971,1.25287880851,-0.00460194236366,0.0,0.723271941488,-0.971393333928,-0.727106893458,0.967941877156,0.569490367502,1.06458266679,-0.572174833881,96.0848312378
1.154480,-0.0053689327576,-0.555301045215,-0.00421844716668,0.745514662912,-0.00383495196971,1.2536457989,-0.00460194236366,0.0,0.727106893458,-0.971393333928,-0.727490388655,0.967558381959,0.570257357896,1.06611664758,-0.572174833881,96.0848312378
1.164475,-0.0053689327576,-0.556068035608,-0.00421844716668,0.745131167715,-0.00421844716668,1.2540292941,-0.00498543756063,0.0,0.73055835023,-0.972927314716,-0.727873883852,0.967558381959,0.570640853093,1.06726713317,-0.572174833881,96.0848312378
1.174505,-0.0053689327576,-0.556068035608,-0.00383495196971,0.744747672518,-0.00383495196971,1.2540292941,-0.00498543756063,0.0,0.733626311806,-0.972160324322,-0.727490388655,0.967558381959,0.570257357896,1.06841761876,-0.572558329078,96.0848312378
1.184494,-0.00575242795457,-0.555301045215,-0.00345145677274,0.744747672518,-0.00383495196971,1.25287880851,-0.00421844716668,0.0,0.736694273382,-0.972543819519,-0.727490388655,0.967941877156,0.569873862699,1.06995159955,-0.571791338684,96.0848312378
1.194473,-0.0053689327576,-0.555684540411,-0.00383495196971,0.744364177321,-0.00345145677274,1.2532623037,-0.00460194236366,0.0,0.740912720549,-0.972160324322,-0.727490388655,0.966791391565,0.569490367502,1.07033509475,-0.572174833881,96.0848312378
1.204478,-0.0053689327576,-0.556068035608,-0.00498543756063,0.744364177321,-0.00345145677274,1.2536457989,-0.00460194236366,0.0,0.744747672518,-0.973310809913,-0.727873883852,0.967558381959,0.570640853093,1.07225257073,-0.571791338684,96.0848312378
1.214487,-0.0053689327576,-0.555684540411,-0.00460194236366,0.744364177321,-0.00383495196971,1.2532623037,-0.00460194236366,0.0,0.747432138897,-0.973310809913,-0.727490388655,0.967941877156,0.569873862699,1.07340305632,-0.573325319472,96.0848312378
1.224475,-0.0053689327576,-0.555301045215,-0.00421844716668,0.744747672518,-0.00421844716668,1.2536457989,-0.00460194236366,0.0,0.75088359567,-0.972543819519,-0.727873883852,0.967941877156,0.570640853093,1.07225257073,-0.571791338684,96.0848312378
1.234499,-0.00498543756063,-0.555301045215,-0.00421844716668,0.744364177321,-0.00421844716668,1.2536457989,-0.00460194236366,0.0,0.753568062049,-0.972160324322,-0.727873883852,0.967941877156,0.57102434829,1.07301956113,-0.572941824275,96.0848312378
1.244509,-0.00575242795457,-0.554917550018,-0.00460194236366,0.744364177321,-0.00383495196971,1.2532623037,-0.00498543756063,0.0,0.756252528428,-0.972543819519,-0.727490388655,0.969475857944,0.570257357896,1.07455354191,-0.572174833881,96.0848312378
1.254492,-0.00498543756063,-0.555684540411,-0.00383495196971,0.743597186927,-0.00383495196971,1.2536457989,-0.00460194236366,0.0,0.760470975594,-0.972927314716,-0.727873883852,0.96870886755,0.571407843487,1.07493703711,-0.571791338684,96.0848312378
1.264480,-0.00575242795457,-0.554917550018,-0.00460194236366,0.744747672518,-0.00345145677274,1.25441278929,-0.00460194236366,0.0,0.76353893717,-0.972160324322,-0.727490388655,0.969092362747,0.570640853093,1.07455354191,-0.571791338684,96.0848312378
1.274482,-0.0053689327576,-0.555301045215,-0.00383495196971,0.744747672518,-0.00383495196971,1.2536457989,-0.00460194236366,0.0,0.766990393943,-0.973310809913,-0.727490388655,0.969092362747,0.570257357896,1.07493703711,-0.572558329078,96.0848312378
1.284474,-0.0053689327576,-0.555684540411,-0.00421844716668,0.744364177321,-0.00383495196971,1.2536457989,-0.00460194236366,0.0,0.770058355518,-0.972543819519,-0.728257379049,0.969859353141,0.57102434829,1.07493703711,-0.572941824275,96.0848312378
1.294473,-0.00575242795457,-0.556068035608,-0.00460194236366,0.744364177321,-0.00383495196971,1.2536457989,-0.00498543756063,0.0,0.773509812291,-0.972543819519,-0.727873883852,0.971393333928,0.57102434829,1.07493703711,-0.572558329078,96.0848312378
1.304547,-0.00575242795457,-0.555301045215,-0.00421844716668,0.744747672518,-0.00421844716668,1.2532623037,-0.00498543756063,0.0,0.776961269064,-0.972927314716,-0.727873883852,0.971393333928,0.570640853093,1.07378655152,-0.572558329078,96.0848312378
1.314462,-0.00498543756063,-0.554917550018,-0.00460194236366,0.744364177321,-0.00421844716668,1.2532623037,-0.0053689327576,0.0,0.778878745049,-0.972543819519,-0.727873883852,0.971393333928,0.571407843487,1.07532053231,-0.572941824275,96.0848312378
1.324476,-0.0053689327576,-0.554917550018,-0.00383495196971,0.744747672518,-0.00421844716668,1.2536457989,-0.00460194236366,0.0,0.783097192216,-0.973310809913,-0.728257379049,0.971393333928,0.571407843487,1.07532053231,-0.572558329078,96.0848312378
1.334500,-0.0053689327576,-0.555301045215,-0.00383495196971,0.744747672518,-0.00345145677274,1.2536457989,-0.00460194236366,0.0,0.785781658594,-0.972543819519,-0.728257379049,0.971776829125,0.57102434829,1.07455354191,-0.572174833881,96.0848312378
1.344469,-0.00575242795457,-0.555301045215,-0.00460194236366,0.745131167715,-0.00460194236366,1.2536457989,-0.00460194236366,0.0,0.788082629776,-0.972543819519,-0.728640874246,0.973310809913,0.57102434829,1.07493703711,-0.572558329078,96.0848312378
1.354542,-0.00498543756063,-0.555684540411,-0.00421844716668,0.744747672518,-0.00383495196971,1.2532623037,-0.0053689327576,0.0,0.791917581746,-0.972543819519,-0.727490388655,0.973310809913,0.571407843487,1.07417004672,-0.572558329078,96.0848312378
1.364477,-0.00498543756063,-0.555301045215,-0.00460194236366,0.745131167715,-0.00383495196971,1.2532623037,-0.00460194236366,0.0,0.795369038519,-0.972927314716,-0.727490388655,0.974461295504,0.57102434829,1.07455354191,-0.572174833881,96.0848312378
1.374484,-0.0053689327576,-0.555301045215,-0.00383495196971,0.744364177321,-0.00383495196971,1.2540292941,-0.00460194236366,0.0,0.798437000094,-0.972160324322,-0.727490388655,0.974461295504,0.571407843487,1.07378655152,-0.572174833881,96.0848312378
1.384501,-0.00498543756063,-0.555301045215,-0.00421844716668,0.744364177321,-0.00383495196971,1.25287880851,-0.00460194236366,0.0,0.801888456867,-0.972927314716,-0.728640874246,0.974844790701,0.57102434829,1.07417004672,-0.572174833881,96.0848312378
1.394460,-0.0053689327576,-0.555301045215,-0.00498543756063,0.743597186927,-0.00383495196971,1.2532623037,-0.00498543756063,0.0,0.804956418443,-0.972543819519,-0.727873883852,0.975995276292,0.571407843487,1.07378655152,-0.572941824275,96.0848312378
1.404482,-0.0053689327576,-0.556068035608,-0.00383495196971,0.743597186927,-0.00345145677274,1.2536457989,-0.00460194236366,0.0,0.807640884822,-0.971776829125,-0.728640874246,0.975995276292,0.570640853093,1.07493703711,-0.572174833881,96.0848312378
1.414499,-0.0053689327576,-0.555301045215,-0.00421844716668,0.745131167715,-0.00345145677274,1.2536457989,-0.00460194236366,0.0,0.810708846397,-0.971776829125,-0.727873883852,0.975995276292,0.57102434829,1.07493703711,-0.572558329078,96.0848312378
1.424504,-0.0053689327576,-0.554917550018,-0.00460194236366,0.744747672518,-0.00421844716668,1.2536457989,-0.00421844716668,0.0,0.812626322382,-0.972160324322,-0.727873883852,0.976378771489,0.570640853093,1.07532053231,-0.572558329078,96.0848312378
1.434508,-0.0053689327576,-0.555684540411,-0.00460194236366,0.745131167715,-0.00383495196971,1.2532623037,-0.00460194236366,0.0,0.816461274352,-0.972160324322,-0.727490388655,0.977145761883,0.570257357896,1.07532053231,-0.571791338684,96.0848312378
1.444473,-0.00498543756063,-0.555684540411,-0.00345145677274,0.744747672518,-0.00383495196971,1.2532623037,-0.00460194236366,0.0,0.818762245534,-0.971776829125,-0.727106893458,0.977912752277,0.570640853093,1.07417004672,-0.572941824275,96.0848312378
1.454488,-0.0053689327576,-0.555301045215,-0.00421844716668,0.744747672518,-0.00383495196971,1.25441278929,-0.00460194236366,0.0,0.822213702307,-0.972160324322,-0.727873883852,0.977912752277,0.571407843487,1.07532053231,-0.571791338684,96.0848312378
1.464472,-0.00498543756063,-0.554917550018,-0.00421844716668,0.744364177321,-0.00421844716668,1.2536457989,-0.00498543756063,0.0,0.824898168685,-0.971776829125,-0.727106893458,0.97752925708,0.57102434829,1.0757040275,-0.571791338684,96.0848312378
1.474465,-0.00498543756063,-0.555301045215,-0.00421844716668,0.744364177321,-0.00383495196971,1.2532623037,-0.00421844716668,0.0,0.828349625458,-0.972927314716,-0.727106893458,0.979063237868,0.570640853093,1.07532053231,-0.571791338684,96.0848312378
1.484508,-0.0053689327576,-0.555301045215,-0.00460194236366,0.745131167715,-0.00345145677274,1.2540292941,-0.00498543756063,0.0,0.829883606246,-0.971393333928,-0.727490388655,0.979063237868,0.571407843487,1.0757040275,-0.573325319472,96.0848312378
1.494481,-0.0053689327576,-0.555684540411,-0.00383495196971,0.744364177321,-0.00421844716668,1.2536457989,-0.00498543756063,0.0,0.832951567822,-0.972927314716,-0.727873883852,0.979063237868,0.57102434829,1.07532053231,-0.572558329078,96.0848312378
1.504505,-0.0053689327576,-0.556068035608,-0.00421844716668,0.744747672518,-0.00383495196971,1.2540292941,-0.00498543756063,0.0,0.835252539004,-0.972543819519,-0.727490388655,0.980213723459,0.57102434829,1.0757040275,-0.572174833881,96.0848312378
1.514475,-0.0053689327576,-0.555301045215,-0.00421844716668,0.744364177321,-0.00460194236366,1.2536457989,-0.00498543756063,0.0,0.838320500579,-0.972543819519,-0.727106893458,0.980980713853,0.57102434829,1.07532053231,-0.573708814669,96.0848312378
1.524468,-0.00498543756063,-0.556068035608,-0.00498543756063,0.744747672518,-0.00383495196971,1.2536457989,-0.00498543756063,0.0,0.841004966958,-0.972927314716,-0.727873883852,0.980980713853,0.57102434829,1.07493703711,-0.572174833881,96.0848312378
1.534500,-0.0053689327576,-0.555684540411,-0.00498543756063,0.744364177321,-0.00345145677274,1.2532623037,-0.00460194236366,0.0,0.843689433337,-0.972160324322,-0.727873883852,0.980213723459,0.570640853093,1.0757040275,-0.572174833881,96.0848312378
1.544509,-0.0053689327576,-0.555301045215,-0.00460194236366,0.744364177321,-0.00421844716668,1.2536457989,-0.00498543756063,0.0,0.846373899716,-0.972160324322,-0.727873883852,0.980980713853,0.570640853093,1.07532053231,-0.572174833881,96.0848312378
1.554504,-0.00498543756063,-0.555301045215,-0.00460194236366,0.743597186927,-0.00345145677274,1.2536457989,-0.00498543756063,0.0,0.848674870898,-0.971776829125,-0.727490388655,0.98136420905,0.570640853093,1.07532053231,-0.573325319472,96.0848312378
1.564481,-0.00575242795457,-0.555684540411,-0.00383495196971,0.744747672518,-0.00383495196971,1.2540292941,-0.00498543756063,0.0,0.850592346882,-0.971776829125,-0.727106893458,0.982131199444,0.570640853093,1.07493703711,-0.572558329078,96.0848312378
1.574472,-0.0053689327576,-0.555301045215,-0.00460194236366,0.745514662912,-0.00421844716668,1.2536457989,-0.00498543756063,0.0,0.852893318064,-0.972160324322,-0.727106893458,0.981747704247,0.570640853093,1.07532053231,-0.572558329078,96.0848312378
1.584500,-0.00460194236366,-0.555684540411,-0.00383495196971,0.744747672518,-0.00383495196971,1.2532623037,-0.00421844716668,0.0,0.855577784443,-0.972160324322,-0.728257379049,0.98136420905,0.570257357896,1.07417004672,-0.572174833881,96.0848312378
1.594483,-0.0053689327576,-0.555301045215,-0.00460194236366,0.744364177321,-0.00383495196971,1.2536457989,-0.00498543756063,0.0,0.858645746019,-0.972160324322,-0.727873883852,0.981747704247,0.57102434829,1.0760875227,-0.572558329078,96.0848312378
1.604501,-0.00498543756063,-0.555301045215,-0.00460194236366,0.744364177321,-0.00421844716668,1.2536457989,-0.00498543756063,0.0,0.860563222004,-0.971393333928,-0.727106893458,0.981747704247,0.570640853093,1.0757040275,-0.572174833881,96.0848312378
1.614484,-0.0053689327576,-0.555684540411,-0.00460194236366,0.745131167715,-0.00383495196971,1.2532623037,-0.0053689327576,0.0,0.862864193186,-0.972160324322,-0.727490388655,0.980597218656,0.569106872305,1.0757040275,-0.572174833881,96.0848312378
1.624475,-0.0053689327576,-0.554917550018,-0.00421844716668,0.744364177321,-0.00421844716668,1.2532623037,-0.00498543756063,0.0,0.865165164367,-0.972543819519,-0.727873883852,0.982131199444,0.569106872305,1.0764710179,-0.572558329078,96.0848312378
1.634482,-0.00575242795457,-0.555684540411,-0.00460194236366,0.744747672518,-0.00383495196971,1.2536457989,-0.00498543756063,0.0,0.867466135549,-0.972160324322,-0.728257379049,0.98136420905,0.569490367502,1.0760875227,-0.572558329078,96.0848312378
1.644500,-0.0053689327576,-0.554917550018,-0.00498543756063,0.744747672518,-0.00460194236366,1.2540292941,-0.00460194236366,0.0,0.869000116337,-0.972160324322,-0.727873883852,0.981747704247,0.570640853093,1.0768545131,-0.572174833881,96.0848312378
1.654475,-0.0053689327576,-0.554917550018,-0.00421844716668,0.744747672518,-0.00306796157577,1.2536457989,-0.00498543756063,0.0,0.870534097125,-0.972160324322,-0.727490388655,0.98136420905,0.569873862699,1.0768545131,-0.572941824275,96.0848312378
1.664471,-0.0053689327576,-0.555301045215,-0.00345145677274,0.745131167715,-0.00383495196971,1.25287880851,-0.00421844716668,0.0,0.872835068307,-0.972160324322,-0.728257379049,0.98136420905,0.568723377109,1.0768545131,-0.572174833881,96.0848312378
1.674471,-0.00575242795457,-0.554917550018,-0.00383495196971,0.744747672518,-0.00345145677274,1.2536457989,-0.00460194236366,0.0,0.874369049095,-0.971776829125,-0.727490388655,0.98136420905,0.569490367502,1.07762150349,-0.572558329078,96.0848312378
1.684478,-0.0053689327576,-0.554917550018,-0.00460194236366,0.745131167715,-0.00383495196971,1.25287880851,-0.00421844716668,0.0,0.87628652508,-0.972543819519,-0.727490388655,0.98136420905,0.568723377109,1.07762150349,-0.572558329078,96.0848312378
1.694489,-0.00498543756063,-0.554917550018,-0.00383495196971,0.745131167715,-0.00383495196971,1.2532623037,-0.00460194236366,0.0,0.877820505867,-0.971776829125,-0.727106893458,0.981747704247,0.569873862699,1.07838849388,-0.572558329078,96.0848312378
1.704508,-0.00575242795457,-0.555301045215,-0.00460194236366,0.743597186927,-0.00383495196971,1.2536457989,-0.00421844716668,0.0,0.880504972246,-0.971776829125,-0.726723398261,0.982131199444,0.569490367502,1.0764710179,-0.572174833881,96.0848312378
1.714503,-0.00498543756063,-0.555301045215,-0.00460194236366,0.744364177321,-0.00383495196971,1.2536457989,-0.00498543756063,0.0,0.882038953034,-0.971393333928,-0.727490388655,0.982131199444,0.569873862699,1.07762150349,-0.572558329078,96.0848312378
1.724492,-0.0053689327576,-0.555684540411,-0.00460194236366,0.744747672518,-0.00421844716668,1.2532623037,-0.00460194236366,0.0,0.883189438625,-0.971393333928,-0.726723398261,0.982131199444,0.570640853093,1.07838849388,-0.572941824275,96.0848312378
1.734474,-0.00498543756063,-0.554917550018,-0.00498543756063,0.745131167715,-0.00383495196971,1.2536457989,-0.00460194236366,0.0,0.884723419413,-0.972160324322,-0.726339903064,0.982514694641,0.569873862699,1.0768545131,-0.572941824275,96.0848312378
1.744466,-0.00498543756063,-0.555684540411,-0.00421844716668,0.744364177321,-0.00345145677274,1.2536457989,-0.00498543756063,0.0,0.886257400201,-0.971776829125,-0.727106893458,0.982514694641,0.569490367502,1.07762150349,-0.573325319472,96.0848312378
1.754494,-0.00613592315154,-0.555301045215,-0.00421844716668,0.744364177321,-0.00421844716668,1.2540292941,-0.00498543756063,0.0,0.887791380989,-0.972160324322,-0.726723398261,0.982514694641,0.569490367502,1.07762150349,-0.572941824275,96.0848312378
1.764477,-0.0053689327576,-0.554917550018,-0.00421844716668,0.744364177321,-0.00421844716668,1.2540292941,-0.00460194236366,0.0,0.889325361777,-0.972160324322,-0.726723398261,0.983281685035,0.569873862699,1.07800499869,-0.572941824275,96.0848312378
1.776343,-0.00575242795457,-0.555684540411,-0.00383495196971,0.744364177321,-0.00383495196971,1.2536457989,-0.00421844716668,0.0,0.891242837761,-0.972543819519,-0.726723398261,0.983665180232,0.570640853093,1.07877198908,-0.572941824275,96.0848312378
1.784429,-0.00498543756063,-0.555301045215,-0.00421844716668,0.745514662912,-0.00383495196971,1.2536457989,-0.0053689327576,0.0,0.892776818549,-0.971776829125,-0.726723398261,0.984048675428,0.570257357896,1.07800499869,-0.572941824275,96.0848312378
1.794496,-0.00575242795457,-0.555301045215,-0.00498543756063,0.744364177321,-0.00383495196971,1.2536457989,-0.00460194236366,0.0,0.893160313746,-0.971776829125,-0.72557291267,0.985199161019,0.57102434829,1.07800499869,-0.573708814669,96.0848312378
1.804433,-0.00498543756063,-0.555301045215,-0.00421844716668,0.745131167715,-0.00383495196971,1.2536457989,-0.00460194236366,0.0,0.895461284928,-0.972160324322,-0.726339903064,0.985199161019,0.570257357896,1.07723800829,-0.574092309866,96.0848312378
1.814481,-0.00498543756063,-0.555301045215,-0.00421844716668,0.744364177321,-0.00383495196971,1.2532623037,-0.00498543756063,0.0,0.896611770519,-0.972160324322,-0.726339903064,0.98634964661,0.570640853093,1.07953897947,-0.574092309866,96.0848312378
1.824440,-0.0053689327576,-0.554917550018,-0.00460194236366,0.744747672518,-0.00383495196971,1.2532623037,-0.00460194236366,0.0,0.897378760913,-0.971776829125,-0.725956407867,0.98634964661,0.571791338684,1.07877198908,-0.576393281048,96.0848312378
1.834440,-0.00498543756063,-0.555301045215,-0.00421844716668,0.745131167715,-0.00421844716668,1.2536457989,-0.00498543756063,0.0,0.899679732095,-0.972543819519,-0.726339903064,0.986733141807,0.570640853093,1.07992247467,-0.576776776245,96.0848312378
1.844441,-0.00575242795457,-0.555684540411,-0.00421844716668,0.744364177321,-0.00383495196971,1.2532623037,-0.00460194236366,0.0,0.900830217686,-0.971393333928,-0.726339903064,0.987116637004,0.572558329078,1.07953897947,-0.576776776245,96.0848312378
1.854438,-0.0053689327576,-0.555684540411,-0.00460194236366,0.744364177321,-0.00345145677274,1.2536457989,-0.00421844716668,0.0,0.90159720808,-0.971393333928,-0.726339903064,0.988650617792,0.571791338684,1.08107296026,-0.577927261836,96.0848312378
1.864491,-0.00498543756063,-0.555301045215,-0.00421844716668,0.744747672518,-0.00421844716668,1.2532623037,-0.00498543756063,0.0,0.902364198474,-0.971393333928,-0.72557291267,0.99018459858,0.572174833881,1.08145645546,-0.579461242624,96.0848312378
1.874445,-0.0053689327576,-0.555301045215,-0.00421844716668,0.745131167715,-0.00421844716668,1.2536457989,-0.00460194236366,0.0,0.903131188868,-0.972543819519,-0.72557291267,0.989801103383,0.571791338684,1.08145645546,-0.580611728215,96.0848312378
1.884453,-0.00575242795457,-0.555301045215,-0.00421844716668,0.745131167715,-0.00383495196971,1.2540292941,-0.0053689327576,0.0,0.905815655246,-0.971776829125,-0.725189417473,0.990951588974,0.570640853093,1.08107296026,-0.581762213806,96.0848312378
1.894428,-0.0053689327576,-0.555301045215,-0.00460194236366,0.744747672518,-0.00421844716668,1.2536457989,-0.00498543756063,0.0,0.905432160049,-0.972160324322,-0.724805922276,0.992485569762,0.571791338684,1.08030596987,-0.582912699396,96.0848312378
1.904447,-0.0053689327576,-0.555301045215,-0.00460194236366,0.744747672518,-0.00345145677274,1.2532623037,-0.00421844716668,0.0,0.907349636034,-0.972160324322,-0.724805922276,0.993636055353,0.571791338684,1.07953897947,-0.58367968979,96.0848312378
1.914437,-0.00498543756063,-0.555684540411,-0.00421844716668,0.744364177321,-0.00383495196971,1.2536457989,-0.00498543756063,0.0,0.907349636034,-0.972543819519,-0.724805922276,0.995170036141,0.572174833881,1.07915548428,-0.584446680184,96.0848312378
1.924424,-0.00498543756063,-0.554917550018,-0.00460194236366,0.745131167715,-0.00383495196971,1.2536457989,-0.00460194236366,0.0,0.908883616822,-0.972160324322,-0.724038931882,0.996320521732,0.571407843487,1.07838849388,-0.584063184987,96.0848312378
1.934441,-0.00498543756063,-0.555301045215,-0.00498543756063,0.744747672518,-0.00383495196971,1.2536457989,-0.00498543756063,0.0,0.910034102413,-0.971393333928,-0.723655436685,0.997087512126,0.571791338684,1.0764710179,-0.584830175381,96.0848312378
1.944441,-0.00498543756063,-0.555684540411,-0.00421844716668,0.745131167715,-0.00383495196971,1.2540292941,-0.00421844716668,0.0,0.91041759761,-0.972160324322,-0.722504951094,0.998237997716,0.571791338684,1.07723800829,-0.584063184987,96.0848312378
1.954425,-0.00498543756063,-0.555301045215,-0.00421844716668,0.744364177321,-0.00421844716668,1.2536457989,-0.00460194236366,0.0,0.911184588004,-0.972160324322,-0.722504951094,0.99900498811,0.572174833881,1.0768545131,-0.585213670578,96.0848312378
1.964438,-0.0053689327576,-0.555684540411,-0.00460194236366,0.744364177321,-0.00345145677274,1.25249531331,-0.00421844716668,0.0,0.912335073595,-0.972927314716,-0.720970970306,1.0005389689,0.572174833881,1.0764710179,-0.585213670578,96.0848312378
1.974446,-0.00460194236366,-0.555301045215,-0.00383495196971,0.744747672518,-0.00383495196971,1.2536457989,-0.00460194236366,0.0,0.912335073595,-0.972160324322,-0.720587475109,1.00130595929,0.572558329078,1.0768545131,-0.584830175381,96.0848312378
1.984435,-0.0053689327576,-0.555684540411,-0.00421844716668,0.744747672518,-0.00421844716668,1.2540292941,-0.00498543756063,0.0,0.913485559186,-0.972927314716,-0.719436989518,1.00283994008,0.571407843487,1.0760875227,-0.584446680184,96.0848312378
1.994445,-0.0053689327576,-0.554917550018,-0.00421844716668,0.745131167715,-0.00383495196971,1.2532623037,-0.00498543756063,0.0,0.913869054383,-0.972160324322,-0.718669999124,1.00360693047,0.571407843487,1.0760875227,-0.584446680184,96.0848312378
2.004457,-0.00498543756063,-0.554917550018,-0.00421844716668,0.745514662912,-0.00383495196971,1.2536457989,-0.00460194236366,0.0,0.913869054383,-0.972543819519,-0.718286503927,1.00399042567,0.571407843487,1.07532053231,-0.585213670578,96.0848312378
2.014487,-0.00498543756063,-0.555301045215,-0.00421844716668,0.745131167715,-0.00345145677274,1.2536457989,-0.00460194236366,0.0,0.914636044777,-0.971393333928,-0.718669999124,1.00514091126,0.572174833881,1.07532053231,-0.585213670578,96.0848312378
2.024478,-0.0053689327576,-0.555684540411,-0.00460194236366,0.744747672518,-0.00460194236366,1.2536457989,-0.00498543756063,0.0,0.915403035171,-0.971776829125,-0.717519513533,1.00552440646,0.571791338684,1.07532053231,-0.584446680184,96.0848312378
2.034476,-0.0053689327576,-0.555684540411,-0.00421844716668,0.744364177321,-0.00345145677274,1.2536457989,-0.00460194236366,0.0,0.916170025565,-0.971776829125,-0.716752523139,1.00667489205,0.572174833881,1.07378655152,-0.585213670578,96.0848312378
2.044473,-0.0053689327576,-0.555301045215,-0.00421844716668,0.744747672518,-0.00460194236366,1.2536457989,-0.00421844716668,0.0,0.916170025565,-0.971776829125,-0.716752523139,1.00705838725,0.572174833881,1.07301956113,-0.585213670578,96.0848312378
2.054474,-0.0053689327576,-0.556068035608,-0.00421844716668,0.745131167715,-0.00421844716668,1.2536457989,-0.00460194236366,0.0,0.916170025565,-0.972543819519,-0.715985532746,1.00859236803,0.571407843487,1.07071858994,-0.584446680184,96.0848312378
2.064493,-0.0053689327576,-0.554917550018,-0.00421844716668,0.744747672518,-0.00383495196971,1.2536457989,-0.00460194236366,0.0,0.916937015959,-0.971393333928,-0.714451551958,1.00935935843,0.572174833881,1.07033509475,-0.585213670578,96.0848312378
2.074476,-0.00498543756063,-0.555301045215,-0.00421844716668,0.744364177321,-0.00383495196971,1.2532623037,-0.00498543756063,0.0,0.917320511155,-0.971776829125,-0.714068056761,1.01050984402,0.572174833881,1.06918460916,-0.584830175381,96.0848312378
2.084482,-0.00575242795457,-0.556068035608,-0.0053689327576,0.744747672518,-0.00421844716668,1.2540292941,-0.00498543756063,0.0,0.917704006352,-0.972543819519,-0.713301066367,1.01050984402,0.571791338684,1.06803412357,-0.584830175381,96.0848312378
2.094503,-0.0053689327576,-0.555301045215,-0.00421844716668,0.744747672518,-0.00460194236366,1.2540292941,-0.00460194236366,0.0,0.917320511155,-0.972543819519,-0.711767085579,1.01166032961,0.57102434829,1.06573315238,-0.584830175381,96.0848312378
2.104471,-0.0053689327576,-0.554917550018,-0.00383495196971,0.744364177321,-0.00383495196971,1.2540292941,-0.00498543756063,0.0,0.917320511155,-0.972160324322,-0.711383590382,1.01166032961,0.572558329078,1.06496616199,-0.584830175381,96.0848312378
2.114476,-0.00575242795457,-0.556068035608,-0.00421844716668,0.744364177321,-0.00345145677274,1.2536457989,-0.0053689327576,0.0,0.917320511155,-0.972160324322,-0.711383590382,1.0131943104,0.571407843487,1.06266519081,-0.585213670578,96.0848312378
2.124475,-0.0053689327576,-0.556068035608,-0.00383495196971,0.744747672518,-0.00383495196971,1.2536457989,-0.00498543756063,0.0,0.917704006352,-0.971776829125,-0.7090826192,1.0128108152,0.571791338684,1.06151470522,-0.585213670578,96.0848312378
2.134488,-0.00498543756063,-0.555301045215,-0.00460194236366,0.744747672518,-0.00460194236366,1.2536457989,-0.00460194236366,0.0,0.917704006352,-0.972160324322,-0.7090826192,1.0135778056,0.571407843487,1.05921373403,-0.585213670578,96.0848312378
2.144503,-0.0053689327576,-0.554917550018,-0.00383495196971,0.744747672518,-0.00383495196971,1.2532623037,-0.00498543756063,0.0,0.917320511155,-0.972543819519,-0.707932133609,1.01434479599,0.571791338684,1.05767975325,-0.585213670578,96.0848312378
2.154495,-0.00575242795457,-0.554917550018,-0.00460194236366,0.745131167715,-0.00345145677274,1.25287880851,-0.00460194236366,0.0,0.916937015959,-0.971393333928,-0.707165143215,1.01549528158,0.572174833881,1.05614577246,-0.584446680184,96.0848312378
2.164493,-0.0053689327576,-0.555684540411,-0.00460194236366,0.744747672518,-0.00421844716668,1.2532623037,-0.00421844716668,0.0,0.916937015959,-0.972543819519,-0.706398152821,1.01587877678,0.572174833881,1.05422829647,-0.584446680184,96.0848312378
2.174502,-0.00498543756063,-0.555684540411,-0.00421844716668,0.744747672518,-0.00383495196971,1.2532623037,-0.00498543756063,0.0,0.917704006352,-0.972160324322,-0.706014657624,1.01664576717,0.571791338684,1.0515438301,-0.585213670578,96.0848312378
2.184467,-0.00498543756063,-0.554917550018,-0.00345145677274,0.745514662912,-0.00345145677274,1.2536457989,-0.00421844716668,0.0,0.916553520762,-0.971009838731,-0.705631162427,1.01664576717,0.571407843487,1.04885936372,-0.584446680184,96.0848312378
2.194468,-0.00498543756063,-0.555684540411,-0.00460194236366,0.745131167715,-0.00345145677274,1.2532623037,-0.0053689327576,0.0,0.916937015959,-0.972160324322,-0.705631162427,1.01664576717,0.571407843487,1.04655839253,-0.584446680184,96.0848312378
2.204460,-0.00575242795457,-0.555301045215,-0.00421844716668,0.744747672518,-0.00345145677274,1.2532623037,-0.00460194236366,0.0,0.916937015959,-0.971776829125,-0.704097181639,1.01702926237,0.571407843487,1.04387392616,-0.585213670578,96.0848312378
2.214471,-0.00498543756063,-0.555684540411,-0.00421844716668,0.744747672518,-0.00383495196971,1.2540292941,-0.00498543756063,0.0,0.917704006352,-0.972160324322,-0.703713686442,1.01817974796,0.572174833881,1.04233994537,-0.584830175381,96.0848312378
2.224511,-0.00498543756063,-0.554917550018,-0.00421844716668,0.744747672518,-0.00345145677274,1.25287880851,-0.00498543756063,0.0,0.916553520762,-0.972160324322,-0.703330191245,1.01817974796,0.571407843487,1.04003897419,-0.585213670578,96.0848312378
2.234431,-0.00575242795457,-0.554917550018,-0.00460194236366,0.744747672518,-0.00345145677274,1.2532623037,-0.00421844716668,0.0,0.917704006352,-0.972543819519,-0.703330191245,1.01856324316,0.571407843487,1.037738003,-0.585213670578,96.0848312378
2.244500,-0.00575242795457,-0.555684540411,-0.00345145677274,0.744364177321,-0.00421844716668,1.2532623037,-0.00421844716668,0.0,0.916937015959,-0.971776829125,-0.702563200852,1.01971372875,0.571407843487,1.03543703182,-0.585213670578,96.0848312378
2.254502,-0.00498543756063,-0.555301045215,-0.00460194236366,0.744364177321,-0.00383495196971,1.2532623037,-0.00460194236366,0.0,0.916937015959,-0.972160324322,-0.701412715261,1.01971372875,0.572174833881,1.03236907025,-0.584446680184,96.0848312378
2.264493,-0.0053689327576,-0.556068035608,-0.00383495196971,0.745131167715,-0.00345145677274,1.25287880851,-0.00498543756063,0.0,0.916937015959,-0.972160324322,-0.701412715261,1.02048071914,0.571407843487,1.03006809907,-0.585213670578,96.0848312378
2.274474,-0.0053689327576,-0.555684540411,-0.00421844716668,0.744747672518,-0.00460194236366,1.2532623037,-0.0053689327576,0.0,0.917320511155,-0.972160324322,-0.700645724867,1.02124770953,0.571791338684,1.02815062308,-0.584830175381,96.0848312378
2.284453,-0.00575242795457,-0.554917550018,-0.00421844716668,0.744364177321,-0.00345145677274,1.2536457989,-0.00498543756063,0.0,0.917320511155,-0.972160324322,-0.701412715261,1.02124770953,0.571791338684,1.0262331471,-0.584830175381,96.0848312378
2.294485,-0.00575242795457,-0.555684540411,-0.00421844716668,0.744364177321,-0.00383495196971,1.2540292941,-0.00460194236366,0.0,0.917320511155,-0.972160324322,-0.701412715261,1.02201469993,0.571791338684,1.02354868072,-0.585213670578,96.0848312378
2.304461,-0.00498543756063,-0.555684540411,-0.00460194236366,0.744747672518,-0.00345145677274,1.2540292941,-0.00421844716668,0.0,0.916937015959,-0.971776829125,-0.700645724867,1.02201469993,0.57102434829,1.02124770953,-0.585213670578,96.0848312378
2.314464,-0.00498543756063,-0.555301045215,-0.00383495196971,0.744747672518,-0.00421844716668,1.2536457989,-0.00498543756063,0.0,0.917704006352,-0.971393333928,-0.699878734473,1.02201469993,0.57102434829,1.01971372875,-0.585213670578,96.0848312378
2.324467,-0.00460194236366,-0.555684540411,-0.00460194236366,0.745131167715,-0.00383495196971,1.2536457989,-0.00460194236366,0.0,0.917704006352,-0.971009838731,-0.699878734473,1.02239819513,0.570640853093,1.01817974796,-0.585213670578,96.0848312378
2.334472,-0.00575242795457,-0.556068035608,-0.00383495196971,0.745131167715,-0.00383495196971,1.25441278929,-0.00498543756063,0.0,0.917320511155,-0.972160324322,-0.699495239276,1.02354868072,0.57102434829,1.01626227197,-0.584830175381,96.0848312378
2.344483,-0.0053689327576,-0.554917550018,-0.00421844716668,0.745131167715,-0.00383495196971,1.2532623037,-0.00460194236366,0.0,0.916937015959,-0.972160324322,-0.699111744079,1.02431567111,0.570640853093,1.01511178638,-0.585213670578,96.0848312378
2.354465,-0.00575242795457,-0.555684540411,-0.00421844716668,0.744747672518,-0.00383495196971,1.2532623037,-0.00498543756063,0.0,0.916553520762,-0.972160324322,-0.699878734473,1.02469916631,0.571791338684,1.01396130079,-0.584830175381,96.0848312378
2.364477,-0.00575242795457,-0.555301045215,-0.00383495196971,0.744364177321,-0.00421844716668,1.2540292941,-0.00421844716668,0.0,0.916937015959,-0.971393333928,-0.699495239276,1.02469916631,0.572558329078,1.0135778056,-0.585213670578,96.0848312378
2.374477,-0.00460194236366,-0.555301045215,-0.00421844716668,0.744747672518,-0.00383495196971,1.2540292941,-0.00460194236366,0.0,0.916937015959,-0.972160324322,-0.699495239276,1.02431567111,0.570640853093,1.01242732,-0.585213670578,96.0848312378
2.384482,-0.00613592315154,-0.556068035608,-0.00421844716668,0.744747672518,-0.00383495196971,1.2532623037,-0.0053689327576,0.0,0.916937015959,-0.971776829125,-0.699495239276,1.02469916631,0.571791338684,1.01166032961,-0.585597165775,96.0848312378
2.394455,-0.00613592315154,-0.554534054821,-0.00383495196971,0.744364177321,-0.00345145677274,1.2540292941,-0.0053689327576,0.0,0.916937015959,-0.971009838731,-0.699495239276,1.0254661567,0.571407843487,1.00974285363,-0.585213670578,96.0848312378
2.404452,-0.00575242795457,-0.555684540411,-0.00345145677274,0.744747672518,-0.00421844716668,1.2540292941,-0.00383495196971,0.0,0.917320511155,-0.971009838731,-0.699111744079,1.02469916631,0.571407843487,1.01012634882,-0.585213670578,96.0848312378
2.414478,-0.00498543756063,-0.555301045215,-0.00421844716668,0.745131167715,-0.00383495196971,1.2536457989,-0.00498543756063,0.0,0.917704006352,-0.971776829125,-0.699495239276,1.02431567111,0.571407843487,1.01050984402,-0.585213670578,96.0848312378
2.424475,-0.0053689327576,-0.556451530805,-0.00460194236366,0.744747672518,-0.00345145677274,1.2532623037,-0.00498543756063,0.0,0.916553520762,-0.971776829125,-0.699111744079,1.0258496519,0.571407843487,1.01127683441,-0.585597165775,96.0848312378
2.434451,-0.00498543756063,-0.554917550018,-0.00460194236366,0.744364177321,-0.00383495196971,1.2540292941,-0.00498543756063,0.0,0.916937015959,-0.971776829125,-0.699111744079,1.0258496519,0.572174833881,1.01127683441,-0.585213670578,96.0848312378
2.444478,-0.00498543756063,-0.554917550018,-0.00460194236366,0.744747672518,-0.00383495196971,1.2536457989,-0.00460194236366,0.0,0.917320511155,-0.972160324322,-0.699111744079,1.0254661567,0.57102434829,1.01127683441,-0.585597165775,96.0848312378
2.454461,-0.00498543756063,-0.555301045215,-0.00383495196971,0.744747672518,-0.00383495196971,1.2532623037,-0.00498543756063,0.0,0.916937015959,-0.971776829125,-0.699878734473,1.0258496519,0.571407843487,1.01166032961,-0.585213670578,96.0848312378
2.464500,-0.00575242795457,-0.555301045215,-0.00421844716668,0.744364177321,-0.00421844716668,1.2536457989,-0.00498543756063,0.0,0.916170025565,-0.971393333928,-0.699111744079,1.02469916631,0.57102434829,1.01204382481,-0.585980660972,96.0848312378
2.474473,-0.0053689327576,-0.555301045215,-0.00421844716668,0.744364177321,-0.00421844716668,1.2536457989,-0.00498543756063,0.0,0.917320511155,-0.972543819519,-0.698728248882,1.0254661567,0.571791338684,1.01089333922,-0.585213670578,96.0848312378
2.484450,-0.00575242795457,-0.554917550018,-0.00421844716668,0.744364177321,-0.00383495196971,1.25287880851,-0.00460194236366,0.0,0.916937015959,-0.972927314716,-0.698728248882,1.0254661567,0.571407843487,1.01166032961,-0.585213670578,96.0848312378
2.494483,-0.0053689327576,-0.555301045215,-0.00383495196971,0.744747672518,-0.00383495196971,1.2536457989,-0.00498543756063,0.0,0.916937015959,-0.973310809913,-0.698344753685,1.0254661567,0.57102434829,1.01204382481,-0.584830175381,96.0848312378
2.504480,-0.00575242795457,-0.554917550018,-0.00421844716668,0.745131167715,-0.00421844716668,1.2536457989,-0.00498543756063,0.0,0.916937015959,-0.972927314716,-0.699111744079,1.0258496519,0.571407843487,1.01242732,-0.585213670578,96.0848312378
2.514459,-0.0053689327576,-0.554917550018,-0.00421844716668,0.745514662912,-0.00383495196971,1.2540292941,-0.0053689327576,0.0,0.916937015959,-0.972160324322,-0.698344753685,1.0250826615,0.571791338684,1.01242732,-0.585597165775,96.0848312378
2.524467,-0.0053689327576,-0.555684540411,-0.00383495196971,0.744747672518,-0.00383495196971,1.2532623037,-0.00460194236366,0.0,0.916937015959,-0.971776829125,-0.699111744079,1.0254661567,0.572174833881,1.01242732,-0.585213670578,96.0848312378
2.534447,-0.00498543756063,-0.554917550018,-0.00383495196971,0.744364177321,-0.00421844716668,1.2536457989,-0.00460194236366,0.0,0.917320511155,-0.972543819519,-0.699495239276,1.0250826615,0.571791338684,1.0128108152,-0.585213670578,96.0848312378
2.544440,-0.0053689327576,-0.555684540411,-0.00383495196971,0.744364177321,-0.00383495196971,1.2536457989,-0.00460194236366,0.0,0.917704006352,-0.972160324322,-0.698728248882,1.0262331471,0.572174833881,1.0128108152,-0.585597165775,96.0848312378
2.554435,-0.0053689327576,-0.555301045215,-0.00345145677274,0.744364177321,-0.00383495196971,1.2536457989,-0.00383495196971,0.0,0.917320511155,-0.971393333928,-0.698728248882,1.0254661567,0.571791338684,1.01204382481,-0.585213670578,96.0848312378
2.564437,-0.0053689327576,-0.555301045215,-0.00383495196971,0.744747672518,-0.00383495196971,1.25287880851,-0.00460194236366,0.0,0.917320511155,-0.971393333928,-0.698728248882,1.0258496519,0.571791338684,1.01242732,-0.585213670578,96.0848312378
2.574436,-0.00575242795457,-0.554917550018,-0.00498543756063,0.743597186927,-0.00345145677274,1.2536457989,-0.0053689327576,0.0,0.917320511155,-0.971776829125,-0.698728248882,1.0258496519,0.57102434829,1.0128108152,-0.584830175381,96.0848312378
2.584423,-0.00498543756063,-0.555684540411,-0.00383495196971,0.745131167715,-0.00421844716668,1.2536457989,-0.00460194236366,0.0,0.916553520762,-0.971776829125,-0.698344753685,1.0254661567,0.57102434829,1.01242732,-0.585213670578,96.0848312378
2.594438,-0.0053689327576,-0.555301045215,-0.00421844716668,0.745131167715,-0.00345145677274,1.2536457989,-0.00460194236366,0.0,0.917704006352,-0.972160324322,-0.699111744079,1.0250826615,0.57102434829,1.0128108152,-0.585213670578,96.0848312378
2.604430,-0.0053689327576,-0.555301045215,-0.00421844716668,0.745131167715,-0.00383495196971,1.2536457989,-0.00460194236366,0.0,0.916553520762,-0.972160324322,-0.699111744079,1.0254661567,0.572174833881,1.01242732,-0.584830175381,96.0848312378
2.614434,-0.00460194236366,-0.555301045215,-0.00383495196971,0.744747672518,-0.00421844716668,1.2536457989,-0.00460194236366,0.0,0.916937015959,-0.972160324322,-0.698728248882,1.0250826615,0.571407843487,1.01242732,-0.584830175381,96.0848312378
2.624447,-0.00498543756063,-0.556068035608,-0.00421844716668,0.744747672518,-0.00421844716668,1.2536457989,-0.00460194236366,0.0,0.916937015959,-0.971009838731,-0.698728248882,1.0254661567,0.571791338684,1.01204382481,-0.585213670578,96.0848312378
2.634425,-0.0053689327576,-0.554917550018,-0.00498543756063,0.745514662912,-0.00383495196971,1.2532623037,-0.00383495196971,0.0,0.916937015959,-0.971776829125,-0.698728248882,1.0262331471,0.571791338684,1.01242732,-0.585213670578,96.0848312378
2.644433,-0.00460194236366,-0.555301045215,-0.00460194236366,0.745131167715,-0.00383495196971,1.2536457989,-0.00498543756063,0.0,0.917320511155,-0.971776829125,-0.697577763291,1.0254661567,0.57102434829,1.01127683441,-0.584446680184,96.0848312378
2.654472,-0.0053689327576,-0.555301045215,-0.00421844716668,0.745131167715,-0.00383495196971,1.2532623037,-0.00460194236366,0.0,0.917320511155,-0.971393333928,-0.698344753685,1.0254661567,0.572174833881,1.01050984402,-0.585213670578,96.0848312378
2.664442,-0.0053689327576,-0.554917550018,-0.00383495196971,0.745131167715,-0.00383495196971,1.2532623037,-0.0053689327576,0.0,0.917320511155,-0.971393333928,-0.697577763291,1.0254661567,0.57102434829,1.01089333922,-0.585213670578,96.0848312378
2.674445,-0.00575242795457,-0.555301045215,-0.00383495196971,0.744364177321,-0.00421844716668,1.2540292941,-0.00421844716668,0.0,0.917320511155,-0.971393333928,-0.698344753685,1.0258496519,0.57102434829,1.01204382481,-0.584446680184,96.0848312378
2.684463,-0.00613592315154,-0.555684540411,-0.00383495196971,0.745131167715,-0.00421844716668,1.2536457989,-0.0053689327576,0.0,0.916553520762,-0.972160324322,-0.697577763291,1.0258496519,0.570640853093,1.01166032961,-0.585213670578,96.0848312378
2.694437,-0.0053689327576,-0.554917550018,-0.00421844716668,0.744747672518,-0.00421844716668,1.2536457989,-0.00460194236366,0.0,0.916937015959,-0.971776829125,-0.698344753685,1.0254661567,0.569873862699,1.01127683441,-0.585597165775,96.0848312378
2.704427,-0.0053689327576,-0.555301045215,-0.00498543756063,0.744747672518,-0.00345145677274,1.2536457989,-0.00460194236366,0.0,0.918087501549,-0.971393333928,-0.698344753685,1.0258496519,0.57102434829,1.0128108152,-0.585980660972,96.0848312378
2.714487,-0.0053689327576,-0.555301045215,-0.00421844716668,0.744364177321,-0.00421844716668,1.2532623037,-0.00460194236366,0.0,0.917320511155,-0.971009838731,-0.697961258488,1.0262331471,0.570640853093,1.01204382481,-0.584830175381,96.0848312378
2.724478,-0.00498543756063,-0.555684540411,-0.00460194236366,0.744747672518,-0.00383495196971,1.25287880851,-0.00460194236366,0.0,0.916553520762,-0.971393333928,-0.698344753685,1.0254661567,0.57102434829,1.0128108152,-0.585597165775,96.0848312378
2.734495,-0.00498543756063,-0.555684540411,-0.00498543756063,0.744364177321,-0.00460194236366,1.2540292941,-0.00498543756063,0.0,0.915786530368,-0.971776829125,-0.698728248882,1.0254661567,0.57102434829,1.01166032961,-0.584830175381,96.0848312378
2.744449,-0.0053689327576,-0.554917550018,-0.00383495196971,0.745131167715,-0.00345145677274,1.2536457989,-0.00498543756063,0.0,0.916553520762,-0.972543819519,-0.697961258488,1.0262331471,0.570640853093,1.01204382481,-0.585597165775,96.0848312378
2.754439,-0.00575242795457,-0.555684540411,-0.00383495196971,0.744747672518,-0.00383495196971,1.25287880851,-0.00460194236366,0.0,0.916170025565,-0.971776829125,-0.698344753685,1.0262331471,0.57102434829,1.01204382481,-0.585597165775,96.0848312378
2.764435,-0.00498543756063,-0.555301045215,-0.00421844716668,0.745131167715,-0.00460194236366,1.2540292941,-0.00498543756063,0.0,0.916170025565,-0.972160324322,-0.698344753685,1.0262331471,0.571407843487,1.0131943104,-0.584830175381,96.0848312378
2.774453,-0.00498543756063,-0.555301045215,-0.00383495196971,0.745131167715,-0.00421844716668,1.2540292941,-0.00498543756063,0.0,0.916937015959,-0.971776829125,-0.697961258488,1.0262331471,0.571407843487,1.01242732,-0.585213670578,96.0848312378
2.784459,-0.0053689327576,-0.555301045215,-0.00345145677274,0.745131167715,-0.00345145677274,1.2540292941,-0.00460194236366,0.0,0.916937015959,-0.971776829125,-0.698344753685,1.0254661567,0.57102434829,1.0135778056,-0.584830175381,96.0848312378
2.794448,-0.00613592315154,-0.554917550018,-0.00383495196971,0.745514662912,-0.00345145677274,1.2540292941,-0.00498543756063,0.0,0.916170025565,-0.971776829125,-0.698344753685,1.0258496519,0.571407843487,1.0135778056,-0.585213670578,96.0848312378
2.804485,-0.0053689327576,-0.555301045215,-0.00345145677274,0.745514662912,-0.00383495196971,1.2532623037,-0.00498543756063,0.0,0.916553520762,-0.972160324322,-0.697577763291,1.0262331471,0.57102434829,1.01396130079,-0.585213670578,96.0848312378
2.814465,-0.0053689327576,-0.554917550018,-0.00421844716668,0.744364177321,-0.00383495196971,1.2532623037,-0.00460194236366,0.0,0.916170025565,-0.972160324322,-0.697961258488,1.0262331471,0.571407843487,1.0135778056,-0.584446680184,96.0848312378
2.824449,-0.0053689327576,-0.555684540411,-0.00345145677274,0.745514662912,-0.00421844716668,1.2540292941,-0.00498543756063,0.0,0.915786530368,-0.971393333928,-0.697961258488,1.0262331471,0.571407843487,1.0131943104,-0.585213670578,96.0848312378
2.834469,-0.00498543756063,-0.555301045215,-0.00421844716668,0.745131167715,-0.00383495196971,1.2536457989,-0.00498543756063,0.0,0.916553520762,-0.971009838731,-0.697961258488,1.0262331471,0.570257357896,1.01242732,-0.585213670578,96.0848312378
2.844453,-0.00575242795457,-0.554917550018,-0.00421844716668,0.745131167715,-0.00345145677274,1.2536457989,-0.0053689327576,0.0,0.916937015959,-0.971776829125,-0.698728248882,1.02661664229,0.57102434829,1.0128108152,-0.585213670578,96.0848312378
2.854456,-0.00575242795457,-0.554917550018,-0.00383495196971,0.745514662912,-0.00421844716668,1.25441278929,-0.00498543756063,0.0,0.916553520762,-0.972160324322,-0.697961258488,1.0262331471,0.571407843487,1.0131943104,-0.584830175381,96.0848312378
2.864492,-0.00498543756063,-0.555301045215,-0.00383495196971,0.745131167715,-0.00421844716668,1.2536457989,-0.00421844716668,0.0,0.916553520762,-0.971776829125,-0.698728248882,1.02661664229,0.569873862699,1.01434479599,-0.584446680184,96.0848312378
2.874482,-0.0053689327576,-0.555301045215,-0.00421844716668,0.745131167715,-0.00421844716668,1.2532623037,-0.00498543756063,0.0,0.916170025565,-0.971776829125,-0.697961258488,1.0258496519,0.570257357896,1.0135778056,-0.584830175381,96.0848312378
2.884493,-0.00498543756063,-0.555301045215,-0.00383495196971,0.744747672518,-0.00383495196971,1.2536457989,-0.00498543756063,0.0,0.916170025565,-0.971776829125,-0.697961258488,1.0258496519,0.570257357896,1.01204382481,-0.585980660972,96.0848312378
2.894472,-0.0053689327576,-0.554917550018,-0.00421844716668,0.745131167715,-0.00383495196971,1.2536457989,-0.00460194236366,0.0,0.915403035171,-0.971776829125,-0.697961258488,1.0258496519,0.57102434829,1.01204382481,-0.585213670578,96.0848312378
2.904476,-0.0053689327576,-0.555301045215,-0.00421844716668,0.744747672518,-0.00383495196971,1.2532623037,-0.00498543756063,0.0,0.915786530368,-0.971393333928,-0.697961258488,1.0258496519,0.570640853093,1.0131943104,-0.585597165775,96.0848312378
2.914508,-0.00498543756063,-0.555301045215,-0.00421844716668,0.745131167715,-0.00460194236366,1.2536457989,-0.00498543756063,0.0,0.915403035171,-0.972160324322,-0.697961258488,1.0254661567,0.571407843487,1.0128108152,-0.585213670578,96.0848312378
2.924491,-0.0053689327576,-0.555684540411,-0.00421844716668,0.745131167715,-0.00421844716668,1.2532623037,-0.00421844716668,0.0,0.915786530368,-0.971776829125,-0.698344753685,1.0258496519,0.570640853093,1.0128108152,-0.584446680184,96.0848312378
2.934473,-0.0053689327576,-0.555684540411,-0.00345145677274,0.744747672518,-0.00383495196971,1.2532623037,-0.00421844716668,0.0,0.915019539974,-0.971776829125,-0.698344753685,1.0258496519,0.570640853093,1.0128108152,-0.585213670578,96.0848312378
2.944462,-0.0053689327576,-0.555301045215,-0.00421844716668,0.745131167715,-0.00383495196971,1.2536457989,-0.0053689327576,0.0,0.915786530368,-0.971393333928,-0.697961258488,1.0262331471,0.569873862699,1.0131943104,-0.584830175381,96.0848312378
2.954472,-0.00498543756063,-0.554917550018,-0.00345145677274,0.745131167715,-0.00345145677274,1.2540292941,-0.00498543756063,0.0,0.916170025565,-0.972160324322,-0.697961258488,1.0262331471,0.570640853093,1.0131943104,-0.584830175381,96.0848312378
2.964464,-0.0053689327576,-0.555684540411,-0.00421844716668,0.745514662912,-0.00421844716668,1.2532623037,-0.00460194236366,0.0,0.915403035171,-0.971776829125,-0.697961258488,1.0262331471,0.569873862699,1.01204382481,-0.585213670578,96.0848312378
2.974463,-0.00575242795457,-0.555684540411,-0.00421844716668,0.745131167715,-0.00383495196971,1.2532623037,-0.00498543756063,0.0,0.915403035171,-0.971776829125,-0.698728248882,1.0262331471,0.570257357896,1.01242732,-0.584063184987,96.0848312378
2.984486,-0.00575242795457,-0.555301045215,-0.00383495196971,0.745514662912,-0.00421844716668,1.25249531331,-0.00498543756063,0.0,0.915403035171,-0.971776829125,-0.697961258488,1.0262331471,0.570640853093,1.0128108152,-0.584830175381,96.0848312378
2.994491,-0.00575242795457,-0.555301045215,-0.00421844716668,0.745131167715,-0.00460194236366,1.25287880851,-0.00421844716668,0.0,0.915403035171,-0.971393333928,-0.697961258488,1.0258496519,0.570640853093,1.01396130079,-0.585213670578,96.0848312378
3.004486,-0.00575242795457,-0.555684540411,-0.00383495196971,0.745131167715,-0.00383495196971,1.2536457989,-0.00460194236366,0.0,0.915403035171,-0.972160324322,-0.698344753685,1.0258496519,0.570640853093,1.01396130079,-0.584830175381,96.0848312378
3.014470,-0.0053689327576,-0.556068035608,-0.00421844716668,0.745514662912,-0.00460194236366,1.2540292941,-0.00460194236366,0.0,0.914636044777,-0.972160324322,-0.697961258488,1.0258496519,0.570640853093,1.01242732,-0.585213670578,96.0848312378
