-96.666261
-95.896099
-95.125936
-94.355774
-93.585611
-92.815448
-92.045286
-91.275123
-90.504960
-89.734798
-88.964635
-88.194473
-87.424310
-86.654147
-85.883985
-85.113822
-84.343659
-83.573497
-82.803334
-82.033172
-81.263009
-80.492846
-79.722684
-78.952521
-78.182358
-77.412196
-76.642033
-75.871871
-75.101708
-74.331545
-73.561383
-72.791220
-72.021057
-71.250895
-70.480732
-69.710570
-68.940407
-68.170244
-67.400082
-66.629919
-65.859756
-65.089594
-64.319431
-63.549269
-62.779106
-62.008943
-61.238781
-60.468618
-59.698455
-58.928293
-58.158130
-57.387968
-56.617805
-55.847642
-55.077480
-54.307317
-53.537154
-52.766992
-51.996829
-51.226667
-50.456504
-49.686341
-48.916179
-48.146016
-47.375853
-46.605691
-45.835528
-45.065366
-44.295203
-43.525040
-42.754878
-41.984715
-41.214553
-40.444390
-39.674227
-38.904065
-38.133902
-37.363739
-36.593577
-35.823414
-35.053252
-34.283089
-33.512926
-32.742764
-31.972601
-31.202438
-30.432276
-29.662113
-28.891951
-28.121788
-27.351625
-26.581463
-25.811300
-25.041137
-24.270975
-23.500812
-22.730650
-21.960487
-21.190324
-20.420162