0.062588 0.002702 0.059886 0.000000
0.063543 0.003737 0.059807 0.000000
0.063437 0.003584 0.059852 0.000000
0.065117 0.005306 0.059811 0.000000
0.068134 0.008573 0.059561 0.000000
0.064816 0.005014 0.059802 0.000000
0.066230 0.006683 0.059547 0.000000
0.065176 0.005407 0.059769 0.000000
0.060767 0.001127 0.059641 0.000000
0.067718 0.007613 0.060104 0.000000
0.064150 0.004580 0.059570 0.000000
0.066413 0.006645 0.059768 0.000000
0.064663 0.004915 0.059747 0.000000
0.065161 0.005270 0.059891 0.000000
0.060440 0.000610 0.059829 0.000000