-83.005942
-81.174192
-79.342442
-77.510692
-75.678942
-73.847192
-72.015442
-70.183692
-68.351942
-66.520192
-64.688442
-62.856693
-61.024943
-59.193193
-57.361443
-55.529693
-53.697943
-51.866193
-50.034443
-48.202693
-46.370943
-44.539193
-42.707443
-40.875693
-39.043943
-37.212193
-35.380443
-33.548693
-31.716943
-29.885193
-28.053443
-26.221693
-24.389944
-22.558194
-20.726444
-18.894694
-17.062944
-15.231194
-13.399444
-11.567694
 -9.735944
 -7.904194
 -6.072444
 -4.240694
 -2.408944
 -0.577194
  1.254556
  3.086306
  4.918056
  6.749806
  8.581556
 10.413306
 12.245055
 14.076805
 15.908555
 17.740305
 19.572055
 21.403805
 23.235555
 25.067305
 26.899055
 28.730805
 30.562555
 32.394305
 34.226055
 36.057805
 37.889555
 39.721305
 41.553055
 43.384805
 45.216555
 47.048305
 48.880054
 50.711804
 52.543554
 54.375304
 56.207054
 58.038804
 59.870554
 61.702304
 63.534054
 65.365804
 67.197554
 69.029304
 70.861054
 72.692804
 74.524554
 76.356304
 78.188054
 80.019804
 81.851554
 83.683304
 85.515054
 87.346803
 89.178553
 91.010303
 92.842053
 94.673803
 96.505553
 98.337303