-500.272177 -500.272177 -500.272177 -500.272177
-494.759568 -494.759568 -494.759568 -494.759568
-489.246958 -489.246958 -489.246958 -489.246958
-483.734349 -483.734349 -483.734349 -483.734349
-478.221739 -478.221739 -478.221739 -478.221739
-472.709130 -472.709130 -472.709130 -472.709130
-467.196520 -467.196520 -467.196520 -467.196520
-461.683911 -461.683911 -461.683911 -461.683911
-456.171301 -456.171301 -456.171301 -456.171301
-450.658691 -450.658691 -450.658691 -450.658691
-445.146082 -445.146082 -445.146082 -445.146082
-439.633472 -439.633472 -439.633472 -439.633472
-434.120863 -434.120863 -434.120863 -434.120863
-428.608253 -428.608253 -428.608253 -428.608253
-423.095644 -423.095644 -423.095644 -423.095644
-417.583034 -417.583034 -417.583034 -417.583034
-412.070425 -412.070425 -412.070425 -412.070425
-406.557815 -406.557815 -406.557815 -406.557815
-401.045206 -401.045206 -401.045206 -401.045206
-395.532596 -395.532596 -395.532596 -395.532596
-390.019986 -390.019986 -390.019986 -390.019986
-384.507377 -384.507377 -384.507377 -384.507377
-378.994767 -378.994767 -378.994767 -378.994767
-373.482158 -373.482158 -373.482158 -373.482158
-367.969548 -367.969548 -367.969548 -367.969548
-362.456939 -362.456939 -362.456939 -362.456939
-356.944329 -356.944329 -356.944329 -356.944329
-351.431720 -351.431720 -351.431720 -351.431720
-345.919110 -345.919110 -345.919110 -345.919110
-340.406500 -340.406500 -340.406500 -340.406500
-334.893891 -334.893891 -334.893891 -334.893891
-329.381281 -329.381281 -329.381281 -329.381281
-323.868672 -323.868672 -323.868672 -323.868672
-318.356062 -318.356062 -318.356062 -318.356062
-312.843453 -312.843453 -312.843453 -312.843453
-307.330843 -307.330843 -307.330843 -307.330843
-301.818234 -301.818234 -301.818234 -301.818234
-296.305624 -296.305624 -296.305624 -296.305624
-290.793014 -290.793014 -290.793014 -290.793014
-285.280405 -285.280405 -285.280405 -285.280405
-279.767795 -279.767795 -279.767795 -279.767795
-274.255186 -274.255186 -274.255186 -274.255186
-268.742576 -268.742576 -268.742576 -268.742576
-263.229967 -263.229967 -263.229967 -263.229967
-257.717357 -257.717357 -257.717357 -257.717357
-252.204748 -252.204748 -252.204748 -252.204748
-246.692138 -246.692138 -246.692138 -246.692138
-241.179529 -241.179529 -241.179529 -241.179529
-235.666919 -235.666919 -235.666919 -235.666919
-230.154309 -230.154309 -230.154309 -230.154309
-224.641700 -224.641700 -224.641700 -224.641700
-219.129090 -219.129090 -219.129090 -219.129090
-213.616481 -213.616481 -213.616481 -213.616481
-208.103871 -208.103871 -208.103871 -208.103871
-202.591262 -202.591262 -202.591262 -202.591262
-197.078652 -197.078652 -197.078652 -197.078652
-191.566043 -191.566043 -191.566043 -191.566043
-186.053433 -186.053433 -186.053433 -186.053433
-180.540823 -180.540823 -180.540823 -180.540823
-175.028214 -175.028214 -175.028214 -175.028214
-169.515604 -169.515604 -169.515604 -169.515604
-164.002995 -164.002995 -164.002995 -164.002995
-158.490385 -158.490385 -158.490385 -158.490385
-152.977776 -152.977776 -152.977776 -152.977776
-147.465166 -147.465166 -147.465166 -147.465166
-141.952557 -141.952557 -141.952557 -141.952557
-136.439947 -136.439947 -136.439947 -136.439947
-130.927337 -130.927337 -130.927337 -130.927337
-125.414728 -125.414728 -125.414728 -125.414728
-119.902118 -119.902118 -119.902118 -119.902118
-114.389509 -114.389509 -114.389509 -114.389509
-108.876899 -108.876899 -108.876899 -108.876899
-103.364290 -103.364290 -103.364290 -103.364290
 -97.851680  -97.851680  -97.851680  -97.851680
 -92.339071  -92.339071  -92.339071  -92.339071
 -86.826461  -86.826461  -86.826461  -86.826461
 -81.313852  -81.313852  -81.313852  -81.313852
 -75.801242  -75.801242  -75.801242  -75.801242
 -70.288632  -70.288632  -70.288632  -70.288632
 -64.776023  -64.776023  -64.776023  -64.776023
 -59.263413  -59.263413  -59.263413  -59.263413
 -53.750804  -53.750804  -53.750804  -53.750804
 -48.238194  -48.238194  -48.238194  -48.238194
 -42.725585  -42.725585  -42.725585  -42.725585
 -37.212975  -37.212975  -37.212975  -37.212975
 -31.700366  -31.700366  -31.700366  -31.700366
 -26.187756  -26.187756  -26.187756  -26.187756
 -20.675146  -20.675146  -20.675146  -20.675146
 -15.162537  -15.162537  -15.162537  -15.162537
  -9.649927   -9.649927   -9.649927   -9.649927
  -4.137318   -4.137318   -4.137318   -4.137318
   1.375292    1.375292    1.375292    1.375292
   6.887901    6.887901    6.887901    6.887901
  12.400511   12.400511   12.400511   12.400511
  17.913120   17.913120   17.913120   17.913120
  23.425730   23.425730   23.425730   23.425730
  28.938339   28.938339   28.938339   28.938339
  34.450949   34.450949   34.450949   34.450949
  39.963559   39.963559   39.963559   39.963559
  45.476168   45.476168   45.476168   45.476168