-293.352328
-291.226197
-289.100066
-286.973935
-284.847804
-282.721673
-280.595542
-278.469411
-276.343280
-274.217149
-272.091018
-269.964887
-267.838756
-265.712625
-263.586494
-261.460363
-259.334232
-257.208101
-255.081970
-252.955839
-250.829708
-248.703576
-246.577445
-244.451314
-242.325183
-240.199052
-238.072921
-235.946790
-233.820659
-231.694528
-229.568397
-227.442266
-225.316135
-223.190004
-221.063873
-218.937742
-216.811611
-214.685480
-212.559349
-210.433218
-208.307087
-206.180956
-204.054825
-201.928694
-199.802563
-197.676432
-195.550300
-193.424169
-191.298038
-189.171907
-187.045776
-184.919645
-182.793514
-180.667383
-178.541252
-176.415121
-174.288990
-172.162859
-170.036728
-167.910597
-165.784466
-163.658335
-161.532204
-159.406073
-157.279942
-155.153811
-153.027680
-150.901549
-148.775418
-146.649287
-144.523156
-142.397024
-140.270893
-138.144762
-136.018631
-133.892500
-131.766369
-129.640238
-127.514107
-125.387976
-123.261845
-121.135714
-119.009583
-116.883452
-114.757321
-112.631190
-110.505059
-108.378928
-106.252797
-104.126666
-102.000535
 -99.874404
 -97.748273
 -95.622142
 -93.496011
 -91.369879
 -89.243748
 -87.117617
 -84.991486
 -82.865355