0.378677 0.005592 0.373086 0.000000
0.375217 0.001238 0.373978 0.000000
0.382145 0.008905 0.373240 0.000000
0.377831 0.004120 0.373711 0.000000
0.381000 0.007953 0.373047 0.000000
0.374285 0.000436 0.373848 0.000000
0.378938 0.006201 0.372737 0.000000
0.377375 0.003347 0.374029 0.000000
0.376460 0.001930 0.374530 0.000000
0.375911 0.002858 0.373052 0.000000
0.376764 0.003313 0.373451 0.000000
0.379691 0.006797 0.372894 0.000000
0.381322 0.006286 0.375037 0.000000
0.378084 0.004456 0.373627 0.000000
0.380083 0.007311 0.372772 0.000000