time,right_s0,right_s1,right_e0,right_e1,right_w0,right_w1,right_w2
0.000000,0.874752662172,-0.720965315459,-0.709464829632,0.691050480361,0.58713137115,1.15623532553,-0.360862415931
0.012024,0.874752739156,-0.720954655734,-0.709462425434,0.691035409726,0.587131810332,1.15623061332,-0.360850041629
0.024048,0.874752614268,-0.720939601375,-0.709459059225,0.691013731652,0.587132456394,1.15622454778,-0.360832566362
0.036072,0.874752123299,-0.720920724074,-0.709454881091,0.69098598485,0.587133304068,1.15621778899,-0.360810654869
0.048096,0.874751097735,-0.720898558131,-0.709450034403,0.690952648063,0.587134350719,1.15621099527,-0.360784929139
0.060120,0.874749363658,-0.720873601602,-0.709444656491,0.690914139941,0.587135596577,1.15620482695,-0.360755969828
0.072144,0.874746740623,-0.720846317445,-0.709438879375,0.690870818907,0.587137044994,1.15619995029,-0.360724317693
0.084168,0.874743040541,-0.720817134666,-0.709432830571,0.690822983032,0.587138702754,1.1561970415,-0.360690475027
0.096192,0.874738066582,-0.720786449474,-0.709426633985,0.690770869983,0.587140580419,1.15619679076,-0.36065490712
0.108216,0.874731612116,-0.720754626458,-0.709420410887,0.690714657081,0.587142692732,1.15619990628,-0.360618043737
0.120240,0.874723459744,-0.720721999778,-0.709414280991,0.690654461536,0.587145059072,1.15620711818,-0.360580280634
0.132265,0.874713380419,-0.720688874389,-0.709408363656,0.690590340914,0.587147703966,1.15621918228,-0.360541981095
0.144289,0.874701132728,-0.720655527287,-0.709402779191,0.690522293906,0.587150657671,1.15623688358,-0.360503477507
0.156313,0.874686462351,-0.720622208793,-0.7093976503,0.69045026146,0.587153956819,1.15626103931,-0.360465072955
0.168337,0.874669101749,-0.72058914386,-0.709393103655,0.690374128351,0.587157645136,1.15629250157,-0.360427042844
0.180361,0.874648770116,-0.720556533414,-0.70938927161,0.690293725243,0.587161774239,1.1563321592,-0.360389636539
0.192385,0.874625173652,-0.72052455572,-0.709386294053,0.69020883131,0.587166404505,1.15638093906,-0.360353079004
0.204409,0.874598006168,-0.720493367766,-0.709384320397,0.690119177458,0.587171606029,1.15643980628,-0.360317572436
0.216433,0.874566950085,-0.720463106661,-0.709383511701,0.690024450203,0.587177459649,1.15650976359,-0.360283297879
0.228457,0.874531677833,-0.720433891037,-0.709384042923,0.689924296209,0.587184058063,1.15659184948,-0.360250416794
0.240481,0.874491853689,-0.720405822452,-0.709386105276,0.689818327529,0.587191507012,1.15668713522,-0.360219072586
0.252505,0.874447136042,-0.720378986774,-0.709389908686,0.689706127511,0.587199926535,1.15679672056,-0.360189392049
0.264529,0.874397180108,-0.720353455539,-0.709395684319,0.689587257368,0.587209452287,1.15692172812,-0.360161486733
0.276553,0.874341641067,-0.720329287285,-0.709403687147,0.689461263364,0.587220236906,1.15706329645,-0.360135454209
0.288577,0.874280177612,-0.72030652883,-0.709414198536,0.68932768455,0.587232451416,1.15722257176,-0.36011137922
0.300601,0.87421245586,-0.720285216503,-0.709427528794,0.689186060973,0.587246286658,1.15740069841,-0.360089334712
0.312625,0.874138153593,-0.720265377314,-0.709444019657,0.689035942255,0.587261954704,1.15759880812,-0.360069382735
0.324649,0.874056964767,-0.720247030049,-0.709464046648,0.688876896433,0.58727969026,1.15781800825,-0.360051575211
0.336673,0.87396860421,-0.720230186296,-0.709488021257,0.688708518929,0.587299752004,1.15805936897,-0.360035954569
0.348697,0.873872812453,-0.720214851389,-0.709516392896,0.688530441501,0.587322423839,1.15832390983,-0.36002255426
0.360721,0.873769360593,-0.720201025264,-0.709549650538,0.68834234104,0.587348016023,1.15861258567,-0.360011399134
0.372745,0.873658055104,-0.720188703232,-0.709588324001,0.688143948041,0.587376866128,1.15892627225,-0.360002505717
0.384770,0.873538742505,-0.720177876664,-0.709632984788,0.687935054605,0.587409339792,1.15926575175,-0.359995882389
0.396794,0.873411313791,-0.720168533586,-0.70968424642,0.687715521798,0.587445831215,1.15963169848,-0.359991529468
0.408818,0.873275708532,-0.720160659186,-0.709742764191,0.68748528623,0.587486763347,1.16002466497,-0.35998943923
0.420842,0.873131918543,-0.720154236241,-0.709809234272,0.687244365701,0.587532587722,1.16044506878,-0.359989595887
0.432866,0.872979991055,-0.720149245451,-0.709884392106,0.686992863784,0.587583783878,1.16089318021,-0.359991975518
0.444890,0.872820031291,-0.720145665701,-0.709969010021,0.686730973232,0.587640858334,1.16136911126,-0.359996546001
0.456914,0.872652204385,-0.720143474249,-0.710063894033,0.686458978098,0.587704343048,1.16187280602,-0.36000326694
0.468938,0.872476736593,-0.720142646843,-0.71016987977,0.68617725452,0.587774793339,1.16240403264,-0.360012089627
0.480962,0.872293915732,-0.720143157775,-0.710287827511,0.685886270085,0.58785278522,1.16296237721,-0.360022957034
0.492986,0.872104090834,-0.720144979879,-0.710418616309,0.685586581783,0.587938912119,1.16354723962,-0.360035803866
0.505010,0.871907670981,-0.720148084492,-0.710563137213,0.685278832523,0.588033780961,1.16415783152,-0.360050556674
0.517034,0.871705123332,-0.720152441362,-0.710722285602,0.684963746272,0.588138007613,1.16479317648,-0.360067134059
0.529058,0.87149697035,-0.720158018539,-0.710896952669,0.684642121857,0.588252211675,1.16545211247,-0.360085446943
0.541082,0.871283786253,-0.720164782245,-0.711088016117,0.684314825544,0.588377010649,1.16613329655,-0.360105398943
0.553106,0.87106619275,-0.72017269673,-0.711296330157,0.68398278248,0.588513013517,1.16683521181,-0.360126886825
0.565130,0.8708448541,-0.720181724141,-0.711522714896,0.683646967176,0.58866081376,1.16755617648,-0.360149801056
0.577154,0.870620471587,-0.720191824386,-0.711767945243,0.683308393167,0.588820981894,1.16829435511,-0.360174026428
0.589178,0.870393777472,-0.720202955038,-0.712032739482,0.682968102048,0.588994057605,1.16904777162,-0.360199442766
0.601202,0.870165528541,-0.720215071253,-0.71231774767,0.68262715207,0.589180541566,1.16981432413,-0.360225925698
0.613226,0.869936499319,-0.720228125735,-0.712623540025,0.682286606508,0.589380887056,1.17059180123,-0.360253347473
0.625251,0.869707475084,-0.72024206874,-0.712950595509,0.68194752202,0.589595491509,1.17137789967,-0.360281577823
0.637275,0.869479244765,-0.720256848134,-0.713299290793,0.681610937176,0.589824688119,1.17217024294,-0.360310484834
0.649299,0.869252593847,-0.720272409507,-0.713669889815,0.681277861397,0.590068737664,1.17296640071,-0.360339935831
0.661323,0.869028297381,-0.720288696333,-0.714062534123,0.680949264471,0.590327820685,1.17376390879,-0.360369798236
0.673347,0.868807113201,-0.720305650201,-0.714477234219,0.680626066831,0.590602030194,1.17456028925,-0.360399940394
0.685371,0.868589775448,-0.720323211098,-0.71491386209,0.680309130759,0.590891365062,1.17535307055,-0.360430232347
0.697395,0.868376988475,-0.720341317742,-0.715372145105,0.679999252637,0.591195724241,1.17613980736,-0.36046054653
0.709419,0.868169421225,-0.720359907973,-0.715851661443,0.679697156375,0.591514901972,1.17691809978,-0.360490758386
0.721443,0.867967702134,-0.720378919187,-0.716351837197,0.679403488076,0.591848584112,1.17768561184,-0.360520746869
0.733467,0.867772414622,-0.720398288811,-0.716871945267,0.679118812001,0.592196345703,1.17844008893,-0.360550394845
0.745491,0.867584093202,-0.720417954814,-0.717411106129,0.678843607868,0.592557649882,1.1791793741,-0.360579589351
0.757515,0.867403220254,-0.720437856232,-0.717968290535,0.678578269451,0.592931848219,1.17990142294,-0.360608221739
0.769539,0.867230223455,-0.720457933725,-0.718542324172,0.678323104474,0.593318182532,1.18060431699,-0.360636187675
0.781563,0.867065473892,-0.720478130128,-0.719131894253,0.678078335719,0.59371578821,1.18128627558,-0.360663387003
0.793587,0.866909284836,-0.720498391008,-0.719735558003,0.677844103269,0.594123699037,1.18194566589,-0.360689723478
0.805611,0.866761911165,-0.720518665208,-0.720351752946,0.677620467793,0.5945408535,1.18258101137,-0.360715104375
0.817635,0.866623549412,-0.720538905367,-0.72097880887,0.677407414728,0.594966102505,1.18319099833,-0.360739439966
0.829659,0.866494338394,-0.720559068418,-0.721614961327,0.677204859247,0.595398218417,1.18377448078,-0.360762642911
0.841683,0.866374360389,-0.720579116041,-0.722258366467,0.677012651846,0.595835905307,1.18433048348,-0.36078462754
0.853707,0.86626364281,-0.720599015074,-0.722907117017,0.676830584424,0.596277810261,1.18485820337,-0.360805309071
0.865731,0.866162160329,-0.72061873787,-0.723559259158,0.676658396688,0.596722535581,1.18535700931,-0.360824602773
0.877756,0.866069837391,-0.720638262589,-0.724212810045,0.676495782743,0.597168651693,1.18582644027,-0.360842423089
0.889780,0.865986551077,-0.720657573428,-0.724865775735,0.67634239773,0.597614710567,1.18626620211,-0.360858682757
0.901804,0.865912134238,-0.720676660766,-0.72551616922,0.676197864379,0.598059259421,1.18667616295,-0.360873291939
0.913828,0.865846378874,-0.720695521241,-0.72616202832,0.676061779352,0.598500854515,1.18705634744,-0.360886157385
0.925852,0.865789039685,-0.72071415773,-0.726801433158,0.675933719296,0.598938074787,1.18740692982,-0.360897181663
0.937876,0.86573983775,-0.720732579241,-0.727432522966,0.675813246488,0.599369535144,1.18772822616,-0.360906262466
0.949900,0.865698464294,-0.720750800715,-0.728053511976,0.675699914034,0.599793899181,1.18802068569,-0.360913292026
0.961924,0.865664584485,-0.720768842722,-0.728662704179,0.675593270554,0.600209891146,1.18828488158,-0.360918156651
0.973948,0.865637841238,-0.720786731067,-0.729258506751,0.675492864326,0.600616306972,1.18852150106,-0.36092073641
0.985972,0.865617858969,-0.720804496288,-0.729839441974,0.675398246874,0.601012024226,1.1887313353,-0.360920904971
0.997996,0.865604247289,-0.720822173058,-0.730404157513,0.675308976005,0.601396010833,1.18891526893,-0.360918529614
1.010020,0.865596604592,-0.720839799493,-0.730951434944,0.675224618312,0.601767332488,1.18907426951,-0.360913471415
1.022044,0.865594521512,-0.720857416365,-0.731480196442,0.67514475116,0.602125158665,1.18920937692,-0.36090558563
1.034068,0.865597584247,-0.720875066233,-0.731989509614,0.675068964224,0.602468767179,1.18932169292,-0.360894722256
1.046092,0.8656053777,-0.7208927925,-0.73247859044,0.674996860597,0.602797547282,1.18941237084,-0.360880726776
1.058116,0.865617488451,-0.720910638403,-0.732946804372,0.674928057545,0.603111001306,1.18948260559,-0.360863441091
1.070140,0.865633507528,-0.720928645953,-0.733393665631,0.674862186969,0.603408744875,1.18953362405,-0.360842704616
1.082164,0.865653032976,-0.720946854851,-0.733818834794,0.674798895621,0.603690505755,1.18956667581,-0.360818355528
1.094188,0.865675672215,-0.720965301376,-0.734222114777,0.674737845156,0.603956121421,1.18958302449,-0.360790232158
1.106212,0.865701044178,-0.720984017293,-0.734603445357,0.674678712058,0.604205535438,1.18958393945,-0.360758174496
1.118236,0.865728781233,-0.721003028782,-0.734962896368,0.674621187515,0.604438792766,1.18957068817,-0.360722025786
1.130261,0.86575853088,-0.721022355422,-0.735300659761,0.674564977277,0.604656034131,1.1895445291,-0.360681634196
1.142285,0.865789957231,-0.721042009256,-0.735617040683,0.674509801541,0.604857489586,1.18950670517,-0.36063685452
1.154309,0.865822742263,-0.721061993957,-0.735912447771,0.67445539491,0.605043471406,1.18945843779,-0.360587549893
1.166333,0.865856586864,-0.721082304117,-0.736187382859,0.674401506432,0.605214366462,1.18940092149,-0.360533593491
1.178357,0.865891211667,-0.721102924697,-0.736442430261,0.674347899749,0.605370628221,1.18933531907,-0.360474870182
1.190381,0.865926357671,-0.721123830637,-0.736678245836,0.67429435336,0.605512768504,1.18926275735,-0.3604112781
1.202405,0.865961786679,-0.721144986668,-0.736895545995,0.674240660995,0.60564134913,1.18918432335,-0.36034273012
1.214429,0.865997281534,-0.721166347323,-0.737095096823,0.6741866321,0.605756973588,1.18910106106,-0.360269155216
1.226453,0.866032646184,-0.721187857171,-0.737277703465,0.674132092408,0.605860278824,1.18901396858,-0.360190499659
1.238477,0.866067705576,-0.721209451277,-0.737444199905,0.674076884582,0.605951927267,1.18892399578,-0.360106728072
1.250501,0.866102305392,-0.721231055893,-0.737595439273,0.674020868903,0.606032599163,1.18883204229,-0.360017824292
1.262525,0.866136311639,-0.721252589369,-0.737732284765,0.673963923972,0.606102985309,1.18873895597,-0.359923792062
1.274549,0.866169610105,-0.721273963296,-0.737855601275,0.673905947398,0.606163780234,1.1886455316,-0.359824655523
1.286573,0.866202105701,-0.721295083845,-0.737966247784,0.673846856435,0.606215675882,1.18855251004,-0.359720459526
1.298597,0.866233721686,-0.721315853307,-0.73806507058,0.673786588546,0.60625935583,1.18846057759,-0.359611269744
1.310621,0.866264398807,-0.72133617179,-0.738152897304,0.673725101849,0.606295490069,1.18837036573,-0.35949717262
1.322645,0.86629409436,-0.721355939069,-0.738230531865,0.673662375433,0.606324730353,1.18828245105,-0.359378275131
1.334669,0.866322781181,-0.721375056543,-0.738298750196,0.673598409508,0.606347706121,1.18819735554,-0.359254704408
1.346693,0.866350446592,-0.721393429273,-0.73835829685,0.673533225382,0.606365020984,1.18811554703,-0.359126607205
1.358717,0.866377091306,-0.72141096807,-0.738409882386,0.673466865231,0.606377249772,1.18803743996,-0.358994149256
1.370741,0.866402728314,-0.721427591597,-0.738454181525,0.673399391683,0.606384936104,1.18796339632,-0.358857514517
1.382766,0.866427381757,-0.721443228437,-0.738491832006,0.673330887181,0.606388590467,1.18789372691,-0.358716904333
1.394790,0.866451085803,-0.721457819122,-0.738523434097,0.673261453156,0.606388688775,1.18782869274,-0.358572536529
1.406814,0.866473883545,-0.721471318065,-0.738549550687,0.673191208995,0.606385671371,1.18776850673,-0.358424644455
1.418838,0.866495825916,-0.721483695375,-0.738570707902,0.673120290846,0.606379942439,1.18771333556,-0.358273475992
1.430862,0.866516970648,-0.721494938541,-0.738587396173,0.673048850252,0.606371869794,1.18766330186,-0.358119292544
1.442886,0.866537381274,-0.721505053947,-0.738600071679,0.672977052658,0.606361785016,1.18761848648,-0.357962368015
1.454910,0.86655712619,-0.72151406822,-0.738609158118,0.672905075818,0.606349983891,1.1875789311,-0.35780298778
1.466934,0.86657627777,-0.721522029394,-0.738615048717,0.672833108123,0.606336727129,1.18754464095,-0.357641447672
1.478958,0.866594911557,-0.721529007879,-0.738618108441,0.672761346901,0.606322241325,1.18751558779,-0.357478052959
1.490982,0.86661310552,-0.721535097261,-0.738618676328,0.672689996716,0.606306720145,1.18749171306,-0.357313117342
1.503006,0.866630939388,-0.72154041491,-0.738617067912,0.672619267699,0.606290325685,1.1874729312,-0.357146961953
1.515030,0.866648494056,-0.721545102443,-0.738613577683,0.672549373972,0.606273190014,1.18745913313,-0.356979914345
1.527054,0.866665851072,-0.721549326031,-0.738608481534,0.672480532167,0.606255416845,1.18745018987,-0.356812307494
1.539078,0.866683092194,-0.721553276597,-0.738602039185,0.672412960114,0.606237083334,1.18744595629,-0.356644478772
1.551102,0.866700299015,-0.721557169913,-0.73859449653,0.672346875698,0.606218241979,1.18744627496,-0.356476768915
1.563126,0.866717552664,-0.721561246647,-0.738586087897,0.672282495937,0.606198922608,1.18745098004,-0.356309520965
1.575150,0.866734933557,-0.721565772366,-0.738577038208,0.67222003631,0.606179134435,1.18745990126,-0.356143079173
1.587174,0.86675252122,-0.721571037558,-0.738567565017,0.672159710339,0.606158868179,1.18747286792,-0.355977787884
1.599198,0.866770394148,-0.721577357673,-0.738557880412,0.672101729473,0.606138098217,1.18748971279,-0.355813990377
1.611222,0.866788629719,-0.721585073243,-0.738548192799,0.672046303266,0.606116784776,1.18751027611,-0.355652027673
1.623246,0.866807304141,-0.721594550097,-0.738538708535,0.671993639882,0.606094876144,1.18753440937,-0.355492237318
1.635271,0.866826492434,-0.721606179693,-0.738529633431,0.671943946921,0.606072310886,1.18756197909,-0.35533495213
1.647295,0.866846268443,-0.721620379601,-0.738521174113,0.671897432583,0.60604902006,1.18759287037,-0.355180498945
1.659319,0.866866704866,-0.721637594148,-0.738513539252,0.67185430716,0.606024929412,1.18762699032,-0.355029197349
1.671343,0.866887873315,-0.72165829524,-0.738506940654,0.671814784864,0.605999961547,1.18766427123,-0.354881358426
1.683367,0.866909844385,-0.721682983362,-0.738501594213,0.671779085983,0.605974038054,1.18770467355,-0.354737283537
1.695391,0.86693268775,-0.721712188774,-0.738497720736,0.671747439353,0.605947081584,1.18774818847,-0.354597263141
1.707415,0.866956472277,-0.721746472869,-0.73849554662,0.671720085147,0.605919017847,1.1877948403,-0.354461575695
1.719439,0.866981266164,-0.721786429713,-0.7384953044,0.671697277958,0.605889777528,1.18784468839,-0.354330486636
1.731463,0.867007137109,-0.721832687732,-0.738497233141,0.671679290167,0.60585929811,1.18789782873,-0.354204247479
1.743487,0.867034152514,-0.721885911515,-0.73850157869,0.671666415585,0.605827525568,1.18795439502,-0.354083095056
1.755511,0.867062379729,-0.721946803735,-0.738508593756,0.671658973351,0.605794415935,1.18801455935,-0.353967250901
1.767535,0.867091886355,-0.722016107113,-0.738518537836,0.671657312058,0.605759936721,1.18807853231,-0.353856920821
1.779559,0.867122740606,-0.722094606424,-0.738531676958,0.671661814115,0.605724068157,1.18814656259,-0.353752294659
1.791583,0.867155011745,-0.722183130485,-0.738548283235,0.671672900295,0.60568680427,1.18821893597,-0.353653546257
1.803607,0.8671887706,-0.722282554078,-0.738568634231,0.671691034474,0.605648153747,1.18829597365,-0.353560833658
1.815631,0.867224090183,-0.722393799773,-0.738593012114,0.671716728532,0.605608140601,1.18837803,-0.353474299525
1.827655,0.867261046402,-0.722517839602,-0.738621702603,0.671750547389,0.605566804606,1.18846548959,-0.353394071799
1.839679,0.867299718897,-0.722655696525,-0.738654993697,0.671793114164,0.605524201509,1.18855876341,-0.353320264607
1.851703,0.867340191986,-0.722808445655,-0.738693174177,0.671845115428,0.605480402992,1.18865828448,-0.353252979391
1.863727,0.867382555742,-0.722977215191,-0.738736531896,0.671907306524,0.605435496404,1.18876450259,-0.353192306289
1.875752,0.867426907197,-0.723163187013,-0.738785351844,0.671980516924,0.605389584236,1.18887787826,-0.353138325726
1.887776,0.86747335167,-0.723367596901,-0.738839914013,0.672065655612,0.605342783356,1.18899887593,-0.353091110226
1.899800,0.867522004229,-0.723591734347,-0.738900491054,0.672163716428,0.605295224008,1.18912795629,-0.353050726432
1.911824,0.867572991264,-0.723836941917,-0.73896734576,0.672275783374,0.60524704858,1.18926556782,-0.353017237294
1.923848,0.867626452175,-0.724104614144,-0.739040728395,0.672403035812,0.605198410145,1.18941213758,-0.35299070444
1.935872,0.867682541161,-0.724396195923,-0.739120873878,0.672546753543,0.605149470816,1.18956806116,-0.352971190686
1.947896,0.86774142909,-0.724713180404,-0.73920799888,0.672708321696,0.605100399897,1.18973369192,-0.352958762673
1.959920,0.867803305431,-0.725057106354,-0.739302298848,0.672889235403,0.605051371892,1.18990932958,-0.352953493609
1.971944,0.867868380238,-0.725429555001,-0.739403945008,0.67309110419,0.605002564358,1.19009520818,-0.352955466096
1.983968,0.867936886148,-0.725832146345,-0.739513081383,0.673315656048,0.604954155665,1.19029148344,-0.352964775019
1.995992,0.868009080372,-0.726266534968,-0.73962982188,0.673564741113,0.604906322661,1.19049821978,-0.352981530462
2.008016,0.868085246661,-0.726734405327,-0.739754247488,0.67384033491,0.604859238299,1.19071537693,-0.353005860663
2.020040,0.868165697196,-0.727237466573,-0.739886403638,0.674144541089,0.60481306924,1.19094279637,-0.353037914944
2.032064,0.868250774397,-0.727777446921,-0.740026297775,0.674479593593,0.60476797347,1.19118018769,-0.353077866633
2.044088,0.8683408526,-0.728356087582,-0.7401738972,0.674847858208,0.604724097971,1.19142711507,-0.353125915935
2.056112,0.868436339584,-0.728975136329,-0.740329127205,0.675251833408,0.604681576459,1.191682984,-0.353182292743
2.068136,0.868537677909,-0.729636340698,-0.740491869578,0.67569415045,0.604640527248,1.19194702844,-0.353247259372
2.080160,0.868645346051,-0.730341440914,-0.740661961493,0.676177572655,0.604601051228,1.19221829867,-0.353321113187
2.092184,0.868759859278,-0.731092162551,-0.740839194832,0.676704993805,0.60456323003,1.19249564991,-0.353404189124
2.104208,0.868881770282,-0.731890209012,-0.741023315964,0.67727943561,0.604527124359,1.19277773205,-0.353496862072
2.116232,0.869011669506,-0.732737253868,-0.741214026016,0.677904044191,0.604492772542,1.19306298056,-0.353599549099
2.128257,0.869150185165,-0.733634933122,-0.74141098163,0.678582085525,0.604460189295,1.19334960891,-0.353712711521
2.140281,0.869297982945,-0.734584837454,-0.741613796237,0.679316939812,0.604429364725,1.19363560266,-0.353836856767
2.152305,0.869455765355,-0.735588504514,-0.74182204184,0.68011209474,0.604400263575,1.19391871529,-0.353972540049
2.164329,0.869624270731,-0.736647411323,-0.742035251286,0.680971137605,0.604372824719,1.19419646622,-0.354120365795
2.176353,0.869804271873,-0.73776296684,-0.742252921031,0.681897746276,0.604346960894,1.19446614086,-0.354280988837
2.188377,0.869996574327,-0.738936504758,-0.742474514359,0.682895678996,0.604322558693,1.19472479312,-0.354455115332
2.200401,0.870202014297,-0.740169276596,-0.742699465026,0.683968763021,0.604299478775,1.19496925031,-0.354643503384
2.212425,0.870421456191,-0.741462445126,-0.742927181284,0.685120882106,0.604277556322,1.19519612061,-0.354846963361
2.224449,0.870655789819,-0.742817078213,-0.743157050252,0.686355962859,0.604256601687,1.19540180321,-0.355066357868
2.236473,0.870905927234,-0.744234143091,-0.743388442564,0.687677960009,0.604236401254,1.19558250101,-0.355302601369
2.248497,0.871172799246,-0.745714501149,-0.743620717244,0.689090840623,0.604216718466,1.19573423612,-0.355556659423
2.260521,0.871457351611,-0.747258903253,-0.743853226748,0.690598567341,0.604197295017,1.19585286787,-0.355829547531
2.272545,0.871760540916,-0.748867985645,-0.744085322105,0.692205080687,0.604177852171,1.19593411349,-0.356122329551
2.284569,0.87208333018,-0.750542266451,-0.744316358093,0.693914280558,0.604158092205,1.19597357117,-0.356436115698
2.296593,0.872426684202,-0.752282142832,-0.744545698377,0.69573000697,0.604137699934,1.19596674558,-0.356772060083
2.308617,0.872791564659,-0.754087888792,-0.744772720558,0.697656020174,0.604116344317,1.19590907544,-0.357131357804
2.320641,0.873178924999,-0.755959653653,-0.744996821051,0.699695980255,0.604093680103,1.19579596313,-0.357515241578
2.332665,0.873589705152,-0.757897461224,-0.745217419748,0.701853426348,0.604069349516,1.195622806,-0.357924977904
2.344689,0.87402482608,-0.759901209649,-0.745433964397,0.704131755586,0.604042983948,1.19538502926,-0.35836186278
2.356713,0.874485184205,-0.761970671935,-0.74564593466,0.706534201953,0.604014205656,1.19507811988,-0.358827216965
2.368737,0.87497164574,-0.764105497158,-0.745852845786,0.709063815157,0.60398262944,1.19469766162,-0.359322380814
2.380762,0.875485040957,-0.766305212321,-0.746054251887,0.711723439702,0.603947864302,1.19423937049,-0.359848708712
2.392786,0.876026158428,-0.768569224848,-0.746249748761,0.714515694304,0.603909515067,1.1936991305,-0.360407563113
2.404810,0.876595739264,-0.770896825682,-0.746438976251,0.717442951808,0.603867183975,1.19307302933,-0.361000308259
2.416834,0.877194471393,-0.77328719296,-0.746621620128,0.720507319784,0.603820472223,1.19235739364,-0.361628303577
2.428858,0.87782298391,-0.775739396219,-0.746797413484,0.723710621929,0.603768981485,1.19154882348,-0.362292896833
2.440882,0.878481841528,-0.778252401101,-0.746966137632,0.727054380467,0.603712315375,1.19064422571,-0.362995417086
2.452906,0.87917153917,-0.780825074492,-0.747127622529,0.730539799672,0.603650080893,1.18964084599,-0.363737167492
2.464930,0.879892496731,-0.783456190067,-0.747281746733,0.734167750671,0.603581889839,1.18853629898,-0.364519418035
2.476954,0.880645054056,-0.786144434169,-0.747428436912,0.737938757661,0.603507360204,1.18732859653,-0.365343398241
2.488978,0.881429466149,-0.788888411972,-0.747567666934,0.741852985677,0.603426117555,1.18601617365,-0.366210289943
2.501002,0.88224589866,-0.791686653867,-0.747699456569,0.74591023002,0.603337796409,1.18459791181,-0.36712122017
2.513026,0.883094423681,-0.794537622017,-0.747823869838,0.750109907449,0.603242041612,1.18307315954,-0.368077254232
2.525050,0.883975015877,-0.797439717007,-0.747941013049,0.754451049247,0.603138509731,1.18144175009,-0.369079389054
2.537074,0.884887548988,-0.800391284543,-0.748051032563,0.758932296215,0.603026870458,1.17970401586,-0.370128546848
2.549098,0.885831792729,-0.803390622123,-0.748154112327,0.763551895678,0.602906808031,1.17786079969,-0.371225569163
2.561122,0.886807410117,-0.806435985633,-0.748250471226,0.768307700539,0.602778022686,1.17591346269,-0.372371211388
2.573146,0.887813955247,-0.809525595803,-0.748340360291,0.77319717041,0.602640232118,1.17386388872,-0.373566137744
2.585170,0.88885087155,-0.812657644464,-0.74842405981,0.778217374841,0.602493172971,1.17171448526,-0.374810916819
2.597194,0.889917490543,-0.815830300562,-0.748501876379,0.78336499863,0.602336602337,1.16946818098,-0.376106017688
2.609218,0.891013031101,-0.819041715867,-0.748574139939,0.788636349202,0.602170299262,1.16712841972,-0.377451806626
2.621242,0.892136599257,-0.822290030346,-0.748641200832,0.79402736601,0.60199406625,1.16469915109,-0.378848544452
2.633267,0.893287188558,-0.825573377137,-0.748703426898,0.799533631902,0.601807730738,1.16218481779,-0.380296384504
2.645291,0.894463680965,-0.828889887114,-0.74876120067,0.805150386382,0.601611146551,1.15959033965,-0.381795371248
2.657315,0.895664848333,-0.832237692992,-0.748814916659,0.810872540669,0.601404195293,1.15692109463,-0.383345439508
2.669339,0.896889354443,-0.835614932952,-0.748864978781,0.81669469446,0.60118678767,1.15418289684,-0.384946414294
2.681363,0.898135757607,-0.839019753773,-0.74891179792,0.822611154268,0.600958864715,1.15138197184,-0.386598011207
2.693387,0.899402513834,-0.842450313451,-0.748955789657,0.828615953203,0.600720398902,1.14852492932,-0.388299837384
2.705411,0.900687980544,-0.845904783304,-0.748997372166,0.834702872071,0.600471395114,1.14561873344,-0.390051392924
2.717435,0.901990420827,-0.84938134956,-0.749036964283,0.840865461612,0.600211891449,1.14267067104,-0.391852072771
2.729459,0.903308008216,-0.85287821444,-0.749074983759,0.847097065744,0.599941959845,1.13968831792,-0.393701168971
2.741483,0.904638831963,-0.856393596746,-0.749111845678,0.853390845627,0.599661706493,1.13667950342,-0.395597873265
2.753507,0.90598090279,-0.859925731974,-0.749147961054,0.859739804397,0.599371272031,1.13365227371,-0.397541279949
2.765531,0.907332159083,-0.86347287199,-0.749183735588,0.866136812372,0.599070831494,1.13061485376,-0.399530388941
2.777555,0.908690473494,-0.867033284285,-0.749219568581,0.872574632589,0.598760594014,1.12757560855,-0.401564108999
2.789579,0.910053659925,-0.870605250862,-0.749255851989,0.879045946469,0.598440802253,1.12454300363,-0.403641261024
2.801603,0.911419480837,-0.874187066794,-0.749292969604,0.885543379468,0.598111731567,1.12152556524,-0.405760581411
2.813627,0.912785654853,-0.877777038502,-0.749331296356,0.892059526529,0.597773688908,1.11853184049,-0.407920725388
2.825651,0.914149864603,-0.881373481803,-0.749371197711,0.898586977198,0.597427011451,1.11557035752,-0.410120270304
2.837675,0.915509764774,-0.884974719795,-0.749413029153,0.905118340237,0.597072064969,1.11264958631,-0.412357718841
2.849699,0.916862990292,-0.888579080624,-0.749457135733,0.911646267604,0.596709241961,1.10977789996,-0.414631502125
2.861723,0.918207164617,-0.892184895203,-0.749503851677,0.918163477672,0.596338959555,1.10696353701,-0.416939982709
2.873747,0.919539908066,-0.895790494944,-0.749553500029,0.924662777559,0.595961657202,1.10421456493,-0.419281457451
2.885772,0.920858846136,-0.899394209565,-0.749606392315,0.931137084474,0.595577794196,1.10153884493,-0.421654160254
2.897796,0.922161617772,-0.902994365027,-0.749662828222,0.937579445985,0.595187847037,1.09894399836,-0.424056264726
2.909820,0.923445883515,-0.906589281671,-0.749723095281,0.943983059118,0.594792306686,1.09643737499,-0.426485886748
2.921844,0.924709333496,-0.910177272612,-0.749787468534,0.950341288244,0.594391675735,1.09402602312,-0.428941087005
2.933868,0.925949695219,-0.91375664243,-0.749856210187,0.956647681679,0.593986465525,1.09171666197,-0.431419873509
2.945892,0.9271647411,-0.917325686226,-0.749929569239,0.962895986975,0.593577193269,1.08951565621,-0.433920204175
2.957916,0.9283522957,-0.920882689085,-0.750007781083,0.969080164869,0.593164379198,1.08742899303,-0.436439989479
2.969940,0.929510242628,-0.924425925971,-0.750091067074,0.975194401889,0.592748543782,1.08546226159,-0.438977095283
2.981964,0.930636531083,-0.927953662108,-0.750179634069,0.9812331216,0.592330205052,1.08362063521,-0.44152934586
2.993988,0.931729181978,-0.931464153862,-0.750273673931,0.987190994517,0.591909876063,1.08190885611,-0.444094527194
3.006012,0.932786293651,-0.93495565015,-0.75037336302,0.993062946704,0.591488062536,1.08033122299,-0.446670390599
3.018036,0.933806047114,-0.938426394379,-0.75047886164,0.998844167082,0.591065260686,1.0788915812,-0.449254656733
3.030060,0.934786710833,-0.941874626933,-0.750590313495,1.0045301135,0.590641955288,1.07759331582,-0.451845020022
3.042084,0.935726645027,-0.945298588192,-0.750707845117,1.01011651759,0.59021861798,1.07643934733,-0.454439153575
3.054108,0.936624305466,-0.948696522086,-0.750831565306,1.01559938852,0.589795705824,1.07543213007,-0.457034714593
3.066132,0.937478246772,-0.952066680145,-0.750961564584,1.02097501559,0.589373660136,1.07457365329,-0.459629350322
3.078156,0.938287125219,-0.955407326039,-0.751097914659,1.02623996987,0.588952905593,1.07386544471,-0.462220704546
3.090180,0.939049701029,-0.958716740563,-0.751240667938,1.03139110481,0.588533849604,1.07330857666,-0.464806424643
3.102204,0.939764840186,-0.961993227019,-0.751389857076,1.03642555602,0.588116881952,1.07290367448,-0.467384169171
3.114228,0.940431515758,-0.965235116966,-0.751545494585,1.04134074013,0.587702374688,1.07265092715,-0.469951615999
3.126253,0.941048808761,-0.968440776266,-0.751707572512,1.04613435293,0.587290682262,1.07255010007,-0.47250647091
3.138277,0.941615908562,-0.971608611377,-0.7518760622,1.05080436683,0.586882141876,1.07260054973,-0.475046476662
3.150301,0.942132112859,-0.974737075825,-0.752050914131,1.05534902754,0.586477074029,1.07280124013,-0.477569422434
3.162325,0.942596827243,-0.97782467679,-0.752232057881,1.05976685028,0.586075783229,1.07315076087,-0.480073153594
3.174349,0.943009564375,-0.980869981734,-0.752419402171,1.0640566154,0.585678558844,1.07364734666,-0.482555581703
3.186373,0.943369942791,-0.983871624999,-0.752612835039,1.06821736347,0.585285676064,1.07428889798,-0.485014694675
3.198397,0.943677685377,-0.986828314302,-0.752812224127,1.07224838995,0.58489739693,1.07507300295,-0.487448566993
3.210421,0.943932617516,-0.989738837053,-0.753017417095,1.07614923942,0.584513971418,1.07599695994,-0.489855369867
3.222445,0.944134664953,-0.992602066425,-0.753228242158,1.07991969947,0.584135638522,1.07705780098,-0.492233381249
3.234469,0.944283851387,-0.995416967097,-0.753444508742,1.08355979419,0.583762627327,1.07825231558,-0.494580995571
3.246493,0.944380295825,-0.998182600617,-0.753666008268,1.08706977736,0.583395158033,1.07957707492,-0.496896733106
3.258517,0.944424209712,-1.0008981303,-0.753892515051,1.09045012533,0.583033442899,1.08102845619,-0.499179248837
3.270541,0.94441589387,-1.00356282562,-0.754123787311,1.09370152966,0.582677687096,1.0826026669,-0.501427340725
3.282565,0.944355735253,-1.00617606601,-0.754359568284,1.09682488943,0.582328089441,1.08429576899,-0.503639957274
3.294589,0.944244203553,-1.00873734408,-0.754599587437,1.09982130335,0.581984842992,1.08610370258,-0.505816204294
3.306613,0.944081847663,-1.01124626813,-0.754843561755,1.10269206163,0.581648135504,1.08802230931,-0.507955350763
3.318637,0.943869292023,-1.01370256398,-0.75509119711,1.10543863762,0.581318149724,1.09004735495,-0.510056833723
3.330661,0.943607232859,-1.01610607605,-0.755342189685,1.10806267924,0.580995063529,1.09217455136,-0.512120262129
3.342685,0.943296434334,-1.01845676771,-0.755596227442,1.11056600018,0.580679049905,1.09439957751,-0.514145419593
3.354709,0.942937724618,-1.02075472085,-0.755852991627,1.112950571,0.580370276768,1.09671809955,-0.516132265984
3.366733,0.942531991909,-1.02300013468,-0.756112158283,1.11521850993,0.580068906636,1.09912578987,-0.518080937841
3.378758,0.942080180384,-1.02519332374,-0.756373399774,1.11737207364,0.579775096167,1.10161834499,-0.5199917476
3.390782,0.941583286125,-1.02733471518,-0.756636386292,1.11941364774,0.579488995564,1.10419150219,-0.521865181604
3.402806,0.941042353012,-1.02942484524,-0.756900787341,1.12134573724,0.579210747877,1.10684105499,-0.523701896935
3.414830,0.940458468599,-1.03146435512,-0.757166273178,1.12317095685,0.578940488216,1.10956286724,-0.525502717069
3.426854,0.939832759987,-1.03345398604,-0.757432516215,1.12489202122,0.578678342888,1.11235288593,-0.52726862641
3.438878,0.939166389699,-1.03539457376,-0.757699192343,1.12651173511,0.578424428483,1.11520715256,-0.529000763736
3.450902,0.938460551572,-1.03728704244,-0.757965982203,1.12803298348,0.578178850939,1.11812181327,-0.530700414629
3.462926,0.937716466683,-1.03913239798,-0.758232572365,1.12945872167,0.577941704592,1.12109312749,-0.532369002962
3.474950,0.936935379308,-1.04093172091,-0.758498656433,1.13079196545,0.577713071242,1.12411747528,-0.53400808152
3.486974,0.936118552941,-1.04268615882,-0.758763936054,1.13203578128,0.577493019253,1.12719136336,-0.535619321839
3.498998,0.935267266378,-1.04439691846,-0.759028121834,1.13319327655,0.577281602709,1.13031142978,-0.537204503377
3.511022,0.934382809881,-1.04606525756,-0.759290934168,1.13426758997,0.577078860637,1.13347444739,-0.538765502093
3.523046,0.93346648144,-1.04769247645,-0.759552103967,1.13526188214,0.576884816315,1.13667732601,-0.540304278562
3.535070,0.93251958314,-1.04927990952,-0.7598113733,1.13617932627,0.576699476684,1.13991711353,-0.541822865715
3.547094,0.931543417659,-1.0508289167,-0.760068495946,1.13702309919,0.576522831868,1.14319099582,-0.543323356317
3.559118,0.930539284896,-1.05234087487,-0.760323237853,1.13779637254,0.576354854817,1.14649629564,-0.54480789029
3.571142,0.929508478765,-1.05381716943,-0.760575377534,1.13850230436,0.57619550107,1.1498304706,-0.546278641981
3.583166,0.928452284144,-1.05525918603,-0.760824706375,1.13914403091,0.57604470866,1.15319111019,-0.547737807479
3.595190,0.927371974012,-1.05666830254,-0.761071028881,1.13972465896,0.575902398136,1.15657593206,-0.549187592073
3.607214,0.926268806783,-1.0580458813,-0.761314162872,1.14024725839,0.575768472734,1.15998277748,-0.550630197939
3.619238,0.925144023837,-1.05939326179,-0.761553939616,1.14071485526,0.575642818662,1.16340960628,-0.552067812146
3.631263,0.923998847279,-1.06071175372,-0.761790203923,1.14113042532,0.575525305522,1.16685449114,-0.553502595056
3.643287,0.922834477907,-1.06200263055,-0.762022814211,1.14149688797,0.57541578684,1.17031561149,-0.554936669183
3.655311,0.921652093431,-1.06326712364,-0.762251642534,1.14181710076,0.575314100713,1.17379124698,-0.556372108583
3.667335,0.920452846912,-1.06450641686,-0.762476574592,1.14209385431,0.57522007056,1.17727977069,-0.557810928821
3.679359,0.919237865454,-1.06572164193,-0.762697509736,1.14232986783,0.575133505955,1.18077964215,-0.559255077566
3.691383,0.918008249131,-1.06691387432,-0.762914360944,1.14252778509,0.57505420355,1.18428940024,-0.56070642586
3.703407,0.916765070152,-1.06808412977,-0.763127054818,1.14269017099,0.574981948063,1.18780765604,-0.562166760083
3.715431,0.915509372273,-1.06923336162,-0.76333553156,1.14281950859,0.574916513329,1.19133308573,-0.563637774652
3.727455,0.914242170426,-1.07036245868,-0.763539744965,1.14291819668,0.574857663385,1.19486442362,-0.56512106547
3.739479,0.91296445058,-1.07147224383,-0.76373966241,1.1429885479,0.574805153608,1.19840045535,-0.566618124135
3.751503,0.911677169811,-1.07256347332,-0.763935264855,1.1430327873,0.574758731861,1.20194001135,-0.56813033293
3.763527,0.910381256568,-1.07363683667,-0.764126546849,1.14305305146,0.574718139659,1.20548196061,-0.569658960592
3.775551,0.909077611129,-1.07469295722,-0.764313516539,1.14305138803,0.574683113338,1.2090252048,-0.57120515886
3.787575,0.907767106225,-1.07573239334,-0.764496195687,1.14302975576,0.57465338522,1.21256867278,-0.572769959809
3.799599,0.906450587807,-1.07675564012,-0.764674619684,1.14299002493,0.574628684752,1.21611131558,-0.574354273948
3.811623,0.905128875954,-1.07776313165,-0.764848837569,1.14293397821,0.574608739638,1.21965210185,-0.5759588891
3.823647,0.903802765886,-1.07875524381,-0.765018912038,1.14286331188,0.574593276927,1.22319001378,-0.577584470024
3.835671,0.902473029072,-1.07973229745,-0.765184919445,1.14277963743,0.574582024078,1.2267240436,-0.579231558794
3.847695,0.901140414398,-1.08069456202,-0.765346949796,1.14268448348,0.574574709971,1.23025319051,-0.580900575897
3.859719,0.899805649392,-1.0816422595,-0.765505106722,1.14257929792,0.574571065886,1.23377645828,-0.582591822051
3.871743,0.898469441468,-1.08257556862,-0.765659507432,1.14246545044,0.574570826422,1.23729285323,-0.584305480721
3.883768,0.897132479176,-1.08349462936,-0.765810282644,1.14234423515,0.574573730372,1.24080138289,-0.586041621305
3.895792,0.895795433433,-1.08439954752,-0.765957576483,1.14221687349,0.574579521539,1.24430105505,-0.587800202977
3.907816,0.894458958725,-1.08529039955,-0.766101546357,1.14208451727,0.574587949501,1.24779087738,-0.589581079161
3.919840,0.893123694243,-1.08616723725,-0.766242362786,1.14194825183,0.574598770313,1.25126985748,-0.591384002599
3.931864,0.891790264967,-1.08703009266,-0.766380209209,1.1418090993,0.574611747158,1.25473700343,-0.593208631004
3.943888,0.890459282641,-1.08787898278,-0.766515281739,1.14166802193,0.574626650936,1.25819132469,-0.59505453324
3.955912,0.889131346669,-1.08871391418,-0.766647788886,1.14152592548,0.574643260798,1.26163183345,-0.596921196009
3.967936,0.887807044891,-1.08953488756,-0.76677795124,1.14138366255,0.574661364615,1.26505754624,-0.598808031006
3.979960,0.886486954239,-1.09034190198,-0.76690600111,1.14124203596,0.574680759405,1.26846748598,-0.600714382487
3.991984,0.885171641272,-1.09113495893,-0.767032182128,1.14110180201,0.574701251685,1.27186068412,-0.602639535209
4.004008,0.883861662575,-1.09191406612,-0.767156748808,1.14096367373,0.57472265778,1.27523618319,-0.604582722694
4.016032,0.88255756503,-1.09267924093,-0.767279966079,1.14082832399,0.574744804072,1.27859303938,-0.606543135754
4.028056,0.881259885944,-1.0934305135,-0.767402108772,1.14069638847,0.574767527192,1.28193032538,-0.608519931227
4.040080,0.879969153057,-1.09416792955,-0.767523461084,1.14056846853,0.574790674168,1.28524713325,-0.610512240846
4.052104,0.878685884411,-1.09489155268,-0.767644316008,1.14044513387,0.574814102507,1.28854257738,-0.612519180199
4.064128,0.8774105881,-1.09560146642,-0.767764974741,1.14032692507,0.574837680238,1.29181579745,-0.614539857682
4.076152,0.87614376191,-1.09629777574,-0.767885746069,1.14021435587,0.574861285895,1.29506596142,-0.616573383402
4.088176,0.874885892843,-1.09698060828,-0.76800694573,1.14010791525,0.574884808458,1.29829226844,-0.618618877932
4.100200,0.873637456553,-1.09765011504,-0.768128895763,1.14000806935,0.574908147244,1.30149395163,-0.620675480866
4.112224,0.872398916691,-1.09830647081,-0.76825192385,1.13991526311,0.574931211749,1.30467028087,-0.622742359082
4.124248,0.871170724189,-1.09894987407,-0.768376362636,1.13982992166,0.574953921447,1.3078205653,-0.624818714648
4.136273,0.86995331647,-1.09958054663,-0.768502549058,1.13975245153,0.574976205551,1.31094415574,-0.626903792299
4.148297,0.868747116629,-1.10019873284,-0.768630823652,1.13968324159,0.574998002723,1.31404044692,-0.628996886407
4.160321,0.867552532569,-1.10080469849,-0.768761529872,1.13962266371,0.575019260756,1.31710887941,-0.631097347386
4.172345,0.866369956135,-1.1013987294,-0.768895013398,1.13957107329,0.575039936211,1.32014894144,-0.63320458746
4.184369,0.865199762232,-1.1019811297,-0.769031621449,1.13952880946,0.575059994027,1.32316017035,-0.635318085739
4.196393,0.864042307963,-1.10255221991,-0.769171702087,1.13949619507,0.575079407097,1.32614215387,-0.637437392554
4.208417,0.862897931791,-1.10311233475,-0.769315603533,1.13947353655,0.575098155815,1.32909453108,-0.639562132993
4.220441,0.861766952735,-1.10366182075,-0.769463673468,1.13946112347,0.575116227602,1.33201699309,-0.641692009603
4.232465,0.860649669617,-1.10420103379,-0.769616258341,1.13945922797,0.575133616411,1.33490928346,-0.643826804238
4.244489,0.859546360369,-1.10473033641,-0.769773702664,1.13946810398,0.575150322212,1.3377711983,-0.645966379001
4.256513,0.858457281411,-1.10525009512,-0.769936348308,1.13948798636,0.575166350464,1.34060258612,-0.648110676292
4.268537,0.857382667106,-1.10576067764,-0.770104533786,1.13951908981,0.575181711582,1.34340334733,-0.650259717934
4.280561,0.856322729302,-1.10626245012,-0.770278593518,1.13956160776,0.575196420395,1.3461734335,-0.652413603394
4.292585,0.855277656965,-1.10675577435,-0.770458857092,1.13961571106,0.575210495604,1.34891284634,-0.654572507098
4.304609,0.854247615911,-1.10724100512,-0.770645648496,1.13968154676,0.575223959239,1.35162163637,-0.656736674863
4.316633,0.853232748641,-1.10771848756,-0.770839285335,1.13975923668,0.575236836132,1.35429990132,-0.658906419481
4.328657,0.852233174274,-1.10818855465,-0.771040078023,1.13984887608,0.575249153394,1.35694778433,-0.661082115481
4.340681,0.85124898859,-1.10865152486,-0.771248328943,1.13995053229,0.575260939908,1.35956547183,-0.66326419312
4.352705,0.850280264176,-1.10910769999,-0.771464331581,1.14006424336,0.575272225839,1.3621531912,-0.665453131658
4.364729,0.84932705068,-1.10955736311,-0.771688369633,1.14019001681,0.575283042173,1.36471120826,-0.667649451969
4.376754,0.848389375157,-1.1100007768,-0.771920716069,1.14032782844,0.57529342027,1.36723982446,-0.669853708567
4.388778,0.847467242527,-1.11043818158,-0.772161632175,1.14047762119,0.575303391459,1.36973937396,-0.672066481103
4.400802,0.84656063612,-1.11086979458,-0.772411366549,1.14063930426,0.575312986646,1.37221022046,-0.674288365427
4.412826,0.845669518313,-1.11129580842,-0.77267015408,1.14081275224,0.575322235974,1.37465275395,-0.676519964286
4.424850,0.844793831255,-1.11171639045,-0.772938214881,1.14099780449,0.5753311685,1.37706738724,-0.678761877749
4.436874,0.843933497668,-1.11213168211,-0.773215753204,1.14119426469,0.57533981192,1.37945455244,-0.681014693444
4.448898,0.843088421723,-1.11254179868,-0.773502956327,1.14140190057,0.575348192326,1.38181469724,-0.683278976702
4.460922,0.842258489986,-1.11294682919,-0.773799993425,1.14162044388,0.575356334001,1.38414828127,-0.685555260692
4.472946,0.841443572414,-1.11334683668,-0.774107014418,1.14184959061,0.575364259249,1.3864557722,-0.687844036646
4.484970,0.840643523414,-1.11374185859,-0.774424148826,1.14208900138,0.575371988271,1.38873764199,-0.690145744258
4.496994,0.839858182942,-1.11413190753,-0.774751504609,1.14233830211,0.575379539063,1.39099436302,-0.692460762356
4.509018,0.839087377636,-1.11451697214,-0.775089167032,1.14259708498,0.575386927365,1.39322640424,-0.694789399917
4.521042,0.838330921986,-1.11489701823,-0.775437197535,1.14286490953,0.575394166635,1.39543422738,-0.697131887528
4.533066,0.837588619524,-1.11527199014,-0.775795632638,1.14314130411,0.575401268057,1.39761828326,-0.699488369359
4.545090,0.836860264024,-1.11564181222,-0.776164482887,1.14342576749,0.575408240579,1.39977900802,-0.701858895728
4.557114,0.836145640726,-1.11600639048,-0.776543731846,1.14371777075,0.575415090984,1.4019168197,-0.704243416333
4.569138,0.835444527543,-1.1163656144,-0.776933335158,1.14401675935,0.57542182398,1.4040321147,-0.706641774201
4.581162,0.834756696274,-1.11671935883,-0.777333219673,1.14432215544,0.575428442317,1.40612526459,-0.709053700428
4.593186,0.834081913809,-1.117067486,-0.777743282668,1.1446333603,0.575434946924,1.40819661297,-0.711478809751
4.605210,0.833419943307,-1.11740984759,-0.778163391166,1.14494975703,0.575441337061,1.41024647258,-0.713916597
4.617234,0.832770545359,-1.11774628682,-0.778593381362,1.14527071334,0.575447610488,1.41227512262,-0.716366434459
4.629259,0.832133479119,-1.11807664064,-0.779033058174,1.14559558445,0.575453763647,1.4142828063,-0.718827570174
4.641283,0.831508503405,-1.11840074184,-0.779482194926,1.14592371612,0.575459791845,1.41626972865,-0.721299127218
4.653307,0.830895377759,-1.11871842115,-0.779940533172,1.1462544478,0.575465689454,1.4182360546,-0.723780103933
4.665331,0.830293863463,-1.11902950936,-0.780407782677,1.14658711573,0.575471450103,1.42018190736,-0.726269375139
4.677355,0.829703724514,-1.11933383934,-0.780883621551,1.14692105614,0.57547706688,1.42210736705,-0.728765694318
4.689379,0.829124728545,-1.11963124793,-0.781367696558,1.14725560846,0.575482532523,1.42401246974,-0.731267696751
4.701403,0.828556647687,-1.11992157784,-0.781859623591,1.14759011845,0.575487839617,1.42589720673,-0.733773903586
4.713427,0.827999259381,-1.12020467935,-0.782358988331,1.14792394128,0.575492980772,1.42776152417,-0.736282726804
4.725451,0.827452347127,-1.12048041191,-0.782865347075,1.14825644458,0.575497948807,1.42960532304,-0.73879247505
4.737475,0.826915701168,-1.12074864568,-0.783378227758,1.14858701137,0.57550273691,1.43142845946,-0.741301360281
4.749499,0.826389119107,-1.12100926274,-0.783897131143,1.14891504277,0.575507338801,1.43323074533,-0.74380750517
4.761523,0.825872406467,-1.1212621584,-0.784421532197,1.1492399607,0.57551174887,1.43501194932,-0.746308951223
4.773547,0.825365377163,-1.12150724209,-0.784950881631,1.14956121033,0.575515962312,1.43677179813,-0.748803667523
4.785571,0.824867853925,-1.12174443829,-0.785484607616,1.14987826232,0.575519975238,1.43850997818,-0.751289560052
4.797595,0.824379668633,-1.12197368719,-0.786022117655,1.1501906149,0.575523784785,1.44022613752,-0.753764481494
4.809619,0.823900662589,-1.12219494523,-0.786562800601,1.15049779572,0.575527389199,1.44191988807,-0.756226241457
4.821643,0.823430686711,-1.12240818543,-0.78710602882,1.15079936343,0.575530787909,1.44359080813,-0.758672617028
4.833667,0.822969601661,-1.12261339762,-0.787651160476,1.15109490908,0.575533981587,1.4452384452,-0.761101363563
4.845691,0.822517277899,-1.12281058846,-0.788197541932,1.15138405719,0.575536972194,1.446862319,-0.763510225652
4.857715,0.822073595663,-1.12299978139,-0.788744510246,1.15166646668,0.575539763011,1.44846192472,-0.765896948147
4.869739,0.821638444884,-1.12318101633,-0.789291395747,1.15194183141,0.575542358657,1.45003673652,-0.768259287186
4.881764,0.821211725031,-1.12335434935,-0.789837524679,1.15220988057,0.575544765096,1.45158621113,-0.770595021115
4.893788,0.820793344897,-1.12351985217,-0.790382221885,1.15247037878,0.57554698963,1.45310979167,-0.772901961234
4.905812,0.820383222309,-1.12367761157,-0.790924813524,1.15272312598,0.575549040889,1.45460691157,-0.775177962285
4.917836,0.819981283793,-1.1238277287,-0.791464629792,1.15296795699,0.575550928796,1.45607699855,-0.777420932606
4.929860,0.819587464174,-1.12397031826,-0.792001007632,1.15320474098,0.575552664542,1.45751947873,-0.779628843867
4.941884,0.819201706123,-1.12410550768,-0.792533293415,1.15343338062,0.575554260535,1.4589337807,-0.781799740347
4.953908,0.81882395966,-1.12423343623,-0.793060845575,1.15365381108,0.575555730358,1.46031933968,-0.783931747661
4.965932,0.818454181609,-1.12435425396,-0.793583037167,1.15386599885,0.575557088704,1.46167560157,-0.786023080902
4.977956,0.818092335014,-1.12446812082,-0.794099258348,1.15406994036,0.575558351324,1.46300202699,-0.788072052136
4.989980,0.817738388519,-1.12457520551,-0.794608918749,1.15426566049,0.575559534951,1.46429809526,-0.790077077212
5.002004,0.817392315721,-1.12467568454,-0.795111449732,1.15445321095,0.575560657238,1.46556330819,-0.792036681857
5.014028,0.817054094501,-1.12476974112,-0.795606306509,1.15463266847,0.575561736676,1.4667971938,-0.793949507008
5.026052,0.816723706323,-1.12485756412,-0.79609297011,1.15480413305,0.575562792524,1.46799930986,-0.795814313386
5.038076,0.816401135538,-1.12493934711,-0.796570949201,1.15496772598,0.575563844725,1.46916924721,-0.797629985275
5.050100,0.816086368668,-1.12501528725,-0.797039781713,1.15512358795,0.575564913824,1.47030663288,-0.79939553351
5.062124,0.81577939369,-1.12508558443,-0.797499036301,1.15527187701,0.575566020891,1.47141113299,-0.801110097672
5.074148,0.815480199327,-1.12515044027,-0.797948313613,1.1554127666,0.575567187429,1.47248245542,-0.802772947494
5.086172,0.815188774346,-1.12521005725,-0.798387247356,1.15554644353,0.57556843529,1.47352035211,-0.804383483496
5.098196,0.814905106869,-1.12526463786,-0.798815505166,1.15567310606,0.575569786593,1.47452462121,-0.805941236855
5.110220,0.814629183707,-1.12531438384,-0.799232789276,1.15579296194,0.57557126363,1.47549510882,-0.807445868559
5.122244,0.814360989719,-1.12535949541,-0.799638836978,1.15590622652,0.57557288878,1.47643171051,-0.808897167844
5.134269,0.814100507192,-1.12540017063,-0.80003342088,1.156013121,0.57557468442,1.47733437246,-0.81029504997
5.146293,0.813847715272,-1.12543660477,-0.800416348966,1.15611387064,0.575576672835,1.47820309234,-0.811639553374
5.158317,0.813602589414,-1.12546898973,-0.800787464454,1.1562087032,0.575578876126,1.47903791981,-0.812930836224
5.170341,0.813365100887,-1.12549751359,-0.801146645468,1.15629784735,0.575581316121,1.47983895679,-0.814169172443
5.182365,0.813135216322,-1.12552236012,-0.801493804522,1.15638153132,0.575584014285,1.48060635732,-0.81535494723
5.194389,0.8129128973,-1.12554370845,-0.801828887827,1.15645998151,0.575586991625,1.48134032718,-0.816488652144
5.206413,0.812698100003,-1.1255617327,-0.802151874437,1.15653342139,0.575590268601,1.48204112316,-0.81757087979
5.218437,0.812490774905,-1.12557660175,-0.802462775231,1.1566020704,0.575593865039,1.48270905212,-0.818602318167
5.230461,0.81229086653,-1.12558847898,-0.802761631761,1.15666614302,0.575597800036,1.48334446964,-0.819583744726
5.242485,0.812098313251,-1.12559752213,-0.803048514963,1.15672584797,0.575602091877,1.48394777855,-0.820516020192
5.254509,0.811913047153,-1.12560388315,-0.803323523751,1.15678138752,0.575606757946,1.48451942715,-0.821400082208
5.266533,0.811734993951,-1.12560770814,-0.803586783511,1.15683295692,0.575611814643,1.48505990715,-0.822236938833
5.278557,0.811564072956,-1.1256091373,-0.803838444502,1.15688074396,0.575617277303,1.48556975152,-0.823027661976
5.290581,0.811400197103,-1.12560830491,-0.804078680189,1.15692492863,0.575623160121,1.48604953206,-0.823773380777
5.302605,0.811243273021,-1.12560533936,-0.804307685512,1.15696568289,0.575629476076,1.48649985686,-0.824475275015
5.314629,0.811093201159,-1.12560036321,-0.804525675114,1.15700317056,0.575636236868,1.48692136756,-0.825134568563
5.326653,0.810949875961,-1.12559349325,-0.804732881542,1.15703754722,0.575643452853,1.48731473658,-0.825752522943
5.338677,0.810813186073,-1.12558484066,-0.804929553432,1.15706896032,0.575651132989,1.4876806642,-0.826330431019
5.350701,0.810683014606,-1.12557451106,-0.805115953693,1.15709754927,0.575659284787,1.4880198756,-0.826869610856
5.362725,0.810559239421,-1.12556260469,-0.805292357713,1.15712344562,0.575667914272,1.4883331178,-0.827371399791
5.374749,0.810441733458,-1.12554921657,-0.805459051577,1.15714677329,0.575677025951,1.48862115671,-0.827837148727
5.386774,0.810330365091,-1.12553443666,-0.805616330342,1.15716764891,0.575686622788,1.48888477403,-0.828268216691
5.398798,0.8102249985,-1.12551835003,-0.805764496343,1.15718618207,0.575696706193,1.48912476433,-0.828665965669
5.410822,0.810125494072,-1.12550103706,-0.805903857578,1.15720247575,0.575707276013,1.48934193207,-0.829031755742
5.422846,0.810031708816,-1.12548257361,-0.806034726145,1.15721662669,0.575718330538,1.48953708871,-0.829366940528
5.434870,0.809943496783,-1.12546303125,-0.806157416763,1.15722872575,0.575729866517,1.48971104998,-0.829672862952
5.446894,0.809860709501,-1.12544247743,-0.80627224538,1.15723885836,0.575741879176,1.48986463318,-0.829950851342
5.458918,0.809783196406,-1.12542097568,-0.806379527858,1.15724710491,0.575754362258,1.48999865462,-0.830202215862
5.470942,0.809710805275,-1.12539858581,-0.806479578758,1.15725354115,0.575767308054,1.49011392722,-0.830428245281
5.482966,0.809643382656,-1.12537536412,-0.806572710217,1.15725823862,0.575780707461,1.49021125819,-0.830630204065
5.494990,0.809580774283,-1.12535136356,-0.806659230925,1.15726126499,0.575794550035,1.49029144697,-0.83080932981
5.507014,0.809522825488,-1.12532663396,-0.806739445187,1.15726268448,0.575808824052,1.49035528322,-0.830966830982
5.519038,0.809469381591,-1.12530122217,-0.806813652097,1.15726255816,0.575823516584,1.490403545,-0.831103884977
5.531062,0.809420288281,-1.12527517226,-0.806882144797,1.1572609443,0.57583861357,1.49043699719,-0.831221636466
5.543086,0.809375391968,-1.12524852572,-0.806945209824,1.15725789867,0.575854099896,1.49045638996,-0.831321196038
5.555110,0.809334540127,-1.12522132157,-0.80700312656,1.15725347485,0.575869959483,1.49046245748,-0.831403639101
5.567134,0.809297581613,-1.12519359655,-0.807056166757,1.15724772441,0.57588617537,1.4904559168,-0.831470005044
5.579158,0.809264366951,-1.12516538527,-0.807104594143,1.15724069724,0.575902729804,1.49043746681,-0.831521296628
5.591182,0.809234748612,-1.12513672036,-0.80714866411,1.15723244167,0.575919604331,1.49040778743,-0.831558479602
5.603206,0.809208581256,-1.12510763259,-0.80718862347,1.15722300468,0.575936779889,1.49036753892,-0.831582482516
5.615230,0.809185721956,-1.12507815102,-0.807224710281,1.15721243207,0.575954236891,1.4903173613,-0.831594196721
5.627255,0.809166030399,-1.12504830311,-0.807257153728,1.1572007686,0.575971955324,1.49025787395,-0.831594476534
5.639279,0.809149369061,-1.12501811483,-0.807286174067,1.15718805806,0.575989914831,1.4901896753,-0.831584139549
5.651303,0.809135603364,-1.12498761079,-0.807311982614,1.15717434344,0.576008094797,1.49011334263,-0.831563967087
5.663327,0.809124601805,-1.12495681433,-0.807334781784,1.15715966694,0.576026474436,1.49002943199,-0.831534704759
5.675351,0.809116236071,-1.1249257476,-0.807354765166,1.15714407005,0.576045032865,1.4899384782,-0.831497063126
5.687375,0.809110381131,-1.12489443167,-0.807372117638,1.15712759364,0.576063749186,1.48984099497,-0.831451718459
5.699399,0.809106915306,-1.12486288661,-0.80738701551,1.15711027795,0.576082602552,1.48973747504,-0.831399313559
5.711423,0.809105720331,-1.12483113154,-0.807399626693,1.15709216262,0.576101572243,1.48962839046,-0.831340458644
5.723447,0.80910668139,-1.12479918474,-0.807410110894,1.15707328673,0.576120637724,1.48951419284,-0.831275732289
5.735471,0.809109687141,-1.12476706368,-0.807418619829,1.15705368878,0.576139778703,1.48939531375,-0.831205682402
5.747495,0.809114629731,-1.12473478509,-0.807425297447,1.15703340672,0.576158975195,1.48927216514,-0.831130827225
5.759519,0.809121404788,-1.12470236503,-0.807430280172,1.1570124779,0.576178207563,1.4891451397,-0.831051656366
5.771543,0.809129911416,-1.12466981891,-0.807433697151,1.15699093911,0.576197456567,1.48901461142,-0.830968631834
5.783567,0.809140052161,-1.12463716155,-0.807435670508,1.15696882653,0.576216703407,1.48888093604,-0.830882189088
5.795591,0.809151732988,-1.12460440726,-0.807436315607,1.15694617573,0.576235929759,1.48874445161,-0.830792738076
5.807615,0.809164863234,-1.12457156978,-0.80743574131,1.15692302165,0.576255117806,1.48860547898,-0.830700664282
5.819639,0.80917935556,-1.12453866241,-0.807434050245,1.15689939857,0.57627425027,1.4884643224,-0.83060632975
5.831663,0.8091951259,-1.12450569801,-0.80743133906,1.15687534011,0.576293310433,1.48832127006,-0.830510074097
5.843687,0.809212093396,-1.12447268901,-0.80742769869,1.1568508792,0.57631228216,1.48817659462,-0.830412215516
5.855711,0.809230180339,-1.12443964743,-0.807423214607,1.15682604805,0.576331149915,1.48803055384,-0.830313051746
5.867735,0.809249312094,-1.12440658495,-0.807417967072,1.15680087816,0.576349898776,1.48788339109,-0.830212861027
5.879760,0.809269417033,-1.12437351288,-0.807412031382,1.15677540026,0.576368514445,1.48773533592,-0.83011190303
5.891784,0.809290426459,-1.12434044221,-0.807405478106,1.15674964434,0.576386983255,1.48758660462,-0.830010419752
5.903808,0.80931227453,-1.1243073836,-0.807398373321,1.15672363959,0.576405292175,1.48743740078,-0.829908636397
5.915832,0.809334898178,-1.12427434741,-0.807390778835,1.15669741446,0.576423428814,1.48728791576,-0.829806762212
5.927856,0.809358237036,-1.12424134373,-0.807382752406,1.15667099654,0.576441381417,1.4871383293,-0.82970499131
5.939880,0.809382233354,-1.12420838234,-0.807374347953,1.15664441266,0.576459138867,1.48698880996,-0.82960350345
5.951904,0.80940683192,-1.12417547278,-0.807365615756,1.15661768881,0.576476690677,1.48683951563,-0.829502464798
5.963928,0.809431979981,-1.12414262432,-0.807356602653,1.15659085018,0.576494026986,1.48669059407,-0.829402028647
5.975952,0.809457627164,-1.12410984597,-0.807347352229,1.15656392112,0.57651113855,1.48654218329,-0.82930233612
5.987976,0.809483725396,-1.12407714651,-0.807337904988,1.15653692516,0.576528016735,1.48639441208,-0.829203516834
6.000000,0.809510228828,-1.12404453447,-0.807328298532,1.15650988501,0.576544653504,1.48624740039,-0.829105689542
