-1581.326364 -1581.326364 -1581.326364 -1581.326364
-1570.349487 -1570.349487 -1570.349487 -1570.349487
-1559.372609 -1559.372609 -1559.372609 -1559.372609
-1548.395731 -1548.395731 -1548.395731 -1548.395731
-1537.418854 -1537.418854 -1537.418854 -1537.418854
-1526.441976 -1526.441976 -1526.441976 -1526.441976
-1515.465098 -1515.465098 -1515.465098 -1515.465098
-1504.488221 -1504.488221 -1504.488221 -1504.488221
-1493.511343 -1493.511343 -1493.511343 -1493.511343
-1482.534466 -1482.534466 -1482.534466 -1482.534466
-1471.557588 -1471.557588 -1471.557588 -1471.557588
-1460.580710 -1460.580710 -1460.580710 -1460.580710
-1449.603833 -1449.603833 -1449.603833 -1449.603833
-1438.626955 -1438.626955 -1438.626955 -1438.626955
-1427.650077 -1427.650077 -1427.650077 -1427.650077
-1416.673200 -1416.673200 -1416.673200 -1416.673200
-1405.696322 -1405.696322 -1405.696322 -1405.696322
-1394.719445 -1394.719445 -1394.719445 -1394.719445
-1383.742567 -1383.742567 -1383.742567 -1383.742567
-1372.765689 -1372.765689 -1372.765689 -1372.765689
-1361.788812 -1361.788812 -1361.788812 -1361.788812
-1350.811934 -1350.811934 -1350.811934 -1350.811934
-1339.835056 -1339.835056 -1339.835056 -1339.835056
-1328.858179 -1328.858179 -1328.858179 -1328.858179
-1317.881301 -1317.881301 -1317.881301 -1317.881301
-1306.904424 -1306.904424 -1306.904424 -1306.904424
-1295.927546 -1295.927546 -1295.927546 -1295.927546
-1284.950668 -1284.950668 -1284.950668 -1284.950668
-1273.973791 -1273.973791 -1273.973791 -1273.973791
-1262.996913 -1262.996913 -1262.996913 -1262.996913
-1252.020035 -1252.020035 -1252.020035 -1252.020035
-1241.043158 -1241.043158 -1241.043158 -1241.043158
-1230.066280 -1230.066280 -1230.066280 -1230.066280
-1219.089403 -1219.089403 -1219.089403 -1219.089403
-1208.112525 -1208.112525 -1208.112525 -1208.112525
-1197.135647 -1197.135647 -1197.135647 -1197.135647
-1186.158770 -1186.158770 -1186.158770 -1186.158770
-1175.181892 -1175.181892 -1175.181892 -1175.181892
-1164.205014 -1164.205014 -1164.205014 -1164.205014
-1153.228137 -1153.228137 -1153.228137 -1153.228137
-1142.251259 -1142.251259 -1142.251259 -1142.251259
-1131.274382 -1131.274382 -1131.274382 -1131.274382
-1120.297504 -1120.297504 -1120.297504 -1120.297504
-1109.320626 -1109.320626 -1109.320626 -1109.320626
-1098.343749 -1098.343749 -1098.343749 -1098.343749
-1087.366871 -1087.366871 -1087.366871 -1087.366871
-1076.389993 -1076.389993 -1076.389993 -1076.389993
-1065.413116 -1065.413116 -1065.413116 -1065.413116
-1054.436238 -1054.436238 -1054.436238 -1054.436238
-1043.459361 -1043.459361 -1043.459361 -1043.459361
-1032.482483 -1032.482483 -1032.482483 -1032.482483
-1021.505605 -1021.505605 -1021.505605 -1021.505605
-1010.528728 -1010.528728 -1010.528728 -1010.528728
 -999.551850  -999.551850  -999.551850  -999.551850
 -988.574972  -988.574972  -988.574972  -988.574972
 -977.598095  -977.598095  -977.598095  -977.598095
 -966.621217  -966.621217  -966.621217  -966.621217
 -955.644340  -955.644340  -955.644340  -955.644340
 -944.667462  -944.667462  -944.667462  -944.667462
 -933.690584  -933.690584  -933.690584  -933.690584
 -922.713707  -922.713707  -922.713707  -922.713707
 -911.736829  -911.736829  -911.736829  -911.736829
 -900.759951  -900.759951  -900.759951  -900.759951
 -889.783074  -889.783074  -889.783074  -889.783074
 -878.806196  -878.806196  -878.806196  -878.806196
 -867.829319  -867.829319  -867.829319  -867.829319
 -856.852441  -856.852441  -856.852441  -856.852441
 -845.875563  -845.875563  -845.875563  -845.875563
 -834.898686  -834.898686  -834.898686  -834.898686
 -823.921808  -823.921808  -823.921808  -823.921808
 -812.944930  -812.944930  -812.944930  -812.944930
 -801.968053  -801.968053  -801.968053  -801.968053
 -790.991175  -790.991175  -790.991175  -790.991175
 -780.014298  -780.014298  -780.014298  -780.014298
 -769.037420  -769.037420  -769.037420  -769.037420
 -758.060542  -758.060542  -758.060542  -758.060542
 -747.083665  -747.083665  -747.083665  -747.083665
 -736.106787  -736.106787  -736.106787  -736.106787
 -725.129909  -725.129909  -725.129909  -725.129909
 -714.153032  -714.153032  -714.153032  -714.153032
 -703.176154  -703.176154  -703.176154  -703.176154
 -692.199277  -692.199277  -692.199277  -692.199277
 -681.222399  -681.222399  -681.222399  -681.222399
 -670.245521  -670.245521  -670.245521  -670.245521
 -659.268644  -659.268644  -659.268644  -659.268644
 -648.291766  -648.291766  -648.291766  -648.291766
 -637.314888  -637.314888  -637.314888  -637.314888
 -626.338011  -626.338011  -626.338011  -626.338011
 -615.361133  -615.361133  -615.361133  -615.361133
 -604.384256  -604.384256  -604.384256  -604.384256
 -593.407378  -593.407378  -593.407378  -593.407378
 -582.430500  -582.430500  -582.430500  -582.430500
 -571.453623  -571.453623  -571.453623  -571.453623
 -560.476745  -560.476745  -560.476745  -560.476745
 -549.499867  -549.499867  -549.499867  -549.499867
 -538.522990  -538.522990  -538.522990  -538.522990
 -527.546112  -527.546112  -527.546112  -527.546112
 -516.569235  -516.569235  -516.569235  -516.569235
 -505.592357  -505.592357  -505.592357  -505.592357
 -494.615479  -494.615479  -494.615479  -494.615479