0.377633 0.003333 0.374300 0.000000
0.378373 0.004078 0.374295 0.000000
0.377794 0.004104 0.373689 0.000000
0.384207 0.009172 0.375035 0.000000
0.380113 0.005149 0.374964 0.000000
0.381621 0.007770 0.373851 0.000000
0.384546 0.010899 0.373647 0.000000
0.383119 0.007088 0.376030 0.000000
0.381174 0.006742 0.374432 0.000000
0.383785 0.009891 0.373893 0.000000
0.380662 0.005406 0.375256 0.000000
0.380032 0.005886 0.374147 0.000000
0.379797 0.005155 0.374642 0.000000
0.378841 0.005662 0.373179 0.000000
0.378066 0.003132 0.374933 0.000000