 -72.092561  -72.092561  -72.092561  -72.092561
 -73.801506  -73.801506  -73.801506  -73.801506
 -75.510450  -75.510450  -75.510450  -75.510450
 -77.219394  -77.219394  -77.219394  -77.219394
 -78.928339  -78.928339  -78.928339  -78.928339
 -80.637283  -80.637283  -80.637283  -80.637283
 -82.346228  -82.346228  -82.346228  -82.346228
 -84.055172  -84.055172  -84.055172  -84.055172
 -85.764117  -85.764117  -85.764117  -85.764117
 -87.473061  -87.473061  -87.473061  -87.473061
 -89.182006  -89.182006  -89.182006  -89.182006
 -90.890950  -90.890950  -90.890950  -90.890950
 -92.599895  -92.599895  -92.599895  -92.599895
 -94.308839  -94.308839  -94.308839  -94.308839
 -96.017783  -96.017783  -96.017783  -96.017783
 -97.726728  -97.726728  -97.726728  -97.726728
 -99.435672  -99.435672  -99.435672  -99.435672
-101.144617 -101.144617 -101.144617 -101.144617
-102.853561 -102.853561 -102.853561 -102.853561
-104.562506 -104.562506 -104.562506 -104.562506
-106.271450 -106.271450 -106.271450 -106.271450
-107.980395 -107.980395 -107.980395 -107.980395
-109.689339 -109.689339 -109.689339 -109.689339
-111.398284 -111.398284 -111.398284 -111.398284
-113.107228 -113.107228 -113.107228 -113.107228
-114.816172 -114.816172 -114.816172 -114.816172
-116.525117 -116.525117 -116.525117 -116.525117
-118.234061 -118.234061 -118.234061 -118.234061
-119.943006 -119.943006 -119.943006 -119.943006
-121.651950 -121.651950 -121.651950 -121.651950
-123.360895 -123.360895 -123.360895 -123.360895
-125.069839 -125.069839 -125.069839 -125.069839
-126.778784 -126.778784 -126.778784 -126.778784
-128.487728 -128.487728 -128.487728 -128.487728
-130.196673 -130.196673 -130.196673 -130.196673
-131.905617 -131.905617 -131.905617 -131.905617
-133.614562 -133.614562 -133.614562 -133.614562
-135.323506 -135.323506 -135.323506 -135.323506
-137.032450 -137.032450 -137.032450 -137.032450
-138.741395 -138.741395 -138.741395 -138.741395
-140.450339 -140.450339 -140.450339 -140.450339
-142.159284 -142.159284 -142.159284 -142.159284
-143.868228 -143.868228 -143.868228 -143.868228
-145.577173 -145.577173 -145.577173 -145.577173
-147.286117 -147.286117 -147.286117 -147.286117
-148.995062 -148.995062 -148.995062 -148.995062
-150.704006 -150.704006 -150.704006 -150.704006
-152.412951 -152.412951 -152.412951 -152.412951
-154.121895 -154.121895 -154.121895 -154.121895
-155.830839 -155.830839 -155.830839 -155.830839
-157.539784 -157.539784 -157.539784 -157.539784
-159.248728 -159.248728 -159.248728 -159.248728
-160.957673 -160.957673 -160.957673 -160.957673
-162.666617 -162.666617 -162.666617 -162.666617
-164.375562 -164.375562 -164.375562 -164.375562
-166.084506 -166.084506 -166.084506 -166.084506
-167.793451 -167.793451 -167.793451 -167.793451
-169.502395 -169.502395 -169.502395 -169.502395
-171.211340 -171.211340 -171.211340 -171.211340
-172.920284 -172.920284 -172.920284 -172.920284
-174.629228 -174.629228 -174.629228 -174.629228
-176.338173 -176.338173 -176.338173 -176.338173
-178.047117 -178.047117 -178.047117 -178.047117
-179.756062 -179.756062 -179.756062 -179.756062
-181.465006 -181.465006 -181.465006 -181.465006
-183.173951 -183.173951 -183.173951 -183.173951
-184.882895 -184.882895 -184.882895 -184.882895
-186.591840 -186.591840 -186.591840 -186.591840
-188.300784 -188.300784 -188.300784 -188.300784
-190.009729 -190.009729 -190.009729 -190.009729
-191.718673 -191.718673 -191.718673 -191.718673
-193.427617 -193.427617 -193.427617 -193.427617
-195.136562 -195.136562 -195.136562 -195.136562
-196.845506 -196.845506 -196.845506 -196.845506
-198.554451 -198.554451 -198.554451 -198.554451
-200.263395 -200.263395 -200.263395 -200.263395
-201.972340 -201.972340 -201.972340 -201.972340
-203.681284 -203.681284 -203.681284 -203.681284
-205.390229 -205.390229 -205.390229 -205.390229
-207.099173 -207.099173 -207.099173 -207.099173
-208.808118 -208.808118 -208.808118 -208.808118
-210.517062 -210.517062 -210.517062 -210.517062
-212.226006 -212.226006 -212.226006 -212.226006
-213.934951 -213.934951 -213.934951 -213.934951
-215.643895 -215.643895 -215.643895 -215.643895
-217.352840 -217.352840 -217.352840 -217.352840
-219.061784 -219.061784 -219.061784 -219.061784
-220.770729 -220.770729 -220.770729 -220.770729
-222.479673 -222.479673 -222.479673 -222.479673
-224.188618 -224.188618 -224.188618 -224.188618
-225.897562 -225.897562 -225.897562 -225.897562
-227.606507 -227.606507 -227.606507 -227.606507
-229.315451 -229.315451 -229.315451 -229.315451
-231.024396 -231.024396 -231.024396 -231.024396
-232.733340 -232.733340 -232.733340 -232.733340
-234.442284 -234.442284 -234.442284 -234.442284
-236.151229 -236.151229 -236.151229 -236.151229
-237.860173 -237.860173 -237.860173 -237.860173
-239.569118 -239.569118 -239.569118 -239.569118
-241.278062 -241.278062 -241.278062 -241.278062