 -72.092561
 -73.801506
 -75.510450
 -77.219394
 -78.928339
 -80.637283
 -82.346228
 -84.055172
 -85.764117
 -87.473061
 -89.182006
 -90.890950
 -92.599895
 -94.308839
 -96.017783
 -97.726728
 -99.435672
-101.144617
-102.853561
-104.562506
-106.271450
-107.980395
-109.689339
-111.398284
-113.107228
-114.816172
-116.525117
-118.234061
-119.943006
-121.651950
-123.360895
-125.069839
-126.778784
-128.487728
-130.196673
-131.905617
-133.614562
-135.323506
-137.032450
-138.741395
-140.450339
-142.159284
-143.868228
-145.577173
-147.286117
-148.995062
-150.704006
-152.412951
-154.121895
-155.830839
-157.539784
-159.248728
-160.957673
-162.666617
-164.375562
-166.084506
-167.793451
-169.502395
-171.211340
-172.920284
-174.629228
-176.338173
-178.047117
-179.756062
-181.465006
-183.173951
-184.882895
-186.591840
-188.300784
-190.009729
-191.718673
-193.427617
-195.136562
-196.845506
-198.554451
-200.263395
-201.972340
-203.681284
-205.390229
-207.099173
-208.808118
-210.517062
-212.226006
-213.934951
-215.643895
-217.352840
-219.061784
-220.770729
-222.479673
-224.188618
-225.897562
-227.606507
-229.315451
-231.024396
-232.733340
-234.442284
-236.151229
-237.860173
-239.569118
-241.278062