-18.708714
-17.161063
-15.613412
-14.065760
-12.518109
-10.970458
 -9.422807
 -7.875156
 -6.327505
 -4.779854
 -3.232203
 -1.684552
 -0.136901
  1.410750
  2.958401
  4.506052
  6.053703
  7.601354
  9.149005
 10.696656
 12.244307
 13.791958
 15.339609
 16.887260
 18.434911
 19.982562
 21.530213
 23.077864
 24.625515
 26.173166
 27.720817
 29.268468
 30.816119
 32.363770
 33.911421
 35.459072
 37.006723
 38.554374
 40.102025
 41.649676
 43.197327
 44.744978
 46.292629
 47.840280
 49.387931
 50.935582
 52.483233
 54.030884
 55.578535
 57.126186
 58.673837
 60.221488
 61.769139
 63.316790
 64.864441
 66.412092
 67.959743
 69.507394
 71.055045
 72.602696
 74.150347
 75.697998
 77.245649
 78.793300
 80.340951
 81.888602
 83.436253
 84.983904
 86.531555
 88.079206
 89.626857
 91.174508
 92.722159
 94.269810
 95.817461
 97.365112
 98.912763
100.460414
102.008065
103.555716
105.103367
106.651018
108.198669
109.746320
111.293971
112.841622
114.389273
115.936924
117.484575
119.032226
120.579877
122.127528
123.675179
125.222830
126.770481
128.318132
129.865783
131.413434
132.961085
134.508736