0.418404 0.024840 0.393564 0.000000
0.475559 0.082184 0.393375 0.000000
0.389747 0.008405 0.381342 0.000000
0.454881 0.070418 0.384463 0.000000
0.421667 0.045293 0.376374 0.000000
0.432763 0.060907 0.371856 0.000000
0.404042 0.021287 0.382755 0.000000
0.545276 0.146864 0.398412 0.000000
0.538780 0.134528 0.404252 0.000000
0.476829 0.104638 0.372192 0.000000
0.445135 0.054498 0.390638 0.000000
0.477757 0.074090 0.403667 0.000000
0.432302 0.045889 0.386413 0.000000
0.447320 0.048350 0.398970 0.000000
0.419296 0.038771 0.380525 0.000000