0.644925 0.251008 0.393917 0.000000
0.532106 0.134277 0.397828 0.000000
0.504759 0.105737 0.399022 0.000000
0.460252 0.076953 0.383300 0.000000
0.534867 0.106315 0.428552 0.000000
0.505920 0.106019 0.399901 0.000000
0.456329 0.071711 0.384618 0.000000
0.516461 0.109918 0.406543 0.000000
0.553997 0.174891 0.379107 0.000000
0.552297 0.161527 0.390770 0.000000
0.577793 0.154180 0.423613 0.000000
0.629446 0.212586 0.416860 0.000000
0.457587 0.056122 0.401466 0.000000
0.624604 0.167080 0.457524 0.000000
0.544603 0.105840 0.438763 0.000000