 24.192666  24.192666  24.192666  24.192666
 23.416950  23.416950  23.416950  23.416950
 22.641233  22.641233  22.641233  22.641233
 21.865517  21.865517  21.865517  21.865517
 21.089800  21.089800  21.089800  21.089800
 20.314083  20.314083  20.314083  20.314083
 19.538367  19.538367  19.538367  19.538367
 18.762650  18.762650  18.762650  18.762650
 17.986934  17.986934  17.986934  17.986934
 17.211217  17.211217  17.211217  17.211217
 16.435501  16.435501  16.435501  16.435501
 15.659784  15.659784  15.659784  15.659784
 14.884067  14.884067  14.884067  14.884067
 14.108351  14.108351  14.108351  14.108351
 13.332634  13.332634  13.332634  13.332634
 12.556918  12.556918  12.556918  12.556918
 11.781201  11.781201  11.781201  11.781201
 11.005485  11.005485  11.005485  11.005485
 10.229768  10.229768  10.229768  10.229768
  9.454051   9.454051   9.454051   9.454051
  8.678335   8.678335   8.678335   8.678335
  7.902618   7.902618   7.902618   7.902618
  7.126902   7.126902   7.126902   7.126902
  6.351185   6.351185   6.351185   6.351185
  5.575469   5.575469   5.575469   5.575469
  4.799752   4.799752   4.799752   4.799752
  4.024036   4.024036   4.024036   4.024036
  3.248319   3.248319   3.248319   3.248319
  2.472602   2.472602   2.472602   2.472602
  1.696886   1.696886   1.696886   1.696886
  0.921169   0.921169   0.921169   0.921169
  0.145453   0.145453   0.145453   0.145453
 -0.630264  -0.630264  -0.630264  -0.630264
 -1.405980  -1.405980  -1.405980  -1.405980
 -2.181697  -2.181697  -2.181697  -2.181697
 -2.957414  -2.957414  -2.957414  -2.957414
 -3.733130  -3.733130  -3.733130  -3.733130
 -4.508847  -4.508847  -4.508847  -4.508847
 -5.284563  -5.284563  -5.284563  -5.284563
 -6.060280  -6.060280  -6.060280  -6.060280
 -6.835996  -6.835996  -6.835996  -6.835996
 -7.611713  -7.611713  -7.611713  -7.611713
 -8.387429  -8.387429  -8.387429  -8.387429
 -9.163146  -9.163146  -9.163146  -9.163146
 -9.938863  -9.938863  -9.938863  -9.938863
-10.714579 -10.714579 -10.714579 -10.714579
-11.490296 -11.490296 -11.490296 -11.490296
-12.266012 -12.266012 -12.266012 -12.266012
-13.041729 -13.041729 -13.041729 -13.041729
-13.817445 -13.817445 -13.817445 -13.817445
-14.593162 -14.593162 -14.593162 -14.593162
-15.368879 -15.368879 -15.368879 -15.368879
-16.144595 -16.144595 -16.144595 -16.144595
-16.920312 -16.920312 -16.920312 -16.920312
-17.696028 -17.696028 -17.696028 -17.696028
-18.471745 -18.471745 -18.471745 -18.471745
-19.247461 -19.247461 -19.247461 -19.247461
-20.023178 -20.023178 -20.023178 -20.023178
-20.798894 -20.798894 -20.798894 -20.798894
-21.574611 -21.574611 -21.574611 -21.574611
-22.350328 -22.350328 -22.350328 -22.350328
-23.126044 -23.126044 -23.126044 -23.126044
-23.901761 -23.901761 -23.901761 -23.901761
-24.677477 -24.677477 -24.677477 -24.677477
-25.453194 -25.453194 -25.453194 -25.453194
-26.228910 -26.228910 -26.228910 -26.228910
-27.004627 -27.004627 -27.004627 -27.004627
-27.780344 -27.780344 -27.780344 -27.780344
-28.556060 -28.556060 -28.556060 -28.556060
-29.331777 -29.331777 -29.331777 -29.331777
-30.107493 -30.107493 -30.107493 -30.107493
-30.883210 -30.883210 -30.883210 -30.883210
-31.658926 -31.658926 -31.658926 -31.658926
-32.434643 -32.434643 -32.434643 -32.434643
-33.210359 -33.210359 -33.210359 -33.210359
-33.986076 -33.986076 -33.986076 -33.986076
-34.761793 -34.761793 -34.761793 -34.761793
-35.537509 -35.537509 -35.537509 -35.537509
-36.313226 -36.313226 -36.313226 -36.313226
-37.088942 -37.088942 -37.088942 -37.088942
-37.864659 -37.864659 -37.864659 -37.864659
-38.640375 -38.640375 -38.640375 -38.640375
-39.416092 -39.416092 -39.416092 -39.416092
-40.191809 -40.191809 -40.191809 -40.191809
-40.967525 -40.967525 -40.967525 -40.967525
-41.743242 -41.743242 -41.743242 -41.743242
-42.518958 -42.518958 -42.518958 -42.518958
-43.294675 -43.294675 -43.294675 -43.294675
-44.070391 -44.070391 -44.070391 -44.070391
-44.846108 -44.846108 -44.846108 -44.846108
-45.621824 -45.621824 -45.621824 -45.621824
-46.397541 -46.397541 -46.397541 -46.397541
-47.173258 -47.173258 -47.173258 -47.173258
-47.948974 -47.948974 -47.948974 -47.948974
-48.724691 -48.724691 -48.724691 -48.724691
-49.500407 -49.500407 -49.500407 -49.500407
-50.276124 -50.276124 -50.276124 -50.276124
-51.051840 -51.051840 -51.051840 -51.051840
-51.827557 -51.827557 -51.827557 -51.827557
-52.603274 -52.603274 -52.603274 -52.603274