0.304449
0.311475
0.318501
0.325527
0.332552
0.339578
0.346604
0.353630
0.360656
0.367681
0.374707
0.381733
0.388759
0.395784
0.402810
0.409836
0.416862
0.423887
0.430913
0.437939
0.444965
0.451990
0.459016
0.466042
0.473068
0.480094
0.487119
0.494145
0.501171
0.508197
0.515222
0.522248
0.529274
0.536300
0.543325
0.550351
0.557377
0.564403
0.571428
0.578454
0.585480
0.592506
0.599531
0.606557
0.613583
0.620609
0.627635
0.634660
0.641686
0.648712
0.655738
0.662763
0.669789
0.676815
0.683841
0.690866
0.697892
0.704918
0.711944
0.718969
0.725995
0.733021
0.740047
0.747073
0.754098
0.761124
0.768150
0.775176
0.782201
0.789227
0.796253
0.803279
0.810304
0.817330
0.824356
0.831382
0.838407
0.845433
0.852459
0.859485
0.866510
0.873536
0.880562
0.887588
0.894614
0.901639
0.908665
0.915691
0.922717
0.929742
0.936768
0.943794
0.950820
0.957845
0.964871
0.971897
0.978923
0.985948
0.992974
1.000000