  4.944804   5.618745   4.130401   6.187337   6.333233   1.962945   0.804635   8.029604   1.267282  60.966342 176.279211
  5.163819   5.622049   4.213405   6.168936   6.318307   2.046745   0.902502   8.023984   1.357084  60.367235 174.482652
  5.382833   5.625353   4.296408   6.150534   6.303380   2.130545   1.000370   8.018365   1.446886  59.768129 172.686093
  5.601848   5.628656   4.379412   6.132132   6.288453   2.214345   1.098237   8.012746   1.536687  59.169022 170.889535
  5.820862   5.631960   4.462415   6.113730   6.273527   2.298145   1.196105   8.007126   1.626489  58.569916 169.092976
  6.039877   5.635264   4.545419   6.095328   6.258600   2.381945   1.293972   8.001507   1.716291  57.970809 167.296417
  6.258891   5.638568   4.628423   6.076926   6.243673   2.465745   1.391839   7.995888   1.806093  57.371703 165.499858
  6.477906   5.641872   4.711426   6.058524   6.228746   2.549545   1.489707   7.990268   1.895895  56.772596 163.703300
  6.696920   5.645176   4.794430   6.040123   6.213820   2.633345   1.587574   7.984649   1.985697  56.173489 161.906741
  6.915935   5.648480   4.877433   6.021721   6.198893   2.717145   1.685441   7.979029   2.075499  55.574383 160.110182
  7.134949   5.651784   4.960437   6.003319   6.183966   2.800945   1.783309   7.973410   2.165301  54.975276 158.313623
  7.353964   5.655088   5.043441   5.984917   6.169040   2.884745   1.881176   7.967791   2.255103  54.376170 156.517065
  7.572978   5.658392   5.126444   5.966515   6.154113   2.968546   1.979043   7.962171   2.344905  53.777063 154.720506
  7.791993   5.661696   5.209448   5.948113   6.139186   3.052346   2.076911   7.956552   2.434707  53.177956 152.923947
  8.011007   5.665000   5.292451   5.929711   6.124259   3.136146   2.174778   7.950933   2.524508  52.578850 151.127388
  8.230022   5.668304   5.375455   5.911310   6.109333   3.219946   2.272645   7.945313   2.614310  51.979743 149.330830
  8.449036   5.671608   5.458459   5.892908   6.094406   3.303746   2.370513   7.939694   2.704112  51.380637 147.534271
  8.668051   5.674911   5.541462   5.874506   6.079479   3.387546   2.468380   7.934074   2.793914  50.781530 145.737712
  8.887065   5.678215   5.624466   5.856104   6.064553   3.471346   2.566247   7.928455   2.883716  50.182424 143.941154
  9.106080   5.681519   5.707469   5.837702   6.049626   3.555146   2.664115   7.922836   2.973518  49.583317 142.144595
  9.325095   5.684823   5.790473   5.819300   6.034699   3.638946   2.761982   7.917216   3.063320  48.984210 140.348036
  9.544109   5.688127   5.873477   5.800898   6.019772   3.722746   2.859850   7.911597   3.153122  48.385104 138.551477
  9.763124   5.691431   5.956480   5.782496   6.004846   3.806546   2.957717   7.905977   3.242924  47.785997 136.754919
  9.982138   5.694735   6.039484   5.764095   5.989919   3.890346   3.055584   7.900358   3.332726  47.186891 134.958360
 10.201153   5.698039   6.122487   5.745693   5.974992   3.974146   3.153452   7.894739   3.422528  46.587784 133.161801
 10.420167   5.701343   6.205491   5.727291   5.960066   4.057947   3.251319   7.889119   3.512329  45.988677 131.365242
 10.639182   5.704647   6.288495   5.708889   5.945139   4.141747   3.349186   7.883500   3.602131  45.389571 129.568684
 10.858196   5.707951   6.371498   5.690487   5.930212   4.225547   3.447054   7.877881   3.691933  44.790464 127.772125
 11.077211   5.711255   6.454502   5.672085   5.915285   4.309347   3.544921   7.872261   3.781735  44.191358 125.975566
 11.296225   5.714559   6.537505   5.653683   5.900359   4.393147   3.642788   7.866642   3.871537  43.592251 124.179008
 11.515240   5.717863   6.620509   5.635282   5.885432   4.476947   3.740656   7.861022   3.961339  42.993144 122.382449
 11.734254   5.721167   6.703513   5.616880   5.870505   4.560747   3.838523   7.855403   4.051141  42.394038 120.585890
 11.953269   5.724470   6.786516   5.598478   5.855578   4.644547   3.936390   7.849784   4.140943  41.794931 118.789331
 12.172283   5.727774   6.869520   5.580076   5.840652   4.728347   4.034258   7.844164   4.230745  41.195825 116.992773
 12.391298   5.731078   6.952523   5.561674   5.825725   4.812147   4.132125   7.838545   4.320547  40.596718 115.196214
 12.610312   5.734382   7.035527   5.543272   5.810798   4.895947   4.229993   7.832926   4.410349  39.997612 113.399655
 12.829327   5.737686   7.118531   5.524870   5.795872   4.979747   4.327860   7.827306   4.500150  39.398505 111.603096
 13.048341   5.740990   7.201534   5.506469   5.780945   5.063547   4.425727   7.821687   4.589952  38.799398 109.806538
 13.267356   5.744294   7.284538   5.488067   5.766018   5.147348   4.523595   7.816067   4.679754  38.200292 108.009979
 13.486370   5.747598   7.367541   5.469665   5.751091   5.231148   4.621462   7.810448   4.769556  37.601185 106.213420
 13.705385   5.750902   7.450545   5.451263   5.736165   5.314948   4.719329   7.804829   4.859358  37.002079 104.416861
 13.924399   5.754206   7.533549   5.432861   5.721238   5.398748   4.817197   7.799209   4.949160  36.402972 102.620303
 14.143414   5.757510   7.616552   5.414459   5.706311   5.482548   4.915064   7.793590   5.038962  35.803865 100.823744
 14.362428   5.760814   7.699556   5.396057   5.691385   5.566348   5.012931   7.787970   5.128764  35.204759  99.027185
 14.581443   5.764118   7.782559   5.377656   5.676458   5.650148   5.110799   7.782351   5.218566  34.605652  97.230627
 14.800457   5.767422   7.865563   5.359254   5.661531   5.733948   5.208666   7.776732   5.308368  34.006546  95.434068
 15.019472   5.770725   7.948567   5.340852   5.646604   5.817748   5.306533   7.771112   5.398170  33.407439  93.637509
 15.238486   5.774029   8.031570   5.322450   5.631678   5.901548   5.404401   7.765493   5.487972  32.808332  91.840950
 15.457501   5.777333   8.114574   5.304048   5.616751   5.985348   5.502268   7.759874   5.577773  32.209226  90.044392
 15.676515   5.780637   8.197577   5.285646   5.601824   6.069148   5.600135   7.754254   5.667575  31.610119  88.247833
 15.895530   5.783941   8.280581   5.267244   5.586898   6.152948   5.698003   7.748635   5.757377  31.011013  86.451274
 16.114544   5.787245   8.363585   5.248842   5.571971   6.236749   5.795870   7.743015   5.847179  30.411906  84.654715
 16.333559   5.790549   8.446588   5.230441   5.557044   6.320549   5.893738   7.737396   5.936981  29.812800  82.858157
 16.552573   5.793853   8.529592   5.212039   5.542117   6.404349   5.991605   7.731777   6.026783  29.213693  81.061598
 16.771588   5.797157   8.612595   5.193637   5.527191   6.488149   6.089472   7.726157   6.116585  28.614586  79.265039
 16.990602   5.800461   8.695599   5.175235   5.512264   6.571949   6.187340   7.720538   6.206387  28.015480  77.468480
 17.209617   5.803765   8.778603   5.156833   5.497337   6.655749   6.285207   7.714919   6.296189  27.416373  75.671922
 17.428631   5.807069   8.861606   5.138431   5.482410   6.739549   6.383074   7.709299   6.385991  26.817267  73.875363
 17.647646   5.810373   8.944610   5.120029   5.467484   6.823349   6.480942   7.703680   6.475793  26.218160  72.078804
 17.866660   5.813677   9.027613   5.101628   5.452557   6.907149   6.578809   7.698060   6.565594  25.619053  70.282246
 18.085675   5.816981   9.110617   5.083226   5.437630   6.990949   6.676676   7.692441   6.655396  25.019947  68.485687
 18.304689   5.820284   9.193621   5.064824   5.422704   7.074749   6.774544   7.686822   6.745198  24.420840  66.689128
 18.523704   5.823588   9.276624   5.046422   5.407777   7.158549   6.872411   7.681202   6.835000  23.821734  64.892569
 18.742719   5.826892   9.359628   5.028020   5.392850   7.242349   6.970278   7.675583   6.924802  23.222627  63.096011
 18.961733   5.830196   9.442631   5.009618   5.377923   7.326149   7.068146   7.669964   7.014604  22.623521  61.299452
 19.180748   5.833500   9.525635   4.991216   5.362997   7.409950   7.166013   7.664344   7.104406  22.024414  59.502893
 19.399762   5.836804   9.608638   4.972815   5.348070   7.493750   7.263880   7.658725   7.194208  21.425307  57.706334
 19.618777   5.840108   9.691642   4.954413   5.333143   7.577550   7.361748   7.653105   7.284010  20.826201  55.909776
 19.837791   5.843412   9.774646   4.936011   5.318217   7.661350   7.459615   7.647486   7.373812  20.227094  54.113217
 20.056806   5.846716   9.857649   4.917609   5.303290   7.745150   7.557483   7.641867   7.463614  19.627988  52.316658
 20.275820   5.850020   9.940653   4.899207   5.288363   7.828950   7.655350   7.636247   7.553415  19.028881  50.520099
 20.494835   5.853324  10.023656   4.880805   5.273436   7.912750   7.753217   7.630628   7.643217  18.429774  48.723541
 20.713849   5.856628  10.106660   4.862403   5.258510   7.996550   7.851085   7.625008   7.733019  17.830668  46.926982
 20.932864   5.859932  10.189664   4.844001   5.243583   8.080350   7.948952   7.619389   7.822821  17.231561  45.130423
 21.151878   5.863236  10.272667   4.825600   5.228656   8.164150   8.046819   7.613770   7.912623  16.632455  43.333865
 21.370893   5.866539  10.355671   4.807198   5.213730   8.247950   8.144687   7.608150   8.002425  16.033348  41.537306
 21.589907   5.869843  10.438674   4.788796   5.198803   8.331750   8.242554   7.602531   8.092227  15.434241  39.740747
 21.808922   5.873147  10.521678   4.770394   5.183876   8.415550   8.340421   7.596912   8.182029  14.835135  37.944188
 22.027936   5.876451  10.604682   4.751992   5.168949   8.499351   8.438289   7.591292   8.271831  14.236028  36.147630
 22.246951   5.879755  10.687685   4.733590   5.154023   8.583151   8.536156   7.585673   8.361633  13.636922  34.351071
 22.465965   5.883059  10.770689   4.715188   5.139096   8.666951   8.634023   7.580053   8.451435  13.037815  32.554512
 22.684980   5.886363  10.853692   4.696787   5.124169   8.750751   8.731891   7.574434   8.541236  12.438709  30.757953
 22.903994   5.889667  10.936696   4.678385   5.109242   8.834551   8.829758   7.568815   8.631038  11.839602  28.961395
 23.123009   5.892971  11.019700   4.659983   5.094316   8.918351   8.927625   7.563195   8.720840  11.240495  27.164836
 23.342023   5.896275  11.102703   4.641581   5.079389   9.002151   9.025493   7.557576   8.810642  10.641389  25.368277
 23.561038   5.899579  11.185707   4.623179   5.064462   9.085951   9.123360   7.551957   8.900444  10.042282  23.571718
 23.780052   5.902883  11.268710   4.604777   5.049536   9.169751   9.221228   7.546337   8.990246   9.443176  21.775160
 23.999067   5.906187  11.351714   4.586375   5.034609   9.253551   9.319095   7.540718   9.080048   8.844069  19.978601
 24.218081   5.909491  11.434718   4.567974   5.019682   9.337351   9.416962   7.535098   9.169850   8.244962  18.182042
 24.437096   5.912795  11.517721   4.549572   5.004755   9.421151   9.514830   7.529479   9.259652   7.645856  16.385484
 24.656110   5.916098  11.600725   4.531170   4.989829   9.504951   9.612697   7.523860   9.349454   7.046749  14.588925
 24.875125   5.919402  11.683728   4.512768   4.974902   9.588752   9.710564   7.518240   9.439256   6.447643  12.792366
 25.094139   5.922706  11.766732   4.494366   4.959975   9.672552   9.808432   7.512621   9.529057   5.848536  10.995807
 25.313154   5.926010  11.849736   4.475964   4.945049   9.756352   9.906299   7.507001   9.618859   5.249429   9.199249
 25.532168   5.929314  11.932739   4.457562   4.930122   9.840152  10.004166   7.501382   9.708661   4.650323   7.402690
 25.751183   5.932618  12.015743   4.439161   4.915195   9.923952  10.102034   7.495763   9.798463   4.051216   5.606131
 25.970197   5.935922  12.098746   4.420759   4.900268  10.007752  10.199901   7.490143   9.888265   3.452110   3.809572
 26.189212   5.939226  12.181750   4.402357   4.885342  10.091552  10.297768   7.484524   9.978067   2.853003   2.013014
 26.408226   5.942530  12.264754   4.383955   4.870415  10.175352  10.395636   7.478905  10.067869   2.253897   0.216455
 26.627241   5.945834  12.347757   4.365553   4.855488  10.259152  10.493503   7.473285  10.157671   1.654790  -1.580104