 4.984436
 5.141092
 5.293700
 5.438396
 5.569843
 5.681692
 5.767854
 5.824399
 5.851222
 5.852382
 5.834757
 5.805812
 5.771732
 5.736582
 5.702399
 5.669781
 5.638594
 5.608657
 5.580326
 5.554918
 5.534815
 5.523069
 5.522516
 5.534799
 5.559817
 5.595907
 5.640484
 5.690706
 5.743855
 5.797375
 5.848704
 5.895040
 5.933228
 5.959930
 5.972222
 5.968533
 5.949494
 5.918124
 5.879042
 5.837144
 5.796453
 5.759634
 5.728106
 5.702456
 5.682858
 5.669362
 5.661984
 5.660622
 5.664822
 5.673529
 5.684995
 5.697008
 5.707384
 5.714459
 5.717329
 5.715802
 5.710198
 5.701168
 5.689643
 5.676904
 5.664741
 5.655591
 5.652475
 5.658580
 5.676455
 5.707145
 5.749746
 5.801719
 5.859721
 5.920474
 5.981260
 6.040030
 6.095275
 6.145862
 6.190964
 6.230152
 6.263654
 6.292655
 6.319427
 6.347043
 6.378696
 6.416935
 6.463242
 6.518108
 6.581418
 6.652864
 6.732188
 6.819180
 6.913434
 7.013894
 7.118313
 7.222880
 7.322398
 7.411261
 7.484953
 7.541303
 7.580792
 7.605898
 7.620047
 7.626784
 7.629382
 7.630858
 7.634206
 7.642648
 7.659727
 7.689065
 7.733718
 7.795364
 7.873819
 7.967319
 8.073533
 8.190717
 8.318435
 8.457606
 8.609937
 8.776858
 8.957958
 9.148975
 9.339672
 9.512600
 9.644316
 9.710194
 9.691864
 9.583684
 9.394433
 9.143616
 8.855214
 8.552222
 8.253372
 7.971502
 7.712277
 7.472317
 7.236694
 6.977104
 6.653277
 6.220073
 5.639684
 4.893657
 3.987801
 2.947422
 1.806903
 0.599857
-0.646566
-1.389650
-1.389650
-1.389650
-1.389650
-1.389650
-1.389650
-1.389650
-1.389650
-1.389650
-1.389650
-1.389650
-1.389650
-1.389650
-1.389650
-1.389650
-1.389650
-1.389650
-1.389650
-1.389650
-1.389650
-1.389650
-1.389650
-1.389650
-1.389650
-1.389650
-1.389650
-1.389650
-1.389650
-1.389650
-1.389650
-1.389650
-1.389650
-1.389650
-1.389650
-1.389650
-1.389650
-1.389650
-1.389650
-1.389650
-1.389650
-1.389650
-1.389650
-1.389650
-1.389650
-1.389650
-1.389650
-1.389650
-1.389650
-1.389650
-1.389650
-1.389650
-1.389650
-1.389650
-1.389650
-1.389650
-1.389650
-1.389650
-1.389650
-1.389650
-1.389650
-1.389650
-1.389650
-1.389650