 4.984436
 5.208975
 5.421693
 5.608178
 5.749871
 5.832117
 5.854519
 5.832714
 5.788345
 5.737888
 5.689071
 5.643404
 5.600429
 5.561528
 5.532233
 5.521255
 5.535649
 5.576078
 5.636913
 5.709922
 5.787062
 5.860677
 5.922325
 5.962330
 5.972110
 5.949312
 5.901294
 5.841856
 5.783863
 5.734904
 5.697869
 5.673406
 5.661622
 5.662203
 5.673213
 5.689983
 5.706007
 5.715746
 5.716635
 5.708874
 5.694348
 5.676245
 5.659687
 5.652430
 5.663764
 5.700435
 5.762133
 5.841492
 5.928639
 6.015335
 6.096021
 6.167071
 6.226302
 6.273778
 6.313452
 6.353421
 6.402913
 6.468139
 6.551032
 6.651102
 6.767537
 6.899557
 7.044681
 7.195714
 7.339150
 7.458813
 7.544064
 7.594911
 7.619433
 7.628090
 7.630543
 7.635773
 7.653483
 7.694359
 7.767424
 7.875645
 8.014877
 8.178732
 8.364659
 8.575556
 8.816004
 9.083947
 9.358680
 9.590909
 9.709758
 9.656776
 9.424252
 9.058663
 8.629812
 8.199656
 7.806737
 7.456959
 7.110661
 6.673094
 6.014760
 5.034819
 3.721808
 2.149019
 0.417827
-1.389650