   5.694120
   5.698339
   5.702260
 -28.334793
  52.065090
 -24.233087
  52.322962
 -21.543146
   3.811951
  22.283093
 -41.131539
  15.738489
  54.270622
 -20.107831
   3.237686
 -10.318641
  50.447903
 -49.721781
  27.480032
  -6.518433
  48.796088
 -31.668920
  -1.823472
  65.025413
 -41.328436
  -4.832032
  34.176380
 -18.017951
  29.259343
 -17.168221
  -1.422162
   4.040876
  18.972071
  22.649396
 -18.553925
  41.193745
  17.940124
 -33.704053
 -19.101246
  54.901854
 -19.348761
   7.686038
  22.965437
  10.799192
 -74.215349
  83.677405
  13.959969
 -27.061544
  22.489706
   2.432121
 -24.576252
  33.191679
   7.073473
   1.407351
   5.714414
   5.714495
  30.786709
 -44.279232
  39.794848
   7.870509
 -28.234242
  28.881224
  22.450248
   7.243529
 -28.292104
  -1.301152
  44.640040
  -9.838704
  10.579484
  -4.240446
  -7.211852
  38.122738
  -7.614008
  -2.142242
  11.600838
  16.703979
  -8.365845
  23.794443
   6.996091
  -7.169365
  16.359697
 -17.456791
   3.577850
  29.360685
  24.291350
 -14.688718
  13.964946
   9.890597
 -17.939416
   6.980249
  22.726635
   5.090258
  -1.386664
  15.295562
   5.731013
  16.874994
  24.471831
 -27.206295
  -1.058731
  22.167100
  24.796525
   8.441741
 -17.954767
  23.491233
  34.202200
 -14.325202
 -11.871540
   8.042112
  12.576750
  10.783802
  -4.958077
  41.289293
  20.957355
 -45.453573
   6.896697
  86.264965
 -40.079166
 -32.411986
  52.408627
  26.820405
  -0.692234
 -21.627903
  20.850303
  15.652512
   1.057320
  29.875563
  -9.779316
 -11.205198
  22.205427
  29.351358
  21.244437
 -36.181843
  45.166434
 -17.824878
  25.506384
  15.168965
  -7.470200
   8.170547
  15.663860
 -21.418202
  29.723610
  21.681355
 -14.487834
  12.814421
   0.054606
 -17.579365
  63.082798
 -17.280419
 -15.462433
  34.520016
 -22.184906
   6.154727
  44.955025
  -4.354215
 -22.855278
  35.822273
  21.324705
  -3.308107
 -28.409054
  18.142062
  13.572235
  19.608050
 -41.626446
  31.787172
  14.688149
  37.952934
 -38.926126
  38.064502
 -34.797021
   6.692849
  18.877979
   5.621561
  -0.298315
 -22.071062
  14.379106
 -11.267060
   4.194071
   4.792366
 -63.962507
  52.340866
 -23.510898
  43.507727
 -18.041622
 -28.778931
  12.138431
 -15.290401
   9.819245
 -29.457129
  38.988348
 -67.561661
 -18.115103
  57.275153
 -39.530864
 -22.713157
  -4.424632
  23.992538
 -22.616547
 -23.784036
  -8.715197
 -24.439469
  36.021223
-105.502383
  15.965491
   3.843715
 -10.778013
 -48.508008