0.381796 0.007561 0.374235 0.000000
0.378449 0.005107 0.373342 0.000000
0.378224 0.003337 0.374887 0.000000
0.382952 0.008089 0.374863 0.000000
0.381610 0.007148 0.374462 0.000000
0.378612 0.004885 0.373727 0.000000
0.378266 0.004934 0.373332 0.000000
0.379838 0.005598 0.374240 0.000000
0.381619 0.009083 0.372536 0.000000
0.376885 0.003261 0.373624 0.000000
0.380781 0.007943 0.372838 0.000000
0.376936 0.003475 0.373461 0.000000
0.378217 0.003170 0.375047 0.000000
0.379071 0.006003 0.373068 0.000000
0.376817 0.002542 0.374275 0.000000