 -0.203697
-20.500882
-34.243074
-42.319892
-46.502606
-47.927464
-47.482494
-45.863112
-43.615988
-41.170597
-38.861665
-36.944847
-35.607406
-34.975192
-35.116862
-36.046101
-37.722242
-40.049834
-42.877252
-45.994602
-49.130990
-51.951145
-54.051330
-54.954293
-54.097334
-50.850663
-45.806035
-40.137053
-34.035090
-27.670725
-21.215205
-14.833126
 -8.679791
 -2.899150
  2.377567
  7.032428
 10.960503
 14.068682
 16.273919
 17.501219
 17.682556
 16.758418
 14.685003
 11.451917
  7.117899
  1.876072
 -3.834042
 -9.142336
-12.460809
-10.518022
 -0.262834