 -0.203697
-11.229275
-20.677872
-28.972410
-34.444568
-39.377817
-42.484319
-45.177093
-46.591694
-47.688601
-47.928224
-47.932005
-47.398908
-46.701599
-45.710613
-44.619237
-43.417513
-42.172605
-40.953635
-39.742452
-38.655887
-37.621678
-36.780058
-36.028428
-35.511639
-35.114751
-34.972824
-34.972006
-35.226679
-35.633880
-36.279241
-37.077545
-38.080023
-39.223577
-40.521392
-41.934778
-43.436998
-45.014210
-46.599466
-48.202525
-49.717415
-51.174629
-52.431780
-53.535615
-54.311358
-54.815813
-54.847063
-54.462210
-53.431841
-51.777802
-49.667126
-47.070304
-44.350926
-41.475997
-38.499494
-35.404627
-32.251748
-29.026328
-25.785105
-22.518192
-19.274136
-16.051213
-12.885674
 -9.787269
 -6.776236
 -3.876845
 -1.090077
  1.542538
  4.042005
  6.347090
  8.502993
 10.426597
 12.189058
 13.683342
 15.008066
 16.030338
 16.877629
 17.389247
 17.723155
 17.689085
 17.477402
 16.867423
 16.083696
 14.877151
 13.506623
 11.703720
  9.756242
  7.400592
  4.935265
  2.154831
 -0.676323
 -3.599186
 -6.477443
 -8.991202
-11.310983
-12.418049
-13.083103
-10.583396
 -6.467894
 -0.262834