-590.090835
-583.588481
-577.086127
-570.583773
-564.081419
-557.579064
-551.076710
-544.574356
-538.072002
-531.569648
-525.067294
-518.564939
-512.062585
-505.560231
-499.057877
-492.555523
-486.053169
-479.550815
-473.048460
-466.546106
-460.043752
-453.541398
-447.039044
-440.536690
-434.034336
-427.531981
-421.029627
-414.527273
-408.024919
-401.522565
-395.020211
-388.517856
-382.015502
-375.513148
-369.010794
-362.508440
-356.006086
-349.503732
-343.001377
-336.499023
-329.996669
-323.494315
-316.991961
-310.489607
-303.987253
-297.484898
-290.982544
-284.480190
-277.977836
-271.475482
-264.973128
-258.470774
-251.968419
-245.466065
-238.963711
-232.461357
-225.959003
-219.456649
-212.954294
-206.451940
-199.949586
-193.447232
-186.944878
-180.442524
-173.940170
-167.437815
-160.935461
-154.433107
-147.930753
-141.428399
-134.926045
-128.423691
-121.921336
-115.418982
-108.916628
-102.414274
 -95.911920
 -89.409566
 -82.907211
 -76.404857
 -69.902503
 -63.400149
 -56.897795
 -50.395441
 -43.893087
 -37.390732
 -30.888378
 -24.386024
 -17.883670
 -11.381316
  -4.878962
   1.623392
   8.125747
  14.628101
  21.130455
  27.632809
  34.135163
  40.637517
  47.139871
  53.642226