-141.012064
-139.458072
-137.904079
-136.350087
-134.796094
-133.242101
-131.688109
-130.134116
-128.580124
-127.026131
-125.472138
-123.918146
-122.364153
-120.810161
-119.256168
-117.702175
-116.148183
-114.594190
-113.040198
-111.486205
-109.932212
-108.378220
-106.824227
-105.270235
-103.716242
-102.162249
-100.608257
 -99.054264
 -97.500272
 -95.946279
 -94.392286
 -92.838294
 -91.284301
 -89.730309
 -88.176316
 -86.622323
 -85.068331
 -83.514338
 -81.960346
 -80.406353
 -78.852360
 -77.298368
 -75.744375
 -74.190383
 -72.636390
 -71.082397
 -69.528405
 -67.974412
 -66.420420
 -64.866427
 -63.312434
 -61.758442
 -60.204449
 -58.650457
 -57.096464
 -55.542471
 -53.988479
 -52.434486
 -50.880494
 -49.326501
 -47.772508
 -46.218516
 -44.664523
 -43.110531
 -41.556538
 -40.002545
 -38.448553
 -36.894560
 -35.340568
 -33.786575
 -32.232582
 -30.678590
 -29.124597
 -27.570605
 -26.016612
 -24.462619
 -22.908627
 -21.354634
 -19.800642
 -18.246649
 -16.692656
 -15.138664
 -13.584671
 -12.030679
 -10.476686
  -8.922693
  -7.368701
  -5.814708
  -4.260716
  -2.706723
  -1.152730
   0.401262
   1.955255
   3.509247
   5.063240
   6.617233
   8.171225
   9.725218
  11.279210
  12.833203