   -0.048962    -1.757759   -13.852575   -55.941525  -150.955909  -313.025692  -539.125979  -802.306701 -1045.650487 -1176.409384 -1059.461645  -521.023121  -964.360501 -2377.379766 -2555.906503 -2477.489137 -2148.553379 -1582.812715  -801.753376   175.583416  1316.989861  2458.830127  2889.235127   244.131130 -5198.311332
  -39.064857   -40.123511   -50.349715   -88.432440  -176.917268  -330.284616  -546.427183  -799.781389 -1035.229619 -1162.209717 -1048.176842  -522.091007  -956.598056 -2341.884354 -2517.172869 -2440.043934 -2116.235372 -1558.793865  -788.544414   175.993772  1303.215504  2431.543552  2857.035199   240.240091 -5145.865977
  -78.080751   -78.489263   -86.846854  -120.923355  -202.878627  -347.543540  -553.728387  -797.256076 -1024.808752 -1148.010049 -1036.892039  -523.158894  -948.835611 -2306.388943 -2478.439234 -2402.598731 -2083.917364 -1534.775014  -775.335452   176.404128  1289.441147  2404.256976  2824.835270   236.349051 -5093.420622
 -117.096646  -116.855015  -123.343994  -153.414270  -228.839986  -364.802464  -561.029591  -794.730763 -1014.387885 -1133.810382 -1025.607235  -524.226780  -941.073166 -2270.893532 -2439.705600 -2365.153527 -2051.599357 -1510.756164  -762.126490   176.814484  1275.666790  2376.970401  2792.635342   232.458011 -5040.975268
 -156.112540  -155.220767  -159.841134  -185.905185  -254.801344  -382.061388  -568.330795  -792.205450 -1003.967017 -1119.610715 -1014.322432  -525.294666  -933.310721 -2235.398121 -2400.971966 -2327.708324 -2019.281350 -1486.737313  -748.917528   177.224840  1261.892432  2349.683825  2760.435413   228.566972 -4988.529913
 -195.128435  -193.586519  -196.338273  -218.396100  -280.762703  -399.320312  -575.631999  -789.680137  -993.546150 -1105.411047 -1003.037628  -526.362552  -925.548276 -2199.902710 -2362.238332 -2290.263120 -1986.963342 -1462.718463  -735.708566   177.635196  1248.118075  2322.397250  2728.235485   224.675932 -4936.084558
 -234.144329  -231.952272  -232.835413  -250.887015  -306.724062  -416.579236  -582.933203  -787.154824  -983.125282 -1091.211380  -991.752825  -527.430438  -917.785832 -2164.407298 -2323.504698 -2252.817917 -1954.645335 -1438.699613  -722.499604   178.045552  1234.343718  2295.110674  2696.035556   220.784892 -4883.639203
 -273.160224  -270.318024  -269.332553  -283.377929  -332.685421  -433.838160  -590.234407  -784.629511  -972.704415 -1077.011712  -980.468022  -528.498324  -910.023387 -2128.911887 -2284.771063 -2215.372714 -1922.327328 -1414.680762  -709.290642   178.455908  1220.569361  2267.824098  2663.835628   216.893853 -4831.193848
 -312.176118  -308.683776  -305.829692  -315.868844  -358.646779  -451.097084  -597.535611  -782.104198  -962.283547 -1062.812045  -969.183218  -529.566210  -902.260942 -2093.416476 -2246.037429 -2177.927510 -1890.009320 -1390.661912  -696.081680   178.866264  1206.795004  2240.537523  2631.635700   213.002813 -4778.748493
 -351.192013  -347.049528  -342.326832  -348.359759  -384.608138  -468.356008  -604.836815  -779.578885  -951.862680 -1048.612378  -957.898415  -530.634096  -894.498497 -2057.921065 -2207.303795 -2140.482307 -1857.691313 -1366.643062  -682.872719   179.276620  1193.020647  2213.250947  2599.435771   209.111773 -4726.303139
 -390.207908  -385.415280  -378.823972  -380.850674  -410.569497  -485.614933  -612.138019  -777.053572  -941.441812 -1034.412710  -946.613612  -531.701982  -886.736052 -2022.425654 -2168.570161 -2103.037103 -1825.373306 -1342.624211  -669.663757   179.686976  1179.246290  2185.964372  2567.235843   205.220734 -4673.857784
 -429.223802  -423.781032  -415.321111  -413.341589  -436.530856  -502.873857  -619.439223  -774.528259  -931.020945 -1020.213043  -935.328808  -532.769868  -878.973607 -1986.930242 -2129.836527 -2065.591900 -1793.055298 -1318.605361  -656.454795   180.097332  1165.471933  2158.677796  2535.035914   201.329694 -4621.412429
 -468.239697  -462.146784  -451.818251  -445.832504  -462.492214  -520.132781  -626.740427  -772.002946  -920.600077 -1006.013375  -924.044005  -533.837754  -871.211163 -1951.434831 -2091.102893 -2028.146697 -1760.737291 -1294.586511  -643.245833   180.507688  1151.697576  2131.391221  2502.835986   197.438654 -4568.967074
 -507.255591  -500.512537  -488.315391  -478.323419  -488.453573  -537.391705  -634.041631  -769.477633  -910.179210  -991.813708  -912.759201  -534.905640  -863.448718 -1915.939420 -2052.369258 -1990.701493 -1728.419284 -1270.567660  -630.036871   180.918044  1137.923219  2104.104645  2470.636057   193.547615 -4516.521719
 -546.271486  -538.878289  -524.812530  -510.814334  -514.414932  -554.650629  -641.342835  -766.952320  -899.758342  -977.614040  -901.474398  -535.973526  -855.686273 -1880.444009 -2013.635624 -1953.256290 -1696.101277 -1246.548810  -616.827909   181.328400  1124.148862  2076.818069  2438.436129   189.656575 -4464.076364
 -585.287380  -577.244041  -561.309670  -543.305249  -540.376291  -571.909553  -648.644038  -764.427007  -889.337475  -963.414373  -890.189595  -537.041412  -847.923828 -1844.948598 -1974.901990 -1915.811086 -1663.783269 -1222.529960  -603.618947   181.738756  1110.374505  2049.531494  2406.236201   185.765535 -4411.631010
 -624.303275  -615.609793  -597.806810  -575.796164  -566.337649  -589.168477  -655.945242  -761.901694  -878.916608  -949.214706  -878.904791  -538.109298  -840.161383 -1809.453186 -1936.168356 -1878.365883 -1631.465262 -1198.511109  -590.409985   182.149112  1096.600148  2022.244918  2374.036272   181.874496 -4359.185655
 -663.319169  -653.975545  -634.303949  -608.287078  -592.299008  -606.427401  -663.246446  -759.376381  -868.495740  -935.015038  -867.619988  -539.177184  -832.398938 -1773.957775 -1897.434722 -1840.920680 -1599.147255 -1174.492259  -577.201023   182.559468  1082.825791  1994.958343  2341.836344   177.983456 -4306.740300
 -702.335064  -692.341297  -670.801089  -640.777993  -618.260367  -623.686325  -670.547650  -756.851068  -858.074873  -920.815371  -856.335184  -540.245070  -824.636494 -1738.462364 -1858.701087 -1803.475476 -1566.829247 -1150.473408  -563.992061   182.969824  1069.051434  1967.671767  2309.636415   174.092416 -4254.294945
 -741.350959  -730.707050  -707.298229  -673.268908  -644.221726  -640.945249  -677.848854  -754.325755  -847.654005  -906.615703  -845.050381  -541.312956  -816.874049 -1702.966953 -1819.967453 -1766.030273 -1534.511240 -1126.454558  -550.783099   183.380180  1055.277077  1940.385192  2277.436487   170.201377 -4201.849590
 -780.366853  -769.072802  -743.795368  -705.759823  -670.183085  -658.204173  -685.150058  -751.800442  -837.233138  -892.416036  -833.765578  -542.380842  -809.111604 -1667.471542 -1781.233819 -1728.585069 -1502.193233 -1102.435708  -537.574137   183.790536  1041.502720  1913.098616  2245.236558   166.310337 -4149.404235
 -819.382748  -807.438554  -780.292508  -738.250738  -696.144443  -675.463098  -692.451262  -749.275130  -826.812270  -878.216369  -822.480774  -543.448729  -801.349159 -1631.976130 -1742.500185 -1691.139866 -1469.875225 -1078.416857  -524.365175   184.200893  1027.728363  1885.812040  2213.036630   162.419298 -4096.958881
 -858.398642  -845.804306  -816.789647  -770.741653  -722.105802  -692.722022  -699.752466  -746.749817  -816.391403  -864.016701  -811.195971  -544.516615  -793.586714 -1596.480719 -1703.766551 -1653.694663 -1437.557218 -1054.398007  -511.156214   184.611249  1013.954006  1858.525465  2180.836702   158.528258 -4044.513526
 -897.414537  -884.170058  -853.286787  -803.232568  -748.067161  -709.980946  -707.053670  -744.224504  -805.970535  -849.817034  -799.911168  -545.584501  -785.824269 -1560.985308 -1665.032917 -1616.249459 -1405.239211 -1030.379157  -497.947252   185.021605  1000.179649  1831.238889  2148.636773   154.637218 -3992.068171
 -936.430431  -922.535810  -889.783927  -835.723483  -774.028520  -727.239870  -714.354874  -741.699191  -795.549668  -835.617366  -788.626364  -546.652387  -778.061825 -1525.489897 -1626.299282 -1578.804256 -1372.921203 -1006.360306  -484.738290   185.431961   986.405292  1803.952314  2116.436845   150.746179 -3939.622816
 -975.446326  -960.901562  -926.281066  -868.214398  -799.989878  -744.498794  -721.656078  -739.173878  -785.128800  -821.417699  -777.341561  -547.720273  -770.299380 -1489.994486 -1587.565648 -1541.359052 -1340.603196  -982.341456  -471.529328   185.842317   972.630935  1776.665738  2084.236916   146.855139 -3887.177461
-1014.462221  -999.267315  -962.778206  -900.705313  -825.951237  -761.757718  -728.957282  -736.648565  -774.707933  -807.218032  -766.056757  -548.788159  -762.536935 -1454.499074 -1548.832014 -1503.913849 -1308.285189  -958.322606  -458.320366   186.252673   958.856578  1749.379163  2052.036988   142.964099 -3834.732106
-1053.478115 -1037.633067  -999.275346  -933.196227  -851.912596  -779.016642  -736.258486  -734.123252  -764.287065  -793.018364  -754.771954  -549.856045  -754.774490 -1419.003663 -1510.098380 -1466.468646 -1275.967182  -934.303755  -445.111404   186.663029   945.082221  1722.092587  2019.837060   139.073060 -3782.286752
-1092.494010 -1075.998819 -1035.772485  -965.687142  -877.873955  -796.275566  -743.559690  -731.597939  -753.866198  -778.818697  -743.487151  -550.923931  -747.012045 -1383.508252 -1471.364746 -1429.023442 -1243.649174  -910.284905  -431.902442   187.073385   931.307864  1694.806011  1987.637131   135.182020 -3729.841397
-1131.509904 -1114.364571 -1072.269625  -998.178057  -903.835313  -813.534490  -750.860894  -729.072626  -743.445330  -764.619029  -732.202347  -551.991817  -739.249600 -1348.012841 -1432.631111 -1391.578239 -1211.331167  -886.266055  -418.693480   187.483741   917.533507  1667.519436  1955.437203   131.290980 -3677.396042
-1170.525799 -1152.730323 -1108.766765 -1030.668972  -929.796672  -830.793414  -758.162098  -726.547313  -733.024463  -750.419362  -720.917544  -553.059703  -731.487155 -1312.517429 -1393.897477 -1354.133035 -1179.013160  -862.247204  -405.484518   187.894097   903.759150  1640.232860  1923.237274   127.399941 -3624.950687
-1209.541693 -1191.096075 -1145.263904 -1063.159887  -955.758031  -848.052338  -765.463302  -724.022000  -722.603596  -736.219694  -709.632741  -554.127589  -723.724711 -1277.022018 -1355.163843 -1316.687832 -1146.695152  -838.228354  -392.275556   188.304453   889.984793  1612.946285  1891.037346   123.508901 -3572.505332
-1248.557588 -1229.461828 -1181.761044 -1095.650802  -981.719390  -865.311263  -772.764506  -721.496687  -712.182728  -722.020027  -698.347937  -555.195475  -715.962266 -1241.526607 -1316.430209 -1279.242629 -1114.377145  -814.209503  -379.066594   188.714809   876.210436  1585.659709  1858.837417   119.617861 -3520.059977
-1287.573482 -1267.827580 -1218.258184 -1128.141717 -1007.680748  -882.570187  -780.065710  -718.971374  -701.761861  -707.820360  -687.063134  -556.263361  -708.199821 -1206.031196 -1277.696575 -1241.797425 -1082.059138  -790.190653  -365.857632   189.125165   862.436079  1558.373134  1826.637489   115.726822 -3467.614623
-1326.589377 -1306.193332 -1254.755323 -1160.632632 -1033.642107  -899.829111  -787.366914  -716.446061  -691.340993  -693.620692  -675.778330  -557.331247  -700.437376 -1170.535785 -1238.962940 -1204.352222 -1049.741130  -766.171803  -352.648671   189.535521   848.661722  1531.086558  1794.437561   111.835782 -3415.169268
-1365.605272 -1344.559084 -1291.252463 -1193.123547 -1059.603466  -917.088035  -794.668118  -713.920748  -680.920126  -679.421025  -664.493527  -558.399133  -692.674931 -1135.040373 -1200.229306 -1166.907018 -1017.423123  -742.152952  -339.439709   189.945877   834.887365  1503.799982  1762.237632   107.944742 -3362.723913
-1404.621166 -1382.924836 -1327.749603 -1225.614461 -1085.564825  -934.346959  -801.969321  -711.395435  -670.499258  -665.221357  -653.208724  -559.467019  -684.912486 -1099.544962 -1161.495672 -1129.461815  -985.105116  -718.134102  -326.230747   190.356233   821.113008  1476.513407  1730.037704   104.053703 -3310.278558
-1443.637061 -1421.290588 -1364.246742 -1258.105376 -1111.526183  -951.605883  -809.270525  -708.870122  -660.078391  -651.021690  -641.923920  -560.534905  -677.150042 -1064.049551 -1122.762038 -1092.016612  -952.787108  -694.115252  -313.021785   190.766589   807.338651  1449.226831  1697.837775   100.162663 -3257.833203
-1482.652955 -1459.656340 -1400.743882 -1290.596291 -1137.487542  -968.864807  -816.571729  -706.344809  -649.657523  -636.822023  -630.639117  -561.602791  -669.387597 -1028.554140 -1084.028404 -1054.571408  -920.469101  -670.096401  -299.812823   191.176945   793.564294  1421.940256  1665.637847    96.271623 -3205.387848
-1521.668850 -1498.022093 -1437.241022 -1323.087206 -1163.448901  -986.123731  -823.872933  -703.819496  -639.236656  -622.622355  -619.354313  -562.670677  -661.625152  -993.058729 -1045.294770 -1017.126205  -888.151094  -646.077551  -286.603861   191.587301   779.789937  1394.653680  1633.437918    92.380584 -3152.942494
-1560.684744 -1536.387845 -1473.738161 -1355.578121 -1189.410260 -1003.382655  -831.174137  -701.294183  -628.815788  -608.422688  -608.069510  -563.738564  -653.862707  -957.563317 -1006.561135  -979.681001  -855.833086  -622.058701  -273.394899   191.997657   766.015580  1367.367105  1601.237990    88.489544 -3100.497139
-1599.700639 -1574.753597 -1510.235301 -1388.069036 -1215.371618 -1020.641579  -838.475341  -698.768871  -618.394921  -594.223020  -596.784707  -564.806450  -646.100262  -922.067906  -967.827501  -942.235798  -823.515079  -598.039850  -260.185937   192.408013   752.241223  1340.080529  1569.038062    84.598504 -3048.051784
-1638.716534 -1613.119349 -1546.732441 -1420.559951 -1241.332977 -1037.900503  -845.776545  -696.243558  -607.974053  -580.023353  -585.499903  -565.874336  -638.337817  -886.572495  -929.093867  -904.790595  -791.197072  -574.021000  -246.976975   192.818369   738.466866  1312.793953  1536.838133    80.707465 -2995.606429
-1677.732428 -1651.485101 -1583.229580 -1453.050866 -1267.294336 -1055.159428  -853.077749  -693.718245  -597.553186  -565.823685  -574.215100  -566.942222  -630.575373  -851.077084  -890.360233  -867.345391  -758.879065  -550.002150  -233.768013   193.228725   724.692509  1285.507378  1504.638205    76.816425 -2943.161074
-1716.748323 -1689.850853 -1619.726720 -1485.541781 -1293.255695 -1072.418352  -860.378953  -691.192932  -587.132318  -551.624018  -562.930297  -568.010108  -622.812928  -815.581673  -851.626599  -829.900188  -726.561057  -525.983299  -220.559051   193.639081   710.918152  1258.220802  1472.438276    72.925386 -2890.715719
-1755.764217 -1728.216606 -1656.223860 -1518.032696 -1319.217054 -1089.677276  -867.680157  -688.667619  -576.711451  -537.424351  -551.645493  -569.077994  -615.050483  -780.086261  -812.892964  -792.454984  -694.243050  -501.964449  -207.350089   194.049437   697.143795  1230.934227  1440.238348    69.034346 -2838.270365
-1794.780112 -1766.582358 -1692.720999 -1550.523610 -1345.178412 -1106.936200  -874.981361  -686.142306  -566.290584  -523.224683  -540.360690  -570.145880  -607.288038  -744.590850  -774.159330  -755.009781  -661.925043  -477.945599  -194.141127   194.459793   683.369438  1203.647651  1408.038419    65.143306 -2785.825010
-1833.796006 -1804.948110 -1729.218139 -1583.014525 -1371.139771 -1124.195124  -882.282565  -683.616993  -555.869716  -509.025016  -529.075886  -571.213766  -599.525593  -709.095439  -735.425696  -717.564578  -629.607035  -453.926748  -180.932166   194.870149   669.595081  1176.361076  1375.838491    61.252267 -2733.379655
-1872.811901 -1843.313862 -1765.715279 -1615.505440 -1397.101130 -1141.454048  -889.583769  -681.091680  -545.448849  -494.825348  -517.791083  -572.281652  -591.763148  -673.600028  -696.692062  -680.119374  -597.289028  -429.907898  -167.723204   195.280505   655.820724  1149.074500  1343.638563    57.361227 -2680.934300
-1911.827795 -1881.679614 -1802.212418 -1647.996355 -1423.062489 -1158.712972  -896.884973  -678.566367  -535.027981  -480.625681  -506.506280  -573.349538  -584.000704  -638.104617  -657.958428  -642.674171  -564.971021  -405.889047  -154.514242   195.690861   642.046367  1121.787924  1311.438634    53.470187 -2628.488945
-1950.843690 -1920.045366 -1838.709558 -1680.487270 -1449.023847 -1175.971896  -904.186177  -676.041054  -524.607114  -466.426014  -495.221476  -574.417424  -576.238259  -602.609205  -619.224793  -605.228967  -532.653013  -381.870197  -141.305280   196.101217   628.272010  1094.501349  1279.238706    49.579148 -2576.043590
-1989.859585 -1958.411119 -1875.206698 -1712.978185 -1474.985206 -1193.230820  -911.487381  -673.515741  -514.186246  -452.226346  -483.936673  -575.485310  -568.475814  -567.113794  -580.491159  -567.783764  -500.335006  -357.851347  -128.096318   196.511573   614.497653  1067.214773  1247.038777    45.688108 -2523.598236
-2028.875479 -1996.776871 -1911.703837 -1745.469100 -1500.946565 -1210.489744  -918.788585  -670.990428  -503.765379  -438.026679  -472.651870  -576.553196  -560.713369  -531.618383  -541.757525  -530.338561  -468.016999  -333.832496  -114.887356   196.921929   600.723296  1039.928198  1214.838849    41.797068 -2471.152881
-2067.891374 -2035.142623 -1948.200977 -1777.960015 -1526.907924 -1227.748668  -926.089789  -668.465115  -493.344511  -423.827011  -461.367066  -577.621082  -552.950924  -496.122972  -503.023891  -492.893357  -435.698991  -309.813646  -101.678394   197.332286   586.948939  1012.641622  1182.638920    37.906029 -2418.707526
-2106.907268 -2073.508375 -1984.698117 -1810.450930 -1552.869282 -1245.007593  -933.390993  -665.939802  -482.923644  -409.627344  -450.082263  -578.688968  -545.188479  -460.627561  -464.290257  -455.448154  -403.380984  -285.794796   -88.469432   197.742642   573.174582   985.355047  1150.438992    34.014989 -2366.262171
-2145.923163 -2111.874127 -2021.195256 -1842.941844 -1578.830641 -1262.266517  -940.692197  -663.414489  -472.502776  -395.427677  -438.797459  -579.756854  -537.426035  -425.132149  -425.556623  -418.002950  -371.062977  -261.775945   -75.260470   198.152998   559.400225   958.068471  1118.239064    30.123949 -2313.816816
-2184.939057 -2150.239879 -2057.692396 -1875.432759 -1604.792000 -1279.525441  -947.993401  -660.889176  -462.081909  -381.228009  -427.512656  -580.824740  -529.663590  -389.636738  -386.822988  -380.557747  -338.744969  -237.757095   -62.051508   198.563354   545.625868   930.781895  1086.039135    26.232910 -2261.371461
-2223.954952 -2188.605631 -2094.189536 -1907.923674 -1630.753359 -1296.784365  -955.294605  -658.363863  -451.661041  -367.028342  -416.227853  -581.892626  -521.901145  -354.141327  -348.089354  -343.112544  -306.426962  -213.738245   -48.842546   198.973710   531.851511   903.495320  1053.839207    22.341870 -2208.926107
-2262.970846 -2226.971384 -2130.686675 -1940.414589 -1656.714717 -1314.043289  -962.595808  -655.838550  -441.240174  -352.828674  -404.943049  -582.960512  -514.138700  -318.645916  -309.355720  -305.667340  -274.108955  -189.719394   -35.633584   199.384066   518.077154   876.208744  1021.639278    18.450830 -2156.480752
-2301.986741 -2265.337136 -2167.183815 -1972.905504 -1682.676076 -1331.302213  -969.897012  -653.313237  -430.819306  -338.629007  -393.658246  -584.028399  -506.376255  -283.150505  -270.622086  -268.222137  -241.790948  -165.700544   -22.424623   199.794422   504.302797   848.922169   989.439350    14.559791 -2104.035397
-2341.002636 -2303.702888 -2203.680955 -2005.396419 -1708.637435 -1348.561137  -977.198216  -650.787924  -420.398439  -324.429339  -382.373442  -585.096285  -498.613810  -247.655093  -231.888452  -230.776933  -209.472940  -141.681694    -9.215661   200.204778   490.528440   821.635593   957.239422    10.668751 -2051.590042
-2380.018530 -2342.068640 -2240.178094 -2037.887334 -1734.598794 -1365.820061  -984.499420  -648.262612  -409.977572  -310.229672  -371.088639  -586.164171  -490.851365  -212.159682  -193.154817  -193.331730  -177.154933  -117.662843     3.993301   200.615134   476.754083   794.349018   925.039493     6.777711 -1999.144687
-2419.034425 -2380.434392 -2276.675234 -2070.378249 -1760.560152 -1383.078985  -991.800624  -645.737299  -399.556704  -296.030005  -359.803836  -587.232057  -483.088921  -176.664271  -154.421183  -155.886527  -144.836926   -93.643993    17.202263   201.025490   462.979726   767.062442   892.839565     2.886672 -1946.699332
-2458.050319 -2418.800144 -2313.172374 -2102.869164 -1786.521511 -1400.337909  -999.101828  -643.211986  -389.135837  -281.830337  -348.519032  -588.299943  -475.326476  -141.168860  -115.687549  -118.441323  -112.518918   -69.625142    30.411225   201.435846   449.205369   739.775866   860.639636    -1.004368 -1894.253978
-2497.066214 -2457.165897 -2349.669513 -2135.360079 -1812.482870 -1417.596833 -1006.403032  -640.686673  -378.714969  -267.630670  -337.234229  -589.367829  -467.564031  -105.673449   -76.953915   -80.996120   -80.200911   -45.606292    43.620187   201.846202   435.431012   712.489291   828.439708    -4.895407 -1841.808623
-2536.082108 -2495.531649 -2386.166653 -2167.850993 -1838.444229 -1434.855758 -1013.704236  -638.161360  -368.294102  -253.431002  -325.949426  -590.435715  -459.801586   -70.178037   -38.220281   -43.550916   -47.882904   -21.587442    56.829149   202.256558   421.656655   685.202715   796.239779    -8.786447 -1789.363268
-2575.098003 -2533.897401 -2422.663793 -2200.341908 -1864.405588 -1452.114682 -1021.005440  -635.636047  -357.873234  -239.231335  -314.664622  -591.503601  -452.039141   -34.682626     0.513354    -6.105713   -15.564896     2.431409    70.038111   202.666914   407.882298   657.916140   764.039851   -12.677487 -1736.917913
-2614.113898 -2572.263153 -2459.160932 -2232.832823 -1890.366946 -1469.373606 -1028.306644  -633.110734  -347.452367  -225.031668  -303.379819  -592.571487  -444.276696     0.812785    39.246988    31.339490    16.753111    26.450259    83.247073   203.077270   394.107941   630.629564   731.839923   -16.568526 -1684.472558
-2653.129792 -2610.628905 -2495.658072 -2265.323738 -1916.328305 -1486.632530 -1035.607848  -630.585421  -337.031499  -210.832000  -292.095015  -593.639373  -436.514252    36.308196    77.980622    68.784694    49.071118    50.469109    96.456035   203.487626   380.333584   603.342989   699.639994   -20.459566 -1632.027203
-2692.145687 -2648.994657 -2532.155212 -2297.814653 -1942.289664 -1503.891454 -1042.909052  -628.060108  -326.610632  -196.632333  -280.810212  -594.707259  -428.751807    71.803607   116.714256   106.229897    81.389126    74.487960   109.664997   203.897982   366.559227   576.056413   667.440066   -24.350606 -1579.581849
-2731.161581 -2687.360409 -2568.652351 -2330.305568 -1968.251023 -1521.150378 -1050.210256  -625.534795  -316.189764  -182.432665  -269.525409  -595.775145  -420.989362   107.299019   155.447890   143.675101   113.707133    98.506810   122.873959   204.308338   352.784870   548.769837   635.240137   -28.241645 -1527.136494
-2770.177476 -2725.726162 -2605.149491 -2362.796483 -1994.212381 -1538.409302 -1057.511460  -623.009482  -305.768897  -168.232998  -258.240605  -596.843031  -413.226917   142.794430   194.181524   181.120304   146.025140   122.525660   136.082921   204.718694   339.010513   521.483262   603.040209   -32.132685 -1474.691139
-2809.193370 -2764.091914 -2641.646631 -2395.287398 -2020.173740 -1555.668226 -1064.812664  -620.484169  -295.348029  -154.033330  -246.955802  -597.910917  -405.464472   178.289841   232.915159   218.565507   178.343148   146.544511   149.291882   205.129050   325.236156   494.196686   570.840280   -36.023725 -1422.245784
-2848.209265 -2802.457666 -2678.143770 -2427.778313 -2046.135099 -1572.927150 -1072.113868  -617.958856  -284.927162  -139.833663  -235.670999  -598.978803  -397.702027   213.785252   271.648793   256.010711   210.661155   170.563361   162.500844   205.539406   311.461799   466.910111   538.640352   -39.914764 -1369.800429
-2887.225159 -2840.823418 -2714.640910 -2460.269228 -2072.096458 -1590.186074 -1079.415072  -615.433543  -274.506295  -125.633996  -224.386195  -600.046689  -389.939583   249.280663   310.382427   293.455914   242.979162   194.582211   175.709806   205.949762   297.687442   439.623535   506.440424   -43.805804 -1317.355074
-2926.241054 -2879.189170 -2751.138050 -2492.760142 -2098.057816 -1607.444998 -1086.716276  -612.908230  -264.085427  -111.434328  -213.101392  -601.114575  -382.177138   284.776075   349.116061   330.901118   275.297169   218.601062   188.918768   206.360118   283.913085   412.336960   474.240495   -47.696844 -1264.909720
-2965.256949 -2917.554922 -2787.635189 -2525.251057 -2124.019175 -1624.703923 -1094.017480  -610.382917  -253.664560   -97.234661  -201.816588  -602.182461  -374.414693   320.271486   387.849695   368.346321   307.615177   242.619912   202.127730   206.770474   270.138728   385.050384   442.040567   -51.587883 -1212.464365
-3004.272843 -2955.920675 -2824.132329 -2557.741972 -2149.980534 -1641.962847 -1101.318684  -607.857604  -243.243692   -83.034993  -190.531785  -603.250348  -366.652248   355.766897   426.583330   405.791524   339.933184   266.638763   215.336692   207.180830   256.364371   357.763809   409.840638   -55.478923 -1160.019010
-3043.288738 -2994.286427 -2860.629469 -2590.232887 -2175.941893 -1659.221771 -1108.619888  -605.332291  -232.822825   -68.835326  -179.246982  -604.318234  -358.889803   391.262308   465.316964   443.236728   372.251191   290.657613   228.545654   207.591186   242.590014   330.477233   377.640710   -59.369963 -1107.573655
-3082.304632 -3032.652179 -2897.126608 -2622.723802 -2201.903251 -1676.480695 -1115.921091  -602.806978  -222.401957   -54.635659  -167.962178  -605.386120  -351.127358   426.757719   504.050598   480.681931   404.569199   314.676463   241.754616   208.001542   228.815657   303.190657   345.440781   -63.261002 -1055.128300
-3121.320527 -3071.017931 -2933.623748 -2655.214717 -2227.864610 -1693.739619 -1123.222295  -600.281665  -211.981090   -40.435991  -156.677375  -606.454006  -343.364914   462.253131   542.784232   518.127135   436.887206   338.695314   254.963578   208.411898   215.041300   275.904082   313.240853   -67.152042 -1002.682945
-3160.336421 -3109.383683 -2970.120887 -2687.705632 -2253.825969 -1710.998543 -1130.523499  -597.756353  -201.560222   -26.236324  -145.392571  -607.521892  -335.602469   497.748542   581.517866   555.572338   469.205213   362.714164   268.172540   208.822254   201.266943   248.617506   281.040925   -71.043082  -950.237591
-3199.352316 -3147.749435 -3006.618027 -2720.196547 -2279.787328 -1728.257467 -1137.824703  -595.231040  -191.139355   -12.036656  -134.107768  -608.589778  -327.840024   533.243953   620.251501   593.017541   501.523221   386.733014   281.381502   209.232610   187.492586   221.330931   248.840996   -74.934121  -897.792236
-3238.368211 -3186.115187 -3043.115167 -2752.687462 -2305.748686 -1745.516391 -1145.125907  -592.705727  -180.718487     2.163011  -122.822965  -609.657664  -320.077579   568.739364   658.985135   630.462745   533.841228   410.751865   294.590464   209.642966   173.718229   194.044355   216.641068   -78.825161  -845.346881
-3277.384105 -3224.480940 -3079.612306 -2785.178376 -2331.710045 -1762.775315 -1152.427111  -590.180414  -170.297620    16.362679  -111.538161  -610.725550  -312.315134   604.234775   697.718769   667.907948   566.159235   434.770715   307.799425   210.053323   159.943872   166.757780   184.441139   -82.716200  -792.901526
-3316.400000 -3262.846692 -3116.109446 -2817.669291 -2357.671404 -1780.034239 -1159.728315  -587.655101  -159.876752    30.562346  -100.253358  -611.793436  -304.552689   639.730187   736.452403   705.353152   598.477243   458.789565   321.008387   210.463679   146.169515   139.471204   152.241211   -86.607240  -740.456171
-3355.415894 -3301.212444 -3152.606586 -2850.160206 -2383.632763 -1797.293163 -1167.029519  -585.129788  -149.455885    44.762013   -88.968555  -612.861322  -296.790244   675.225598   775.186037   742.798355   630.795250   482.808416   334.217349   210.874035   132.395158   112.184628   120.041282   -90.498280  -688.010816
-3394.431789 -3339.578196 -3189.103725 -2882.651121 -2409.594121 -1814.552088 -1174.330723  -582.604475  -139.035017    58.961681   -77.683751  -613.929208  -289.027800   710.721009   813.919671   780.243558   663.113257   506.827266   347.426311   211.284391   118.620801    84.898053    87.841354   -94.389319  -635.565462
-3433.447683 -3377.943948 -3225.600865 -2915.142036 -2435.555480 -1831.811012 -1181.631927  -580.079162  -128.614150    73.161348   -66.398948  -614.997094  -281.265355   746.216420   852.653306   817.688762   695.431265   530.846116   360.635273   211.694747   104.846444    57.611477    55.641426   -98.280359  -583.120107
-3472.463578 -3416.309700 -3262.098005 -2947.632951 -2461.516839 -1849.069936 -1188.933131  -577.553849  -118.193283    87.361016   -55.114144  -616.064980  -273.502910   781.711832   891.386940   855.133965   727.749272   554.864967   373.844235   212.105103    91.072087    30.324902    23.441497  -102.171399  -530.674752
-3511.479472 -3454.675453 -3298.595144 -2980.123866 -2487.478198 -1866.328860 -1196.234335  -575.028536  -107.772415   101.560683   -43.829341  -617.132866  -265.740465   817.207243   930.120574   892.579169   760.067279   578.883817   387.053197   212.515459    77.297730     3.038326    -8.758431  -106.062438  -478.229397
-3550.495367 -3493.041205 -3335.092284 -3012.614781 -2513.439557 -1883.587784 -1203.535539  -572.503223   -97.351548   115.760350   -32.544538  -618.200752  -257.978020   852.702654   968.854208   930.024372   792.385286   602.902668   400.262159   212.925815    63.523373   -24.248249   -40.958360  -109.953478  -425.784042
-3589.511262 -3531.406957 -3371.589424 -3045.105696 -2539.400915 -1900.846708 -1210.836743  -569.977910   -86.930680   129.960018   -21.259734  -619.268638  -250.215575   888.198065  1007.587842   967.469575   824.703294   626.921518   413.471121   213.336171    49.749016   -51.534825   -73.158288  -113.844518  -373.338687
-3628.527156 -3569.772709 -3408.086563 -3077.596611 -2565.362274 -1918.105632 -1218.137947  -567.452597   -76.509813   144.159685    -9.974931  -620.336524  -242.453131   923.693476  1046.321477  1004.914779   857.021301   650.940368   426.680083   213.746527    35.974659   -78.821401  -105.358216  -117.735557  -320.893333
-3667.543051 -3608.138461 -3444.583703 -3110.087525 -2591.323633 -1935.364556 -1225.439151  -564.927284   -66.088945   158.359353     1.309872  -621.404410  -234.690686   959.188888  1085.055111  1042.359982   889.339308   674.959219   439.889045   214.156883    22.200302  -106.107976  -137.558145  -121.626597  -268.447978
-3706.558945 -3646.504213 -3481.080843 -3142.578440 -2617.284992 -1952.623480 -1232.740355  -562.401971   -55.668078   172.559020    12.594676  -622.472296  -226.928241   994.684299  1123.788745  1079.805186   921.657316   698.978069   453.098007   214.567239     8.425945  -133.394552  -169.758073  -125.517637  -216.002623
-3745.574840 -3684.869965 -3517.577982 -3175.069355 -2643.246350 -1969.882404 -1240.041559  -559.876658   -45.247210   186.758687    23.879479  -623.540183  -219.165796  1030.179710  1162.522379  1117.250389   953.975323   722.996919   466.306969   214.977595    -5.348412  -160.681127  -201.958002  -129.408676  -163.557268
-3784.590734 -3723.235718 -3554.075122 -3207.560270 -2669.207709 -1987.141329 -1247.342763  -557.351345   -34.826343   200.958355    35.164283  -624.608069  -211.403351  1065.675121  1201.256013  1154.695592   986.293330   747.015770   479.515930   215.387951   -19.122769  -187.967703  -234.157930  -133.299716  -111.111913
-3823.606629 -3761.601470 -3590.572262 -3240.051185 -2695.169068 -2004.400253 -1254.643967  -554.826032   -24.405475   215.158022    46.449086  -625.675955  -203.640906  1101.170532  1239.989648  1192.140796  1018.611338   771.034620   492.724892   215.798307   -32.897126  -215.254278  -266.357859  -137.190756   -58.666558
-3862.622523 -3799.967222 -3627.069401 -3272.542100 -2721.130427 -2021.659177 -1261.945171  -552.300719   -13.984608   229.357690    57.733889  -626.743841  -195.878462  1136.665944  1278.723282  1229.585999  1050.929345   795.053470   505.933854   216.208663   -46.671483  -242.540854  -298.557787  -141.081795    -6.221204