  -0.149676
 -77.513723
-153.954660
-230.093393
-303.507238
-376.109496
-443.000480
-507.782749
-563.800126
-615.640610
-656.853516
-691.298101
-714.984370
-729.399635
-734.645586
-729.181422
-717.436534
-695.832540
-671.508001
-641.763245
-612.939651
-587.966866
-567.862173
-571.438299
-584.429597
-582.008116
-557.867756
-484.849773
-409.482296
-332.305318
-254.482675
-178.636836
-103.641265
 -35.597627
  29.123775
  83.712133
 131.907179
 168.519866
 195.241646
 210.228640
 211.527163
 201.860599
 174.693491
 138.452643
  82.847526
  22.426985
 -48.656460
-114.116532
-133.789282
-121.262003
 -14.158264