  -0.149676
 -39.271567
 -78.291151
-116.976750
-155.496221
-194.070377
-232.368097
-269.700521
-306.446732
-343.286430
-379.679565
-414.066579
-446.927238
-479.809337
-512.189958
-541.495877
-567.973635
-594.242820
-620.140255
-642.299927
-660.308190
-677.690412
-694.933711
-708.383318
-716.731076
-723.912707
-731.170385
-735.197478
-733.941167
-731.038790
-728.304191
-723.383828
-714.098439
-703.055356
-692.098957
-680.249472
-666.258334
-651.189605
-635.989489
-621.166626
-607.781154
-595.326259
-582.585414
-571.371777
-566.953851
-569.018161
-574.061682
-581.186355
-585.995301
-584.363386
-578.986005
-568.089801
-542.032684
-503.309364
-463.757258
-426.034189
-388.055813
-348.879002
-309.437727
-270.123575
-231.223324
-193.049603
-155.091811
-117.106070
 -80.498487
 -46.713366
 -14.038254
  18.804632
  49.862812
  76.377230
 100.648585
 125.155180
 147.908036
 164.895639
 178.363287
 191.996561
 204.173645
 209.850757
 210.652342
 211.357332
 211.027982
 203.971150
 190.738189
 176.869214
 162.403529
 141.962455
 114.869176
  86.274481
  57.318206
  25.778016
  -8.916975
 -45.638826
 -83.197973
-112.865834
-126.582203
-133.529444
-137.643265
-121.933112
 -73.885097
 -14.158264