   0.000000
 -77.462361
-154.081377
-229.741147
-303.856455
-375.526589
-443.658837
-507.069518
-564.568347
-615.030448
-657.459209
-691.042333
-715.202852
-729.646421
-734.405893
-729.883976
-716.894614
-696.703716
-671.069861
-642.285718
-613.221152
-587.369305
-568.897520
-562.705689
-574.495762
-610.857676
-550.078564
-481.987332
-408.677361
-332.240464
-254.726333
-178.105810
-104.239309
 -34.851898
  28.483401
  84.352669
 131.497625
 168.801894
 195.269432
 210.001170
 212.182000
 201.099641
 176.231488
 137.457441
  85.489133
  22.653479
 -45.762877
-109.303140
-148.818906
-130.994905
   0.000114