-72.120075
-71.782925
-71.445776
-71.108626
-70.771476
-70.434326
-70.097176
-69.760027
-69.422877
-69.085727
-68.748577
-68.411427
-68.074278
-67.737128
-67.399978
-67.062828
-66.725678
-66.388529
-66.051379
-65.714229
-65.377079
-65.039929
-64.702780
-64.365630
-64.028480
-63.691330
-63.354180
-63.017031
-62.679881
-62.342731
-62.005581
-61.668431
-61.331282
-60.994132
-60.656982
-60.319832
-59.982682
-59.645532
-59.308383
-58.971233
-58.634083
-58.296933
-57.959783
-57.622634
-57.285484
-56.948334
-56.611184
-56.274034
-55.936885
-55.599735
-55.262585
-54.925435
-54.588285
-54.251136
-53.913986
-53.576836
-53.239686
-52.902536
-52.565387
-52.228237
-51.891087
-51.553937
-51.216787
-50.879638
-50.542488
-50.205338
-49.868188
-49.531038
-49.193889
-48.856739
-48.519589
-48.182439
-47.845289
-47.508140
-47.170990
-46.833840
-46.496690
-46.159540
-45.822391
-45.485241
-45.148091
-44.810941
-44.473791
-44.136642
-43.799492
-43.462342
-43.125192
-42.788042
-42.450893
-42.113743
-41.776593
-41.439443
-41.102293
-40.765144
-40.427994
-40.090844
-39.753694
-39.416544
-39.079394
-38.742245