0.431561 0.049571 0.381990 0.000000
0.489565 0.095624 0.393941 0.000000
0.431185 0.055333 0.375851 0.000000
0.470297 0.080682 0.389615 0.000000
0.407827 0.027526 0.380301 0.000000
0.481114 0.089584 0.391530 0.000000
0.454332 0.082793 0.371539 0.000000
0.423147 0.036767 0.386380 0.000000
0.430674 0.048610 0.382064 0.000000
0.449576 0.069915 0.379661 0.000000
0.443016 0.062926 0.380089 0.000000
0.467928 0.100222 0.367706 0.000000
0.470759 0.090499 0.380260 0.000000
0.403113 0.025497 0.377615 0.000000
0.443701 0.054160 0.389541 0.000000