  -6.414214  -38.052718  -59.759632  -33.462305  -67.664868 -240.730585 -221.941256  -15.261930  224.138945  -32.788822
 -12.665129  -39.434140  -59.561697  -34.213383  -67.614426 -237.162558 -218.629075  -14.818256  221.648911  -32.537659
 -18.916043  -40.815561  -59.363761  -34.964460  -67.563985 -233.594530 -215.316894  -14.374582  219.158876  -32.286496
 -25.166957  -42.196983  -59.165825  -35.715538  -67.513544 -230.026503 -212.004713  -13.930908  216.668842  -32.035334
 -31.417872  -43.578404  -58.967889  -36.466616  -67.463103 -226.458476 -208.692532  -13.487233  214.178808  -31.784171
 -37.668786  -44.959825  -58.769953  -37.217693  -67.412661 -222.890449 -205.380351  -13.043559  211.688774  -31.533008
 -43.919701  -46.341247  -58.572017  -37.968771  -67.362220 -219.322421 -202.068170  -12.599885  209.198739  -31.281846
 -50.170615  -47.722668  -58.374081  -38.719849  -67.311779 -215.754394 -198.755989  -12.156211  206.708705  -31.030683
 -56.421530  -49.104089  -58.176146  -39.470926  -67.261338 -212.186367 -195.443808  -11.712537  204.218671  -30.779520
 -62.672444  -50.485511  -57.978210  -40.222004  -67.210897 -208.618339 -192.131627  -11.268862  201.728636  -30.528357
 -68.923359  -51.866932  -57.780274  -40.973082  -67.160455 -205.050312 -188.819446  -10.825188  199.238602  -30.277195
 -75.174273  -53.248353  -57.582338  -41.724159  -67.110014 -201.482285 -185.507265  -10.381514  196.748568  -30.026032
 -81.425188  -54.629775  -57.384402  -42.475237  -67.059573 -197.914257 -182.195084   -9.937840  194.258534  -29.774869
 -87.676102  -56.011196  -57.186466  -43.226315  -67.009132 -194.346230 -178.882903   -9.494166  191.768499  -29.523707
 -93.927016  -57.392618  -56.988531  -43.977392  -66.958690 -190.778203 -175.570722   -9.050491  189.278465  -29.272544
-100.177931  -58.774039  -56.790595  -44.728470  -66.908249 -187.210175 -172.258541   -8.606817  186.788431  -29.021381
-106.428845  -60.155460  -56.592659  -45.479548  -66.857808 -183.642148 -168.946360   -8.163143  184.298396  -28.770218
-112.679760  -61.536882  -56.394723  -46.230625  -66.807367 -180.074121 -165.634179   -7.719469  181.808362  -28.519056
-118.930674  -62.918303  -56.196787  -46.981703  -66.756926 -176.506094 -162.321998   -7.275795  179.318328  -28.267893
-125.181589  -64.299724  -55.998851  -47.732781  -66.706484 -172.938066 -159.009817   -6.832121  176.828294  -28.016730
-131.432503  -65.681146  -55.800915  -48.483858  -66.656043 -169.370039 -155.697636   -6.388446  174.338259  -27.765568
-137.683418  -67.062567  -55.602980  -49.234936  -66.605602 -165.802012 -152.385455   -5.944772  171.848225  -27.514405
-143.934332  -68.443988  -55.405044  -49.986014  -66.555161 -162.233984 -149.073274   -5.501098  169.358191  -27.263242
-150.185246  -69.825410  -55.207108  -50.737091  -66.504719 -158.665957 -145.761093   -5.057424  166.868156  -27.012079
-156.436161  -71.206831  -55.009172  -51.488169  -66.454278 -155.097930 -142.448912   -4.613750  164.378122  -26.760917
-162.687075  -72.588253  -54.811236  -52.239247  -66.403837 -151.529902 -139.136731   -4.170075  161.888088  -26.509754
-168.937990  -73.969674  -54.613300  -52.990324  -66.353396 -147.961875 -135.824550   -3.726401  159.398054  -26.258591
-175.188904  -75.351095  -54.415364  -53.741402  -66.302955 -144.393848 -132.512369   -3.282727  156.908019  -26.007429
-181.439819  -76.732517  -54.217429  -54.492480  -66.252513 -140.825820 -129.200188   -2.839053  154.417985  -25.756266
-187.690733  -78.113938  -54.019493  -55.243557  -66.202072 -137.257793 -125.888007   -2.395379  151.927951  -25.505103
-193.941648  -79.495359  -53.821557  -55.994635  -66.151631 -133.689766 -122.575826   -1.951704  149.437917  -25.253940
-200.192562  -80.876781  -53.623621  -56.745713  -66.101190 -130.121739 -119.263645   -1.508030  146.947882  -25.002778
-206.443477  -82.258202  -53.425685  -57.496790  -66.050748 -126.553711 -115.951464   -1.064356  144.457848  -24.751615
-212.694391  -83.639623  -53.227749  -58.247868  -66.000307 -122.985684 -112.639283   -0.620682  141.967814  -24.500452
-218.945305  -85.021045  -53.029814  -58.998946  -65.949866 -119.417657 -109.327102   -0.177008  139.477779  -24.249290
-225.196220  -86.402466  -52.831878  -59.750023  -65.899425 -115.849629 -106.014921    0.266666  136.987745  -23.998127
-231.447134  -87.783888  -52.633942  -60.501101  -65.848984 -112.281602 -102.702740    0.710341  134.497711  -23.746964
-237.698049  -89.165309  -52.436006  -61.252179  -65.798542 -108.713575  -99.390559    1.154015  132.007677  -23.495801
-243.948963  -90.546730  -52.238070  -62.003256  -65.748101 -105.145547  -96.078378    1.597689  129.517642  -23.244639
-250.199878  -91.928152  -52.040134  -62.754334  -65.697660 -101.577520  -92.766197    2.041363  127.027608  -22.993476
-256.450792  -93.309573  -51.842198  -63.505412  -65.647219  -98.009493  -89.454016    2.485037  124.537574  -22.742313
-262.701707  -94.690994  -51.644263  -64.256489  -65.596777  -94.441465  -86.141835    2.928712  122.047539  -22.491151
-268.952621  -96.072416  -51.446327  -65.007567  -65.546336  -90.873438  -82.829654    3.372386  119.557505  -22.239988
-275.203536  -97.453837  -51.248391  -65.758645  -65.495895  -87.305411  -79.517473    3.816060  117.067471  -21.988825
-281.454450  -98.835258  -51.050455  -66.509722  -65.445454  -83.737384  -76.205292    4.259734  114.577437  -21.737662
-287.705364 -100.216680  -50.852519  -67.260800  -65.395012  -80.169356  -72.893111    4.703408  112.087402  -21.486500
-293.956279 -101.598101  -50.654583  -68.011878  -65.344571  -76.601329  -69.580931    5.147083  109.597368  -21.235337
-300.207193 -102.979523  -50.456648  -68.762955  -65.294130  -73.033302  -66.268750    5.590757  107.107334  -20.984174
-306.458108 -104.360944  -50.258712  -69.514033  -65.243689  -69.465274  -62.956569    6.034431  104.617299  -20.733011
-312.709022 -105.742365  -50.060776  -70.265111  -65.193248  -65.897247  -59.644388    6.478105  102.127265  -20.481849
-318.959937 -107.123787  -49.862840  -71.016188  -65.142806  -62.329220  -56.332207    6.921779   99.637231  -20.230686
-325.210851 -108.505208  -49.664904  -71.767266  -65.092365  -58.761192  -53.020026    7.365453   97.147197  -19.979523
-331.461766 -109.886629  -49.466968  -72.518344  -65.041924  -55.193165  -49.707845    7.809128   94.657162  -19.728361
-337.712680 -111.268051  -49.269032  -73.269421  -64.991483  -51.625138  -46.395664    8.252802   92.167128  -19.477198
-343.963595 -112.649472  -49.071097  -74.020499  -64.941041  -48.057110  -43.083483    8.696476   89.677094  -19.226035
-350.214509 -114.030893  -48.873161  -74.771577  -64.890600  -44.489083  -39.771302    9.140150   87.187060  -18.974872
-356.465423 -115.412315  -48.675225  -75.522654  -64.840159  -40.921056  -36.459121    9.583824   84.697025  -18.723710
-362.716338 -116.793736  -48.477289  -76.273732  -64.789718  -37.353029  -33.146940   10.027499   82.206991  -18.472547
-368.967252 -118.175158  -48.279353  -77.024810  -64.739277  -33.785001  -29.834759   10.471173   79.716957  -18.221384
-375.218167 -119.556579  -48.081417  -77.775887  -64.688835  -30.216974  -26.522578   10.914847   77.226922  -17.970222
-381.469081 -120.938000  -47.883482  -78.526965  -64.638394  -26.648947  -23.210397   11.358521   74.736888  -17.719059
-387.719996 -122.319422  -47.685546  -79.278043  -64.587953  -23.080919  -19.898216   11.802195   72.246854  -17.467896
-393.970910 -123.700843  -47.487610  -80.029120  -64.537512  -19.512892  -16.586035   12.245870   69.756820  -17.216733
-400.221825 -125.082264  -47.289674  -80.780198  -64.487070  -15.944865  -13.273854   12.689544   67.266785  -16.965571
-406.472739 -126.463686  -47.091738  -81.531275  -64.436629  -12.376837   -9.961673   13.133218   64.776751  -16.714408
-412.723654 -127.845107  -46.893802  -82.282353  -64.386188   -8.808810   -6.649492   13.576892   62.286717  -16.463245
-418.974568 -129.226528  -46.695866  -83.033431  -64.335747   -5.240783   -3.337311   14.020566   59.796682  -16.212083
-425.225482 -130.607950  -46.497931  -83.784508  -64.285306   -1.672755   -0.025130   14.464240   57.306648  -15.960920
-431.476397 -131.989371  -46.299995  -84.535586  -64.234864    1.895272    3.287051   14.907915   54.816614  -15.709757
-437.727311 -133.370793  -46.102059  -85.286664  -64.184423    5.463299    6.599232   15.351589   52.326580  -15.458594
-443.978226 -134.752214  -45.904123  -86.037741  -64.133982    9.031326    9.911413   15.795263   49.836545  -15.207432
-450.229140 -136.133635  -45.706187  -86.788819  -64.083541   12.599354   13.223594   16.238937   47.346511  -14.956269
-456.480055 -137.515057  -45.508251  -87.539897  -64.033099   16.167381   16.535775   16.682611   44.856477  -14.705106
-462.730969 -138.896478  -45.310315  -88.290974  -63.982658   19.735408   19.847956   17.126286   42.366442  -14.453944
-468.981884 -140.277899  -45.112380  -89.042052  -63.932217   23.303436   23.160137   17.569960   39.876408  -14.202781
-475.232798 -141.659321  -44.914444  -89.793130  -63.881776   26.871463   26.472318   18.013634   37.386374  -13.951618
-481.483713 -143.040742  -44.716508  -90.544207  -63.831335   30.439490   29.784499   18.457308   34.896340  -13.700455
-487.734627 -144.422163  -44.518572  -91.295285  -63.780893   34.007518   33.096680   18.900982   32.406305  -13.449293
-493.985541 -145.803585  -44.320636  -92.046363  -63.730452   37.575545   36.408861   19.344657   29.916271  -13.198130
-500.236456 -147.185006  -44.122700  -92.797440  -63.680011   41.143572   39.721042   19.788331   27.426237  -12.946967
-506.487370 -148.566428  -43.924765  -93.548518  -63.629570   44.711600   43.033223   20.232005   24.936203  -12.695805
-512.738285 -149.947849  -43.726829  -94.299596  -63.579128   48.279627   46.345404   20.675679   22.446168  -12.444642
-518.989199 -151.329270  -43.528893  -95.050673  -63.528687   51.847654   49.657585   21.119353   19.956134  -12.193479
-525.240114 -152.710692  -43.330957  -95.801751  -63.478246   55.415681   52.969766   21.563027   17.466100  -11.942316
-531.491028 -154.092113  -43.133021  -96.552829  -63.427805   58.983709   56.281947   22.006702   14.976065  -11.691154
-537.741943 -155.473534  -42.935085  -97.303906  -63.377363   62.551736   59.594128   22.450376   12.486031  -11.439991
-543.992857 -156.854956  -42.737149  -98.054984  -63.326922   66.119763   62.906309   22.894050    9.995997  -11.188828
-550.243771 -158.236377  -42.539214  -98.806062  -63.276481   69.687791   66.218490   23.337724    7.505963  -10.937666
-556.494686 -159.617798  -42.341278  -99.557139  -63.226040   73.255818   69.530671   23.781398    5.015928  -10.686503
-562.745600 -160.999220  -42.143342 -100.308217  -63.175599   76.823845   72.842852   24.225073    2.525894  -10.435340
-568.996515 -162.380641  -41.945406 -101.059295  -63.125157   80.391873   76.155033   24.668747    0.035860  -10.184177
-575.247429 -163.762063  -41.747470 -101.810372  -63.074716   83.959900   79.467214   25.112421   -2.454175   -9.933015
-581.498344 -165.143484  -41.549534 -102.561450  -63.024275   87.527927   82.779395   25.556095   -4.944209   -9.681852
-587.749258 -166.524905  -41.351599 -103.312528  -62.973834   91.095955   86.091576   25.999769   -7.434243   -9.430689
-594.000173 -167.906327  -41.153663 -104.063605  -62.923392   94.663982   89.403757   26.443444   -9.924277   -9.179526
-600.251087 -169.287748  -40.955727 -104.814683  -62.872951   98.232009   92.715938   26.887118  -12.414312   -8.928364
-606.502002 -170.669169  -40.757791 -105.565761  -62.822510  101.800036   96.028119   27.330792  -14.904346   -8.677201
-612.752916 -172.050591  -40.559855 -106.316838  -62.772069  105.368064   99.340300   27.774466  -17.394380   -8.426038
-619.003830 -173.432012  -40.361919 -107.067916  -62.721628  108.936091  102.652481   28.218140  -19.884415   -8.174876
-625.254745 -174.813433  -40.163983 -107.818994  -62.671186  112.504118  105.964662   28.661815  -22.374449   -7.923713