 -8.276042
-15.176865
-22.122345
-28.936762
-35.316781
-40.881040
-45.319739
-48.560307
-50.799868
-52.376803
-53.608915
-54.707061
-55.765457
-56.783211
-57.688882
-58.369112
-58.714749
-58.679969
-58.315519
-57.741841
-57.085653
-56.434331
-55.829713
-55.286295
-54.814709
-54.440754
-54.213790
-54.196536
-54.435225
-54.929918
-55.633305
-56.478981
-57.411904
-58.400882
-59.434010
-60.505394
-61.598808
-62.673662
-63.663709
-64.498812
-65.141278
-65.606709
-65.951372
-66.240714
-66.520720
-66.796400
-67.010516
-67.022413
-66.606723
-65.506791
-63.549152
-60.746572
-57.291336
-53.444473
-49.423981
-45.360062
-41.306084
-37.269164
-33.239652
-29.214055
-25.208170
-21.254113
-17.380963
-13.594295
 -9.872183
 -6.177956
 -2.478727
  1.235782
  4.932160
  8.510847
 11.797796
 14.580155
 16.697326
 18.133951
 19.029731
 19.597649
 20.028328
 20.439652
 20.866469
 21.261408
 21.494089
 21.362973
 20.649092
 19.214464
 17.082257
 14.420958
 11.446588
  8.333340
  5.186970
  2.068937
 -0.959649
 -3.796175
 -6.277523
 -8.210571
 -9.457553
-10.020432
-10.043804
 -9.733928
 -9.271425
 -8.773219