 -8.276042
-21.983924
-35.074685
-45.087909
-50.649801
-53.494248
-55.639830
-57.572851
-58.684936
-58.400517
-57.218577
-55.957767
-54.920337
-54.255160
-54.341578
-55.404331
-57.106259
-59.078107
-61.204573
-63.302270
-64.907604
-65.816953
-66.397165
-66.926502
-66.876250
-64.639359
-59.153491
-51.606648
-43.573958
-35.576412
-27.607752
-19.771829
-12.248681
 -4.921953
  2.423844
  9.537119
 15.243879
 18.410701
 19.707712
 20.532596
 21.326528
 21.283188
 18.917156
 14.018694
  7.956060
  1.760802
 -4.010287
 -8.305504
-10.030416
 -9.725672
 -8.773219