  0.000000
-22.310843
-37.494388
-47.421608
-53.513575
-56.855836
-58.282470
-58.437695
-57.820853
-56.819070
-55.730795
-54.782586
-54.140884
-53.920096
-54.187922
-54.968650
-56.244942
-57.958476
-60.009724
-62.257047
-64.515207
-66.553343
-68.092380
-68.801768
-68.295350
-66.126034
-59.554497
-52.187493
-44.252664
-35.977259
-27.583802
-19.286149
-11.286105
 -3.770743
  3.089383
  9.140993
 14.247695
 18.288491
 21.155433
 22.751089
 22.987133
 21.786383
 19.092210
 14.891595
  9.261623
  2.454371
 -4.957444
-11.841006
-16.121908
-14.190996
  0.000114