0.060516 0.000854 0.059662 0.000000
0.067373 0.007376 0.059997 0.000000
0.062255 0.002456 0.059799 0.000000
0.067160 0.007611 0.059549 0.000000
0.065654 0.005738 0.059916 0.000000
0.063716 0.003996 0.059720 0.000000
0.062899 0.003120 0.059779 0.000000
0.068186 0.008449 0.059737 0.000000
0.060305 0.000300 0.060005 0.000000
0.068341 0.008336 0.060006 0.000000
0.063633 0.003910 0.059723 0.000000
0.065455 0.005815 0.059640 0.000000
0.061765 0.002097 0.059668 0.000000
0.067739 0.007969 0.059770 0.000000
0.064200 0.004546 0.059654 0.000000