-97.631812
-96.717434
-95.803057
-94.888679
-93.974302
-93.059924
-92.145547
-91.231169
-90.316791
-89.402414
-88.488036
-87.573659
-86.659281
-85.744904
-84.830526
-83.916149
-83.001771
-82.087394
-81.173016
-80.258638
-79.344261
-78.429883
-77.515506
-76.601128
-75.686751
-74.772373
-73.857996
-72.943618
-72.029240
-71.114863
-70.200485
-69.286108
-68.371730
-67.457353
-66.542975
-65.628598
-64.714220
-63.799843
-62.885465
-61.971087
-61.056710
-60.142332
-59.227955
-58.313577
-57.399200
-56.484822
-55.570445
-54.656067
-53.741689
-52.827312
-51.912934
-50.998557
-50.084179
-49.169802
-48.255424
-47.341047
-46.426669
-45.512292
-44.597914
-43.683536
-42.769159
-41.854781
-40.940404
-40.026026
-39.111649
-38.197271
-37.282894
-36.368516
-35.454138
-34.539761
-33.625383
-32.711006
-31.796628
-30.882251
-29.967873
-29.053496
-28.139118
-27.224741
-26.310363
-25.395985
-24.481608
-23.567230
-22.652853
-21.738475
-20.824098
-19.909720
-18.995343
-18.080965
-17.166587
-16.252210
-15.337832
-14.423455
-13.509077
-12.594700
-11.680322
-10.765945
 -9.851567
 -8.937190
 -8.022812
 -7.108434