-46.382964
-46.196213
-46.009463
-45.822713
-45.635962
-45.449212
-45.262462
-45.075711
-44.888961
-44.702211
-44.515460
-44.328710
-44.141960
-43.955209
-43.768459
-43.581709
-43.394958
-43.208208
-43.021458
-42.834707
-42.647957
-42.461207
-42.274456
-42.087706
-41.900956
-41.714205
-41.527455
-41.340705
-41.153954
-40.967204
-40.780454
-40.593703
-40.406953
-40.220203
-40.033453
-39.846702
-39.659952
-39.473202
-39.286451
-39.099701
-38.912951
-38.726200
-38.539450
-38.352700
-38.165949
-37.979199
-37.792449
-37.605698
-37.418948
-37.232198
-37.045447
-36.858697
-36.671947
-36.485196
-36.298446
-36.111696
-35.924945
-35.738195
-35.551445
-35.364694
-35.177944
-34.991194
-34.804443
-34.617693
-34.430943
-34.244192
-34.057442
-33.870692
-33.683941
-33.497191
-33.310441
-33.123690
-32.936940
-32.750190
-32.563439
-32.376689
-32.189939
-32.003188
-31.816438
-31.629688
-31.442937
-31.256187
-31.069437
-30.882686
-30.695936
-30.509186
-30.322435
-30.135685
-29.948935
-29.762184
-29.575434
-29.388684
-29.201933
-29.015183
-28.828433
-28.641683
-28.454932
-28.268182
-28.081432
-27.894681