 -66.075973
 -67.592920
 -69.109867
 -70.626814
 -72.143762
 -73.660709
 -75.177656
 -76.694604
 -78.211551
 -79.728498
 -81.245446
 -82.762393
 -84.279340
 -85.796288
 -87.313235
 -88.830182
 -90.347129
 -91.864077
 -93.381024
 -94.897971
 -96.414919
 -97.931866
 -99.448813
-100.965761
-102.482708
-103.999655
-105.516603
-107.033550
-108.550497
-110.067444
-111.584392
-113.101339
-114.618286
-116.135234
-117.652181
-119.169128
-120.686076
-122.203023
-123.719970
-125.236918
-126.753865
-128.270812
-129.787760
-131.304707
-132.821654
-134.338601
-135.855549
-137.372496
-138.889443
-140.406391
-141.923338
-143.440285
-144.957233
-146.474180
-147.991127
-149.508075
-151.025022
-152.541969
-154.058916
-155.575864
-157.092811
-158.609758
-160.126706
-161.643653
-163.160600
-164.677548
-166.194495
-167.711442
-169.228390
-170.745337
-172.262284
-173.779231
-175.296179
-176.813126
-178.330073
-179.847021
-181.363968
-182.880915
-184.397863
-185.914810
-187.431757
-188.948705
-190.465652
-191.982599
-193.499546
-195.016494
-196.533441
-198.050388
-199.567336
-201.084283
-202.601230
-204.118178
-205.635125
-207.152072
-208.669020
-210.185967
-211.702914
-213.219861
-214.736809
-216.253756