0.064388 0.004050 0.060339 0.000000
0.069928 0.009929 0.060000 0.000000
0.068190 0.008241 0.059949 0.000000
0.078250 0.018436 0.059815 0.000000
0.077781 0.017763 0.060018 0.000000
0.086479 0.027182 0.059297 0.000000
0.069580 0.009853 0.059727 0.000000
0.076952 0.017634 0.059318 0.000000
0.077416 0.017705 0.059711 0.000000
0.073353 0.013832 0.059521 0.000000
0.073313 0.013400 0.059913 0.000000
0.067985 0.007866 0.060119 0.000000
0.064614 0.004769 0.059846 0.000000
0.079401 0.019292 0.060108 0.000000
0.062881 0.002855 0.060026 0.000000