455.810906 455.810906 455.810906 455.810906
450.788227 450.788227 450.788227 450.788227
445.765548 445.765548 445.765548 445.765548
440.742869 440.742869 440.742869 440.742869
435.720189 435.720189 435.720189 435.720189
430.697510 430.697510 430.697510 430.697510
425.674831 425.674831 425.674831 425.674831
420.652152 420.652152 420.652152 420.652152
415.629473 415.629473 415.629473 415.629473
410.606794 410.606794 410.606794 410.606794
405.584114 405.584114 405.584114 405.584114
400.561435 400.561435 400.561435 400.561435
395.538756 395.538756 395.538756 395.538756
390.516077 390.516077 390.516077 390.516077
385.493398 385.493398 385.493398 385.493398
380.470718 380.470718 380.470718 380.470718
375.448039 375.448039 375.448039 375.448039
370.425360 370.425360 370.425360 370.425360
365.402681 365.402681 365.402681 365.402681
360.380002 360.380002 360.380002 360.380002
355.357323 355.357323 355.357323 355.357323
350.334643 350.334643 350.334643 350.334643
345.311964 345.311964 345.311964 345.311964
340.289285 340.289285 340.289285 340.289285
335.266606 335.266606 335.266606 335.266606
330.243927 330.243927 330.243927 330.243927
325.221247 325.221247 325.221247 325.221247
320.198568 320.198568 320.198568 320.198568
315.175889 315.175889 315.175889 315.175889
310.153210 310.153210 310.153210 310.153210
305.130531 305.130531 305.130531 305.130531
300.107852 300.107852 300.107852 300.107852
295.085172 295.085172 295.085172 295.085172
290.062493 290.062493 290.062493 290.062493
285.039814 285.039814 285.039814 285.039814
280.017135 280.017135 280.017135 280.017135
274.994456 274.994456 274.994456 274.994456
269.971776 269.971776 269.971776 269.971776
264.949097 264.949097 264.949097 264.949097
259.926418 259.926418 259.926418 259.926418
254.903739 254.903739 254.903739 254.903739
249.881060 249.881060 249.881060 249.881060
244.858381 244.858381 244.858381 244.858381
239.835701 239.835701 239.835701 239.835701
234.813022 234.813022 234.813022 234.813022
229.790343 229.790343 229.790343 229.790343
224.767664 224.767664 224.767664 224.767664
219.744985 219.744985 219.744985 219.744985
214.722305 214.722305 214.722305 214.722305
209.699626 209.699626 209.699626 209.699626
204.676947 204.676947 204.676947 204.676947
199.654268 199.654268 199.654268 199.654268
194.631589 194.631589 194.631589 194.631589
189.608910 189.608910 189.608910 189.608910
184.586230 184.586230 184.586230 184.586230
179.563551 179.563551 179.563551 179.563551
174.540872 174.540872 174.540872 174.540872
169.518193 169.518193 169.518193 169.518193
164.495514 164.495514 164.495514 164.495514
159.472834 159.472834 159.472834 159.472834
154.450155 154.450155 154.450155 154.450155
149.427476 149.427476 149.427476 149.427476
144.404797 144.404797 144.404797 144.404797
139.382118 139.382118 139.382118 139.382118
134.359439 134.359439 134.359439 134.359439
129.336759 129.336759 129.336759 129.336759
124.314080 124.314080 124.314080 124.314080
119.291401 119.291401 119.291401 119.291401
114.268722 114.268722 114.268722 114.268722
109.246043 109.246043 109.246043 109.246043
104.223363 104.223363 104.223363 104.223363
 99.200684  99.200684  99.200684  99.200684
 94.178005  94.178005  94.178005  94.178005
 89.155326  89.155326  89.155326  89.155326
 84.132647  84.132647  84.132647  84.132647
 79.109968  79.109968  79.109968  79.109968
 74.087288  74.087288  74.087288  74.087288
 69.064609  69.064609  69.064609  69.064609
 64.041930  64.041930  64.041930  64.041930
 59.019251  59.019251  59.019251  59.019251
 53.996572  53.996572  53.996572  53.996572
 48.973892  48.973892  48.973892  48.973892
 43.951213  43.951213  43.951213  43.951213
 38.928534  38.928534  38.928534  38.928534
 33.905855  33.905855  33.905855  33.905855
 28.883176  28.883176  28.883176  28.883176
 23.860497  23.860497  23.860497  23.860497
 18.837817  18.837817  18.837817  18.837817
 13.815138  13.815138  13.815138  13.815138
  8.792459   8.792459   8.792459   8.792459
  3.769780   3.769780   3.769780   3.769780
 -1.252899  -1.252899  -1.252899  -1.252899
 -6.275579  -6.275579  -6.275579  -6.275579
-11.298258 -11.298258 -11.298258 -11.298258
-16.320937 -16.320937 -16.320937 -16.320937
-21.343616 -21.343616 -21.343616 -21.343616
-26.366295 -26.366295 -26.366295 -26.366295
-31.388974 -31.388974 -31.388974 -31.388974
-36.411654 -36.411654 -36.411654 -36.411654
-41.434333 -41.434333 -41.434333 -41.434333