0.450413 0.079044 0.371369 0.000000
0.455566 0.083081 0.372484 0.000000
0.534441 0.125826 0.408615 0.000000
0.464229 0.103287 0.360942 0.000000
0.454241 0.071226 0.383015 0.000000
0.433268 0.042710 0.390558 0.000000
0.414515 0.037613 0.376902 0.000000
0.396656 0.012279 0.384378 0.000000
0.507877 0.133181 0.374696 0.000000
0.400120 0.027963 0.372157 0.000000
0.487677 0.108235 0.379442 0.000000
0.445283 0.057665 0.387618 0.000000
0.404541 0.023143 0.381398 0.000000
0.425502 0.038687 0.386816 0.000000
0.457736 0.096542 0.361194 0.000000