  0.000000  11.313708   4.242641   7.071068
 10.000000   5.466869   1.328875   4.137994
 20.000000   3.068353   1.050699   2.017654
 30.000000   2.828916   1.346883   1.482033
 40.000000   2.911534   1.568282   1.343252
 50.000000   2.828922   1.477287   1.351636
 60.000000   2.862830   1.740764   1.122066
 70.000000   3.132910   1.551197   1.581712
 80.000000   2.834618   1.389817   1.444801
 90.000000   3.401641   0.574053   2.827588
100.000000   2.908966   1.257360   1.651606
110.000000   2.830221   0.995676   1.834545
120.000000   2.931018   0.877457   2.053561
130.000000   2.828846   1.249099   1.579747
140.000000   2.829388   1.917506   0.911882
150.000000   5.788679   3.228649   2.560030
160.000000   4.555599   1.749035   2.806563
170.000000   2.950617   0.315211   2.635406
180.000000   2.857193   2.029405   0.827788
190.000000   3.015129   1.401907   1.613222
200.000000   3.233855   0.391096   2.842758
210.000000   2.928506   1.963379   0.965127
220.000000   2.859224   2.359244   0.499980
230.000000   3.123545   2.800508   0.323038
240.000000   2.829249   1.896084   0.933165
250.000000   3.718937   1.312162   2.406776
260.000000   2.830776   0.950620   1.880156
270.000000   2.892631   1.020282   1.872349
280.000000   2.832674   1.866041   0.966632
290.000000   3.210530   0.996759   2.213771
300.000000   2.829748   1.237358   1.592390
310.000000   2.848027   1.564410   1.283617
320.000000   2.833277   1.032954   1.800323
330.000000   2.835625   0.990248   1.845377
340.000000   2.855535   1.385638   1.469898
350.000000   2.837358   1.388058   1.449301
360.000000   3.206642   2.143580   1.063062
370.000000   3.196740   2.193079   1.003661
380.000000   3.201684   2.388775   0.812909
390.000000   3.054529   1.659011   1.395518