700.328123 700.328123 700.328123 700.328123
692.608578 692.608578 692.608578 692.608578
684.889034 684.889034 684.889034 684.889034
677.169489 677.169489 677.169489 677.169489
669.449945 669.449945 669.449945 669.449945
661.730400 661.730400 661.730400 661.730400
654.010856 654.010856 654.010856 654.010856
646.291311 646.291311 646.291311 646.291311
638.571767 638.571767 638.571767 638.571767
630.852222 630.852222 630.852222 630.852222
623.132678 623.132678 623.132678 623.132678
615.413134 615.413134 615.413134 615.413134
607.693589 607.693589 607.693589 607.693589
599.974045 599.974045 599.974045 599.974045
592.254500 592.254500 592.254500 592.254500
584.534956 584.534956 584.534956 584.534956
576.815411 576.815411 576.815411 576.815411
569.095867 569.095867 569.095867 569.095867
561.376322 561.376322 561.376322 561.376322
553.656778 553.656778 553.656778 553.656778
545.937233 545.937233 545.937233 545.937233
538.217689 538.217689 538.217689 538.217689
530.498145 530.498145 530.498145 530.498145
522.778600 522.778600 522.778600 522.778600
515.059056 515.059056 515.059056 515.059056
507.339511 507.339511 507.339511 507.339511
499.619967 499.619967 499.619967 499.619967
491.900422 491.900422 491.900422 491.900422
484.180878 484.180878 484.180878 484.180878
476.461333 476.461333 476.461333 476.461333
468.741789 468.741789 468.741789 468.741789
461.022244 461.022244 461.022244 461.022244
453.302700 453.302700 453.302700 453.302700
445.583156 445.583156 445.583156 445.583156
437.863611 437.863611 437.863611 437.863611
430.144067 430.144067 430.144067 430.144067
422.424522 422.424522 422.424522 422.424522
414.704978 414.704978 414.704978 414.704978
406.985433 406.985433 406.985433 406.985433
399.265889 399.265889 399.265889 399.265889
391.546344 391.546344 391.546344 391.546344
383.826800 383.826800 383.826800 383.826800
376.107255 376.107255 376.107255 376.107255
368.387711 368.387711 368.387711 368.387711
360.668167 360.668167 360.668167 360.668167
352.948622 352.948622 352.948622 352.948622
345.229078 345.229078 345.229078 345.229078
337.509533 337.509533 337.509533 337.509533
329.789989 329.789989 329.789989 329.789989
322.070444 322.070444 322.070444 322.070444
314.350900 314.350900 314.350900 314.350900
306.631355 306.631355 306.631355 306.631355
298.911811 298.911811 298.911811 298.911811
291.192266 291.192266 291.192266 291.192266
283.472722 283.472722 283.472722 283.472722
275.753178 275.753178 275.753178 275.753178
268.033633 268.033633 268.033633 268.033633
260.314089 260.314089 260.314089 260.314089
252.594544 252.594544 252.594544 252.594544
244.875000 244.875000 244.875000 244.875000
237.155455 237.155455 237.155455 237.155455
229.435911 229.435911 229.435911 229.435911
221.716366 221.716366 221.716366 221.716366
213.996822 213.996822 213.996822 213.996822
206.277277 206.277277 206.277277 206.277277
198.557733 198.557733 198.557733 198.557733
190.838189 190.838189 190.838189 190.838189
183.118644 183.118644 183.118644 183.118644
175.399100 175.399100 175.399100 175.399100
167.679555 167.679555 167.679555 167.679555
159.960011 159.960011 159.960011 159.960011
152.240466 152.240466 152.240466 152.240466
144.520922 144.520922 144.520922 144.520922
136.801377 136.801377 136.801377 136.801377
129.081833 129.081833 129.081833 129.081833
121.362288 121.362288 121.362288 121.362288
113.642744 113.642744 113.642744 113.642744
105.923200 105.923200 105.923200 105.923200
 98.203655  98.203655  98.203655  98.203655
 90.484111  90.484111  90.484111  90.484111
 82.764566  82.764566  82.764566  82.764566
 75.045022  75.045022  75.045022  75.045022
 67.325477  67.325477  67.325477  67.325477
 59.605933  59.605933  59.605933  59.605933
 51.886388  51.886388  51.886388  51.886388
 44.166844  44.166844  44.166844  44.166844
 36.447299  36.447299  36.447299  36.447299
 28.727755  28.727755  28.727755  28.727755
 21.008211  21.008211  21.008211  21.008211
 13.288666  13.288666  13.288666  13.288666
  5.569122   5.569122   5.569122   5.569122
 -2.150423  -2.150423  -2.150423  -2.150423
 -9.869967  -9.869967  -9.869967  -9.869967
-17.589512 -17.589512 -17.589512 -17.589512
-25.309056 -25.309056 -25.309056 -25.309056
-33.028601 -33.028601 -33.028601 -33.028601
-40.748145 -40.748145 -40.748145 -40.748145
-48.467690 -48.467690 -48.467690 -48.467690
-56.187234 -56.187234 -56.187234 -56.187234
-63.906778 -63.906778 -63.906778 -63.906778