-93.839364
-93.198813
-92.558263
-91.917713
-91.277163
-90.636613
-89.996063
-89.355513
-88.714963
-88.074413
-87.433863
-86.793313
-86.152763
-85.512213
-84.871662
-84.231112
-83.590562
-82.950012
-82.309462
-81.668912
-81.028362
-80.387812
-79.747262
-79.106712
-78.466162
-77.825612
-77.185061
-76.544511
-75.903961
-75.263411
-74.622861
-73.982311
-73.341761
-72.701211
-72.060661
-71.420111
-70.779561
-70.139011
-69.498460
-68.857910
-68.217360
-67.576810
-66.936260
-66.295710
-65.655160
-65.014610
-64.374060
-63.733510
-63.092960
-62.452410
-61.811860
-61.171309
-60.530759
-59.890209
-59.249659
-58.609109
-57.968559
-57.328009
-56.687459
-56.046909
-55.406359
-54.765809
-54.125259
-53.484708
-52.844158
-52.203608
-51.563058
-50.922508
-50.281958
-49.641408
-49.000858
-48.360308
-47.719758
-47.079208
-46.438658
-45.798107
-45.157557
-44.517007
-43.876457
-43.235907
-42.595357
-41.954807
-41.314257
-40.673707
-40.033157
-39.392607
-38.752057
-38.111507
-37.470956
-36.830406
-36.189856
-35.549306
-34.908756
-34.268206
-33.627656
-32.987106
-32.346556
-31.706006
-31.065456
-30.424906