-60.238594
-59.980216
-59.721838
-59.463460
-59.205082
-58.946704
-58.688326
-58.429948
-58.171570
-57.913192
-57.654814
-57.396436
-57.138058
-56.879680
-56.621302
-56.362924
-56.104546
-55.846168
-55.587790
-55.329412
-55.071034
-54.812656
-54.554278
-54.295900
-54.037523
-53.779145
-53.520767
-53.262389
-53.004011
-52.745633
-52.487255
-52.228877
-51.970499
-51.712121
-51.453743
-51.195365
-50.936987
-50.678609
-50.420231
-50.161853
-49.903475
-49.645097
-49.386719
-49.128341
-48.869963
-48.611585
-48.353207
-48.094829
-47.836452
-47.578074
-47.319696
-47.061318
-46.802940
-46.544562
-46.286184
-46.027806
-45.769428
-45.511050
-45.252672
-44.994294
-44.735916
-44.477538
-44.219160
-43.960782
-43.702404
-43.444026
-43.185648
-42.927270
-42.668892
-42.410514
-42.152136
-41.893759
-41.635381
-41.377003
-41.118625
-40.860247
-40.601869
-40.343491
-40.085113
-39.826735
-39.568357
-39.309979
-39.051601
-38.793223
-38.534845
-38.276467
-38.018089
-37.759711
-37.501333
-37.242955
-36.984577
-36.726199
-36.467821
-36.209443
-35.951065
-35.692688
-35.434310
-35.175932
-34.917554
-34.659176