-425.091650
-420.404799
-415.717948
-411.031097
-406.344246
-401.657395
-396.970544
-392.283694
-387.596843
-382.909992
-378.223141
-373.536290
-368.849439
-364.162588
-359.475738
-354.788887
-350.102036
-345.415185
-340.728334
-336.041483
-331.354632
-326.667781
-321.980931
-317.294080
-312.607229
-307.920378
-303.233527
-298.546676
-293.859825
-289.172974
-284.486124
-279.799273
-275.112422
-270.425571
-265.738720
-261.051869
-256.365018
-251.678168
-246.991317
-242.304466
-237.617615
-232.930764
-228.243913
-223.557062
-218.870211
-214.183361
-209.496510
-204.809659
-200.122808
-195.435957
-190.749106
-186.062255
-181.375405
-176.688554
-172.001703
-167.314852
-162.628001
-157.941150
-153.254299
-148.567448
-143.880598
-139.193747
-134.506896
-129.820045
-125.133194
-120.446343
-115.759492
-111.072642
-106.385791
-101.698940
 -97.012089
 -92.325238
 -87.638387
 -82.951536
 -78.264685
 -73.577835
 -68.890984
 -64.204133
 -59.517282
 -54.830431
 -50.143580
 -45.456729
 -40.769879
 -36.083028
 -31.396177
 -26.709326
 -22.022475
 -17.335624
 -12.648773
  -7.961922
  -3.275072
   1.411779
   6.098630
  10.785481
  15.472332
  20.159183
  24.846034
  29.532884
  34.219735
  38.906586