-81.238861
-79.334244
-77.429628
-75.525011
-73.620395
-71.715778
-69.811161
-67.906545
-66.001928
-64.097312
-62.192695
-60.288079
-58.383462
-56.478846
-54.574229
-52.669613
-50.764996
-48.860380
-46.955763
-45.051147
-43.146530
-41.241914
-39.337297
-37.432680
-35.528064
-33.623447
-31.718831
-29.814214
-27.909598
-26.004981
-24.100365
-22.195748
-20.291132
-18.386515
-16.481899
-14.577282
-12.672666
-10.768049
 -8.863433
 -6.958816
 -5.054199
 -3.149583
 -1.244966
  0.659650
  2.564267
  4.468883
  6.373500
  8.278116
 10.182733
 12.087349
 13.991966
 15.896582
 17.801199
 19.705815
 21.610432
 23.515048
 25.419665
 27.324282
 29.228898
 31.133515
 33.038131
 34.942748
 36.847364
 38.751981
 40.656597
 42.561214
 44.465830
 46.370447
 48.275063
 50.179680
 52.084296
 53.988913
 55.893529
 57.798146
 59.702763
 61.607379
 63.511996
 65.416612
 67.321229
 69.225845
 71.130462
 73.035078
 74.939695
 76.844311
 78.748928
 80.653544
 82.558161
 84.462777
 86.367394
 88.272010
 90.176627
 92.081244
 93.985860
 95.890477
 97.795093
 99.699710
101.604326
103.508943
105.413559
107.318176