-22.273742 -22.273742 -22.273742 -22.273742
-19.837083 -19.837083 -19.837083 -19.837083
-17.400423 -17.400423 -17.400423 -17.400423
-14.963764 -14.963764 -14.963764 -14.963764
-12.527104 -12.527104 -12.527104 -12.527104
-10.090445 -10.090445 -10.090445 -10.090445
 -7.653785  -7.653785  -7.653785  -7.653785
 -5.217126  -5.217126  -5.217126  -5.217126
 -2.780466  -2.780466  -2.780466  -2.780466
 -0.343807  -0.343807  -0.343807  -0.343807
  2.092853   2.092853   2.092853   2.092853
  4.529512   4.529512   4.529512   4.529512
  6.966172   6.966172   6.966172   6.966172
  9.402831   9.402831   9.402831   9.402831
 11.839491  11.839491  11.839491  11.839491
 14.276150  14.276150  14.276150  14.276150
 16.712810  16.712810  16.712810  16.712810
 19.149469  19.149469  19.149469  19.149469
 21.586129  21.586129  21.586129  21.586129
 24.022788  24.022788  24.022788  24.022788
 26.459448  26.459448  26.459448  26.459448
 28.896107  28.896107  28.896107  28.896107
 31.332767  31.332767  31.332767  31.332767
 33.769426  33.769426  33.769426  33.769426
 36.206086  36.206086  36.206086  36.206086
 38.642745  38.642745  38.642745  38.642745
 41.079405  41.079405  41.079405  41.079405
 43.516064  43.516064  43.516064  43.516064
 45.952724  45.952724  45.952724  45.952724
 48.389383  48.389383  48.389383  48.389383
 50.826042  50.826042  50.826042  50.826042
 53.262702  53.262702  53.262702  53.262702
 55.699361  55.699361  55.699361  55.699361
 58.136021  58.136021  58.136021  58.136021
 60.572680  60.572680  60.572680  60.572680
 63.009340  63.009340  63.009340  63.009340
 65.445999  65.445999  65.445999  65.445999
 67.882659  67.882659  67.882659  67.882659
 70.319318  70.319318  70.319318  70.319318
 72.755978  72.755978  72.755978  72.755978
 75.192637  75.192637  75.192637  75.192637
 77.629297  77.629297  77.629297  77.629297
 80.065956  80.065956  80.065956  80.065956
 82.502616  82.502616  82.502616  82.502616
 84.939275  84.939275  84.939275  84.939275
 87.375935  87.375935  87.375935  87.375935
 89.812594  89.812594  89.812594  89.812594
 92.249254  92.249254  92.249254  92.249254
 94.685913  94.685913  94.685913  94.685913
 97.122573  97.122573  97.122573  97.122573
 99.559232  99.559232  99.559232  99.559232
101.995892 101.995892 101.995892 101.995892
104.432551 104.432551 104.432551 104.432551
106.869211 106.869211 106.869211 106.869211
109.305870 109.305870 109.305870 109.305870
111.742530 111.742530 111.742530 111.742530
114.179189 114.179189 114.179189 114.179189
116.615849 116.615849 116.615849 116.615849
119.052508 119.052508 119.052508 119.052508
121.489168 121.489168 121.489168 121.489168
123.925827 123.925827 123.925827 123.925827
126.362486 126.362486 126.362486 126.362486
128.799146 128.799146 128.799146 128.799146
131.235805 131.235805 131.235805 131.235805
133.672465 133.672465 133.672465 133.672465
136.109124 136.109124 136.109124 136.109124
138.545784 138.545784 138.545784 138.545784
140.982443 140.982443 140.982443 140.982443
143.419103 143.419103 143.419103 143.419103
145.855762 145.855762 145.855762 145.855762
148.292422 148.292422 148.292422 148.292422
150.729081 150.729081 150.729081 150.729081
153.165741 153.165741 153.165741 153.165741
155.602400 155.602400 155.602400 155.602400
158.039060 158.039060 158.039060 158.039060
160.475719 160.475719 160.475719 160.475719
162.912379 162.912379 162.912379 162.912379
165.349038 165.349038 165.349038 165.349038
167.785698 167.785698 167.785698 167.785698
170.222357 170.222357 170.222357 170.222357
172.659017 172.659017 172.659017 172.659017
175.095676 175.095676 175.095676 175.095676
177.532336 177.532336 177.532336 177.532336
179.968995 179.968995 179.968995 179.968995
182.405655 182.405655 182.405655 182.405655
184.842314 184.842314 184.842314 184.842314
187.278974 187.278974 187.278974 187.278974
189.715633 189.715633 189.715633 189.715633
192.152293 192.152293 192.152293 192.152293
194.588952 194.588952 194.588952 194.588952
197.025611 197.025611 197.025611 197.025611
199.462271 199.462271 199.462271 199.462271
201.898930 201.898930 201.898930 201.898930
204.335590 204.335590 204.335590 204.335590
206.772249 206.772249 206.772249 206.772249
209.208909 209.208909 209.208909 209.208909
211.645568 211.645568 211.645568 211.645568
214.082228 214.082228 214.082228 214.082228
216.518887 216.518887 216.518887 216.518887
218.955547 218.955547 218.955547 218.955547