-22.273742
-19.837083
-17.400423
-14.963764
-12.527104
-10.090445
 -7.653785
 -5.217126
 -2.780466
 -0.343807
  2.092853
  4.529512
  6.966172
  9.402831
 11.839491
 14.276150
 16.712810
 19.149469
 21.586129
 24.022788
 26.459448
 28.896107
 31.332767
 33.769426
 36.206086
 38.642745
 41.079405
 43.516064
 45.952724
 48.389383
 50.826042
 53.262702
 55.699361
 58.136021
 60.572680
 63.009340
 65.445999
 67.882659
 70.319318
 72.755978
 75.192637
 77.629297
 80.065956
 82.502616
 84.939275
 87.375935
 89.812594
 92.249254
 94.685913
 97.122573
 99.559232
101.995892
104.432551
106.869211
109.305870
111.742530
114.179189
116.615849
119.052508
121.489168
123.925827
126.362486
128.799146
131.235805
133.672465
136.109124
138.545784
140.982443
143.419103
145.855762
148.292422
150.729081
153.165741
155.602400
158.039060
160.475719
162.912379
165.349038
167.785698
170.222357
172.659017
175.095676
177.532336
179.968995
182.405655
184.842314
187.278974
189.715633
192.152293
194.588952
197.025611
199.462271
201.898930
204.335590
206.772249
209.208909
211.645568
214.082228
216.518887
218.955547