-387.217608 -387.217608 -387.217608 -387.217608
-382.966272 -382.966272 -382.966272 -382.966272
-378.714937 -378.714937 -378.714937 -378.714937
-374.463601 -374.463601 -374.463601 -374.463601
-370.212266 -370.212266 -370.212266 -370.212266
-365.960930 -365.960930 -365.960930 -365.960930
-361.709595 -361.709595 -361.709595 -361.709595
-357.458259 -357.458259 -357.458259 -357.458259
-353.206924 -353.206924 -353.206924 -353.206924
-348.955588 -348.955588 -348.955588 -348.955588
-344.704253 -344.704253 -344.704253 -344.704253
-340.452917 -340.452917 -340.452917 -340.452917
-336.201582 -336.201582 -336.201582 -336.201582
-331.950246 -331.950246 -331.950246 -331.950246
-327.698911 -327.698911 -327.698911 -327.698911
-323.447575 -323.447575 -323.447575 -323.447575
-319.196240 -319.196240 -319.196240 -319.196240
-314.944904 -314.944904 -314.944904 -314.944904
-310.693569 -310.693569 -310.693569 -310.693569
-306.442233 -306.442233 -306.442233 -306.442233
-302.190898 -302.190898 -302.190898 -302.190898
-297.939562 -297.939562 -297.939562 -297.939562
-293.688227 -293.688227 -293.688227 -293.688227
-289.436891 -289.436891 -289.436891 -289.436891
-285.185556 -285.185556 -285.185556 -285.185556
-280.934220 -280.934220 -280.934220 -280.934220
-276.682885 -276.682885 -276.682885 -276.682885
-272.431549 -272.431549 -272.431549 -272.431549
-268.180214 -268.180214 -268.180214 -268.180214
-263.928878 -263.928878 -263.928878 -263.928878
-259.677543 -259.677543 -259.677543 -259.677543
-255.426207 -255.426207 -255.426207 -255.426207
-251.174872 -251.174872 -251.174872 -251.174872
-246.923536 -246.923536 -246.923536 -246.923536
-242.672201 -242.672201 -242.672201 -242.672201
-238.420865 -238.420865 -238.420865 -238.420865
-234.169530 -234.169530 -234.169530 -234.169530
-229.918194 -229.918194 -229.918194 -229.918194
-225.666859 -225.666859 -225.666859 -225.666859
-221.415523 -221.415523 -221.415523 -221.415523
-217.164188 -217.164188 -217.164188 -217.164188
-212.912852 -212.912852 -212.912852 -212.912852
-208.661517 -208.661517 -208.661517 -208.661517
-204.410181 -204.410181 -204.410181 -204.410181
-200.158846 -200.158846 -200.158846 -200.158846
-195.907510 -195.907510 -195.907510 -195.907510
-191.656175 -191.656175 -191.656175 -191.656175
-187.404839 -187.404839 -187.404839 -187.404839
-183.153504 -183.153504 -183.153504 -183.153504
-178.902168 -178.902168 -178.902168 -178.902168
-174.650833 -174.650833 -174.650833 -174.650833
-170.399497 -170.399497 -170.399497 -170.399497
-166.148162 -166.148162 -166.148162 -166.148162
-161.896826 -161.896826 -161.896826 -161.896826
-157.645491 -157.645491 -157.645491 -157.645491
-153.394155 -153.394155 -153.394155 -153.394155
-149.142819 -149.142819 -149.142819 -149.142819
-144.891484 -144.891484 -144.891484 -144.891484
-140.640148 -140.640148 -140.640148 -140.640148
-136.388813 -136.388813 -136.388813 -136.388813
-132.137477 -132.137477 -132.137477 -132.137477
-127.886142 -127.886142 -127.886142 -127.886142
-123.634806 -123.634806 -123.634806 -123.634806
-119.383471 -119.383471 -119.383471 -119.383471
-115.132135 -115.132135 -115.132135 -115.132135
-110.880800 -110.880800 -110.880800 -110.880800
-106.629464 -106.629464 -106.629464 -106.629464
-102.378129 -102.378129 -102.378129 -102.378129
 -98.126793  -98.126793  -98.126793  -98.126793
 -93.875458  -93.875458  -93.875458  -93.875458
 -89.624122  -89.624122  -89.624122  -89.624122
 -85.372787  -85.372787  -85.372787  -85.372787
 -81.121451  -81.121451  -81.121451  -81.121451
 -76.870116  -76.870116  -76.870116  -76.870116
 -72.618780  -72.618780  -72.618780  -72.618780
 -68.367445  -68.367445  -68.367445  -68.367445
 -64.116109  -64.116109  -64.116109  -64.116109
 -59.864774  -59.864774  -59.864774  -59.864774
 -55.613438  -55.613438  -55.613438  -55.613438
 -51.362103  -51.362103  -51.362103  -51.362103
 -47.110767  -47.110767  -47.110767  -47.110767
 -42.859432  -42.859432  -42.859432  -42.859432
 -38.608096  -38.608096  -38.608096  -38.608096
 -34.356761  -34.356761  -34.356761  -34.356761
 -30.105425  -30.105425  -30.105425  -30.105425
 -25.854090  -25.854090  -25.854090  -25.854090
 -21.602754  -21.602754  -21.602754  -21.602754
 -17.351419  -17.351419  -17.351419  -17.351419
 -13.100083  -13.100083  -13.100083  -13.100083
  -8.848748   -8.848748   -8.848748   -8.848748
  -4.597412   -4.597412   -4.597412   -4.597412
  -0.346077   -0.346077   -0.346077   -0.346077
   3.905259    3.905259    3.905259    3.905259
   8.156594    8.156594    8.156594    8.156594
  12.407930   12.407930   12.407930   12.407930
  16.659265   16.659265   16.659265   16.659265
  20.910601   20.910601   20.910601   20.910601
  25.161936   25.161936   25.161936   25.161936
  29.413272   29.413272   29.413272   29.413272
  33.664607   33.664607   33.664607   33.664607