0.073662 0.000002 0.000000 0.000000 0.000000
0.092450 0.000004 0.000000 0.000000 0.000000
0.112628 0.000010 0.000000 0.000000 0.000000
0.133187 0.000020 0.000000 0.000000 0.000000
0.152880 0.000040 0.000000 0.000000 0.000000
0.170340 0.000079 0.000000 0.000000 0.000000
0.184227 0.000152 0.000000 0.000000 0.000000
0.193405 0.000282 0.000000 0.000000 0.000000
0.197085 0.000510 0.000000 0.000000 0.000000
0.194947 0.000897 0.000000 0.000000 0.000000
0.187177 0.001534 0.000000 0.000000 0.000000
0.174447 0.002550 0.000000 0.000000 0.000000
0.157815 0.004124 0.000000 0.000000 0.000000
0.138582 0.006485 0.000000 0.000000 0.000000
0.118125 0.009917 0.000000 0.000000 0.000000
0.097735 0.014746 0.000000 0.000000 0.000000
0.078493 0.021323 0.000000 0.000000 0.000000
0.061191 0.029984 0.000000 0.000000 0.000000
0.046304 0.041000 0.000000 0.000000 0.000000
0.034012 0.054519 0.000000 0.000000 0.000000
0.024250 0.070498 0.000001 0.000000 0.000000
0.016783 0.088647 0.000001 0.000000 0.000000
0.011274 0.108396 0.000003 0.000000 0.000000
0.007352 0.128893 0.000007 0.000000 0.000000
0.004653 0.149042 0.000014 0.000000 0.000000
0.002859 0.167590 0.000030 0.000000 0.000000
0.001705 0.183254 0.000060 0.000000 0.000000
0.000987 0.194859 0.000119 0.000000 0.000000
0.000555 0.201489 0.000226 0.000000 0.000000
0.000303 0.202602 0.000419 0.000000 0.000000
0.000160 0.198108 0.000754 0.000000 0.000000
0.000082 0.188374 0.001318 0.000000 0.000000
0.000041 0.174182 0.002235 0.000000 0.000000
0.000020 0.156621 0.003680 0.000000 0.000000
0.000009 0.136949 0.005886 0.000000 0.000000
0.000004 0.116448 0.009141 0.000000 0.000000
0.000002 0.096287 0.013786 0.000000 0.000000
0.000001 0.077423 0.020190 0.000000 0.000000
0.000000 0.060538 0.028714 0.000000 0.000000
0.000000 0.046032 0.039656 0.000000 0.000000
0.000000 0.034036 0.053184 0.000000 0.000000
0.000000 0.024473 0.069263 0.000000 0.000000
0.000000 0.017112 0.087595 0.000000 0.000000
0.000000 0.011636 0.107575 0.000000 0.000000
0.000000 0.007694 0.128293 0.000000 0.000000
0.000000 0.004947 0.148575 0.000000 0.000001
0.000000 0.003093 0.167088 0.000000 0.000002
0.000000 0.001881 0.182473 0.000000 0.000003
0.000000 0.001112 0.193512 0.000000 0.000005
0.000000 0.000639 0.199284 0.000000 0.000009
0.000000 0.000358 0.199294 0.000002 0.000015
0.000000 0.000194 0.193539 0.000006 0.000025
0.000000 0.000103 0.182515 0.000022 0.000042
0.000000 0.000053 0.167142 0.000071 0.000069
0.000000 0.000026 0.148636 0.000214 0.000113
0.000000 0.000013 0.128357 0.000587 0.000181
0.000000 0.000006 0.107640 0.001478 0.000286
0.000000 0.000003 0.087655 0.003408 0.000445
0.000000 0.000001 0.069317 0.007196 0.000682
0.000000 0.000001 0.053230 0.013916 0.001031
0.000000 0.000000 0.039694 0.024645 0.001536
0.000000 0.000000 0.028745 0.039972 0.002254
0.000000 0.000000 0.020213 0.059374 0.003260
0.000000 0.000000 0.013803 0.080770 0.004646
0.000000 0.000000 0.009153 0.100629 0.006525
0.000000 0.000000 0.005894 0.114818 0.009031
0.000000 0.000000 0.003686 0.119980 0.012316
0.000000 0.000000 0.002238 0.114821 0.016552
0.000000 0.000000 0.001320 0.100636 0.021920
0.000000 0.000000 0.000756 0.080779 0.028605
0.000000 0.000000 0.000420 0.059382 0.036785
0.000000 0.000000 0.000227 0.039979 0.046615
0.000000 0.000000 0.000119 0.024650 0.058211
0.000000 0.000000 0.000061 0.013919 0.071631
0.000000 0.000000 0.000030 0.007198 0.086860
0.000000 0.000000 0.000014 0.003409 0.103790
0.000000 0.000000 0.000007 0.001479 0.122213
0.000000 0.000000 0.000003 0.000587 0.141808
0.000000 0.000000 0.000001 0.000214 0.162146
0.000000 0.000000 0.000001 0.000071 0.182697
0.000000 0.000000 0.000000 0.000022 0.202851
0.000000 0.000000 0.000000 0.000006 0.221946
0.000000 0.000000 0.000000 0.000002 0.239297
0.000000 0.000000 0.000000 0.000000 0.254242
0.000000 0.000000 0.000000 0.000000 0.266183
0.000000 0.000000 0.000000 0.000000 0.274622
0.000000 0.000000 0.000000 0.000000 0.279197
0.000000 0.000000 0.000000 0.000000 0.279711
0.000000 0.000000 0.000000 0.000000 0.276139
0.000000 0.000000 0.000000 0.000000 0.268638
0.000000 0.000000 0.000000 0.000000 0.257531
0.000000 0.000000 0.000000 0.000000 0.243284
0.000000 0.000000 0.000000 0.000000 0.226474
0.000000 0.000000 0.000000 0.000000 0.207752
0.000000 0.000000 0.000000 0.000000 0.187798
0.000000 0.000000 0.000000 0.000000 0.167287
0.000000 0.000000 0.000000 0.000000 0.146843
0.000000 0.000000 0.000000 0.000000 0.127018
0.000000 0.000000 0.000000 0.000000 0.108267
0.000000 0.000000 0.000000 0.000000 0.090940