-0.050486 -0.071547  3.641224  4.275067 -4.372403
-0.021547 -0.033969  3.586181  4.205945 -4.323099
 0.007392  0.003610  3.531137  4.136823 -4.273795
 0.036331  0.041189  3.476093  4.067700 -4.224491
 0.065270  0.078767  3.421049  3.998578 -4.175186
 0.094210  0.116346  3.366005  3.929456 -4.125882
 0.123149  0.153925  3.310962  3.860334 -4.076578
 0.152088  0.191503  3.255918  3.791212 -4.027274
 0.181027  0.229082  3.200874  3.722090 -3.977970
 0.209966  0.266661  3.145830  3.652968 -3.928666
 0.238905  0.304239  3.090787  3.583846 -3.879362
 0.267844  0.341818  3.035743  3.514723 -3.830058
 0.296783  0.379397  2.980699  3.445601 -3.780753
 0.325722  0.416975  2.925655  3.376479 -3.731449
 0.354662  0.454554  2.870611  3.307357 -3.682145
 0.383601  0.492133  2.815568  3.238235 -3.632841
 0.412540  0.529711  2.760524  3.169113 -3.583537
 0.441479  0.567290  2.705480  3.099991 -3.534233
 0.470418  0.604869  2.650436  3.030869 -3.484929
 0.499357  0.642447  2.595392  2.961746 -3.435624
 0.528296  0.680026  2.540349  2.892624 -3.386320
 0.557235  0.717605  2.485305  2.823502 -3.337016
 0.586174  0.755183  2.430261  2.754380 -3.287712
 0.615114  0.792762  2.375217  2.685258 -3.238408
 0.644053  0.830341  2.320174  2.616136 -3.189104
 0.672992  0.867920  2.265130  2.547014 -3.139800
 0.701931  0.905498  2.210086  2.477892 -3.090496
 0.730870  0.943077  2.155042  2.408769 -3.041191
 0.759809  0.980656  2.099998  2.339647 -2.991887
 0.788748  1.018234  2.044955  2.270525 -2.942583
 0.817687  1.055813  1.989911  2.201403 -2.893279
 0.846626  1.093392  1.934867  2.132281 -2.843975
 0.875566  1.130970  1.879823  2.063159 -2.794671
 0.904505  1.168549  1.824780  1.994037 -2.745367
 0.933444  1.206128  1.769736  1.924915 -2.696063
 0.962383  1.243706  1.714692  1.855792 -2.646758
 0.991322  1.281285  1.659648  1.786670 -2.597454
 1.020261  1.318864  1.604604  1.717548 -2.548150
 1.049200  1.356442  1.549561  1.648426 -2.498846
 1.078139  1.394021  1.494517  1.579304 -2.449542
 1.107078  1.431600  1.439473  1.510182 -2.400238
 1.136018  1.469178  1.384429  1.441060 -2.350934
 1.164957  1.506757  1.329385  1.371938 -2.301630
 1.193896  1.544336  1.274342  1.302815 -2.252325
 1.222835  1.581914  1.219298  1.233693 -2.203021
 1.251774  1.619493  1.164254  1.164571 -2.153717
 1.280713  1.657072  1.109210  1.095449 -2.104413
 1.309652  1.694650  1.054167  1.026327 -2.055109
 1.338591  1.732229  0.999123  0.957205 -2.005805
 1.367531  1.769808  0.944079  0.888083 -1.956501
 1.396470  1.807386  0.889035  0.818961 -1.907196
 1.425409  1.844965  0.833991  0.749838 -1.857892
 1.454348  1.882544  0.778948  0.680716 -1.808588
 1.483287  1.920122  0.723904  0.611594 -1.759284
 1.512226  1.957701  0.668860  0.542472 -1.709980
 1.541165  1.995280  0.613816  0.473350 -1.660676
 1.570104  2.032858  0.558773  0.404228 -1.611372
 1.599043  2.070437  0.503729  0.335106 -1.562068
 1.627983  2.108016  0.448685  0.265984 -1.512763
 1.656922  2.145594  0.393641  0.196861 -1.463459
 1.685861  2.183173  0.338597  0.127739 -1.414155
 1.714800  2.220752  0.283554  0.058617 -1.364851
 1.743739  2.258330  0.228510 -0.010505 -1.315547
 1.772678  2.295909  0.173466 -0.079627 -1.266243
 1.801617  2.333488  0.118422 -0.148749 -1.216939
 1.830556  2.371066  0.063378 -0.217871 -1.167635
 1.859495  2.408645  0.008335 -0.286994 -1.118330
 1.888435  2.446224 -0.046709 -0.356116 -1.069026
 1.917374  2.483803 -0.101753 -0.425238 -1.019722
 1.946313  2.521381 -0.156797 -0.494360 -0.970418
 1.975252  2.558960 -0.211840 -0.563482 -0.921114
 2.004191  2.596539 -0.266884 -0.632604 -0.871810
 2.033130  2.634117 -0.321928 -0.701726 -0.822506
 2.062069  2.671696 -0.376972 -0.770848 -0.773201
 2.091008  2.709275 -0.432016 -0.839971 -0.723897
 2.119947  2.746853 -0.487059 -0.909093 -0.674593
 2.148887  2.784432 -0.542103 -0.978215 -0.625289
 2.177826  2.822011 -0.597147 -1.047337 -0.575985
 2.206765  2.859589 -0.652191 -1.116459 -0.526681
 2.235704  2.897168 -0.707235 -1.185581 -0.477377
 2.264643  2.934747 -0.762278 -1.254703 -0.428073
 2.293582  2.972325 -0.817322 -1.323825 -0.378768
 2.322521  3.009904 -0.872366 -1.392948 -0.329464
 2.351460  3.047483 -0.927410 -1.462070 -0.280160
 2.380399  3.085061 -0.982453 -1.531192 -0.230856
 2.409339  3.122640 -1.037497 -1.600314 -0.181552
 2.438278  3.160219 -1.092541 -1.669436 -0.132248
 2.467217  3.197797 -1.147585 -1.738558 -0.082944
 2.496156  3.235376 -1.202629 -1.807680 -0.033640
 2.525095  3.272955 -1.257672 -1.876802  0.015665
 2.554034  3.310533 -1.312716 -1.945925  0.064969
 2.582973  3.348112 -1.367760 -2.015047  0.114273
 2.611912  3.385691 -1.422804 -2.084169  0.163577
 2.640851  3.423269 -1.477847 -2.153291  0.212881
 2.669791  3.460848 -1.532891 -2.222413  0.262185
 2.698730  3.498427 -1.587935 -2.291535  0.311489
 2.727669  3.536005 -1.642979 -2.360657  0.360793
 2.756608  3.573584 -1.698023 -2.429779  0.410098
 2.785547  3.611163 -1.753066 -2.498902  0.459402
 2.814486  3.648741 -1.808110 -2.568024  0.508706