0.040784
0.040783
0.040782
0.040779
0.040775
0.040767
0.040752
0.040727
0.040683
0.040604
0.040465
0.040218
0.039787
0.039045
0.037807
0.035857
0.033087
0.029828
0.027184
0.026484
0.027765
0.029803
0.031606
0.032870
0.033661
0.034124
0.034384
0.034523
0.034586
0.034598
0.034561
0.034465
0.034278
0.033946
0.033397
0.032586
0.031663
0.031361
0.033252
0.038606
0.046484
0.054520
0.061006
0.065512
0.068362
0.070066
0.071053
0.071614
0.071930
0.072106
0.072203
0.072253
0.072268
0.072238
0.072104
0.071688
0.070524
0.067562
0.061072
0.049926
0.036675
0.027086
0.023449
0.022998
0.023271
0.023502
0.023580
0.023531
0.023459
0.023709
0.025339
0.030524
0.040878
0.054299
0.066047
0.073423
0.077030
0.078515
0.079057
0.079237
0.079292
0.079308
0.079312
0.079313
0.079313
0.079313
0.079313
0.079313
0.079313
0.079313
0.079313
0.079313
0.079313
0.079313
0.079313
0.079313
0.079313
0.079313
0.079313
0.079313