0.462459 0.066734 0.395726 0.000000
0.407577 0.027558 0.380018 0.000000
0.389809 0.005968 0.383841 0.000000
0.400482 0.013548 0.386934 0.000000
0.426107 0.047211 0.378896 0.000000
0.438325 0.063124 0.375201 0.000000
0.417567 0.038929 0.378638 0.000000
0.422669 0.035448 0.387221 0.000000
0.407551 0.033255 0.374296 0.000000
0.421627 0.040800 0.380827 0.000000
0.403652 0.035246 0.368406 0.000000
0.436471 0.057460 0.379011 0.000000
0.428670 0.044566 0.384104 0.000000
0.382720 0.008709 0.374010 0.000000
0.390657 0.008441 0.382216 0.000000