-339.898323
-336.152575
-332.406827
-328.661079
-324.915331
-321.169583
-317.423835
-313.678087
-309.932339
-306.186591
-302.440843
-298.695095
-294.949347
-291.203599
-287.457851
-283.712104
-279.966356
-276.220608
-272.474860
-268.729112
-264.983364
-261.237616
-257.491868
-253.746120
-250.000372
-246.254624
-242.508876
-238.763128
-235.017380
-231.271632
-227.525884
-223.780136
-220.034388
-216.288640
-212.542892
-208.797144
-205.051396
-201.305648
-197.559901
-193.814153
-190.068405
-186.322657
-182.576909
-178.831161
-175.085413
-171.339665
-167.593917
-163.848169
-160.102421
-156.356673
-152.610925
-148.865177
-145.119429
-141.373681
-137.627933
-133.882185
-130.136437
-126.390689
-122.644941
-118.899193
-115.153445
-111.407697
-107.661950
-103.916202
-100.170454
 -96.424706
 -92.678958
 -88.933210
 -85.187462
 -81.441714
 -77.695966
 -73.950218
 -70.204470
 -66.458722
 -62.712974
 -58.967226
 -55.221478
 -51.475730
 -47.729982
 -43.984234
 -40.238486
 -36.492738
 -32.746990
 -29.001242
 -25.255494
 -21.509747
 -17.763999
 -14.018251
 -10.272503
  -6.526755
  -2.781007
   0.964741
   4.710489
   8.456237
  12.201985
  15.947733
  19.693481
  23.439229
  27.184977
  30.930725