-89.125822 -89.125822 -89.125822 -89.125822
-87.558540 -87.558540 -87.558540 -87.558540
-85.991258 -85.991258 -85.991258 -85.991258
-84.423976 -84.423976 -84.423976 -84.423976
-82.856695 -82.856695 -82.856695 -82.856695
-81.289413 -81.289413 -81.289413 -81.289413
-79.722131 -79.722131 -79.722131 -79.722131
-78.154849 -78.154849 -78.154849 -78.154849
-76.587567 -76.587567 -76.587567 -76.587567
-75.020285 -75.020285 -75.020285 -75.020285
-73.453003 -73.453003 -73.453003 -73.453003
-71.885722 -71.885722 -71.885722 -71.885722
-70.318440 -70.318440 -70.318440 -70.318440
-68.751158 -68.751158 -68.751158 -68.751158
-67.183876 -67.183876 -67.183876 -67.183876
-65.616594 -65.616594 -65.616594 -65.616594
-64.049312 -64.049312 -64.049312 -64.049312
-62.482031 -62.482031 -62.482031 -62.482031
-60.914749 -60.914749 -60.914749 -60.914749
-59.347467 -59.347467 -59.347467 -59.347467
-57.780185 -57.780185 -57.780185 -57.780185
-56.212903 -56.212903 -56.212903 -56.212903
-54.645621 -54.645621 -54.645621 -54.645621
-53.078340 -53.078340 -53.078340 -53.078340
-51.511058 -51.511058 -51.511058 -51.511058
-49.943776 -49.943776 -49.943776 -49.943776
-48.376494 -48.376494 -48.376494 -48.376494
-46.809212 -46.809212 -46.809212 -46.809212
-45.241930 -45.241930 -45.241930 -45.241930
-43.674649 -43.674649 -43.674649 -43.674649
-42.107367 -42.107367 -42.107367 -42.107367
-40.540085 -40.540085 -40.540085 -40.540085
-38.972803 -38.972803 -38.972803 -38.972803
-37.405521 -37.405521 -37.405521 -37.405521
-35.838239 -35.838239 -35.838239 -35.838239
-34.270958 -34.270958 -34.270958 -34.270958
-32.703676 -32.703676 -32.703676 -32.703676
-31.136394 -31.136394 -31.136394 -31.136394
-29.569112 -29.569112 -29.569112 -29.569112
-28.001830 -28.001830 -28.001830 -28.001830
-26.434548 -26.434548 -26.434548 -26.434548
-24.867267 -24.867267 -24.867267 -24.867267
-23.299985 -23.299985 -23.299985 -23.299985
-21.732703 -21.732703 -21.732703 -21.732703
-20.165421 -20.165421 -20.165421 -20.165421
-18.598139 -18.598139 -18.598139 -18.598139
-17.030857 -17.030857 -17.030857 -17.030857
-15.463576 -15.463576 -15.463576 -15.463576
-13.896294 -13.896294 -13.896294 -13.896294
-12.329012 -12.329012 -12.329012 -12.329012
-10.761730 -10.761730 -10.761730 -10.761730
 -9.194448  -9.194448  -9.194448  -9.194448
 -7.627166  -7.627166  -7.627166  -7.627166
 -6.059885  -6.059885  -6.059885  -6.059885
 -4.492603  -4.492603  -4.492603  -4.492603
 -2.925321  -2.925321  -2.925321  -2.925321
 -1.358039  -1.358039  -1.358039  -1.358039
  0.209243   0.209243   0.209243   0.209243
  1.776525   1.776525   1.776525   1.776525
  3.343807   3.343807   3.343807   3.343807
  4.911088   4.911088   4.911088   4.911088
  6.478370   6.478370   6.478370   6.478370
  8.045652   8.045652   8.045652   8.045652
  9.612934   9.612934   9.612934   9.612934
 11.180216  11.180216  11.180216  11.180216
 12.747498  12.747498  12.747498  12.747498
 14.314779  14.314779  14.314779  14.314779
 15.882061  15.882061  15.882061  15.882061
 17.449343  17.449343  17.449343  17.449343
 19.016625  19.016625  19.016625  19.016625
 20.583907  20.583907  20.583907  20.583907
 22.151189  22.151189  22.151189  22.151189
 23.718470  23.718470  23.718470  23.718470
 25.285752  25.285752  25.285752  25.285752
 26.853034  26.853034  26.853034  26.853034
 28.420316  28.420316  28.420316  28.420316
 29.987598  29.987598  29.987598  29.987598
 31.554880  31.554880  31.554880  31.554880
 33.122161  33.122161  33.122161  33.122161
 34.689443  34.689443  34.689443  34.689443
 36.256725  36.256725  36.256725  36.256725
 37.824007  37.824007  37.824007  37.824007
 39.391289  39.391289  39.391289  39.391289
 40.958571  40.958571  40.958571  40.958571
 42.525852  42.525852  42.525852  42.525852
 44.093134  44.093134  44.093134  44.093134
 45.660416  45.660416  45.660416  45.660416
 47.227698  47.227698  47.227698  47.227698
 48.794980  48.794980  48.794980  48.794980
 50.362262  50.362262  50.362262  50.362262
 51.929543  51.929543  51.929543  51.929543
 53.496825  53.496825  53.496825  53.496825
 55.064107  55.064107  55.064107  55.064107
 56.631389  56.631389  56.631389  56.631389
 58.198671  58.198671  58.198671  58.198671
 59.765953  59.765953  59.765953  59.765953
 61.333234  61.333234  61.333234  61.333234
 62.900516  62.900516  62.900516  62.900516
 64.467798  64.467798  64.467798  64.467798
 66.035080  66.035080  66.035080  66.035080