0.098750 0.039140 0.059609 0.000000
0.099349 0.037952 0.061397 0.000000
0.111266 0.049363 0.061903 0.000000
0.103445 0.042736 0.060709 0.000000
0.115086 0.051339 0.063747 0.000000
0.117218 0.057245 0.059974 0.000000
0.095455 0.036712 0.058743 0.000000
0.108395 0.047226 0.061169 0.000000
0.121211 0.059111 0.062101 0.000000
0.088232 0.027704 0.060528 0.000000
0.096709 0.036974 0.059736 0.000000
0.076807 0.016472 0.060335 0.000000
0.089861 0.028330 0.061531 0.000000
0.069128 0.008643 0.060485 0.000000
0.067736 0.007605 0.060131 0.000000