116.604823
115.319934
114.035045
112.750155
111.465266
110.180377
108.895487
107.610598
106.325709
105.040819
103.755930
102.471041
101.186151
 99.901262
 98.616373
 97.331483
 96.046594
 94.761705
 93.476815
 92.191926
 90.907037
 89.622147
 88.337258
 87.052369
 85.767479
 84.482590
 83.197701
 81.912811
 80.627922
 79.343033
 78.058143
 76.773254
 75.488365
 74.203475
 72.918586
 71.633697
 70.348807
 69.063918
 67.779029
 66.494139
 65.209250
 63.924361
 62.639471
 61.354582
 60.069693
 58.784803
 57.499914
 56.215025
 54.930135
 53.645246
 52.360357
 51.075467
 49.790578
 48.505689
 47.220799
 45.935910
 44.651021
 43.366131
 42.081242
 40.796353
 39.511463
 38.226574
 36.941685
 35.656795
 34.371906
 33.087017
 31.802127
 30.517238
 29.232349
 27.947459
 26.662570
 25.377681
 24.092791
 22.807902
 21.523013
 20.238123
 18.953234
 17.668345
 16.383455
 15.098566
 13.813677
 12.528787
 11.243898
  9.959009
  8.674119
  7.389230
  6.104341
  4.819451
  3.534562
  2.249673
  0.964783
 -0.320106
 -1.604995
 -2.889885
 -4.174774
 -5.459663
 -6.744553
 -8.029442
 -9.314331
-10.599221