  -0.004896   -0.175776   -1.385257   -5.594153  -15.095591  -31.302569  -53.912598  -80.230670 -104.565049 -117.640938 -105.946165  -52.102312  -96.436050 -237.737977 -255.590650 -247.748914 -214.855338 -158.281271  -80.175338   17.558342  131.698986  245.883013  288.923513   24.413113 -519.831133
  -3.906486   -4.012351   -5.034971   -8.843244  -17.691727  -33.028462  -54.642718  -79.978139 -103.522962 -116.220972 -104.817684  -52.209101  -95.659806 -234.188435 -251.717287 -244.004393 -211.623537 -155.879386  -78.854441   17.599377  130.321550  243.154355  285.703520   24.024009 -514.586598
  -7.808075   -7.848926   -8.684685  -12.092335  -20.287863  -34.754354  -55.372839  -79.725608 -102.480875 -114.801005 -103.689204  -52.315889  -94.883561 -230.638894 -247.843923 -240.259873 -208.391736 -153.477501  -77.533545   17.640413  128.944115  240.425698  282.483527   23.634905 -509.342062
 -11.709665  -11.685502  -12.334399  -15.341427  -22.883999  -36.480246  -56.102959  -79.473076 -101.438788 -113.381038 -102.560724  -52.422678  -94.107317 -227.089353 -243.970560 -236.515353 -205.159936 -151.075616  -76.212649   17.681448  127.566679  237.697040  279.263534   23.245801 -504.097527
 -15.611254  -15.522077  -15.984113  -18.590518  -25.480134  -38.206139  -56.833079  -79.220545 -100.396702 -111.961071 -101.432243  -52.529467  -93.331072 -223.539812 -240.097197 -232.770832 -201.928135 -148.673731  -74.891753   17.722484  126.189243  234.968383  276.043541   22.856697 -498.852991
 -19.512843  -19.358652  -19.633827  -21.839610  -28.076270  -39.932031  -57.563200  -78.968014  -99.354615 -110.541105 -100.303763  -52.636255  -92.554828 -219.990271 -236.223833 -229.026312 -198.696334 -146.271846  -73.570857   17.763520  124.811808  232.239725  272.823548   22.467593 -493.608456
 -23.414433  -23.195227  -23.283541  -25.088701  -30.672406  -41.657924  -58.293320  -78.715482  -98.312528 -109.121138  -99.175283  -52.743044  -91.778583 -216.440730 -232.350470 -225.281792 -195.464534 -143.869961  -72.249960   17.804555  123.434372  229.511067  269.603556   22.078489 -488.363920
 -27.316022  -27.031802  -26.933255  -28.337793  -33.268542  -43.383816  -59.023441  -78.462951  -97.270441 -107.701171  -98.046802  -52.849832  -91.002339 -212.891189 -228.477106 -221.537271 -192.232733 -141.468076  -70.929064   17.845591  122.056936  226.782410  266.383563   21.689385 -483.119385
 -31.217612  -30.868378  -30.582969  -31.586884  -35.864678  -45.109708  -59.753561  -78.210420  -96.228355 -106.281204  -96.918322  -52.956621  -90.226094 -209.341648 -224.603743 -217.792751 -189.000932 -139.066191  -69.608168   17.886626  120.679500  224.053752  263.163570   21.300281 -477.874849
 -35.119201  -34.704953  -34.232683  -34.835976  -38.460814  -46.835601  -60.483681  -77.957888  -95.186268 -104.861238  -95.789841  -53.063410  -89.449850 -205.792106 -220.730380 -214.048231 -185.769131 -136.664306  -68.287272   17.927662  119.302065  221.325095  259.943577   20.911177 -472.630314
 -39.020791  -38.541528  -37.882397  -38.085067  -41.056950  -48.561493  -61.213802  -77.705357  -94.144181 -103.441271  -94.661361  -53.170198  -88.673605 -202.242565 -216.857016 -210.303710 -182.537331 -134.262421  -66.966376   17.968698  117.924629  218.596437  256.723584   20.522073 -467.385778
 -42.922380  -42.378103  -41.532111  -41.334159  -43.653086  -50.287386  -61.943922  -77.452826  -93.102094 -102.021304  -93.532881  -53.276987  -87.897361 -198.693024 -212.983653 -206.559190 -179.305530 -131.860536  -65.645479   18.009733  116.547193  215.867780  253.503591   20.132969 -462.141243
 -46.823970  -46.214678  -45.181825  -44.583250  -46.249221  -52.013278  -62.674043  -77.200295  -92.060008 -100.601338  -92.404400  -53.383775  -87.121116 -195.143483 -209.110289 -202.814670 -176.073729 -129.458651  -64.324583   18.050769  115.169758  213.139122  250.283599   19.743865 -456.896707
 -50.725559  -50.051254  -48.831539  -47.832342  -48.845357  -53.739170  -63.404163  -76.947763  -91.017921  -99.181371  -91.275920  -53.490564  -86.344872 -191.593942 -205.236926 -199.070149 -172.841928 -127.056766  -63.003687   18.091804  113.792322  210.410464  247.063606   19.354761 -451.652172
 -54.627149  -53.887829  -52.481253  -51.081433  -51.441493  -55.465063  -64.134283  -76.695232  -89.975834  -97.761404  -90.147440  -53.597353  -85.568627 -188.044401 -201.363562 -195.325629 -169.610128 -124.654881  -61.682791   18.132840  112.414886  207.681807  243.843613   18.965658 -446.407636
 -58.528738  -57.724404  -56.130967  -54.330525  -54.037629  -57.190955  -64.864404  -76.442701  -88.933747  -96.341437  -89.018959  -53.704141  -84.792383 -184.494860 -197.490199 -191.581109 -166.378327 -122.252996  -60.361895   18.173876  111.037451  204.953149  240.623620   18.576554 -441.163101
 -62.430327  -61.560979  -59.780681  -57.579616  -56.633765  -58.916848  -65.594524  -76.190169  -87.891661  -94.921471  -87.890479  -53.810930  -84.016138 -180.945319 -193.616836 -187.836588 -163.146526 -119.851111  -59.040999   18.214911  109.660015  202.224492  237.403627   18.187450 -435.918565
 -66.331917  -65.397555  -63.430395  -60.828708  -59.229901  -60.642740  -66.324645  -75.937638  -86.849574  -93.501504  -86.761999  -53.917718  -83.239894 -177.395778 -189.743472 -184.092068 -159.914725 -117.449226  -57.720102   18.255947  108.282579  199.495834  234.183634   17.798346 -430.674030
 -70.233506  -69.234130  -67.080109  -64.077799  -61.826037  -62.368633  -67.054765  -75.685107  -85.807487  -92.081537  -85.633518  -54.024507  -82.463649 -173.846236 -185.870109 -180.347548 -156.682925 -115.047341  -56.399206   18.296982  106.905143  196.767177  230.963642   17.409242 -425.429495
 -74.135096  -73.070705  -70.729823  -67.326891  -64.422173  -64.094525  -67.784885  -75.432576  -84.765401  -90.661570  -84.505038  -54.131296  -81.687405 -170.296695 -181.996745 -176.603027 -153.451124 -112.645456  -55.078310   18.338018  105.527708  194.038519  227.743649   17.020138 -420.184959
 -78.036685  -76.907280  -74.379537  -70.575982  -67.018308  -65.820417  -68.515006  -75.180044  -83.723314  -89.241604  -83.376558  -54.238084  -80.911160 -166.747154 -178.123382 -172.858507 -150.219323 -110.243571  -53.757414   18.379054  104.150272  191.309862  224.523656   16.631034 -414.940424
 -81.938275  -80.743855  -78.029251  -73.825074  -69.614444  -67.546310  -69.245126  -74.927513  -82.681227  -87.821637  -82.248077  -54.344873  -80.134916 -163.197613 -174.250018 -169.113987 -146.987523 -107.841686  -52.436518   18.420089  102.772836  188.581204  221.303663   16.241930 -409.695888
 -85.839864  -84.580431  -81.678965  -77.074165  -72.210580  -69.272202  -69.975247  -74.674982  -81.639140  -86.401670  -81.119597  -54.451661  -79.358671 -159.648072 -170.376655 -165.369466 -143.755722 -105.439801  -51.115621   18.461125  101.395401  185.852546  218.083670   15.852826 -404.451353
 -89.741454  -88.417006  -85.328679  -80.323257  -74.806716  -70.998095  -70.705367  -74.422450  -80.597054  -84.981703  -79.991117  -54.558450  -78.582427 -156.098531 -166.503292 -161.624946 -140.523921 -103.037916  -49.794725   18.502160  100.017965  183.123889  214.863677   15.463722 -399.206817
 -93.643043  -92.253581  -88.978393  -83.572348  -77.402852  -72.723987  -71.435487  -74.169919  -79.554967  -83.561737  -78.862636  -54.665239  -77.806182 -152.548990 -162.629928 -157.880426 -137.292120 -100.636031  -48.473829   18.543196   98.640529  180.395231  211.643684   15.074618 -393.962282
 -97.544633  -96.090156  -92.628107  -86.821440  -79.998988  -74.449879  -72.165608  -73.917388  -78.512880  -82.141770  -77.734156  -54.772027  -77.029938 -148.999449 -158.756565 -154.135905 -134.060320  -98.234146  -47.152933   18.584232   97.263094  177.666574  208.423692   14.685514 -388.717746
-101.446222  -99.926731  -96.277821  -90.070531  -82.595124  -76.175772  -72.895728  -73.664856  -77.470793  -80.721803  -76.605676  -54.878816  -76.253693 -145.449907 -154.883201 -150.391385 -130.828519  -95.832261  -45.832037   18.625267   95.885658  174.937916  205.203699   14.296410 -383.473211
-105.347812 -103.763307  -99.927535  -93.319623  -85.191260  -77.901664  -73.625849  -73.412325  -76.428707  -79.301836  -75.477195  -54.985604  -75.477449 -141.900366 -151.009838 -146.646865 -127.596718  -93.430376  -44.511140   18.666303   94.508222  172.209259  201.983706   13.907306 -378.228675
-109.249401 -107.599882 -103.577249  -96.568714  -87.787395  -79.627557  -74.355969  -73.159794  -75.386620  -77.881870  -74.348715  -55.092393  -74.701205 -138.350825 -147.136475 -142.902344 -124.364917  -91.028490  -43.190244   18.707338   93.130786  169.480601  198.763713   13.518202 -372.984140
-113.150990 -111.436457 -107.226963  -99.817806  -90.383531  -81.353449  -75.086089  -72.907263  -74.344533  -76.461903  -73.220235  -55.199182  -73.924960 -134.801284 -143.263111 -139.157824 -121.133117  -88.626605  -41.869348   18.748374   91.753351  166.751944  195.543720   13.129098 -367.739604
-117.052580 -115.273032 -110.876676 -103.066897  -92.979667  -83.079341  -75.816210  -72.654731  -73.302446  -75.041936  -72.091754  -55.305970  -73.148716 -131.251743 -139.389748 -135.413304 -117.901316  -86.224720  -40.548452   18.789410   90.375915  164.023286  192.323727   12.739994 -362.495069
-120.954169 -119.109608 -114.526390 -106.315989  -95.575803  -84.805234  -76.546330  -72.402200  -72.260360  -73.621969  -70.963274  -55.412759  -72.372471 -127.702202 -135.516384 -131.668783 -114.669515  -83.822835  -39.227556   18.830445   88.998479  161.294628  189.103735   12.350890 -357.250533
-124.855759 -122.946183 -118.176104 -109.565080  -98.171939  -86.531126  -77.276451  -72.149669  -71.218273  -72.202003  -69.834794  -55.519548  -71.596227 -124.152661 -131.643021 -127.924263 -111.437714  -81.420950  -37.906659   18.871481   87.621044  158.565971  185.883742   11.961786 -352.005998
-128.757348 -126.782758 -121.825818 -112.814172 -100.768075  -88.257019  -78.006571  -71.897137  -70.176186  -70.782036  -68.706313  -55.626336  -70.819982 -120.603120 -127.769657 -124.179743 -108.205914  -79.019065  -36.585763   18.912516   86.243608  155.837313  182.663749   11.572682 -346.761462
-132.658938 -130.619333 -125.475532 -116.063263 -103.364211  -89.982911  -78.736691  -71.644606  -69.134099  -69.362069  -67.577833  -55.733125  -70.043738 -117.053578 -123.896294 -120.435222 -104.974113  -76.617180  -35.264867   18.953552   84.866172  153.108656  179.443756   11.183578 -341.516927
-136.560527 -134.455908 -129.125246 -119.312355 -105.960347  -91.708803  -79.466812  -71.392075  -68.092013  -67.942102  -66.449353  -55.839913  -69.267493 -113.504037 -120.022931 -116.690702 -101.742312  -74.215295  -33.943971   18.994588   83.488737  150.379998  176.223763   10.794474 -336.272391
-140.462117 -138.292484 -132.774960 -122.561446 -108.556482  -93.434696  -80.196932  -71.139544  -67.049926  -66.522136  -65.320872  -55.946702  -68.491249 -109.954496 -116.149567 -112.946181  -98.510512  -71.813410  -32.623075   19.035623   82.111301  147.651341  173.003770   10.405370 -331.027856
-144.363706 -142.129059 -136.424674 -125.810538 -111.152618  -95.160588  -80.927053  -70.887012  -66.007839  -65.102169  -64.192392  -56.053491  -67.715004 -106.404955 -112.276204 -109.201661  -95.278711  -69.411525  -31.302178   19.076659   80.733865  144.922683  169.783778   10.016266 -325.783320
-148.265296 -145.965634 -140.074388 -129.059629 -113.748754  -96.886481  -81.657173  -70.634481  -64.965752  -63.682202  -63.063912  -56.160279  -66.938760 -102.855414 -108.402840 -105.457141  -92.046910  -67.009640  -29.981282   19.117695   79.356429  142.194026  166.563785    9.627162 -320.538785
-152.166885 -149.802209 -143.724102 -132.308721 -116.344890  -98.612373  -82.387293  -70.381950  -63.923666  -62.262236  -61.935431  -56.267068  -66.162515  -99.305873 -104.529477 -101.712620  -88.815109  -64.607755  -28.660386   19.158730   77.978994  139.465368  163.343792    9.238058 -315.294249
-156.068474 -153.638784 -147.373816 -135.557812 -118.941026 -100.338266  -83.117414  -70.129418  -62.881579  -60.842269  -60.806951  -56.373856  -65.386271  -95.756332 -100.656114  -97.968100  -85.583309  -62.205870  -27.339490   19.199766   76.601558  136.736710  160.123799    8.848954 -310.049714
-159.970064 -157.475360 -151.023530 -138.806904 -121.537162 -102.064158  -83.847534  -69.876887  -61.839492  -59.422302  -59.678471  -56.480645  -64.610026  -92.206791  -96.782750  -94.223580  -82.351508  -59.803985  -26.018594   19.240801   75.224122  134.008053  156.903806    8.459850 -304.805178
-163.871653 -161.311935 -154.673244 -142.055995 -124.133298 -103.790050  -84.577655  -69.624356  -60.797405  -58.002335  -58.549990  -56.587434  -63.833782  -88.657250  -92.909387  -90.479059  -79.119707  -57.402100  -24.697698   19.281837   73.846687  131.279395  153.683813    8.070746 -299.560643
-167.773243 -165.148510 -158.322958 -145.305087 -126.729434 -105.515943  -85.307775  -69.371824  -59.755319  -56.582369  -57.421510  -56.694222  -63.057537  -85.107708  -89.036023  -86.734539  -75.887906  -55.000215  -23.376801   19.322873   72.469251  128.550738  150.463820    7.681643 -294.316107
-171.674832 -168.985085 -161.972672 -148.554178 -129.325569 -107.241835  -86.037895  -69.119293  -58.713232  -55.162402  -56.293030  -56.801011  -62.281293  -81.558167  -85.162660  -82.990019  -72.656106  -52.598330  -22.055905   19.363908   71.091815  125.822080  147.243828    7.292539 -289.071572
-175.576422 -172.821661 -165.622386 -151.803270 -131.921705 -108.967728  -86.768016  -68.866762  -57.671145  -53.742435  -55.164549  -56.907799  -61.505048  -78.008626  -81.289296  -79.245498  -69.424305  -50.196445  -20.735009   19.404944   69.714380  123.093423  144.023835    6.903435 -283.827036
-179.478011 -176.658236 -169.272100 -155.052361 -134.517841 -110.693620  -87.498136  -68.614231  -56.629058  -52.322468  -54.036069  -57.014588  -60.728804  -74.459085  -77.415933  -75.500978  -66.192504  -47.794560  -19.414113   19.445979   68.336944  120.364765  140.803842    6.514331 -278.582501
-183.379601 -180.494811 -172.921814 -158.301453 -137.113977 -112.419512  -88.228256  -68.361699  -55.586972  -50.902502  -52.907589  -57.121377  -59.952559  -70.909544  -73.542570  -71.756458  -62.960704  -45.392675  -18.093217   19.487015   66.959508  117.636108  137.583849    6.125227 -273.337965
-187.281190 -184.331386 -176.571528 -161.550544 -139.710113 -114.145405  -88.958377  -68.109168  -54.544885  -49.482535  -51.779108  -57.228165  -59.176315  -67.360003  -69.669206  -68.011937  -59.728903  -42.990790  -16.772320   19.528051   65.582072  114.907450  134.363856    5.736123 -268.093430
-191.182780 -188.167961 -180.221242 -164.799636 -142.306249 -115.871297  -89.688497  -67.856637  -53.502798  -48.062568  -50.650628  -57.334954  -58.400070  -63.810462  -65.795843  -64.267417  -56.497102  -40.588905  -15.451424   19.569086   64.204637  112.178792  131.143863    5.347019 -262.848895
-195.084369 -192.004537 -183.870956 -168.048727 -144.902385 -117.597190  -90.418618  -67.604105  -52.460711  -46.642601  -49.522148  -57.441742  -57.623826  -60.260921  -61.922479  -60.522897  -53.265301  -38.187020  -14.130528   19.610122   62.827201  109.450135  127.923871    4.957915 -257.604359
-198.985958 -195.841112 -187.520670 -171.297818 -147.498521 -119.323082  -91.148738  -67.351574  -51.418625  -45.222635  -48.393667  -57.548531  -56.847581  -56.711379  -58.049116  -56.778376  -50.033501  -35.785135  -12.809632   19.651157   61.449765  106.721477  124.703878    4.568811 -252.359824
-202.887548 -199.677687 -191.170384 -174.546910 -150.094656 -121.048974  -91.878858  -67.099043  -50.376538  -43.802668  -47.265187  -57.655320  -56.071337  -53.161838  -54.175753  -53.033856  -46.801700  -33.383250  -11.488736   19.692193   60.072330  103.992820  121.483885    4.179707 -247.115288
-206.789137 -203.514262 -194.820098 -177.796001 -152.690792 -122.774867  -92.608979  -66.846512  -49.334451  -42.382701  -46.136707  -57.762108  -55.295092  -49.612297  -50.302389  -49.289336  -43.569899  -30.981365  -10.167839   19.733229   58.694894  101.264162  118.263892    3.790603 -241.870753
-210.690727 -207.350837 -198.469812 -181.045093 -155.286928 -124.500759  -93.339099  -66.593980  -48.292364  -40.962734  -45.008226  -57.868897  -54.518848  -46.062756  -46.429026  -45.544815  -40.338098  -28.579480   -8.846943   19.774264   57.317458   98.535505  115.043899    3.401499 -236.626217
-214.592316 -211.187413 -202.119526 -184.294184 -157.883064 -126.226652  -94.069220  -66.341449  -47.250278  -39.542768  -43.879746  -57.975685  -53.742603  -42.513215  -42.555662  -41.800295  -37.106298  -26.177595   -7.526047   19.815300   55.940023   95.806847  111.823906    3.012395 -231.381682
-218.493906 -215.023988 -205.769240 -187.543276 -160.479200 -127.952544  -94.799340  -66.088918  -46.208191  -38.122801  -42.751266  -58.082474  -52.966359  -38.963674  -38.682299  -38.055775  -33.874497  -23.775709   -6.205151   19.856335   54.562587   93.078190  108.603914    2.623291 -226.137146
-222.395495 -218.860563 -209.418954 -190.792367 -163.075336 -129.678436  -95.529460  -65.836386  -45.166104  -36.702834  -41.622785  -58.189263  -52.190114  -35.414133  -34.808935  -34.311254  -30.642696  -21.373824   -4.884255   19.897371   53.185151   90.349532  105.383921    2.234187 -220.892611
-226.297085 -222.697138 -213.068668 -194.041459 -165.671472 -131.404329  -96.259581  -65.583855  -44.124017  -35.282867  -40.494305  -58.296051  -51.413870  -31.864592  -30.935572  -30.566734  -27.410895  -18.971939   -3.563358   19.938407   51.807715   87.620874  102.163928    1.845083 -215.648075
-230.198674 -226.533714 -216.718381 -197.290550 -168.267608 -133.130221  -96.989701  -65.331324  -43.081931  -33.862901  -39.365825  -58.402840  -50.637626  -28.315050  -27.062209  -26.822214  -24.179095  -16.570054   -2.242462   19.979442   50.430280   84.892217   98.943935    1.455979 -210.403540
-234.100264 -230.370289 -220.368095 -200.539642 -170.863743 -134.856114  -97.719822  -65.078792  -42.039844  -32.442934  -38.237344  -58.509628  -49.861381  -24.765509  -23.188845  -23.077693  -20.947294  -14.168169   -0.921566   20.020478   49.052844   82.163559   95.723942    1.066875 -205.159004
-238.001853 -234.206864 -224.017809 -203.788733 -173.459879 -136.582006  -98.449942  -64.826261  -40.997757  -31.022967  -37.108864  -58.616417  -49.085137  -21.215968  -19.315482  -19.333173  -17.715493  -11.766284    0.399330   20.061513   47.675408   79.434902   92.503949    0.677771 -199.914469
-241.903442 -238.043439 -227.667523 -207.037825 -176.056015 -138.307899  -99.180062  -64.573730  -39.955670  -29.603000  -35.980384  -58.723206  -48.308892  -17.666427  -15.442118  -15.588653  -14.483693   -9.364399    1.720226   20.102549   46.297973   76.706244   89.283956    0.288667 -194.669933
-245.805032 -241.880014 -231.317237 -210.286916 -178.652151 -140.033791  -99.910183  -64.321199  -38.913584  -28.183034  -34.851903  -58.829994  -47.532648  -14.116886  -11.568755  -11.844132  -11.251892   -6.962514    3.041123   20.143585   44.920537   73.977587   86.063964   -0.100437 -189.425398
-249.706621 -245.716590 -234.966951 -213.536008 -181.248287 -141.759683 -100.640303  -64.068667  -37.871497  -26.763067  -33.723423  -58.936783  -46.756403  -10.567345   -7.695391   -8.099612   -8.020091   -4.560629    4.362019   20.184620   43.543101   71.248929   82.843971   -0.489541 -184.180862
-253.608211 -249.553165 -238.616665 -216.785099 -183.844423 -143.485576 -101.370424  -63.816136  -36.829410  -25.343100  -32.594943  -59.043571  -45.980159   -7.017804   -3.822028   -4.355092   -4.788290   -2.158744    5.682915   20.225656   42.165666   68.520272   79.623978   -0.878645 -178.936327
-257.509800 -253.389740 -242.266379 -220.034191 -186.440559 -145.211468 -102.100544  -63.563605  -35.787323  -23.923133  -31.466462  -59.150360  -45.203914   -3.468263    0.051335   -0.610571   -1.556490    0.243141    7.003811   20.266691   40.788230   65.791614   76.403985   -1.267749 -173.691791
-261.411390 -257.226315 -245.916093 -223.283282 -189.036695 -146.937361 -102.830664  -63.311073  -34.745237  -22.503167  -30.337982  -59.257149  -44.427670    0.081279    3.924699    3.133949    1.675311    2.645026    8.324707   20.307727   39.410794   63.062956   73.183992   -1.656853 -168.447256
-265.312979 -261.062891 -249.565807 -226.532374 -191.632831 -148.663253 -103.560785  -63.058542  -33.703150  -21.083200  -29.209502  -59.363937  -43.651425    3.630820    7.798062    6.878469    4.907112    5.046911    9.645603   20.348763   38.033358   60.334299   69.963999   -2.045957 -163.202720
-269.214569 -264.899466 -253.215521 -229.781465 -194.228966 -150.389145 -104.290905  -62.806011  -32.661063  -19.663233  -28.081021  -59.470726  -42.875181    7.180361   11.671426   10.622990    8.138913    7.448796   10.966500   20.389798   36.655923   57.605641   66.744007   -2.435061 -157.958185
-273.116158 -268.736041 -256.865235 -233.030557 -196.825102 -152.115038 -105.021026  -62.553479  -31.618976  -18.243267  -26.952541  -59.577515  -42.098936   10.729902   15.544789   14.367510   11.370713    9.850681   12.287396   20.430834   35.278487   54.876984   63.524014   -2.824165 -152.713649
-277.017748 -272.572616 -260.514949 -236.279648 -199.421238 -153.840930 -105.751146  -62.300948  -30.576890  -16.823300  -25.824061  -59.684303  -41.322692   14.279443   19.418152   18.112030   14.602514   12.252566   13.608292   20.471869   33.901051   52.148326   60.304021   -3.213269 -147.469114
-280.919337 -276.409191 -264.164663 -239.528740 -202.017374 -155.566823 -106.481266  -62.048417  -29.534803  -15.403333  -24.695580  -59.791092  -40.546447   17.828984   23.291516   21.856551   17.834315   14.654451   14.929188   20.512905   32.523616   49.419669   57.084028   -3.602372 -142.224578
-284.820926 -280.245767 -267.814377 -242.777831 -204.613510 -157.292715 -107.211387  -61.795886  -28.492716  -13.983366  -23.567100  -59.897880  -39.770203   21.378525   27.164879   25.601071   21.066115   17.056336   16.250084   20.553941   31.146180   46.691011   53.864035   -3.991476 -136.980043
-288.722516 -284.082342 -271.464091 -246.026923 -207.209646 -159.018607 -107.941507  -61.543354  -27.450629  -12.563400  -22.438620  -60.004669  -38.993958   24.928066   31.038243   29.345591   24.297916   19.458221   17.570981   20.594976   29.768744   43.962354   50.644042   -4.380580 -131.735507
-292.624105 -287.918917 -275.113805 -249.276014 -209.805782 -160.744500 -108.671628  -61.290823  -26.408543  -11.143433  -21.310139  -60.111458  -38.217714   28.477607   34.911606   33.090112   27.529717   21.860106   18.891877   20.636012   28.391309   41.233696   47.424050   -4.769684 -126.490972
-296.525695 -291.755492 -278.763519 -252.525106 -212.401918 -162.470392 -109.401748  -61.038292  -25.366456   -9.723466  -20.181659  -60.218246  -37.441469   32.027149   38.784970   36.834632   30.761518   24.261991   20.212773   20.677047   27.013873   38.505038   44.204057   -5.158788 -121.246436
-300.427284 -295.592067 -282.413233 -255.774197 -214.998053 -164.196285 -110.131868  -60.785760  -24.324369   -8.303499  -19.053179  -60.325035  -36.665225   35.576690   42.658333   40.579152   33.993318   26.663876   21.533669   20.718083   25.636437   35.776381   40.984064   -5.547892 -116.001901
-304.328874 -299.428643 -286.062947 -259.023289 -217.594189 -165.922177 -110.861989  -60.533229  -23.282282   -6.883533  -17.924698  -60.431823  -35.888980   39.126231   46.531696   44.323673   37.225119   29.065761   22.854565   20.759119   24.259001   33.047723   37.764071   -5.936996 -110.757366
-308.230463 -303.265218 -289.712661 -262.272380 -220.190325 -167.648069 -111.592109  -60.280698  -22.240196   -5.463566  -16.796218  -60.538612  -35.112736   42.675772   50.405060   48.068193   40.456920   31.467646   24.175462   20.800154   22.881566   30.319066   34.544078   -6.326100 -105.512830
-312.132053 -307.101793 -293.362375 -265.521472 -222.786461 -169.373962 -112.322230  -60.028167  -21.198109   -4.043599  -15.667737  -60.645401  -34.336491   46.225313   54.278423   51.812713   43.688721   33.869531   25.496358   20.841190   21.504130   27.590408   31.324085   -6.715204 -100.268295
-316.033642 -310.938368 -297.012089 -268.770563 -225.382597 -171.099854 -113.052350  -59.775635  -20.156022   -2.623632  -14.539257  -60.752189  -33.560247   49.774854   58.151787   55.557234   46.920521   36.271416   26.817254   20.882225   20.126694   24.861751   28.104092   -7.104308  -95.023759
-319.935232 -314.774944 -300.661803 -272.019655 -227.978733 -172.825747 -113.782470  -59.523104  -19.113935   -1.203666  -13.410777  -60.858978  -32.784002   53.324395   62.025150   59.301754   50.152322   38.673301   28.138150   20.923261   18.749259   22.133093   24.884100   -7.493412  -89.779224
-323.836821 -318.611519 -304.311517 -275.268746 -230.574869 -174.551639 -114.512591  -59.270573  -18.071849    0.216301  -12.282296  -60.965766  -32.007758   56.873936   65.898513   63.046274   53.384123   41.075186   29.459046   20.964297   17.371823   19.404436   21.664107   -7.882516  -84.534688
-327.738411 -322.448094 -307.961231 -278.517838 -233.171005 -176.277532 -115.242711  -59.018041  -17.029762    1.636268  -11.153816  -61.072555  -31.231513   60.423478   69.771877   66.790795   56.615924   43.477072   30.779943   21.005332   15.994387   16.675778   18.444114   -8.271620  -79.290153
-331.640000 -326.284669 -311.610945 -281.766929 -235.767140 -178.003424 -115.972832  -58.765510  -15.987675    3.056235  -10.025336  -61.179344  -30.455269   63.973019   73.645240   70.535315   59.847724   45.878957   32.100839   21.046368   14.616952   13.947120   15.224121   -8.660724  -74.045617
-335.541589 -330.121244 -315.260659 -285.016021 -238.363276 -179.729316 -116.702952  -58.512979  -14.945588    4.476201   -8.896855  -61.286132  -29.679024   67.522560   77.518604   74.279836   63.079525   48.280842   33.421735   21.087403   13.239516   11.218463   12.004128   -9.049828  -68.801082
-339.443179 -333.957820 -318.910373 -288.265112 -240.959412 -181.455209 -117.433072  -58.260447  -13.903502    5.896168   -7.768375  -61.392921  -28.902780   71.072101   81.391967   78.024356   66.311326   50.682727   34.742631   21.128439   11.862080    8.489805    8.784135   -9.438932  -63.556546
-343.344768 -337.794395 -322.560087 -291.514204 -243.555548 -183.181101 -118.163193  -58.007916  -12.861415    7.316135   -6.639895  -61.499709  -28.126535   74.621642   85.265331   81.768876   69.543126   53.084612   36.063527   21.169475   10.484644    5.761148    5.564143   -9.828036  -58.312011
-347.246358 -341.630970 -326.209800 -294.763295 -246.151684 -184.906994 -118.893313  -57.755385  -11.819328    8.736102   -5.511414  -61.606498  -27.350291   78.171183   89.138694   85.513397   72.774927   55.486497   37.384424   21.210510    9.107209    3.032490    2.344150  -10.217140  -53.067475
-351.147947 -345.467545 -329.859514 -298.012387 -248.747820 -186.632886 -119.623433  -57.502854  -10.777242   10.156068   -4.382934  -61.713287  -26.574047   81.720724   93.012057   89.257917   76.006728   57.888382   38.705320   21.251546    7.729773    0.303833   -0.875843  -10.606244  -47.822940
-355.049537 -349.304120 -333.509228 -301.261478 -251.343956 -188.358778 -120.353554  -57.250322   -9.735155   11.576035   -3.254454  -61.820075  -25.797802   85.270265   96.885421   93.002437   79.238529   60.290267   40.026216   21.292581    6.352337   -2.424825   -4.095836  -10.995348  -42.578404
-358.951126 -353.140696 -337.158942 -304.510570 -253.940092 -190.084671 -121.083674  -56.997791   -8.693068   12.996002   -2.125973  -61.926864  -25.021558   88.819807  100.758784   96.746958   82.470329   62.692152   41.347112   21.333617    4.974902   -5.153483   -7.315829  -11.384452  -37.333869
-362.852716 -356.977271 -340.808656 -307.759661 -256.536227 -191.810563 -121.813795  -56.745260   -7.650981   14.415969   -0.997493  -62.033652  -24.245313   92.369348  104.632148  100.491478   85.702130   65.094037   42.668008   21.374653    3.597466   -7.882140  -10.535822  -11.773556  -32.089333
-366.754305 -360.813846 -344.458370 -311.008753 -259.132363 -193.536456 -122.543915  -56.492728   -6.608895   15.835935    0.130987  -62.140441  -23.469069   95.918889  108.505511  104.235998   88.933931   67.495922   43.988904   21.415688    2.220030  -10.610798  -13.755814  -12.162660  -26.844798
-370.655895 -364.650421 -348.108084 -314.257844 -261.728499 -195.262348 -123.274035  -56.240197   -5.566808   17.255902    1.259468  -62.247230  -22.692824   99.468430  112.378874  107.980519   92.165732   69.897807   45.309801   21.456724    0.842595  -13.339455  -16.975807  -12.551764  -21.600262
-374.557484 -368.486997 -351.757798 -317.506936 -264.324635 -196.988240 -124.004156  -55.987666   -4.524721   18.675869    2.387948  -62.354018  -21.916580  103.017971  116.252238  111.725039   95.397532   72.299692   46.630697   21.497759   -0.534841  -16.068113  -20.195800  -12.940868  -16.355727
-378.459073 -372.323572 -355.407512 -320.756027 -266.920771 -198.714133 -124.734276  -55.735135   -3.482634   20.095835    3.516428  -62.460807  -21.140335  106.567512  120.125601  115.469559   98.629333   74.701577   47.951593   21.538795   -1.912277  -18.796770  -23.415793  -13.329972  -11.111191
-382.360663 -376.160147 -359.057226 -324.005119 -269.516907 -200.440025 -125.464397  -55.482603   -2.440548   21.515802    4.644909  -62.567595  -20.364091  110.117053  123.998965  119.214080  101.861134   77.103462   49.272489   21.579831   -3.289713  -21.525428  -26.635786  -13.719076   -5.866656
-386.262252 -379.996722 -362.706940 -327.254210 -272.113043 -202.165918 -126.194517  -55.230072   -1.398461   22.935769    5.773389  -62.674384  -19.587846  113.666594  127.872328  122.958600  105.092934   79.505347   50.593385   21.620866   -4.667148  -24.254085  -29.855779  -14.108180   -0.622120