 -0.014968
 -7.751372
-15.395466
-23.009339
-30.350724
-37.610950
-44.300048
-50.778275
-56.380013
-61.564061
-65.685352
-69.129810
-71.498437
-72.939964
-73.464559
-72.918142
-71.743653
-69.583254
-67.150800
-64.176325
-61.293965
-58.796687
-56.786217
-57.143830
-58.442960
-58.200812
-55.786776
-48.484977
-40.948230
-33.230532
-25.448267
-17.863684
-10.364127
 -3.559763
  2.912377
  8.371213
 13.190718
 16.851987
 19.524165
 21.022864
 21.152716
 20.186060
 17.469349
 13.845264
  8.284753
  2.242699
 -4.865646
-11.411653
-13.378928
-12.126200
 -1.415826