 -0.014968
 -3.927157
 -7.829115
-11.697675
-15.549622
-19.407038
-23.236810
-26.970052
-30.644673
-34.328643
-37.967957
-41.406658
-44.692724
-47.980934
-51.218996
-54.149588
-56.797364
-59.424282
-62.014026
-64.229993
-66.030819
-67.769041
-69.493371
-70.838332
-71.673108
-72.391271
-73.117039
-73.519748
-73.394117
-73.103879
-72.830419
-72.338383
-71.409844
-70.305536
-69.209896
-68.024947
-66.625833
-65.118960
-63.598949
-62.116663
-60.778115
-59.532626
-58.258541
-57.137178
-56.695385
-56.901816
-57.406168
-58.118636
-58.599530
-58.436339
-57.898600
-56.808980
-54.203268
-50.330936
-46.375726
-42.603419
-38.805581
-34.887900
-30.943773
-27.012357
-23.122332
-19.304960
-15.509181
-11.710607
 -8.049849
 -4.671337
 -1.403825
  1.880463
  4.986281
  7.637723
 10.064859
 12.515518
 14.790804
 16.489564
 17.836329
 19.199656
 20.417365
 20.985076
 21.065234
 21.135733
 21.102798
 20.397115
 19.073819
 17.686921
 16.240353
 14.196246
 11.486918
  8.627448
  5.731821
  2.577802
 -0.891697
 -4.563883
 -8.319797
-11.286583
-12.658220
-13.352944
-13.764326
-12.193311
 -7.388510
 -1.415826