  0.000000
 -7.746236
-15.408138
-22.974115
-30.385646
-37.552659
-44.365884
-50.706952
-56.456835
-61.503045
-65.745921
-69.104233
-71.520285
-72.964642
-73.440589
-72.988398
-71.689461
-69.670372
-67.106986
-64.228572
-61.322115
-58.736931
-56.889752
-56.270569
-57.449576
-61.085768
-55.007856
-48.198733
-40.867736
-33.224046
-25.472633
-17.810581
-10.423931
 -3.485190
  2.848340
  8.435267
 13.149762
 16.880189
 19.526943
 21.000117
 21.218200
 20.109964
 17.623149
 13.745744
  8.548913
  2.265348
 -4.576288
-10.930314
-14.881891
-13.099491
  0.000011