  -0.008160   -0.292960   -2.308762   -9.323588  -25.159318  -52.170949  -89.854330 -133.717784 -174.275081 -196.068231 -176.576941  -86.837187 -160.726750 -396.229961 -425.984417 -412.914856 -358.092230 -263.802119 -133.625563   29.263903  219.498310  409.805021  481.539188   40.688522 -866.385222
  -6.510809   -6.687252   -8.391619  -14.738740  -29.486211  -55.047436  -91.071197 -133.296898 -172.538270 -193.701619 -174.696140  -87.015168 -159.433009 -390.314059 -419.528811 -406.673989 -352.705895 -259.798977 -131.424069   29.332295  217.202584  405.257259  476.172533   40.040015 -857.644330
 -13.013459  -13.081544  -14.474476  -20.153892  -33.813104  -57.923923  -92.288065 -132.876013 -170.801459 -191.335008 -172.815340  -87.193149 -158.139268 -384.398157 -413.073206 -400.433122 -347.319561 -255.795836 -129.222575   29.400688  214.906858  400.709496  470.805878   39.391508 -848.903437
 -19.516108  -19.475836  -20.557332  -25.569045  -38.139998  -60.800411  -93.504932 -132.455127 -169.064647 -188.968397 -170.934539  -87.371130 -156.845528 -378.482255 -406.617600 -394.192255 -341.933226 -251.792694 -127.021082   29.469081  212.611132  396.161733  465.439224   38.743002 -840.162545
 -26.018757  -25.870128  -26.640189  -30.984197  -42.466891  -63.676898  -94.721799 -132.034242 -167.327836 -186.601786 -169.053739  -87.549111 -155.551787 -372.566353 -400.161994 -387.951387 -336.546892 -247.789552 -124.819588   29.537473  210.315405  391.613971  460.072569   38.094495 -831.421652
 -32.521406  -32.264420  -32.723046  -36.399350  -46.793784  -66.553385  -95.938666 -131.613356 -165.591025 -184.235175 -167.172938  -87.727092 -154.258046 -366.650452 -393.706389 -381.710520 -331.160557 -243.786411 -122.618094   29.605866  208.019679  387.066208  454.705914   37.445989 -822.680760
 -39.024055  -38.658712  -38.805902  -41.814502  -51.120677  -69.429873  -97.155534 -131.192471 -163.854214 -181.868563 -165.292138  -87.905073 -152.964305 -360.734550 -387.250783 -375.469653 -325.774223 -239.783269 -120.416601   29.674259  205.723953  382.518446  449.339259   36.797482 -813.939867
 -45.526704  -45.053004  -44.888759  -47.229655  -55.447570  -72.306360  -98.372401 -130.771585 -162.117402 -179.501952 -163.411337  -88.083054 -151.670564 -354.818648 -380.795177 -369.228786 -320.387888 -235.780127 -118.215107   29.742651  203.428227  377.970683  443.972605   36.148975 -805.198975
 -52.029353  -51.447296  -50.971615  -52.644807  -59.774463  -75.182847  -99.589268 -130.350700 -160.380591 -177.135341 -161.530536  -88.261035 -150.376824 -348.902746 -374.339572 -362.987918 -315.001553 -231.776985 -116.013613   29.811044  201.132501  373.422920  438.605950   35.500469 -796.458082
 -58.532002  -57.841588  -57.054472  -58.059960  -64.101356  -78.059335 -100.806136 -129.929814 -158.643780 -174.768730 -159.649736  -88.439016 -149.083083 -342.986844 -367.883966 -356.747051 -309.615219 -227.773844 -113.812120   29.879437  198.836775  368.875158  433.239295   34.851962 -787.717190
 -65.034651  -64.235880  -63.137329  -63.475112  -68.428249  -80.935822 -102.023003 -129.508929 -156.906969 -172.402118 -157.768935  -88.616997 -147.789342 -337.070942 -361.428360 -350.506184 -304.228884 -223.770702 -111.610626   29.947829  196.541048  364.327395  427.872640   34.203456 -778.976297
 -71.537300  -70.630172  -69.220185  -68.890265  -72.755143  -83.812309 -103.239870 -129.088043 -155.170157 -170.035507 -155.888135  -88.794978 -146.495601 -331.155040 -354.972754 -344.265317 -298.842550 -219.767560 -109.409132   30.016222  194.245322  359.779633  422.505986   33.554949 -770.235405
 -78.039949  -77.024464  -75.303042  -74.305417  -77.082036  -86.688797 -104.456738 -128.667158 -153.433346 -167.668896 -154.007334  -88.972959 -145.201860 -325.239139 -348.517149 -338.024449 -293.456215 -215.764418 -107.207639   30.084615  191.949596  355.231870  417.139331   32.906442 -761.494512
 -84.542599  -83.418756  -81.385898  -79.720570  -81.408929  -89.565284 -105.673605 -128.246272 -151.696535 -165.302285 -152.126534  -89.150940 -143.908120 -319.323237 -342.061543 -331.783582 -288.069881 -211.761277 -105.006145   30.153007  189.653870  350.684107  411.772676   32.257936 -752.753620
 -91.045248  -89.813048  -87.468755  -85.135722  -85.735822  -92.441771 -106.890472 -127.825387 -149.959724 -162.935673 -150.245733  -89.328921 -142.614379 -313.407335 -335.605937 -325.542715 -282.683546 -207.758135 -102.804651   30.221400  187.358144  346.136345  406.406022   31.609429 -744.012727
 -97.547897  -96.207340  -93.551612  -90.550875  -90.062715  -95.318259 -108.107340 -127.404501 -148.222912 -160.569062 -148.364932  -89.506902 -141.320638 -307.491433 -329.150332 -319.301848 -277.297212 -203.754993 -100.603158   30.289793  185.062418  341.588582  401.039367   30.960923 -735.271835
-104.050546 -102.601632  -99.634468  -95.966027  -94.389608  -98.194746 -109.324207 -126.983616 -146.486101 -158.202451 -146.484132  -89.684883 -140.026897 -301.575531 -322.694726 -313.060980 -271.910877 -199.751852  -98.401664   30.358185  182.766691  337.040820  395.672712   30.312416 -726.530942
-110.553195 -108.995924 -105.717325 -101.381180  -98.716501 -101.071234 -110.541074 -126.562730 -144.749290 -155.835840 -144.603331  -89.862864 -138.733156 -295.659629 -316.239120 -306.820113 -266.524542 -195.748710  -96.200171   30.426578  180.470965  332.493057  390.306057   29.663909 -717.790050
-117.055844 -115.390216 -111.800181 -106.796332 -103.043394 -103.947721 -111.757942 -126.141845 -143.012479 -153.469228 -142.722531  -90.040845 -137.439416 -289.743727 -309.783515 -300.579246 -261.138208 -191.745568  -93.998677   30.494971  178.175239  327.945295  384.939403   29.015403 -709.049158
-123.558493 -121.784508 -117.883038 -112.211485 -107.370288 -106.824208 -112.974809 -125.720959 -141.275668 -151.102617 -140.841730  -90.218826 -136.145675 -283.827825 -303.327909 -294.338379 -255.751873 -187.742426  -91.797183   30.563363  175.879513  323.397532  379.572748   28.366896 -700.308265
-130.061142 -128.178800 -123.965895 -117.626637 -111.697181 -109.700696 -114.191676 -125.300074 -139.538856 -148.736006 -138.960930  -90.396807 -134.851934 -277.911924 -296.872303 -288.097512 -250.365539 -183.739285  -89.595690   30.631756  173.583787  318.849769  374.206093   27.718390 -691.567373
-136.563791 -134.573092 -130.048751 -123.041790 -116.024074 -112.577183 -115.408544 -124.879188 -137.802045 -146.369395 -137.080129  -90.574788 -133.558193 -271.996022 -290.416697 -281.856644 -244.979204 -179.736143  -87.394196   30.700149  171.288061  314.302007  368.839438   27.069883 -682.826480
-143.066440 -140.967384 -136.131608 -128.456942 -120.350967 -115.453670 -116.625411 -124.458303 -136.065234 -144.002784 -135.199328  -90.752769 -132.264452 -266.080120 -283.961092 -275.615777 -239.592870 -175.733001  -85.192702   30.768541  168.992334  309.754244  363.472784   26.421376 -674.085588
-149.569089 -147.361676 -142.214465 -133.872095 -124.677860 -118.330158 -117.842278 -124.037417 -134.328423 -141.636172 -133.318528  -90.930750 -130.970712 -260.164218 -277.505486 -269.374910 -234.206535 -171.729859  -82.991209   30.836934  166.696608  305.206482  358.106129   25.772870 -665.344695
-156.071739 -153.755968 -148.297321 -139.287247 -129.004753 -121.206645 -119.059146 -123.616532 -132.591611 -139.269561 -131.437727  -91.108731 -129.676971 -254.248316 -271.049880 -263.134043 -228.820201 -167.726718  -80.789715   30.905327  164.400882  300.658719  352.739474   25.124363 -656.603803
-162.574388 -160.150260 -154.380178 -144.702400 -133.331646 -124.083132 -120.276013 -123.195646 -130.854800 -136.902950 -129.556927  -91.286712 -128.383230 -248.332414 -264.594275 -256.893175 -223.433866 -163.723576  -78.588221   30.973719  162.105156  296.110956  347.372819   24.475856 -647.862910
-169.077037 -166.544552 -160.463034 -150.117552 -137.658540 -126.959620 -121.492880 -122.774761 -129.117989 -134.536339 -127.676126  -91.464693 -127.089489 -242.416512 -258.138669 -250.652308 -218.047531 -159.720434  -76.386728   31.042112  159.809430  291.563194  342.006165   23.827350 -639.122018
-175.579686 -172.938844 -166.545891 -155.532705 -141.985433 -129.836107 -122.709748 -122.353875 -127.381178 -132.169727 -125.795326  -91.642674 -125.795748 -236.500611 -251.683063 -244.411441 -212.661197 -155.717293  -74.185234   31.110505  157.513704  287.015431  336.639510   23.178843 -630.381125
-182.082335 -179.333136 -172.628748 -160.947857 -146.312326 -132.712594 -123.926615 -121.932990 -125.644366 -129.803116 -123.914525  -91.820655 -124.502008 -230.584709 -245.227458 -238.170574 -207.274862 -151.714151  -71.983740   31.178897  155.217977  282.467669  331.272855   22.530337 -621.640233
-188.584984 -185.727429 -178.711604 -166.363010 -150.639219 -135.589082 -125.143482 -121.512104 -123.907555 -127.436505 -122.033725  -91.998636 -123.208267 -224.668807 -238.771852 -231.929706 -201.888528 -147.711009  -69.782247   31.247290  152.922251  277.919906  325.906200   21.881830 -612.899340
-195.087633 -192.121721 -184.794461 -171.778162 -154.966112 -138.465569 -126.360350 -121.091219 -122.170744 -125.069894 -120.152924  -92.176617 -121.914526 -218.752905 -232.316246 -225.688839 -196.502193 -143.707867  -67.580753   31.315683  150.626525  273.372143  320.539546   21.233323 -604.158448
-201.590282 -198.516013 -190.877317 -177.193314 -159.293005 -141.342056 -127.577217 -120.670333 -120.433933 -122.703282 -118.272123  -92.354598 -120.620785 -212.837003 -225.860641 -219.447972 -191.115859 -139.704726  -65.379259   31.384075  148.330799  268.824381  315.172891   20.584817 -595.417555
-208.092931 -204.910305 -196.960174 -182.608467 -163.619898 -144.218544 -128.794084 -120.249448 -118.697121 -120.336671 -116.391323  -92.532579 -119.327044 -206.921101 -219.405035 -213.207105 -185.729524 -135.701584  -63.177766   31.452468  146.035073  264.276618  309.806236   19.936310 -586.676663
-214.595580 -211.304597 -203.043031 -188.023619 -167.946791 -147.095031 -130.010952 -119.828562 -116.960310 -117.970060 -114.510522  -92.710560 -118.033303 -201.005199 -212.949429 -206.966238 -180.343190 -131.698442  -60.976272   31.520861  143.739347  259.728856  304.439581   19.287804 -577.935770
-221.098230 -217.698889 -209.125887 -193.438772 -172.273685 -149.971518 -131.227819 -119.407677 -115.223499 -115.603449 -112.629722  -92.888541 -116.739563 -195.089297 -206.493823 -200.725370 -174.956855 -127.695300  -58.774778   31.589253  141.443620  255.181093  299.072927   18.639297 -569.194878
-227.600879 -224.093181 -215.208744 -198.853924 -176.600578 -152.848006 -132.444686 -118.986791 -113.486688 -113.236837 -110.748921  -93.066522 -115.445822 -189.173396 -200.038218 -194.484503 -169.570521 -123.692159  -56.573285   31.657646  139.147894  250.633330  293.706272   17.990790 -560.453985
-234.103528 -230.487473 -221.291600 -204.269077 -180.927471 -155.724493 -133.661554 -118.565906 -111.749876 -110.870226 -108.868121  -93.244503 -114.152081 -183.257494 -193.582612 -188.243636 -164.184186 -119.689017  -54.371791   31.726039  136.852168  246.085568  288.339617   17.342284 -551.713093
-240.606177 -236.881765 -227.374457 -209.684229 -185.254364 -158.600980 -134.878421 -118.145020 -110.013065 -108.503615 -106.987320  -93.422484 -112.858340 -177.341592 -187.127006 -182.002769 -158.797851 -115.685875  -52.170297   31.794432  134.556442  241.537805  282.972963   16.693777 -542.972201
-247.108826 -243.276057 -233.457314 -215.099382 -189.581257 -161.477468 -136.095288 -117.724135 -108.276254 -106.137004 -105.106519  -93.600465 -111.564599 -171.425690 -180.671401 -175.761901 -153.411517 -111.682734  -49.968804   31.862824  132.260716  236.990043  277.606308   16.045271 -534.231308
-253.611475 -249.670349 -239.540170 -220.514534 -193.908150 -164.353955 -137.312156 -117.303249 -106.539443 -103.770393 -103.225719  -93.778446 -110.270859 -165.509788 -174.215795 -169.521034 -148.025182 -107.679592  -47.767310   31.931217  129.964990  232.442280  272.239653   15.396764 -525.490416
-260.114124 -256.064641 -245.623027 -225.929687 -198.235043 -167.230443 -138.529023 -116.882364 -104.802631 -101.403781 -101.344918  -93.956427 -108.977118 -159.593886 -167.760189 -163.280167 -142.638848 -103.676450  -45.565816   31.999610  127.669263  227.894517  266.872998   14.748257 -516.749523
-266.616773 -262.458933 -251.705884 -231.344839 -202.561936 -170.106930 -139.745890 -116.461478 -103.065820  -99.037170  -99.464118  -94.134408 -107.683377 -153.677984 -161.304584 -157.039300 -137.252513  -99.673308  -43.364323   32.068002  125.373537  223.346755  261.506344   14.099751 -508.008631
-273.119422 -268.853225 -257.788740 -236.759992 -206.888830 -172.983417 -140.962758 -116.040593 -101.329009  -96.670559  -97.583317  -94.312389 -106.389636 -147.762083 -154.848978 -150.798432 -131.866179  -95.670167  -41.162829   32.136395  123.077811  218.798992  256.139689   13.451244 -499.267738
-279.622071 -275.247517 -263.871597 -242.175144 -211.215723 -175.859905 -142.179625 -115.619707  -99.592198  -94.303948  -95.702517  -94.490370 -105.095895 -141.846181 -148.393372 -144.557565 -126.479844  -91.667025  -38.961336   32.204788  120.782085  214.251230  250.773034   12.802738 -490.526846
-286.124720 -281.641809 -269.954453 -247.590297 -215.542616 -178.736392 -143.396492 -115.198822  -97.855386  -91.937336  -93.821716  -94.668351 -103.802155 -135.930279 -141.937766 -138.316698 -121.093510  -87.663883  -36.759842   32.273180  118.486359  209.703467  245.406379   12.154231 -481.785953
-292.627370 -288.036101 -276.037310 -253.005449 -219.869509 -181.612879 -144.613360 -114.777936  -96.118575  -89.570725  -91.940916  -94.846332 -102.508414 -130.014377 -135.482161 -132.075831 -115.707175  -83.660741  -34.558348   32.341573  116.190633  205.155704  240.039725   11.505724 -473.045061
-299.130019 -294.430393 -282.120167 -258.420602 -224.196402 -184.489367 -145.830227 -114.357051  -94.381764  -87.204114  -90.060115  -95.024313 -101.214673 -124.098475 -129.026555 -125.834963 -110.320840  -79.657600  -32.356855   32.409966  113.894906  200.607942  234.673070   10.857218 -464.304168
-305.632668 -300.824685 -288.203023 -263.835754 -228.523295 -187.365854 -147.047094 -113.936165  -92.644953  -84.837503  -88.179314  -95.202294  -99.920932 -118.182573 -122.570949 -119.594096 -104.934506  -75.654458  -30.155361   32.478358  111.599180  196.060179  229.306415   10.208711 -455.563276
-312.135317 -307.218977 -294.285880 -269.250907 -232.850188 -190.242341 -148.263961 -113.515280  -90.908141  -82.470891  -86.298514  -95.380275  -98.627191 -112.266671 -116.115344 -113.353229  -99.548171  -71.651316  -27.953867   32.546751  109.303454  191.512417  223.939760    9.560204 -446.822383
-318.637966 -313.613269 -300.368736 -274.666059 -237.177081 -193.118829 -149.480829 -113.094394  -89.171330  -80.104280  -84.417713  -95.558256  -97.333451 -106.350769 -109.659738 -107.112362  -94.161837  -67.648175  -25.752374   32.615144  107.007728  186.964654  218.573106    8.911698 -438.081491
-325.140615 -320.007561 -306.451593 -280.081212 -241.503975 -195.995316 -150.697696 -112.673509  -87.434519  -77.737669  -82.536913  -95.736237  -96.039710 -100.434868 -103.204132 -100.871495  -88.775502  -63.645033  -23.550880   32.683536  104.712002  182.416891  213.206451    8.263191 -429.340598
-331.643264 -326.401853 -312.534450 -285.496364 -245.830868 -198.871803 -151.914563 -112.252624  -85.697708  -75.371058  -80.656112  -95.914218  -94.745969  -94.518966  -96.748527  -94.630627  -83.389168  -59.641891  -21.349386   32.751929  102.416276  177.869129  207.839796    7.614685 -420.599706
-338.145913 -332.796145 -318.617306 -290.911517 -250.157761 -201.748291 -153.131431 -111.831738  -83.960896  -73.004446  -78.775312  -96.092199  -93.452228  -88.603064  -90.292921  -88.389760  -78.002833  -55.638749  -19.147893   32.820322  100.120549  173.321366  202.473141    6.966178 -411.858813
-344.648562 -339.190437 -324.700163 -296.326669 -254.484654 -204.624778 -154.348298 -111.410853  -82.224085  -70.637835  -76.894511  -96.270180  -92.158487  -82.687162  -83.837315  -82.148893  -72.616499  -51.635608  -16.946399   32.888714   97.824823  168.773604  197.106487    6.317671 -403.117921
-351.151211 -345.584729 -330.783019 -301.741822 -258.811547 -207.501265 -155.565165 -110.989967  -80.487274  -68.271224  -75.013710  -96.448161  -90.864747  -76.771260  -77.381709  -75.908026  -67.230164  -47.632466  -14.744905   32.957107   95.529097  164.225841  191.739832    5.669165 -394.377029
-357.653860 -351.979021 -336.865876 -307.156974 -263.138440 -210.377753 -156.782033 -110.569082  -78.750463  -65.904613  -73.132910  -96.626142  -89.571006  -70.855358  -70.926104  -69.667158  -61.843829  -43.629324  -12.543412   33.025500   93.233371  159.678079  186.373177    5.020658 -385.636136
-364.156510 -358.373313 -342.948733 -312.572127 -267.465333 -213.254240 -157.998900 -110.148196  -77.013651  -63.538002  -71.252109  -96.804123  -88.277265  -64.939456  -64.470498  -63.426291  -56.457495  -39.626182  -10.341918   33.093892   90.937645  155.130316  181.006523    4.372152 -376.895244
-370.659159 -364.767605 -349.031589 -317.987279 -271.792226 -216.130727 -159.215767 -109.727311  -75.276840  -61.171390  -69.371309  -96.982104  -86.983524  -59.023554  -58.014892  -57.185424  -51.071160  -35.623041   -8.140424   33.162285   88.641919  150.582553  175.639868    3.723645 -368.154351
-377.161808 -371.161897 -355.114446 -323.402432 -276.119120 -219.007215 -160.432635 -109.306425  -73.540029  -58.804779  -67.490508  -97.160085  -85.689783  -53.107653  -51.559287  -50.944557  -45.684826  -31.619899   -5.938931   33.230678   86.346192  146.034791  170.273213    3.075138 -359.413459
-383.664457 -377.556189 -361.197302 -328.817584 -280.446013 -221.883702 -161.649502 -108.885540  -71.803218  -56.438168  -65.609708  -97.338066  -84.396043  -47.191751  -45.103681  -44.703689  -40.298491  -27.616757   -3.737437   33.299070   84.050466  141.487028  164.906558    2.426632 -350.672566
-390.167106 -383.950481 -367.280159 -334.232736 -284.772906 -224.760190 -162.866369 -108.464654  -70.066407  -54.071557  -63.728907  -97.516047  -83.102302  -41.275849  -38.648075  -38.462822  -34.912157  -23.613616   -1.535943   33.367463   81.754740  136.939266  159.539904    1.778125 -341.931674
-396.669755 -390.344773 -373.363016 -339.647889 -289.099799 -227.636677 -164.083237 -108.043769  -68.329595  -51.704945  -61.848107  -97.694028  -81.808561  -35.359947  -32.192470  -32.221955  -29.525822  -19.610474    0.665550   33.435856   79.459014  132.391503  154.173249    1.129619 -333.190781
-403.172404 -396.739065 -379.445872 -345.063041 -293.426692 -230.513164 -165.300104 -107.622883  -66.592784  -49.338334  -59.967306  -97.872009  -80.514820  -29.444045  -25.736864  -25.981088  -24.139488  -15.607332    2.867044   33.504248   77.163288  127.843740  148.806594    0.481112 -324.449889
-409.675053 -403.133357 -385.528729 -350.478194 -297.753585 -233.389652 -166.516971 -107.201998  -64.855973  -46.971723  -58.086505  -98.049990  -79.221079  -23.528143  -19.281258  -19.740221  -18.753153  -11.604190    5.068538   33.572641   74.867562  123.295978  143.439939   -0.167395 -315.708996
-416.177702 -409.527649 -391.611586 -355.893346 -302.080478 -236.266139 -167.733839 -106.781112  -63.119162  -44.605112  -56.205705  -98.227971  -77.927338  -17.612241  -12.825652  -13.499353  -13.366818   -7.601049    7.270031   33.641034   72.571835  118.748215  138.073285   -0.815901 -306.968104
-422.680351 -415.921941 -397.694442 -361.308499 -306.407371 -239.142626 -168.950706 -106.360227  -61.382350  -42.238500  -54.324904  -98.405952  -76.633598  -11.696340   -6.370047   -7.258486   -7.980484   -3.597907    9.471525   33.709426   70.276109  114.200453  132.706630   -1.464408 -298.227211
-429.183000 -422.316233 -403.777299 -366.723651 -310.734265 -242.019114 -170.167573 -105.939341  -59.645539  -39.871889  -52.444104  -98.583933  -75.339857   -5.780438    0.085559   -1.017619   -2.594149    0.405235   11.673018   33.777819   67.980383  109.652690  127.339975   -2.112914 -289.486319
-435.685650 -428.710525 -409.860155 -372.138804 -315.061158 -244.895601 -171.384441 -105.518456  -57.908728  -37.505278  -50.563303  -98.761914  -74.046116    0.135464    6.541165    5.223248    2.792185    4.408376   13.874512   33.846212   65.684657  105.104927  121.973320   -2.761421 -280.745426
-442.188299 -435.104818 -415.943012 -377.553956 -319.388051 -247.772088 -172.601308 -105.097570  -56.171917  -35.138667  -48.682503  -98.939896  -72.752375    6.051366   12.996770   11.464116    8.178520    8.411518   16.076006   33.914604   63.388931  100.557165  116.606666   -3.409928 -272.004534
-448.690948 -441.499110 -422.025869 -382.969109 -323.714944 -250.648576 -173.818175 -104.676685  -54.435105  -32.772055  -46.801702  -99.117877  -71.458634   11.967268   19.452376   17.704983   13.564854   12.414660   18.277499   33.982997   61.093205   96.009402  111.240011   -4.058434 -263.263641
-455.193597 -447.893402 -428.108725 -388.384261 -328.041837 -253.525063 -175.035043 -104.255799  -52.698294  -30.405444  -44.920901  -99.295858  -70.164894   17.883170   25.907982   23.945850   18.951189   16.417802   20.478993   34.051390   58.797478   91.461640  105.873356   -4.706941 -254.522749
-461.696246 -454.287694 -434.191582 -393.799414 -332.368730 -256.401550 -176.251910 -103.834914  -50.961483  -28.038833  -43.040101  -99.473839  -68.871153   23.799072   32.363587   30.186717   24.337523   20.420943   22.680487   34.119782   56.501752   86.913877  100.506701   -5.355448 -245.781856
-468.198895 -460.681986 -440.274438 -399.214566 -336.695623 -259.278038 -177.468777 -103.414028  -49.224672  -25.672222  -41.159300  -99.651820  -67.577412   29.714974   38.819193   36.427585   29.723858   24.424085   24.881980   34.188175   54.206026   82.366114   95.140047   -6.003954 -237.040964
-474.701544 -467.076278 -446.357295 -404.629719 -341.022516 -262.154525 -178.685645 -102.993143  -47.487860  -23.305611  -39.278500  -99.829801  -66.283671   35.630875   45.274799   42.668452   35.110192   28.427227   27.083474   34.256568   51.910300   77.818352   89.773392   -6.652461 -228.300072
-481.204193 -473.470570 -452.440152 -410.044871 -345.349410 -265.031012 -179.902512 -102.572257  -45.751049  -20.938999  -37.397699 -100.007782  -64.989930   41.546777   51.730405   48.909319   40.496527   32.430369   29.284968   34.324960   49.614574   73.270589   84.406737   -7.300967 -219.559179
-487.706842 -479.864862 -458.523008 -415.460024 -349.676303 -267.907500 -181.119379 -102.151372  -44.014238  -18.572388  -35.516899 -100.185763  -63.696190   47.462679   58.186010   55.150186   45.882862   36.433510   31.486461   34.393353   47.318848   68.722827   79.040083   -7.949474 -210.818287
-494.209491 -486.259154 -464.605865 -420.875176 -354.003196 -270.783987 -182.336247 -101.730486  -42.277427  -16.205777  -33.636098 -100.363744  -62.402449   53.378581   64.641616   61.391054   51.269196   40.436652   33.687955   34.461746   45.023121   64.175064   73.673428   -8.597981 -202.077394
-500.712141 -492.653446 -470.688721 -426.290329 -358.330089 -273.660474 -183.553114 -101.309601  -40.540615  -13.839166  -31.755298 -100.541725  -61.108708   59.294483   71.097222   67.631921   56.655531   44.439794   35.889449   34.530138   42.727395   59.627301   68.306773   -9.246487 -193.336502
-507.214790 -499.047738 -476.771578 -431.705481 -362.656982 -276.536962 -184.769981 -100.888715  -38.803804  -11.472554  -29.874497 -100.719706  -59.814967   65.210385   77.552827   73.872788   62.041865   48.442935   38.090942   34.598531   40.431669   55.079539   62.940118   -9.894994 -184.595609
-513.717439 -505.442030 -482.854435 -437.120634 -366.983875 -279.413449 -185.986849 -100.467830  -37.066993   -9.105943  -27.993696 -100.897687  -58.521226   71.126287   84.008433   80.113655   67.428200   52.446077   40.292436   34.666924   38.135943   50.531776   57.573464  -10.543500 -175.854717
-520.220088 -511.836322 -488.937291 -442.535786 -371.310768 -282.289936 -187.203716 -100.046944  -35.330182   -6.739332  -26.112896 -101.075668  -57.227486   77.042188   90.464039   86.354522   72.814534   56.449219   42.493930   34.735316   35.840217   45.984014   52.206809  -11.192007 -167.113824
-526.722737 -518.230614 -495.020148 -447.950939 -375.637661 -285.166424 -188.420583  -99.626059  -33.593370   -4.372721  -24.232095 -101.253649  -55.933745   82.958090   96.919644   92.595390   78.200869   60.452361   44.695423   34.803709   33.544491   41.436251   46.840154  -11.840514 -158.372932
-533.225386 -524.624906 -501.103005 -453.366091 -379.964555 -288.042911 -189.637451  -99.205173  -31.856559   -2.006109  -22.351295 -101.431630  -54.640004   88.873992  103.375250   98.836257   83.587203   64.455502   46.896917   34.872102   31.248764   36.888488   41.473499  -12.489020 -149.632039
-539.728035 -531.019198 -507.185861 -458.781244 -384.291448 -290.919399 -190.854318  -98.784288  -30.119748    0.360502  -20.470494 -101.609611  -53.346263   94.789894  109.830856  105.077124   88.973538   68.458644   49.098411   34.940494   28.953038   32.340726   36.106845  -13.137527 -140.891147
-546.230684 -537.413490 -513.268718 -464.196396 -388.618341 -293.795886 -192.071185  -98.363402  -28.382937    2.727113  -18.589694 -101.787592  -52.052522  100.705796  116.286461  111.317991   94.359873   72.461786   51.299904   35.008887   26.657312   27.792963   30.740190  -13.786033 -132.150254
-552.733333 -543.807782 -519.351574 -469.611549 -392.945234 -296.672373 -193.288053  -97.942517  -26.646125    5.093724  -16.708893 -101.965573  -50.758782  106.621698  122.742067  117.558859   99.746207   76.464928   53.501398   35.077280   24.361586   23.245201   25.373535  -14.434540 -123.409362
-559.235982 -550.202074 -525.434431 -475.026701 -397.272127 -299.548861 -194.504920  -97.521631  -24.909314    7.460336  -14.828092 -102.143554  -49.465041  112.537600  129.197673  123.799726  105.132542   80.468069   55.702892   35.145672   22.065860   18.697438   20.006880  -15.083047 -114.668469
-565.738631 -556.596366 -531.517288 -480.441854 -401.599020 -302.425348 -195.721787  -97.100746  -23.172503    9.826947  -12.947292 -102.321535  -48.171300  118.453502  135.653279  130.040593  110.518876   84.471211   57.904385   35.214065   19.770134   14.149675   14.640226  -15.731553 -105.927577
-572.241281 -562.990658 -537.600144 -485.857006 -405.925913 -305.301835 -196.938655  -96.679860  -21.435692   12.193558  -11.066491 -102.499516  -46.877559  124.369403  142.108884  136.281460  115.905211   88.474353   60.105879   35.282458   17.474407    9.601913    9.273571  -16.380060  -97.186684
-578.743930 -569.384950 -543.683001 -491.272158 -410.252807 -308.178323 -198.155522  -96.258975  -19.698880   14.560169   -9.185691 -102.677497  -45.583818  130.285305  148.564490  142.522328  121.291545   92.477494   62.307373   35.350850   15.178681    5.054150    3.906916  -17.028566  -88.445792
-585.246579 -575.779242 -549.765857 -496.687311 -414.579700 -311.054810 -199.372389  -95.838089  -17.962069   16.926780   -7.304890 -102.855478  -44.290078  136.201207  155.020096  148.763195  126.677880   96.480636   64.508866   35.419243   12.882955    0.506388   -1.459739  -17.677073  -79.704900
-591.749228 -582.173534 -555.848714 -502.102463 -418.906593 -313.931297 -200.589256  -95.417204  -16.225258   19.293392   -5.424090 -103.033459  -42.996337  142.117109  161.475701  155.004062  132.064214  100.483778   66.710360   35.487636   10.587229   -4.041375   -6.826393  -18.325580  -70.964007
-598.251877 -588.567826 -561.931571 -507.517616 -423.233486 -316.807785 -201.806124  -94.996318  -14.488447   21.660003   -3.543289 -103.211440  -41.702596  148.033011  167.931307  161.244929  137.450549  104.486920   68.911853   35.556028    8.291503   -8.589138  -12.193048  -18.974086  -62.223115
-604.754526 -594.962118 -568.014427 -512.932768 -427.560379 -319.684272 -203.022991  -94.575433  -12.751635   24.026614   -1.662488 -103.389421  -40.408855  153.948913  174.386913  167.485796  142.836884  108.490061   71.113347   35.624421    5.995777  -13.136900  -17.559703  -19.622593  -53.482222
-611.257175 -601.356410 -574.097284 -518.347921 -431.887272 -322.560759 -204.239858  -94.154547  -11.014824   26.393225    0.218312 -103.567402  -39.115114  159.864815  180.842518  173.726664  148.223218  112.493203   73.314841   35.692814    3.700050  -17.684663  -22.926357  -20.271099  -44.741330
-617.759824 -607.750702 -580.180140 -523.763073 -436.214165 -325.437247 -205.456726  -93.733662   -9.278013   28.759837    2.099113 -103.745383  -37.821373  165.780716  187.298124  179.967531  153.609553  116.496345   75.516334   35.761206    1.404324  -22.232425  -28.293012  -20.919606  -36.000437
-624.262473 -614.144994 -586.262997 -529.178226 -440.541058 -328.313734 -206.673593  -93.312776   -7.541202   31.126448    3.979913 -103.923364  -36.527633  171.696618  193.753730  186.208398  158.995887  120.499487   77.717828   35.829599   -0.891402  -26.780188  -33.659667  -21.568113  -27.259545
-630.765122 -620.539286 -592.345854 -534.593378 -444.867952 -331.190221 -207.890460  -92.891891   -5.804390   33.493059    5.860714 -104.101345  -35.233892  177.612520  200.209336  192.449265  164.382222  124.502628   79.919322   35.897992   -3.187128  -31.327950  -39.026322  -22.216619  -18.518652
-637.267771 -626.933578 -598.428710 -540.008531 -449.194845 -334.066709 -209.107328  -92.471005   -4.067579   35.859670    7.741514 -104.279326  -33.940151  183.528422  206.664941  198.690133  169.768556  128.505770   82.120815   35.966384   -5.482854  -35.875713  -44.392976  -22.865126   -9.777760
-643.770421 -633.327870 -604.511567 -545.423683 -453.521738 -336.943196 -210.324195  -92.050120   -2.330768   38.226282    9.622315 -104.457307  -32.646410  189.444324  213.120547  204.931000  175.154891  132.508912   84.322309   36.034777   -7.778580  -40.423476  -49.759631  -23.513633   -1.036867