  -0.024946
 -12.918954
 -25.659110
 -38.348899
 -50.584540
 -62.684916
 -73.833413
 -84.630458
 -93.966688
-102.606768
-109.475586
-115.216350
-119.164062
-121.566606
-122.440931
-121.530237
-119.572756
-115.972090
-111.918000
-106.960541
-102.156609
 -97.994478
 -94.643696
 -95.239717
 -97.404933
 -97.001353
 -92.977959
 -80.808295
 -68.247049
 -55.384220
 -42.413779
 -29.772806
 -17.273544
  -5.932938
   4.853962
  13.952022
  21.984530
  28.086644
  32.540274
  35.038107
  35.254527
  33.643433
  29.115582
  23.075441
  13.807921
   3.737831
  -8.109410
 -19.019422
 -22.298214
 -20.210334
  -2.359711