  -0.024946
  -6.545261
 -13.048525
 -19.496125
 -25.916037
 -32.345063
 -38.728016
 -44.950087
 -51.074455
 -57.214405
 -63.279928
 -69.011097
 -74.487873
 -79.968223
 -85.364993
 -90.249313
 -94.662273
 -99.040470
-103.356709
-107.049988
-110.051365
-112.948402
-115.822285
-118.063886
-119.455179
-120.652118
-121.861731
-122.532913
-122.323528
-121.839798
-121.384032
-120.563971
-119.016406
-117.175893
-115.349826
-113.374912
-111.043056
-108.531601
-105.998248
-103.527771
-101.296859
 -99.221043
 -97.097569
 -95.228629
 -94.492308
 -94.836360
 -95.676947
 -96.864393
 -97.665884
 -97.393898
 -96.497667
 -94.681634
 -90.338781
 -83.884894
 -77.292876
 -71.005698
 -64.675969
 -58.146500
 -51.572955
 -45.020596
 -38.537221
 -32.174934
 -25.848635
 -19.517678
 -13.416414
  -7.785561
  -2.339709
   3.134105
   8.310469
  12.729538
  16.774764
  20.859197
  24.651339
  27.482606
  29.727214
  31.999427
  34.028941
  34.975126
  35.108724
  35.226222
  35.171330
  33.995192
  31.789698
  29.478202
  27.067255
  23.660409
  19.144863
  14.379080
   9.553034
   4.296336
  -1.486162
  -7.606471
 -13.866329
 -18.810972
 -21.097034
 -22.254907
 -22.940544
 -20.322185
 -12.314183
  -2.359711