   0.000000
 -12.910394
 -25.680230
 -38.290191
 -50.642743
 -62.587765
 -73.943140
 -84.511586
 -94.094724
-102.505075
-109.576535
-115.173722
-119.200475
-121.607737
-122.400982
-121.647329
-119.482436
-116.117286
-111.844977
-107.047620
-102.203525
 -97.894884
 -94.816253
 -93.784282
 -95.749294
-101.809613
 -91.679761
 -80.331222
 -68.112894
 -55.373411
 -42.454389
 -29.684302
 -17.373218
  -5.808650
   4.747234
  14.058778
  21.916271
  28.133649
  32.544905
  35.000195
  35.363667
  33.516607
  29.371915
  22.909573
  14.248189
   3.775580
  -7.627146
 -18.217190
 -24.803151
 -21.832484
   0.000019