334.092269 334.092269 334.092269 334.092269
330.410584 330.410584 330.410584 330.410584
326.728899 326.728899 326.728899 326.728899
323.047214 323.047214 323.047214 323.047214
319.365530 319.365530 319.365530 319.365530
315.683845 315.683845 315.683845 315.683845
312.002160 312.002160 312.002160 312.002160
308.320476 308.320476 308.320476 308.320476
304.638791 304.638791 304.638791 304.638791
300.957106 300.957106 300.957106 300.957106
297.275421 297.275421 297.275421 297.275421
293.593737 293.593737 293.593737 293.593737
289.912052 289.912052 289.912052 289.912052
286.230367 286.230367 286.230367 286.230367
282.548682 282.548682 282.548682 282.548682
278.866998 278.866998 278.866998 278.866998
275.185313 275.185313 275.185313 275.185313
271.503628 271.503628 271.503628 271.503628
267.821944 267.821944 267.821944 267.821944
264.140259 264.140259 264.140259 264.140259
260.458574 260.458574 260.458574 260.458574
256.776889 256.776889 256.776889 256.776889
253.095205 253.095205 253.095205 253.095205
249.413520 249.413520 249.413520 249.413520
245.731835 245.731835 245.731835 245.731835
242.050151 242.050151 242.050151 242.050151
238.368466 238.368466 238.368466 238.368466
234.686781 234.686781 234.686781 234.686781
231.005096 231.005096 231.005096 231.005096
227.323412 227.323412 227.323412 227.323412
223.641727 223.641727 223.641727 223.641727
219.960042 219.960042 219.960042 219.960042
216.278357 216.278357 216.278357 216.278357
212.596673 212.596673 212.596673 212.596673
208.914988 208.914988 208.914988 208.914988
205.233303 205.233303 205.233303 205.233303
201.551619 201.551619 201.551619 201.551619
197.869934 197.869934 197.869934 197.869934
194.188249 194.188249 194.188249 194.188249
190.506564 190.506564 190.506564 190.506564
186.824880 186.824880 186.824880 186.824880
183.143195 183.143195 183.143195 183.143195
179.461510 179.461510 179.461510 179.461510
175.779825 175.779825 175.779825 175.779825
172.098141 172.098141 172.098141 172.098141
168.416456 168.416456 168.416456 168.416456
164.734771 164.734771 164.734771 164.734771
161.053087 161.053087 161.053087 161.053087
157.371402 157.371402 157.371402 157.371402
153.689717 153.689717 153.689717 153.689717
150.008032 150.008032 150.008032 150.008032
146.326348 146.326348 146.326348 146.326348
142.644663 142.644663 142.644663 142.644663
138.962978 138.962978 138.962978 138.962978
135.281293 135.281293 135.281293 135.281293
131.599609 131.599609 131.599609 131.599609
127.917924 127.917924 127.917924 127.917924
124.236239 124.236239 124.236239 124.236239
120.554555 120.554555 120.554555 120.554555
116.872870 116.872870 116.872870 116.872870
113.191185 113.191185 113.191185 113.191185
109.509500 109.509500 109.509500 109.509500
105.827816 105.827816 105.827816 105.827816
102.146131 102.146131 102.146131 102.146131
 98.464446  98.464446  98.464446  98.464446
 94.782762  94.782762  94.782762  94.782762
 91.101077  91.101077  91.101077  91.101077
 87.419392  87.419392  87.419392  87.419392
 83.737707  83.737707  83.737707  83.737707
 80.056023  80.056023  80.056023  80.056023
 76.374338  76.374338  76.374338  76.374338
 72.692653  72.692653  72.692653  72.692653
 69.010968  69.010968  69.010968  69.010968
 65.329284  65.329284  65.329284  65.329284
 61.647599  61.647599  61.647599  61.647599
 57.965914  57.965914  57.965914  57.965914
 54.284230  54.284230  54.284230  54.284230
 50.602545  50.602545  50.602545  50.602545
 46.920860  46.920860  46.920860  46.920860
 43.239175  43.239175  43.239175  43.239175
 39.557491  39.557491  39.557491  39.557491
 35.875806  35.875806  35.875806  35.875806
 32.194121  32.194121  32.194121  32.194121
 28.512436  28.512436  28.512436  28.512436
 24.830752  24.830752  24.830752  24.830752
 21.149067  21.149067  21.149067  21.149067
 17.467382  17.467382  17.467382  17.467382
 13.785698  13.785698  13.785698  13.785698
 10.104013  10.104013  10.104013  10.104013
  6.422328   6.422328   6.422328   6.422328
  2.740643   2.740643   2.740643   2.740643
 -0.941041  -0.941041  -0.941041  -0.941041
 -4.622726  -4.622726  -4.622726  -4.622726
 -8.304411  -8.304411  -8.304411  -8.304411
-11.986096 -11.986096 -11.986096 -11.986096
-15.667780 -15.667780 -15.667780 -15.667780
-19.349465 -19.349465 -19.349465 -19.349465
-23.031150 -23.031150 -23.031150 -23.031150
-26.712834 -26.712834 -26.712834 -26.712834
-30.394519 -30.394519 -30.394519 -30.394519