0.390957 0.016486 0.374471 0.000000
0.381890 0.007843 0.374047 0.000000
0.390378 0.018389 0.371989 0.000000
0.381480 0.007109 0.374371 0.000000
0.406023 0.026280 0.379742 0.000000
0.387231 0.013687 0.373545 0.000000
0.396779 0.022096 0.374683 0.000000
0.396363 0.021193 0.375170 0.000000
0.399306 0.023007 0.376299 0.000000
0.400528 0.024787 0.375741 0.000000
0.381308 0.004806 0.376501 0.000000
0.385908 0.009241 0.376667 0.000000
0.383836 0.010209 0.373627 0.000000
0.385272 0.008008 0.377264 0.000000
0.405039 0.024097 0.380943 0.000000