 -49.654043  -49.654043  -49.654043  -49.654043
 -50.652129  -50.652129  -50.652129  -50.652129
 -51.650216  -51.650216  -51.650216  -51.650216
 -52.648303  -52.648303  -52.648303  -52.648303
 -53.646390  -53.646390  -53.646390  -53.646390
 -54.644476  -54.644476  -54.644476  -54.644476
 -55.642563  -55.642563  -55.642563  -55.642563
 -56.640650  -56.640650  -56.640650  -56.640650
 -57.638736  -57.638736  -57.638736  -57.638736
 -58.636823  -58.636823  -58.636823  -58.636823
 -59.634910  -59.634910  -59.634910  -59.634910
 -60.632996  -60.632996  -60.632996  -60.632996
 -61.631083  -61.631083  -61.631083  -61.631083
 -62.629170  -62.629170  -62.629170  -62.629170
 -63.627257  -63.627257  -63.627257  -63.627257
 -64.625343  -64.625343  -64.625343  -64.625343
 -65.623430  -65.623430  -65.623430  -65.623430
 -66.621517  -66.621517  -66.621517  -66.621517
 -67.619603  -67.619603  -67.619603  -67.619603
 -68.617690  -68.617690  -68.617690  -68.617690
 -69.615777  -69.615777  -69.615777  -69.615777
 -70.613863  -70.613863  -70.613863  -70.613863
 -71.611950  -71.611950  -71.611950  -71.611950
 -72.610037  -72.610037  -72.610037  -72.610037
 -73.608124  -73.608124  -73.608124  -73.608124
 -74.606210  -74.606210  -74.606210  -74.606210
 -75.604297  -75.604297  -75.604297  -75.604297
 -76.602384  -76.602384  -76.602384  -76.602384
 -77.600470  -77.600470  -77.600470  -77.600470
 -78.598557  -78.598557  -78.598557  -78.598557
 -79.596644  -79.596644  -79.596644  -79.596644
 -80.594730  -80.594730  -80.594730  -80.594730
 -81.592817  -81.592817  -81.592817  -81.592817
 -82.590904  -82.590904  -82.590904  -82.590904
 -83.588990  -83.588990  -83.588990  -83.588990
 -84.587077  -84.587077  -84.587077  -84.587077
 -85.585164  -85.585164  -85.585164  -85.585164
 -86.583251  -86.583251  -86.583251  -86.583251
 -87.581337  -87.581337  -87.581337  -87.581337
 -88.579424  -88.579424  -88.579424  -88.579424
 -89.577511  -89.577511  -89.577511  -89.577511
 -90.575597  -90.575597  -90.575597  -90.575597
 -91.573684  -91.573684  -91.573684  -91.573684
 -92.571771  -92.571771  -92.571771  -92.571771
 -93.569857  -93.569857  -93.569857  -93.569857
 -94.567944  -94.567944  -94.567944  -94.567944
 -95.566031  -95.566031  -95.566031  -95.566031
 -96.564118  -96.564118  -96.564118  -96.564118
 -97.562204  -97.562204  -97.562204  -97.562204
 -98.560291  -98.560291  -98.560291  -98.560291
 -99.558378  -99.558378  -99.558378  -99.558378
-100.556464 -100.556464 -100.556464 -100.556464
-101.554551 -101.554551 -101.554551 -101.554551
-102.552638 -102.552638 -102.552638 -102.552638
-103.550724 -103.550724 -103.550724 -103.550724
-104.548811 -104.548811 -104.548811 -104.548811
-105.546898 -105.546898 -105.546898 -105.546898
-106.544985 -106.544985 -106.544985 -106.544985
-107.543071 -107.543071 -107.543071 -107.543071
-108.541158 -108.541158 -108.541158 -108.541158
-109.539245 -109.539245 -109.539245 -109.539245
-110.537331 -110.537331 -110.537331 -110.537331
-111.535418 -111.535418 -111.535418 -111.535418
-112.533505 -112.533505 -112.533505 -112.533505
-113.531591 -113.531591 -113.531591 -113.531591
-114.529678 -114.529678 -114.529678 -114.529678
-115.527765 -115.527765 -115.527765 -115.527765
-116.525852 -116.525852 -116.525852 -116.525852
-117.523938 -117.523938 -117.523938 -117.523938
-118.522025 -118.522025 -118.522025 -118.522025
-119.520112 -119.520112 -119.520112 -119.520112
-120.518198 -120.518198 -120.518198 -120.518198
-121.516285 -121.516285 -121.516285 -121.516285
-122.514372 -122.514372 -122.514372 -122.514372
-123.512458 -123.512458 -123.512458 -123.512458
-124.510545 -124.510545 -124.510545 -124.510545
-125.508632 -125.508632 -125.508632 -125.508632
-126.506719 -126.506719 -126.506719 -126.506719
-127.504805 -127.504805 -127.504805 -127.504805
-128.502892 -128.502892 -128.502892 -128.502892
-129.500979 -129.500979 -129.500979 -129.500979
-130.499065 -130.499065 -130.499065 -130.499065
-131.497152 -131.497152 -131.497152 -131.497152
-132.495239 -132.495239 -132.495239 -132.495239
-133.493325 -133.493325 -133.493325 -133.493325
-134.491412 -134.491412 -134.491412 -134.491412
-135.489499 -135.489499 -135.489499 -135.489499
-136.487585 -136.487585 -136.487585 -136.487585
-137.485672 -137.485672 -137.485672 -137.485672
-138.483759 -138.483759 -138.483759 -138.483759
-139.481846 -139.481846 -139.481846 -139.481846
-140.479932 -140.479932 -140.479932 -140.479932
-141.478019 -141.478019 -141.478019 -141.478019
-142.476106 -142.476106 -142.476106 -142.476106
-143.474192 -143.474192 -143.474192 -143.474192
-144.472279 -144.472279 -144.472279 -144.472279
-145.470366 -145.470366 -145.470366 -145.470366
-146.468452 -146.468452 -146.468452 -146.468452
-147.466539 -147.466539 -147.466539 -147.466539
-148.464626 -148.464626 -148.464626 -148.464626