275.862429
273.772591
271.682753
269.592916
267.503078
265.413240
263.323402
261.233565
259.143727
257.053889
254.964051
252.874214
250.784376
248.694538
246.604700
244.514863
242.425025
240.335187
238.245350
236.155512
234.065674
231.975836
229.885999
227.796161
225.706323
223.616485
221.526648
219.436810
217.346972
215.257135
213.167297
211.077459
208.987621
206.897784
204.807946
202.718108
200.628270
198.538433
196.448595
194.358757
192.268920
190.179082
188.089244
185.999406
183.909569
181.819731
179.729893
177.640055
175.550218
173.460380
171.370542
169.280705
167.190867
165.101029
163.011191
160.921354
158.831516
156.741678
154.651840
152.562003
150.472165
148.382327
146.292490
144.202652
142.112814
140.022976
137.933139
135.843301
133.753463
131.663625
129.573788
127.483950
125.394112
123.304275
121.214437
119.124599
117.034761
114.944924
112.855086
110.765248
108.675410
106.585573
104.495735
102.405897
100.316059
 98.226222
 96.136384
 94.046546
 91.956709
 89.866871
 87.777033
 85.687195
 83.597358
 81.507520
 79.417682
 77.327844
 75.238007
 73.148169
 71.058331
 68.968494