-83.591268 -83.591268 -83.591268 -83.591268
-81.754302 -81.754302 -81.754302 -81.754302
-79.917335 -79.917335 -79.917335 -79.917335
-78.080369 -78.080369 -78.080369 -78.080369
-76.243402 -76.243402 -76.243402 -76.243402
-74.406436 -74.406436 -74.406436 -74.406436
-72.569469 -72.569469 -72.569469 -72.569469
-70.732503 -70.732503 -70.732503 -70.732503
-68.895536 -68.895536 -68.895536 -68.895536
-67.058570 -67.058570 -67.058570 -67.058570
-65.221603 -65.221603 -65.221603 -65.221603
-63.384637 -63.384637 -63.384637 -63.384637
-61.547670 -61.547670 -61.547670 -61.547670
-59.710704 -59.710704 -59.710704 -59.710704
-57.873737 -57.873737 -57.873737 -57.873737
-56.036771 -56.036771 -56.036771 -56.036771
-54.199804 -54.199804 -54.199804 -54.199804
-52.362838 -52.362838 -52.362838 -52.362838
-50.525871 -50.525871 -50.525871 -50.525871
-48.688905 -48.688905 -48.688905 -48.688905
-46.851938 -46.851938 -46.851938 -46.851938
-45.014972 -45.014972 -45.014972 -45.014972
-43.178005 -43.178005 -43.178005 -43.178005
-41.341039 -41.341039 -41.341039 -41.341039
-39.504072 -39.504072 -39.504072 -39.504072
-37.667105 -37.667105 -37.667105 -37.667105
-35.830139 -35.830139 -35.830139 -35.830139
-33.993172 -33.993172 -33.993172 -33.993172
-32.156206 -32.156206 -32.156206 -32.156206
-30.319239 -30.319239 -30.319239 -30.319239
-28.482273 -28.482273 -28.482273 -28.482273
-26.645306 -26.645306 -26.645306 -26.645306
-24.808340 -24.808340 -24.808340 -24.808340
-22.971373 -22.971373 -22.971373 -22.971373
-21.134407 -21.134407 -21.134407 -21.134407
-19.297440 -19.297440 -19.297440 -19.297440
-17.460474 -17.460474 -17.460474 -17.460474
-15.623507 -15.623507 -15.623507 -15.623507
-13.786541 -13.786541 -13.786541 -13.786541
-11.949574 -11.949574 -11.949574 -11.949574
-10.112608 -10.112608 -10.112608 -10.112608
 -8.275641  -8.275641  -8.275641  -8.275641
 -6.438675  -6.438675  -6.438675  -6.438675
 -4.601708  -4.601708  -4.601708  -4.601708
 -2.764742  -2.764742  -2.764742  -2.764742
 -0.927775  -0.927775  -0.927775  -0.927775
  0.909191   0.909191   0.909191   0.909191
  2.746158   2.746158   2.746158   2.746158
  4.583124   4.583124   4.583124   4.583124
  6.420091   6.420091   6.420091   6.420091
  8.257057   8.257057   8.257057   8.257057
 10.094024  10.094024  10.094024  10.094024
 11.930990  11.930990  11.930990  11.930990
 13.767957  13.767957  13.767957  13.767957
 15.604923  15.604923  15.604923  15.604923
 17.441890  17.441890  17.441890  17.441890
 19.278856  19.278856  19.278856  19.278856
 21.115823  21.115823  21.115823  21.115823
 22.952789  22.952789  22.952789  22.952789
 24.789756  24.789756  24.789756  24.789756
 26.626723  26.626723  26.626723  26.626723
 28.463689  28.463689  28.463689  28.463689
 30.300656  30.300656  30.300656  30.300656
 32.137622  32.137622  32.137622  32.137622
 33.974589  33.974589  33.974589  33.974589
 35.811555  35.811555  35.811555  35.811555
 37.648522  37.648522  37.648522  37.648522
 39.485488  39.485488  39.485488  39.485488
 41.322455  41.322455  41.322455  41.322455
 43.159421  43.159421  43.159421  43.159421
 44.996388  44.996388  44.996388  44.996388
 46.833354  46.833354  46.833354  46.833354
 48.670321  48.670321  48.670321  48.670321
 50.507287  50.507287  50.507287  50.507287
 52.344254  52.344254  52.344254  52.344254
 54.181220  54.181220  54.181220  54.181220
 56.018187  56.018187  56.018187  56.018187
 57.855153  57.855153  57.855153  57.855153
 59.692120  59.692120  59.692120  59.692120
 61.529086  61.529086  61.529086  61.529086
 63.366053  63.366053  63.366053  63.366053
 65.203019  65.203019  65.203019  65.203019
 67.039986  67.039986  67.039986  67.039986
 68.876952  68.876952  68.876952  68.876952
 70.713919  70.713919  70.713919  70.713919
 72.550885  72.550885  72.550885  72.550885
 74.387852  74.387852  74.387852  74.387852
 76.224818  76.224818  76.224818  76.224818
 78.061785  78.061785  78.061785  78.061785
 79.898751  79.898751  79.898751  79.898751
 81.735718  81.735718  81.735718  81.735718
 83.572684  83.572684  83.572684  83.572684
 85.409651  85.409651  85.409651  85.409651
 87.246617  87.246617  87.246617  87.246617
 89.083584  89.083584  89.083584  89.083584
 90.920551  90.920551  90.920551  90.920551
 92.757517  92.757517  92.757517  92.757517
 94.594484  94.594484  94.594484  94.594484
 96.431450  96.431450  96.431450  96.431450
 98.268417  98.268417  98.268417  98.268417