675.605853 675.605853 675.605853 675.605853
668.160167 668.160167 668.160167 668.160167
660.714481 660.714481 660.714481 660.714481
653.268795 653.268795 653.268795 653.268795
645.823109 645.823109 645.823109 645.823109
638.377423 638.377423 638.377423 638.377423
630.931737 630.931737 630.931737 630.931737
623.486051 623.486051 623.486051 623.486051
616.040365 616.040365 616.040365 616.040365
608.594679 608.594679 608.594679 608.594679
601.148993 601.148993 601.148993 601.148993
593.703307 593.703307 593.703307 593.703307
586.257621 586.257621 586.257621 586.257621
578.811935 578.811935 578.811935 578.811935
571.366249 571.366249 571.366249 571.366249
563.920563 563.920563 563.920563 563.920563
556.474877 556.474877 556.474877 556.474877
549.029191 549.029191 549.029191 549.029191
541.583505 541.583505 541.583505 541.583505
534.137819 534.137819 534.137819 534.137819
526.692133 526.692133 526.692133 526.692133
519.246447 519.246447 519.246447 519.246447
511.800761 511.800761 511.800761 511.800761
504.355075 504.355075 504.355075 504.355075
496.909389 496.909389 496.909389 496.909389
489.463703 489.463703 489.463703 489.463703
482.018017 482.018017 482.018017 482.018017
474.572331 474.572331 474.572331 474.572331
467.126645 467.126645 467.126645 467.126645
459.680959 459.680959 459.680959 459.680959
452.235273 452.235273 452.235273 452.235273
444.789587 444.789587 444.789587 444.789587
437.343901 437.343901 437.343901 437.343901
429.898215 429.898215 429.898215 429.898215
422.452529 422.452529 422.452529 422.452529
415.006843 415.006843 415.006843 415.006843
407.561157 407.561157 407.561157 407.561157
400.115471 400.115471 400.115471 400.115471
392.669784 392.669784 392.669784 392.669784
385.224098 385.224098 385.224098 385.224098
377.778412 377.778412 377.778412 377.778412
370.332726 370.332726 370.332726 370.332726
362.887040 362.887040 362.887040 362.887040
355.441354 355.441354 355.441354 355.441354
347.995668 347.995668 347.995668 347.995668
340.549982 340.549982 340.549982 340.549982
333.104296 333.104296 333.104296 333.104296
325.658610 325.658610 325.658610 325.658610
318.212924 318.212924 318.212924 318.212924
310.767238 310.767238 310.767238 310.767238
303.321552 303.321552 303.321552 303.321552
295.875866 295.875866 295.875866 295.875866
288.430180 288.430180 288.430180 288.430180
280.984494 280.984494 280.984494 280.984494
273.538808 273.538808 273.538808 273.538808
266.093122 266.093122 266.093122 266.093122
258.647436 258.647436 258.647436 258.647436
251.201750 251.201750 251.201750 251.201750
243.756064 243.756064 243.756064 243.756064
236.310378 236.310378 236.310378 236.310378
228.864692 228.864692 228.864692 228.864692
221.419006 221.419006 221.419006 221.419006
213.973320 213.973320 213.973320 213.973320
206.527634 206.527634 206.527634 206.527634
199.081948 199.081948 199.081948 199.081948
191.636262 191.636262 191.636262 191.636262
184.190576 184.190576 184.190576 184.190576
176.744890 176.744890 176.744890 176.744890
169.299204 169.299204 169.299204 169.299204
161.853518 161.853518 161.853518 161.853518
154.407832 154.407832 154.407832 154.407832
146.962146 146.962146 146.962146 146.962146
139.516460 139.516460 139.516460 139.516460
132.070774 132.070774 132.070774 132.070774
124.625088 124.625088 124.625088 124.625088
117.179402 117.179402 117.179402 117.179402
109.733716 109.733716 109.733716 109.733716
102.288029 102.288029 102.288029 102.288029
 94.842343  94.842343  94.842343  94.842343
 87.396657  87.396657  87.396657  87.396657
 79.950971  79.950971  79.950971  79.950971
 72.505285  72.505285  72.505285  72.505285
 65.059599  65.059599  65.059599  65.059599
 57.613913  57.613913  57.613913  57.613913
 50.168227  50.168227  50.168227  50.168227
 42.722541  42.722541  42.722541  42.722541
 35.276855  35.276855  35.276855  35.276855
 27.831169  27.831169  27.831169  27.831169
 20.385483  20.385483  20.385483  20.385483
 12.939797  12.939797  12.939797  12.939797
  5.494111   5.494111   5.494111   5.494111
 -1.951575  -1.951575  -1.951575  -1.951575
 -9.397261  -9.397261  -9.397261  -9.397261
-16.842947 -16.842947 -16.842947 -16.842947
-24.288633 -24.288633 -24.288633 -24.288633
-31.734319 -31.734319 -31.734319 -31.734319
-39.180005 -39.180005 -39.180005 -39.180005
-46.625691 -46.625691 -46.625691 -46.625691
-54.071377 -54.071377 -54.071377 -54.071377
-61.517063 -61.517063 -61.517063 -61.517063