0.061043 0.001225 0.059818 0.000000
0.060322 0.000542 0.059781 0.000000
0.060510 0.000717 0.059793 0.000000
0.061826 0.002034 0.059792 0.000000
0.060795 0.001028 0.059767 0.000000
0.060909 0.001124 0.059786 0.000000
0.061478 0.001684 0.059794 0.000000
0.062118 0.002367 0.059752 0.000000
0.061614 0.001824 0.059790 0.000000
0.060873 0.001063 0.059811 0.000000
0.061401 0.001614 0.059787 0.000000
0.060890 0.001092 0.059798 0.000000
0.060417 0.000647 0.059770 0.000000
0.060087 0.000265 0.059822 0.000000
0.061657 0.001862 0.059795 0.000000