0.458214 0.085293 0.372921 0.000000
0.413079 0.029574 0.383506 0.000000
0.406409 0.021402 0.385007 0.000000
0.483360 0.085281 0.398079 0.000000
0.422003 0.044832 0.377171 0.000000
0.418360 0.034202 0.384158 0.000000
0.500867 0.131247 0.369620 0.000000
0.405513 0.012322 0.393191 0.000000
0.401756 0.019289 0.382467 0.000000
0.438668 0.061936 0.376732 0.000000
0.415963 0.036846 0.379116 0.000000
0.440723 0.053685 0.387039 0.000000
0.435709 0.056315 0.379393 0.000000
0.437828 0.064022 0.373806 0.000000
0.408670 0.031554 0.377115 0.000000