-467.080209
-461.931767
-456.783325
-451.634882
-446.486440
-441.337998
-436.189556
-431.041113
-425.892671
-420.744229
-415.595787
-410.447344
-405.298902
-400.150460
-395.002018
-389.853575
-384.705133
-379.556691
-374.408249
-369.259806
-364.111364
-358.962922
-353.814480
-348.666037
-343.517595
-338.369153
-333.220711
-328.072268
-322.923826
-317.775384
-312.626942
-307.478499
-302.330057
-297.181615
-292.033173
-286.884730
-281.736288
-276.587846
-271.439404
-266.290961
-261.142519
-255.994077
-250.845635
-245.697192
-240.548750
-235.400308
-230.251866
-225.103423
-219.954981
-214.806539
-209.658097
-204.509654
-199.361212
-194.212770
-189.064328
-183.915885
-178.767443
-173.619001
-168.470559
-163.322116
-158.173674
-153.025232
-147.876790
-142.728347
-137.579905
-132.431463
-127.283021
-122.134578
-116.986136
-111.837694
-106.689252
-101.540809
 -96.392367
 -91.243925
 -86.095483
 -80.947040
 -75.798598
 -70.650156
 -65.501714
 -60.353271
 -55.204829
 -50.056387
 -44.907945
 -39.759502
 -34.611060
 -29.462618
 -24.314176
 -19.165733
 -14.017291
  -8.868849
  -3.720407
   1.428036
   6.576478
  11.724920
  16.873362
  22.021805
  27.170247
  32.318689
  37.467131
  42.615574