-0.028707
-0.008522
 0.011417
 0.031062
 0.050398
 0.069512
 0.088644
 0.108598
 0.130609
 0.156465
 0.187903
 0.225630
 0.268754
 0.315292
 0.363259
 0.411825
 0.459788
 0.507356
 0.554687
 0.601993
 0.649452
 0.697159
 0.745206
 0.793818
 0.842052
 0.889871
 0.936771
 0.982193
 1.025608
 1.066604
 1.104929
 1.140456
 1.173070
 1.202522
 1.228331
 1.250377
 1.267159
 1.278580
 1.284527
 1.285483
 1.282393
 1.276411
 1.268536
 1.259430
 1.247758
 1.232397
 1.209334
 1.174744
 1.126271
 1.064513
 0.992755
 0.915208
 0.833760
 0.753205
 0.672611
 0.591903
 0.510597
 0.428133
 0.344110
 0.258470
 0.170458
 0.081977
-0.005647
-0.091582
-0.174282
-0.252324
-0.324615
-0.390516
-0.449791
-0.502386
-0.548113
-0.586404
-0.616270
-0.636623
-0.646358
-0.645200
-0.633661
-0.613004
-0.584881
-0.550852
-0.511957
-0.467569
-0.419238
-0.364063
-0.302133
-0.234049
-0.162196
-0.089532
-0.018372
 0.050051
 0.115786
 0.176939
 0.233733
 0.284862
 0.328985
 0.365279
 0.393875
 0.415879
 0.433130
 0.446979