-0.019333
 0.000808
 0.020678
 0.040212
 0.059373
 0.078214
 0.096995
 0.116366
 0.137559
 0.162361
 0.192584
 0.229093
 0.271165
 0.316931
 0.364434
 0.412354
 0.460091
 0.507530
 0.554794
 0.602077
 0.649554
 0.697332
 0.745423
 0.793713
 0.841954
 0.889762
 0.936641
 0.982036
 1.025424
 1.066395
 1.104704
 1.140230
 1.172873
 1.202403
 1.228370
 1.250123
 1.266966
 1.278402
 1.284373
 1.285362
 1.282315
 1.276393
 1.268605
 1.259371
 1.248048
 1.232545
 1.209391
 1.174736
 1.126198
 1.064349
 0.992438
 0.914634
 0.834322
 0.753443
 0.672667
 0.591846
 0.510447
 0.427865
 0.343655
 0.257687
 0.170247
 0.082057
-0.005767
-0.091825
-0.174606
-0.252708
-0.325045
-0.390981
-0.450281
-0.502891
-0.548625
-0.586916
-0.616777
-0.637029
-0.646708
-0.645490
-0.633896
-0.613202
-0.585066
-0.551060
-0.512230
-0.468820
-0.420242
-0.365472
-0.303918
-0.236357
-0.165111
-0.093102
-0.022660
 0.044926
 0.109047
 0.169170
 0.224423
 0.273576
 0.315405
 0.349257
 0.375460
 0.395287
 0.410522
 0.422947