0.767359 0.356724 0.410634 0.000000
0.824999 0.421261 0.403738 0.000000
0.959374 0.471829 0.487545 0.000000
0.780338 0.384311 0.396027 0.000000
1.054821 0.636097 0.418724 0.000000
0.765692 0.384987 0.380704 0.000000
0.881031 0.464116 0.416915 0.000000
0.776931 0.389075 0.387856 0.000000
0.750051 0.346405 0.403646 0.000000
0.840002 0.406388 0.433613 0.000000
0.823646 0.443908 0.379738 0.000000
0.668720 0.292431 0.376288 0.000000
0.478541 0.067690 0.410851 0.000000
0.995233 0.594566 0.400667 0.000000
0.930890 0.493415 0.437475 0.000000