-467.536807 -467.536807 -467.536807 -467.536807
-462.383977 -462.383977 -462.383977 -462.383977
-457.231147 -457.231147 -457.231147 -457.231147
-452.078316 -452.078316 -452.078316 -452.078316
-446.925486 -446.925486 -446.925486 -446.925486
-441.772655 -441.772655 -441.772655 -441.772655
-436.619825 -436.619825 -436.619825 -436.619825
-431.466994 -431.466994 -431.466994 -431.466994
-426.314164 -426.314164 -426.314164 -426.314164
-421.161333 -421.161333 -421.161333 -421.161333
-416.008503 -416.008503 -416.008503 -416.008503
-410.855672 -410.855672 -410.855672 -410.855672
-405.702842 -405.702842 -405.702842 -405.702842
-400.550012 -400.550012 -400.550012 -400.550012
-395.397181 -395.397181 -395.397181 -395.397181
-390.244351 -390.244351 -390.244351 -390.244351
-385.091520 -385.091520 -385.091520 -385.091520
-379.938690 -379.938690 -379.938690 -379.938690
-374.785859 -374.785859 -374.785859 -374.785859
-369.633029 -369.633029 -369.633029 -369.633029
-364.480198 -364.480198 -364.480198 -364.480198
-359.327368 -359.327368 -359.327368 -359.327368
-354.174537 -354.174537 -354.174537 -354.174537
-349.021707 -349.021707 -349.021707 -349.021707
-343.868876 -343.868876 -343.868876 -343.868876
-338.716046 -338.716046 -338.716046 -338.716046
-333.563216 -333.563216 -333.563216 -333.563216
-328.410385 -328.410385 -328.410385 -328.410385
-323.257555 -323.257555 -323.257555 -323.257555
-318.104724 -318.104724 -318.104724 -318.104724
-312.951894 -312.951894 -312.951894 -312.951894
-307.799063 -307.799063 -307.799063 -307.799063
-302.646233 -302.646233 -302.646233 -302.646233
-297.493402 -297.493402 -297.493402 -297.493402
-292.340572 -292.340572 -292.340572 -292.340572
-287.187741 -287.187741 -287.187741 -287.187741
-282.034911 -282.034911 -282.034911 -282.034911
-276.882081 -276.882081 -276.882081 -276.882081
-271.729250 -271.729250 -271.729250 -271.729250
-266.576420 -266.576420 -266.576420 -266.576420
-261.423589 -261.423589 -261.423589 -261.423589
-256.270759 -256.270759 -256.270759 -256.270759
-251.117928 -251.117928 -251.117928 -251.117928
-245.965098 -245.965098 -245.965098 -245.965098
-240.812267 -240.812267 -240.812267 -240.812267
-235.659437 -235.659437 -235.659437 -235.659437
-230.506606 -230.506606 -230.506606 -230.506606
-225.353776 -225.353776 -225.353776 -225.353776
-220.200946 -220.200946 -220.200946 -220.200946
-215.048115 -215.048115 -215.048115 -215.048115
-209.895285 -209.895285 -209.895285 -209.895285
-204.742454 -204.742454 -204.742454 -204.742454
-199.589624 -199.589624 -199.589624 -199.589624
-194.436793 -194.436793 -194.436793 -194.436793
-189.283963 -189.283963 -189.283963 -189.283963
-184.131132 -184.131132 -184.131132 -184.131132
-178.978302 -178.978302 -178.978302 -178.978302
-173.825471 -173.825471 -173.825471 -173.825471
-168.672641 -168.672641 -168.672641 -168.672641
-163.519811 -163.519811 -163.519811 -163.519811
-158.366980 -158.366980 -158.366980 -158.366980
-153.214150 -153.214150 -153.214150 -153.214150
-148.061319 -148.061319 -148.061319 -148.061319
-142.908489 -142.908489 -142.908489 -142.908489
-137.755658 -137.755658 -137.755658 -137.755658
-132.602828 -132.602828 -132.602828 -132.602828
-127.449997 -127.449997 -127.449997 -127.449997
-122.297167 -122.297167 -122.297167 -122.297167
-117.144336 -117.144336 -117.144336 -117.144336
-111.991506 -111.991506 -111.991506 -111.991506
-106.838675 -106.838675 -106.838675 -106.838675
-101.685845 -101.685845 -101.685845 -101.685845
 -96.533015  -96.533015  -96.533015  -96.533015
 -91.380184  -91.380184  -91.380184  -91.380184
 -86.227354  -86.227354  -86.227354  -86.227354
 -81.074523  -81.074523  -81.074523  -81.074523
 -75.921693  -75.921693  -75.921693  -75.921693
 -70.768862  -70.768862  -70.768862  -70.768862
 -65.616032  -65.616032  -65.616032  -65.616032
 -60.463201  -60.463201  -60.463201  -60.463201
 -55.310371  -55.310371  -55.310371  -55.310371
 -50.157540  -50.157540  -50.157540  -50.157540
 -45.004710  -45.004710  -45.004710  -45.004710
 -39.851880  -39.851880  -39.851880  -39.851880
 -34.699049  -34.699049  -34.699049  -34.699049
 -29.546219  -29.546219  -29.546219  -29.546219
 -24.393388  -24.393388  -24.393388  -24.393388
 -19.240558  -19.240558  -19.240558  -19.240558
 -14.087727  -14.087727  -14.087727  -14.087727
  -8.934897   -8.934897   -8.934897   -8.934897
  -3.782066   -3.782066   -3.782066   -3.782066
   1.370764    1.370764    1.370764    1.370764
   6.523595    6.523595    6.523595    6.523595
  11.676425   11.676425   11.676425   11.676425
  16.829255   16.829255   16.829255   16.829255
  21.982086   21.982086   21.982086   21.982086
  27.134916   27.134916   27.134916   27.134916
  32.287747   32.287747   32.287747   32.287747
  37.440577   37.440577   37.440577   37.440577
  42.593408   42.593408   42.593408   42.593408