3.000000 2.119945 0.748057 0.131811 0.011598 0.000510 0.000011 0.000000 0.000000 0.000000 0.000000 0.000000 0.000000 0.000000 0.000000 0.000000 0.000000 0.000000 0.000000 0.000000 0.000000 0.000000 0.000000 0.000000 0.000000
2.939402 2.457966 1.026359 0.214008 0.022283 0.001159 0.000030 0.000000 0.000000 0.000000 0.000000 0.000000 0.000000 0.000000 0.000000 0.000000 0.000000 0.000000 0.000000 0.000000 0.000000 0.000000 0.000000 0.000000 0.000000
2.764854 2.735915 1.351885 0.333567 0.041099 0.002529 0.000078 0.000001 0.000000 0.000000 0.000000 0.000000 0.000000 0.000000 0.000000 0.000000 0.000000 0.000000 0.000000 0.000000 0.000000 0.000000 0.000000 0.000000 0.000000
2.496669 2.923513 1.709447 0.499129 0.072774 0.005298 0.000193 0.000003 0.000000 0.000000 0.000000 0.000000 0.000000 0.000000 0.000000 0.000000 0.000000 0.000000 0.000000 0.000000 0.000000 0.000000 0.000000 0.000000 0.000000
2.164339 2.999044 2.075138 0.716997 0.123707 0.010658 0.000459 0.000010 0.000000 0.000000 0.000000 0.000000 0.000000 0.000000 0.000000 0.000000 0.000000 0.000000 0.000000 0.000000 0.000000 0.000000 0.000000 0.000000 0.000000
1.801213 2.953494 2.418320 0.988776 0.201878 0.020582 0.001048 0.000027 0.000000 0.000000 0.000000 0.000000 0.000000 0.000000 0.000000 0.000000 0.000000 0.000000 0.000000 0.000000 0.000000 0.000000 0.000000 0.000000 0.000000
1.439065 2.792318 2.705553 1.309043 0.316270 0.038157 0.002299 0.000069 0.000001 0.000000 0.000000 0.000000 0.000000 0.000000 0.000000 0.000000 0.000000 0.000000 0.000000 0.000000 0.000000 0.000000 0.000000 0.000000 0.000000
1.103751 2.534365 2.905855 1.663740 0.475667 0.067909 0.004841 0.000172 0.000003 0.000000 0.000000 0.000000 0.000000 0.000000 0.000000 0.000000 0.000000 0.000000 0.000000 0.000000 0.000000 0.000000 0.000000 0.000000 0.000000
0.812713 2.208254 2.996176 2.029982 0.686790 0.116028 0.009788 0.000412 0.000009 0.000000 0.000000 0.000000 0.000000 0.000000 0.000000 0.000000 0.000000 0.000000 0.000000 0.000000 0.000000 0.000000 0.000000 0.000000 0.000000
0.574486 1.847159 2.965762 2.377797 0.951962 0.190314 0.018999 0.000947 0.000024 0.000000 0.000000 0.000000 0.000000 0.000000 0.000000 0.000000 0.000000 0.000000 0.000000 0.000000 0.000000 0.000000 0.000000 0.000000 0.000000
0.389849 1.483321 2.818257 2.673823 1.266751 0.299679 0.035402 0.002088 0.000062 0.000001 0.000000 0.000000 0.000000 0.000000 0.000000 0.000000 0.000000 0.000000 0.000000 0.000000 0.000000 0.000000 0.000000 0.000000 0.000000
0.253974 1.143514 2.570991 2.886463 1.618223 0.453020 0.063329 0.004421 0.000154 0.000003 0.000000 0.000000 0.000000 0.000000 0.000000 0.000000 0.000000 0.000000 0.000000 0.000000 0.000000 0.000000 0.000000 0.000000 0.000000
0.158839 0.846298 2.251624 2.991404 1.984544 0.657435 0.108756 0.008984 0.000371 0.000008 0.000000 0.000000 0.000000 0.000000 0.000000 0.000000 0.000000 0.000000 0.000000 0.000000 0.000000 0.000000 0.000000 0.000000 0.000000
0.095368 0.601285 1.893070 2.976182 2.336462 0.915935 0.179299 0.017527 0.000856 0.000021 0.000000 0.000000 0.000000 0.000000 0.000000 0.000000 0.000000 0.000000 0.000000 0.000000 0.000000 0.000000 0.000000 0.000000 0.000000
0.054969 0.410122 1.527964 2.842624 2.640780 1.225044 0.283777 0.032825 0.001896 0.000055 0.000001 0.000000 0.000000 0.000000 0.000000 0.000000 0.000000 0.000000 0.000000 0.000000 0.000000 0.000000 0.000000 0.000000 0.000000
0.030417 0.268548 1.183955 2.606483 2.865373 1.572947 0.431175 0.059020 0.004034 0.000138 0.000002 0.000000 0.000000 0.000000 0.000000 0.000000 0.000000 0.000000 0.000000 0.000000 0.000000 0.000000 0.000000 0.000000 0.000000
0.016158 0.168813 0.880709 2.294382 2.984734 1.938886 0.628934 0.101874 0.008240 0.000333 0.000007 0.000000 0.000000 0.000000 0.000000 0.000000 0.000000 0.000000 0.000000 0.000000 0.000000 0.000000 0.000000 0.000000 0.000000
0.008240 0.101874 0.628934 1.938886 2.984734 2.294382 0.880709 0.168813 0.016158 0.000772 0.000018 0.000000 0.000000 0.000000 0.000000 0.000000 0.000000 0.000000 0.000000 0.000000 0.000000 0.000000 0.000000 0.000000 0.000000
0.004034 0.059020 0.431175 1.572947 2.865373 2.606483 1.183955 0.268548 0.030417 0.001720 0.000049 0.000001 0.000000 0.000000 0.000000 0.000000 0.000000 0.000000 0.000000 0.000000 0.000000 0.000000 0.000000 0.000000 0.000000
0.001896 0.032825 0.283777 1.225044 2.640780 2.842624 1.527964 0.410122 0.054969 0.003679 0.000123 0.000002 0.000000 0.000000 0.000000 0.000000 0.000000 0.000000 0.000000 0.000000 0.000000 0.000000 0.000000 0.000000 0.000000
0.000856 0.017527 0.179299 0.915935 2.336462 2.976182 1.893070 0.601285 0.095368 0.007553 0.000299 0.000006 0.000000 0.000000 0.000000 0.000000 0.000000 0.000000 0.000000 0.000000 0.000000 0.000000 0.000000 0.000000 0.000000
0.000371 0.008984 0.108756 0.657435 1.984544 2.991404 2.251624 0.846298 0.158839 0.014887 0.000697 0.000016 0.000000 0.000000 0.000000 0.000000 0.000000 0.000000 0.000000 0.000000 0.000000 0.000000 0.000000 0.000000 0.000000
0.000154 0.004421 0.063329 0.453020 1.618223 2.886463 2.570991 1.143514 0.253974 0.028167 0.001560 0.000043 0.000001 0.000000 0.000000 0.000000 0.000000 0.000000 0.000000 0.000000 0.000000 0.000000 0.000000 0.000000 0.000000
0.000062 0.002088 0.035402 0.299679 1.266751 2.673823 2.818257 1.483321 0.389849 0.051164 0.003353 0.000110 0.000002 0.000000 0.000000 0.000000 0.000000 0.000000 0.000000 0.000000 0.000000 0.000000 0.000000 0.000000 0.000000
0.000024 0.000947 0.018999 0.190314 0.951962 2.377797 2.965762 1.847159 0.574486 0.089220 0.006919 0.000268 0.000005 0.000000 0.000000 0.000000 0.000000 0.000000 0.000000 0.000000 0.000000 0.000000 0.000000 0.000000 0.000000
0.000009 0.000412 0.009788 0.116028 0.686790 2.029982 2.996176 2.208254 0.812713 0.149359 0.013707 0.000628 0.000014 0.000000 0.000000 0.000000 0.000000 0.000000 0.000000 0.000000 0.000000 0.000000 0.000000 0.000000 0.000000
0.000003 0.000172 0.004841 0.067909 0.475667 1.663740 2.905855 2.534365 1.103751 0.240038 0.026067 0.001414 0.000038 0.000001 0.000000 0.000000 0.000000 0.000000 0.000000 0.000000 0.000000 0.000000 0.000000 0.000000 0.000000
0.000001 0.000069 0.002299 0.038157 0.316270 1.309043 2.705553 2.792318 1.439065 0.370341 0.047592 0.003054 0.000098 0.000002 0.000000 0.000000 0.000000 0.000000 0.000000 0.000000 0.000000 0.000000 0.000000 0.000000 0.000000
0.000000 0.000027 0.001048 0.020582 0.201878 0.988776 2.418320 2.953494 1.801213 0.548530 0.083415 0.006334 0.000240 0.000005 0.000000 0.000000 0.000000 0.000000 0.000000 0.000000 0.000000 0.000000 0.000000 0.000000 0.000000
0.000000 0.000010 0.000459 0.010658 0.123707 0.716997 2.075138 2.999044 2.164339 0.779964 0.140356 0.012612 0.000566 0.000013 0.000000 0.000000 0.000000 0.000000 0.000000 0.000000 0.000000 0.000000 0.000000 0.000000 0.000000
0.000000 0.000003 0.000193 0.005298 0.072774 0.499129 1.709447 2.923513 2.496669 1.064691 0.226722 0.024108 0.001280 0.000034 0.000000 0.000000 0.000000 0.000000 0.000000 0.000000 0.000000 0.000000 0.000000 0.000000 0.000000
0.000000 0.000001 0.000078 0.002529 0.041099 0.333567 1.351885 2.735915 2.764854 1.395239 0.351586 0.044241 0.002780 0.000087 0.000001 0.000000 0.000000 0.000000 0.000000 0.000000 0.000000 0.000000 0.000000 0.000000 0.000000
0.000000 0.000000 0.000030 0.001159 0.022283 0.214008 1.026359 2.457966 2.939402 1.755290 0.523414 0.077938 0.005795 0.000215 0.000004 0.000000 0.000000 0.000000 0.000000 0.000000 0.000000 0.000000 0.000000 0.000000 0.000000
0.000000 0.000000 0.000011 0.000510 0.011598 0.131811 0.748057 2.119945 3.000000 2.119945 0.748057 0.131811 0.011598 0.000510 0.000011 0.000000 0.000000 0.000000 0.000000 0.000000 0.000000 0.000000 0.000000 0.000000 0.000000
0.000000 0.000000 0.000004 0.000215 0.005795 0.077938 0.523414 1.755290 2.939402 2.457966 1.026359 0.214008 0.022283 0.001159 0.000030 0.000000 0.000000 0.000000 0.000000 0.000000 0.000000 0.000000 0.000000 0.000000 0.000000
0.000000 0.000000 0.000001 0.000087 0.002780 0.044241 0.351586 1.395239 2.764854 2.735915 1.351885 0.333567 0.041099 0.002529 0.000078 0.000001 0.000000 0.000000 0.000000 0.000000 0.000000 0.000000 0.000000 0.000000 0.000000
0.000000 0.000000 0.000000 0.000034 0.001280 0.024108 0.226722 1.064691 2.496669 2.923513 1.709447 0.499129 0.072774 0.005298 0.000193 0.000003 0.000000 0.000000 0.000000 0.000000 0.000000 0.000000 0.000000 0.000000 0.000000
0.000000 0.000000 0.000000 0.000013 0.000566 0.012612 0.140356 0.779964 2.164339 2.999044 2.075138 0.716997 0.123707 0.010658 0.000459 0.000010 0.000000 0.000000 0.000000 0.000000 0.000000 0.000000 0.000000 0.000000 0.000000
0.000000 0.000000 0.000000 0.000005 0.000240 0.006334 0.083415 0.548530 1.801213 2.953494 2.418320 0.988776 0.201878 0.020582 0.001048 0.000027 0.000000 0.000000 0.000000 0.000000 0.000000 0.000000 0.000000 0.000000 0.000000
0.000000 0.000000 0.000000 0.000002 0.000098 0.003054 0.047592 0.370341 1.439065 2.792318 2.705553 1.309043 0.316270 0.038157 0.002299 0.000069 0.000001 0.000000 0.000000 0.000000 0.000000 0.000000 0.000000 0.000000 0.000000
0.000000 0.000000 0.000000 0.000001 0.000038 0.001414 0.026067 0.240038 1.103751 2.534365 2.905855 1.663740 0.475667 0.067909 0.004841 0.000172 0.000003 0.000000 0.000000 0.000000 0.000000 0.000000 0.000000 0.000000 0.000000
0.000000 0.000000 0.000000 0.000000 0.000014 0.000628 0.013707 0.149359 0.812713 2.208254 2.996176 2.029982 0.686790 0.116028 0.009788 0.000412 0.000009 0.000000 0.000000 0.000000 0.000000 0.000000 0.000000 0.000000 0.000000
0.000000 0.000000 0.000000 0.000000 0.000005 0.000268 0.006919 0.089220 0.574486 1.847159 2.965762 2.377797 0.951962 0.190314 0.018999 0.000947 0.000024 0.000000 0.000000 0.000000 0.000000 0.000000 0.000000 0.000000 0.000000
0.000000 0.000000 0.000000 0.000000 0.000002 0.000110 0.003353 0.051164 0.389849 1.483321 2.818257 2.673823 1.266751 0.299679 0.035402 0.002088 0.000062 0.000001 0.000000 0.000000 0.000000 0.000000 0.000000 0.000000 0.000000
0.000000 0.000000 0.000000 0.000000 0.000001 0.000043 0.001560 0.028167 0.253974 1.143514 2.570991 2.886463 1.618223 0.453020 0.063329 0.004421 0.000154 0.000003 0.000000 0.000000 0.000000 0.000000 0.000000 0.000000 0.000000
0.000000 0.000000 0.000000 0.000000 0.000000 0.000016 0.000697 0.014887 0.158839 0.846298 2.251624 2.991404 1.984544 0.657435 0.108756 0.008984 0.000371 0.000008 0.000000 0.000000 0.000000 0.000000 0.000000 0.000000 0.000000
0.000000 0.000000 0.000000 0.000000 0.000000 0.000006 0.000299 0.007553 0.095368 0.601285 1.893070 2.976182 2.336462 0.915935 0.179299 0.017527 0.000856 0.000021 0.000000 0.000000 0.000000 0.000000 0.000000 0.000000 0.000000
0.000000 0.000000 0.000000 0.000000 0.000000 0.000002 0.000123 0.003679 0.054969 0.410122 1.527964 2.842624 2.640780 1.225044 0.283777 0.032825 0.001896 0.000055 0.000001 0.000000 0.000000 0.000000 0.000000 0.000000 0.000000
0.000000 0.000000 0.000000 0.000000 0.000000 0.000001 0.000049 0.001720 0.030417 0.268548 1.183955 2.606483 2.865373 1.572947 0.431175 0.059020 0.004034 0.000138 0.000002 0.000000 0.000000 0.000000 0.000000 0.000000 0.000000
0.000000 0.000000 0.000000 0.000000 0.000000 0.000000 0.000018 0.000772 0.016158 0.168813 0.880709 2.294382 2.984734 1.938886 0.628934 0.101874 0.008240 0.000333 0.000007 0.000000 0.000000 0.000000 0.000000 0.000000 0.000000
0.000000 0.000000 0.000000 0.000000 0.000000 0.000000 0.000007 0.000333 0.008240 0.101874 0.628934 1.938886 2.984734 2.294382 0.880709 0.168813 0.016158 0.000772 0.000018 0.000000 0.000000 0.000000 0.000000 0.000000 0.000000
0.000000 0.000000 0.000000 0.000000 0.000000 0.000000 0.000002 0.000138 0.004034 0.059020 0.431175 1.572947 2.865373 2.606483 1.183955 0.268548 0.030417 0.001720 0.000049 0.000001 0.000000 0.000000 0.000000 0.000000 0.000000
0.000000 0.000000 0.000000 0.000000 0.000000 0.000000 0.000001 0.000055 0.001896 0.032825 0.283777 1.225044 2.640780 2.842624 1.527964 0.410122 0.054969 0.003679 0.000123 0.000002 0.000000 0.000000 0.000000 0.000000 0.000000
0.000000 0.000000 0.000000 0.000000 0.000000 0.000000 0.000000 0.000021 0.000856 0.017527 0.179299 0.915935 2.336462 2.976182 1.893070 0.601285 0.095368 0.007553 0.000299 0.000006 0.000000 0.000000 0.000000 0.000000 0.000000
0.000000 0.000000 0.000000 0.000000 0.000000 0.000000 0.000000 0.000008 0.000371 0.008984 0.108756 0.657435 1.984544 2.991404 2.251624 0.846298 0.158839 0.014887 0.000697 0.000016 0.000000 0.000000 0.000000 0.000000 0.000000
0.000000 0.000000 0.000000 0.000000 0.000000 0.000000 0.000000 0.000003 0.000154 0.004421 0.063329 0.453020 1.618223 2.886463 2.570991 1.143514 0.253974 0.028167 0.001560 0.000043 0.000001 0.000000 0.000000 0.000000 0.000000
0.000000 0.000000 0.000000 0.000000 0.000000 0.000000 0.000000 0.000001 0.000062 0.002088 0.035402 0.299679 1.266751 2.673823 2.818257 1.483321 0.389849 0.051164 0.003353 0.000110 0.000002 0.000000 0.000000 0.000000 0.000000
0.000000 0.000000 0.000000 0.000000 0.000000 0.000000 0.000000 0.000000 0.000024 0.000947 0.018999 0.190314 0.951962 2.377797 2.965762 1.847159 0.574486 0.089220 0.006919 0.000268 0.000005 0.000000 0.000000 0.000000 0.000000
0.000000 0.000000 0.000000 0.000000 0.000000 0.000000 0.000000 0.000000 0.000009 0.000412 0.009788 0.116028 0.686790 2.029982 2.996176 2.208254 0.812713 0.149359 0.013707 0.000628 0.000014 0.000000 0.000000 0.000000 0.000000
0.000000 0.000000 0.000000 0.000000 0.000000 0.000000 0.000000 0.000000 0.000003 0.000172 0.004841 0.067909 0.475667 1.663740 2.905855 2.534365 1.103751 0.240038 0.026067 0.001414 0.000038 0.000001 0.000000 0.000000 0.000000
0.000000 0.000000 0.000000 0.000000 0.000000 0.000000 0.000000 0.000000 0.000001 0.000069 0.002299 0.038157 0.316270 1.309043 2.705553 2.792318 1.439065 0.370341 0.047592 0.003054 0.000098 0.000002 0.000000 0.000000 0.000000
0.000000 0.000000 0.000000 0.000000 0.000000 0.000000 0.000000 0.000000 0.000000 0.000027 0.001048 0.020582 0.201878 0.988776 2.418320 2.953494 1.801213 0.548530 0.083415 0.006334 0.000240 0.000005 0.000000 0.000000 0.000000
0.000000 0.000000 0.000000 0.000000 0.000000 0.000000 0.000000 0.000000 0.000000 0.000010 0.000459 0.010658 0.123707 0.716997 2.075138 2.999044 2.164339 0.779964 0.140356 0.012612 0.000566 0.000013 0.000000 0.000000 0.000000
0.000000 0.000000 0.000000 0.000000 0.000000 0.000000 0.000000 0.000000 0.000000 0.000003 0.000193 0.005298 0.072774 0.499129 1.709447 2.923513 2.496669 1.064691 0.226722 0.024108 0.001280 0.000034 0.000000 0.000000 0.000000
0.000000 0.000000 0.000000 0.000000 0.000000 0.000000 0.000000 0.000000 0.000000 0.000001 0.000078 0.002529 0.041099 0.333567 1.351885 2.735915 2.764854 1.395239 0.351586 0.044241 0.002780 0.000087 0.000001 0.000000 0.000000
0.000000 0.000000 0.000000 0.000000 0.000000 0.000000 0.000000 0.000000 0.000000 0.000000 0.000030 0.001159 0.022283 0.214008 1.026359 2.457966 2.939402 1.755290 0.523414 0.077938 0.005795 0.000215 0.000004 0.000000 0.000000
0.000000 0.000000 0.000000 0.000000 0.000000 0.000000 0.000000 0.000000 0.000000 0.000000 0.000011 0.000510 0.011598 0.131811 0.748057 2.119945 3.000000 2.119945 0.748057 0.131811 0.011598 0.000510 0.000011 0.000000 0.000000
0.000000 0.000000 0.000000 0.000000 0.000000 0.000000 0.000000 0.000000 0.000000 0.000000 0.000004 0.000215 0.005795 0.077938 0.523414 1.755290 2.939402 2.457966 1.026359 0.214008 0.022283 0.001159 0.000030 0.000000 0.000000
0.000000 0.000000 0.000000 0.000000 0.000000 0.000000 0.000000 0.000000 0.000000 0.000000 0.000001 0.000087 0.002780 0.044241 0.351586 1.395239 2.764854 2.735915 1.351885 0.333567 0.041099 0.002529 0.000078 0.000001 0.000000
0.000000 0.000000 0.000000 0.000000 0.000000 0.000000 0.000000 0.000000 0.000000 0.000000 0.000000 0.000034 0.001280 0.024108 0.226722 1.064691 2.496669 2.923513 1.709447 0.499129 0.072774 0.005298 0.000193 0.000003 0.000000
0.000000 0.000000 0.000000 0.000000 0.000000 0.000000 0.000000 0.000000 0.000000 0.000000 0.000000 0.000013 0.000566 0.012612 0.140356 0.779964 2.164339 2.999044 2.075138 0.716997 0.123707 0.010658 0.000459 0.000010 0.000000
0.000000 0.000000 0.000000 0.000000 0.000000 0.000000 0.000000 0.000000 0.000000 0.000000 0.000000 0.000005 0.000240 0.006334 0.083415 0.548530 1.801213 2.953494 2.418320 0.988776 0.201878 0.020582 0.001048 0.000027 0.000000
0.000000 0.000000 0.000000 0.000000 0.000000 0.000000 0.000000 0.000000 0.000000 0.000000 0.000000 0.000002 0.000098 0.003054 0.047592 0.370341 1.439065 2.792318 2.705553 1.309043 0.316270 0.038157 0.002299 0.000069 0.000001
0.000000 0.000000 0.000000 0.000000 0.000000 0.000000 0.000000 0.000000 0.000000 0.000000 0.000000 0.000001 0.000038 0.001414 0.026067 0.240038 1.103751 2.534365 2.905855 1.663740 0.475667 0.067909 0.004841 0.000172 0.000003
0.000000 0.000000 0.000000 0.000000 0.000000 0.000000 0.000000 0.000000 0.000000 0.000000 0.000000 0.000000 0.000014 0.000628 0.013707 0.149359 0.812713 2.208254 2.996176 2.029982 0.686790 0.116028 0.009788 0.000412 0.000009
0.000000 0.000000 0.000000 0.000000 0.000000 0.000000 0.000000 0.000000 0.000000 0.000000 0.000000 0.000000 0.000005 0.000268 0.006919 0.089220 0.574486 1.847159 2.965762 2.377797 0.951962 0.190314 0.018999 0.000947 0.000024
0.000000 0.000000 0.000000 0.000000 0.000000 0.000000 0.000000 0.000000 0.000000 0.000000 0.000000 0.000000 0.000002 0.000110 0.003353 0.051164 0.389849 1.483321 2.818257 2.673823 1.266751 0.299679 0.035402 0.002088 0.000062
0.000000 0.000000 0.000000 0.000000 0.000000 0.000000 0.000000 0.000000 0.000000 0.000000 0.000000 0.000000 0.000001 0.000043 0.001560 0.028167 0.253974 1.143514 2.570991 2.886463 1.618223 0.453020 0.063329 0.004421 0.000154
0.000000 0.000000 0.000000 0.000000 0.000000 0.000000 0.000000 0.000000 0.000000 0.000000 0.000000 0.000000 0.000000 0.000016 0.000697 0.014887 0.158839 0.846298 2.251624 2.991404 1.984544 0.657435 0.108756 0.008984 0.000371
0.000000 0.000000 0.000000 0.000000 0.000000 0.000000 0.000000 0.000000 0.000000 0.000000 0.000000 0.000000 0.000000 0.000006 0.000299 0.007553 0.095368 0.601285 1.893070 2.976182 2.336462 0.915935 0.179299 0.017527 0.000856
0.000000 0.000000 0.000000 0.000000 0.000000 0.000000 0.000000 0.000000 0.000000 0.000000 0.000000 0.000000 0.000000 0.000002 0.000123 0.003679 0.054969 0.410122 1.527964 2.842624 2.640780 1.225044 0.283777 0.032825 0.001896
0.000000 0.000000 0.000000 0.000000 0.000000 0.000000 0.000000 0.000000 0.000000 0.000000 0.000000 0.000000 0.000000 0.000001 0.000049 0.001720 0.030417 0.268548 1.183955 2.606483 2.865373 1.572947 0.431175 0.059020 0.004034
0.000000 0.000000 0.000000 0.000000 0.000000 0.000000 0.000000 0.000000 0.000000 0.000000 0.000000 0.000000 0.000000 0.000000 0.000018 0.000772 0.016158 0.168813 0.880709 2.294382 2.984734 1.938886 0.628934 0.101874 0.008240
0.000000 0.000000 0.000000 0.000000 0.000000 0.000000 0.000000 0.000000 0.000000 0.000000 0.000000 0.000000 0.000000 0.000000 0.000007 0.000333 0.008240 0.101874 0.628934 1.938886 2.984734 2.294382 0.880709 0.168813 0.016158
0.000000 0.000000 0.000000 0.000000 0.000000 0.000000 0.000000 0.000000 0.000000 0.000000 0.000000 0.000000 0.000000 0.000000 0.000002 0.000138 0.004034 0.059020 0.431175 1.572947 2.865373 2.606483 1.183955 0.268548 0.030417
0.000000 0.000000 0.000000 0.000000 0.000000 0.000000 0.000000 0.000000 0.000000 0.000000 0.000000 0.000000 0.000000 0.000000 0.000001 0.000055 0.001896 0.032825 0.283777 1.225044 2.640780 2.842624 1.527964 0.410122 0.054969
0.000000 0.000000 0.000000 0.000000 0.000000 0.000000 0.000000 0.000000 0.000000 0.000000 0.000000 0.000000 0.000000 0.000000 0.000000 0.000021 0.000856 0.017527 0.179299 0.915935 2.336462 2.976182 1.893070 0.601285 0.095368
0.000000 0.000000 0.000000 0.000000 0.000000 0.000000 0.000000 0.000000 0.000000 0.000000 0.000000 0.000000 0.000000 0.000000 0.000000 0.000008 0.000371 0.008984 0.108756 0.657435 1.984544 2.991404 2.251624 0.846298 0.158839
0.000000 0.000000 0.000000 0.000000 0.000000 0.000000 0.000000 0.000000 0.000000 0.000000 0.000000 0.000000 0.000000 0.000000 0.000000 0.000003 0.000154 0.004421 0.063329 0.453020 1.618223 2.886463 2.570991 1.143514 0.253974
0.000000 0.000000 0.000000 0.000000 0.000000 0.000000 0.000000 0.000000 0.000000 0.000000 0.000000 0.000000 0.000000 0.000000 0.000000 0.000001 0.000062 0.002088 0.035402 0.299679 1.266751 2.673823 2.818257 1.483321 0.389849
0.000000 0.000000 0.000000 0.000000 0.000000 0.000000 0.000000 0.000000 0.000000 0.000000 0.000000 0.000000 0.000000 0.000000 0.000000 0.000000 0.000024 0.000947 0.018999 0.190314 0.951962 2.377797 2.965762 1.847159 0.574486
0.000000 0.000000 0.000000 0.000000 0.000000 0.000000 0.000000 0.000000 0.000000 0.000000 0.000000 0.000000 0.000000 0.000000 0.000000 0.000000 0.000009 0.000412 0.009788 0.116028 0.686790 2.029982 2.996176 2.208254 0.812713
0.000000 0.000000 0.000000 0.000000 0.000000 0.000000 0.000000 0.000000 0.000000 0.000000 0.000000 0.000000 0.000000 0.000000 0.000000 0.000000 0.000003 0.000172 0.004841 0.067909 0.475667 1.663740 2.905855 2.534365 1.103751
0.000000 0.000000 0.000000 0.000000 0.000000 0.000000 0.000000 0.000000 0.000000 0.000000 0.000000 0.000000 0.000000 0.000000 0.000000 0.000000 0.000001 0.000069 0.002299 0.038157 0.316270 1.309043 2.705553 2.792318 1.439065
0.000000 0.000000 0.000000 0.000000 0.000000 0.000000 0.000000 0.000000 0.000000 0.000000 0.000000 0.000000 0.000000 0.000000 0.000000 0.000000 0.000000 0.000027 0.001048 0.020582 0.201878 0.988776 2.418320 2.953494 1.801213
0.000000 0.000000 0.000000 0.000000 0.000000 0.000000 0.000000 0.000000 0.000000 0.000000 0.000000 0.000000 0.000000 0.000000 0.000000 0.000000 0.000000 0.000010 0.000459 0.010658 0.123707 0.716997 2.075138 2.999044 2.164339
0.000000 0.000000 0.000000 0.000000 0.000000 0.000000 0.000000 0.000000 0.000000 0.000000 0.000000 0.000000 0.000000 0.000000 0.000000 0.000000 0.000000 0.000003 0.000193 0.005298 0.072774 0.499129 1.709447 2.923513 2.496669
0.000000 0.000000 0.000000 0.000000 0.000000 0.000000 0.000000 0.000000 0.000000 0.000000 0.000000 0.000000 0.000000 0.000000 0.000000 0.000000 0.000000 0.000001 0.000078 0.002529 0.041099 0.333567 1.351885 2.735915 2.764854
0.000000 0.000000 0.000000 0.000000 0.000000 0.000000 0.000000 0.000000 0.000000 0.000000 0.000000 0.000000 0.000000 0.000000 0.000000 0.000000 0.000000 0.000000 0.000030 0.001159 0.022283 0.214008 1.026359 2.457966 2.939402
0.000000 0.000000 0.000000 0.000000 0.000000 0.000000 0.000000 0.000000 0.000000 0.000000 0.000000 0.000000 0.000000 0.000000 0.000000 0.000000 0.000000 0.000000 0.000011 0.000510 0.011598 0.131811 0.748057 2.119945 3.000000