0.000000
0.086153
0.101137
0.064767
0.007121
0.041497
0.060727
0.046398
0.010136
0.027510
0.047382
0.040743
0.012864
0.020404
0.041203
0.038965
0.015685
0.015490
0.037512
0.038625
0.018589
0.011357
0.034725
0.038791
0.021499
0.007501
0.032200
0.039038
0.024333
0.003736
0.029659
0.039155
0.027024
0.000000
0.026983
0.039034
0.029518
0.003711
0.024126
0.038620
0.031774
0.007381
0.021081
0.037888
0.033760
0.010982
0.017860
0.036831
0.035451
0.014485
0.014485
0.035451
0.036831
0.017860
0.010982
0.033760
0.037888
0.021081
0.007381
0.031774
0.038620
0.024126
0.003711
0.029518
0.039034
0.026983
    -nan
0.027024
0.039155
0.029659
0.003736
0.024333
0.039038
0.032200
0.007501
0.021499
0.038791
0.034725
0.011357
0.018589
0.038625
0.037512
0.015490
0.015685
0.038965
0.041203
0.020404
0.012864
0.040743
0.047382
0.027510
0.010136
0.046398
0.060727
0.041497
0.007121
0.064767
0.101137
0.086153
    -nan