-17.770947 -17.770947 -17.770947 -17.770947
-15.997242 -15.997242 -15.997242 -15.997242
-14.223538 -14.223538 -14.223538 -14.223538
-12.449833 -12.449833 -12.449833 -12.449833
-10.676128 -10.676128 -10.676128 -10.676128
 -8.902423  -8.902423  -8.902423  -8.902423
 -7.128718  -7.128718  -7.128718  -7.128718
 -5.355013  -5.355013  -5.355013  -5.355013
 -3.581308  -3.581308  -3.581308  -3.581308
 -1.807603  -1.807603  -1.807603  -1.807603
 -0.033898  -0.033898  -0.033898  -0.033898
  1.739807   1.739807   1.739807   1.739807
  3.513512   3.513512   3.513512   3.513512
  5.287217   5.287217   5.287217   5.287217
  7.060922   7.060922   7.060922   7.060922
  8.834627   8.834627   8.834627   8.834627
 10.608331  10.608331  10.608331  10.608331
 12.382036  12.382036  12.382036  12.382036
 14.155741  14.155741  14.155741  14.155741
 15.929446  15.929446  15.929446  15.929446
 17.703151  17.703151  17.703151  17.703151
 19.476856  19.476856  19.476856  19.476856
 21.250561  21.250561  21.250561  21.250561
 23.024266  23.024266  23.024266  23.024266
 24.797971  24.797971  24.797971  24.797971
 26.571676  26.571676  26.571676  26.571676
 28.345381  28.345381  28.345381  28.345381
 30.119086  30.119086  30.119086  30.119086
 31.892791  31.892791  31.892791  31.892791
 33.666495  33.666495  33.666495  33.666495
 35.440200  35.440200  35.440200  35.440200
 37.213905  37.213905  37.213905  37.213905
 38.987610  38.987610  38.987610  38.987610
 40.761315  40.761315  40.761315  40.761315
 42.535020  42.535020  42.535020  42.535020
 44.308725  44.308725  44.308725  44.308725
 46.082430  46.082430  46.082430  46.082430
 47.856135  47.856135  47.856135  47.856135
 49.629840  49.629840  49.629840  49.629840
 51.403545  51.403545  51.403545  51.403545
 53.177250  53.177250  53.177250  53.177250
 54.950955  54.950955  54.950955  54.950955
 56.724660  56.724660  56.724660  56.724660
 58.498364  58.498364  58.498364  58.498364
 60.272069  60.272069  60.272069  60.272069
 62.045774  62.045774  62.045774  62.045774
 63.819479  63.819479  63.819479  63.819479
 65.593184  65.593184  65.593184  65.593184
 67.366889  67.366889  67.366889  67.366889
 69.140594  69.140594  69.140594  69.140594
 70.914299  70.914299  70.914299  70.914299
 72.688004  72.688004  72.688004  72.688004
 74.461709  74.461709  74.461709  74.461709
 76.235414  76.235414  76.235414  76.235414
 78.009119  78.009119  78.009119  78.009119
 79.782824  79.782824  79.782824  79.782824
 81.556529  81.556529  81.556529  81.556529
 83.330233  83.330233  83.330233  83.330233
 85.103938  85.103938  85.103938  85.103938
 86.877643  86.877643  86.877643  86.877643
 88.651348  88.651348  88.651348  88.651348
 90.425053  90.425053  90.425053  90.425053
 92.198758  92.198758  92.198758  92.198758
 93.972463  93.972463  93.972463  93.972463
 95.746168  95.746168  95.746168  95.746168
 97.519873  97.519873  97.519873  97.519873
 99.293578  99.293578  99.293578  99.293578
101.067283 101.067283 101.067283 101.067283
102.840988 102.840988 102.840988 102.840988
104.614693 104.614693 104.614693 104.614693
106.388398 106.388398 106.388398 106.388398
108.162102 108.162102 108.162102 108.162102
109.935807 109.935807 109.935807 109.935807
111.709512 111.709512 111.709512 111.709512
113.483217 113.483217 113.483217 113.483217
115.256922 115.256922 115.256922 115.256922
117.030627 117.030627 117.030627 117.030627
118.804332 118.804332 118.804332 118.804332
120.578037 120.578037 120.578037 120.578037
122.351742 122.351742 122.351742 122.351742
124.125447 124.125447 124.125447 124.125447
125.899152 125.899152 125.899152 125.899152
127.672857 127.672857 127.672857 127.672857
129.446562 129.446562 129.446562 129.446562
131.220267 131.220267 131.220267 131.220267
132.993971 132.993971 132.993971 132.993971
134.767676 134.767676 134.767676 134.767676
136.541381 136.541381 136.541381 136.541381
138.315086 138.315086 138.315086 138.315086
140.088791 140.088791 140.088791 140.088791
141.862496 141.862496 141.862496 141.862496
143.636201 143.636201 143.636201 143.636201
145.409906 145.409906 145.409906 145.409906
147.183611 147.183611 147.183611 147.183611
148.957316 148.957316 148.957316 148.957316
150.731021 150.731021 150.731021 150.731021
152.504726 152.504726 152.504726 152.504726
154.278431 154.278431 154.278431 154.278431
156.052136 156.052136 156.052136 156.052136
157.825840 157.825840 157.825840 157.825840