555.543764
549.422088
543.300413
537.178738
531.057063
524.935387
518.813712
512.692037
506.570361
500.448686
494.327011
488.205336
482.083660
475.961985
469.840310
463.718634
457.596959
451.475284
445.353608
439.231933
433.110258
426.988583
420.866907
414.745232
408.623557
402.501881
396.380206
390.258531
384.136856
378.015180
371.893505
365.771830
359.650154
353.528479
347.406804
341.285129
335.163453
329.041778
322.920103
316.798427
310.676752
304.555077
298.433402
292.311726
286.190051
280.068376
273.946700
267.825025
261.703350
255.581675
249.459999
243.338324
237.216649
231.094973
224.973298
218.851623
212.729948
206.608272
200.486597
194.364922
188.243246
182.121571
175.999896
169.878221
163.756545
157.634870
151.513195
145.391519
139.269844
133.148169
127.026494
120.904818
114.783143
108.661468
102.539792
 96.418117
 90.296442
 84.174767
 78.053091
 71.931416
 65.809741
 59.688065
 53.566390
 47.444715
 41.323040
 35.201364
 29.079689
 22.958014
 16.836338
 10.714663
  4.592988
 -1.528687
 -7.650363
-13.772038
-19.893713
-26.015389
-32.137064
-38.258739
-44.380414
-50.502090