-29.792259
-30.109285
-30.426311
-30.743336
-31.060362
-31.377388
-31.694414
-32.011439
-32.328465
-32.645491
-32.962516
-33.279542
-33.596568
-33.913594
-34.230619
-34.547645
-34.864671
-35.181697
-35.498722
-35.815748
-36.132774
-36.449800
-36.766825
-37.083851
-37.400877
-37.717903
-38.034928
-38.351954
-38.668980
-38.986006
-39.303031
-39.620057
-39.937083
-40.254109
-40.571134
-40.888160
-41.205186
-41.522212
-41.839237
-42.156263
-42.473289
-42.790315
-43.107340
-43.424366
-43.741392
-44.058418
-44.375443
-44.692469
-45.009495
-45.326521
-45.643546
-45.960572
-46.277598
-46.594623
-46.911649
-47.228675
-47.545701
-47.862726
-48.179752
-48.496778
-48.813804
-49.130829
-49.447855
-49.764881
-50.081907
-50.398932
-50.715958
-51.032984
-51.350010
-51.667035
-51.984061
-52.301087
-52.618113
-52.935138
-53.252164
-53.569190
-53.886216
-54.203241
-54.520267
-54.837293
-55.154319
-55.471344
-55.788370
-56.105396
-56.422422
-56.739447
-57.056473
-57.373499
-57.690525
-58.007550
-58.324576
-58.641602
-58.958627
-59.275653
-59.592679
-59.909705
-60.226730
-60.543756
-60.860782
-61.177808