 0.500000  1.000000  3.000000 -9.000000  0.000000
 0.511763  0.964710  2.882368 -8.647105  0.004000
 0.523065  0.930805  2.769349 -8.308047  0.008000
 0.533924  0.898228  2.660761 -7.982284  0.012000
 0.544357  0.866929  2.556431 -7.669294  0.016000
 0.554381  0.836858  2.456192 -7.368577  0.020000
 0.564012  0.807965  2.359884 -7.079651  0.024000
 0.573265  0.780205  2.267351 -6.802054  0.028000
 0.582155  0.753534  2.178447 -6.535341  0.032000
 0.590697  0.727909  2.093029 -6.279087  0.036000
 0.598904  0.703288  2.010960 -6.032880  0.040000
 0.606789  0.679633  1.932109 -5.796328  0.044000
 0.614365  0.656905  1.856350 -5.569051  0.048000
 0.621644  0.635068  1.783562 -5.350685  0.052000
 0.628637  0.614088  1.713627 -5.140882  0.056000
 0.635357  0.593930  1.646435 -4.939305  0.060000
 0.641812  0.574563  1.581877 -4.745632  0.064000
 0.648015  0.555955  1.519851 -4.559553  0.068000
 0.653974  0.538077  1.460257 -4.380770  0.072000
 0.659700  0.520900  1.402999 -4.208998  0.076000
 0.665201  0.504396  1.347987 -4.043961  0.080000
 0.670487  0.488539  1.295132 -3.885395  0.084000
 0.675565  0.473305  1.244349 -3.733046  0.088000
 0.680444  0.458667  1.195557 -3.586671  0.092000
 0.685132  0.444604  1.148679 -3.446036  0.096000
 0.689636  0.431091  1.103638 -3.310915  0.100000
 0.693964  0.418109  1.060364 -3.181092  0.104000
 0.698121  0.405636  1.018787 -3.056360  0.108000
 0.702116  0.393652  0.978839 -2.936518  0.112000
 0.705954  0.382138  0.940459 -2.821376  0.116000
 0.709642  0.371075  0.903583 -2.710748  0.120000
 0.713185  0.360446  0.868153 -2.604458  0.124000
 0.716589  0.350234  0.834112 -2.502336  0.128000
 0.719859  0.340422  0.801406 -2.404218  0.132000
 0.723002  0.330995  0.769982 -2.309947  0.136000
 0.726021  0.321937  0.739791 -2.219373  0.140000
 0.728922  0.313235  0.710783 -2.132350  0.144000
 0.731709  0.304874  0.682913 -2.048739  0.148000
 0.734386  0.296841  0.656136 -1.968407  0.152000
 0.736959  0.289122  0.630408 -1.891225  0.156000
 0.739431  0.281707  0.605690 -1.817069  0.160000
 0.741806  0.274582  0.581940 -1.745820  0.164000
 0.744088  0.267737  0.559122 -1.677366  0.168000
 0.746280  0.261160  0.537198 -1.611595  0.172000
 0.748387  0.254840  0.516135 -1.548404  0.176000
 0.750410  0.248769  0.495897 -1.487690  0.180000
 0.752355  0.242936  0.476452 -1.429357  0.184000
 0.754223  0.237331  0.457770 -1.373311  0.188000
 0.756018  0.231946  0.439821 -1.319463  0.192000
 0.757742  0.226773  0.422575 -1.267726  0.196000
 0.759399  0.221802  0.406006 -1.218018  0.200000
 0.760991  0.217026  0.390086 -1.170258  0.204000
 0.762521  0.212437  0.374791 -1.124372  0.208000
 0.763991  0.208028  0.360095 -1.080285  0.212000
 0.765402  0.203793  0.345975 -1.037926  0.216000
 0.766759  0.199723  0.332409 -0.997228  0.220000
 0.768062  0.195813  0.319376 -0.958127  0.224000
 0.769315  0.192056  0.306853 -0.920558  0.228000
 0.770518  0.188446  0.294821 -0.884462  0.232000
 0.771674  0.184978  0.283261 -0.849782  0.236000
 0.772785  0.181646  0.272154 -0.816462  0.240000
 0.773852  0.178445  0.261483 -0.784448  0.244000
 0.774877  0.175369  0.251230 -0.753689  0.248000
 0.775862  0.172414  0.241379 -0.724136  0.252000
 0.776809  0.169574  0.231914 -0.695743  0.256000
 0.777718  0.166846  0.222821 -0.668462  0.260000
 0.778592  0.164225  0.214084 -0.642251  0.264000
 0.779431  0.161707  0.205689 -0.617068  0.268000
 0.780238  0.159287  0.197624 -0.592873  0.272000
 0.781012  0.156963  0.189875 -0.569626  0.276000
 0.781757  0.154729  0.182430 -0.547291  0.280000
 0.782472  0.152583  0.175277 -0.525831  0.284000
 0.783160  0.150521  0.168404 -0.505213  0.288000
 0.783820  0.148540  0.161801 -0.485403  0.292000
 0.784454  0.146637  0.155457 -0.466370  0.296000
 0.785064  0.144808  0.149361 -0.448084  0.300000
 0.785650  0.143051  0.143505 -0.430514  0.304000
 0.786212  0.141363  0.137878 -0.413633  0.308000
 0.786753  0.139741  0.132472 -0.397415  0.312000
 0.787272  0.138183  0.127277 -0.381832  0.316000
 0.787771  0.136686  0.122287 -0.366860  0.320000
 0.788251  0.135248  0.117492 -0.352475  0.324000
 0.788712  0.133865  0.112885 -0.338654  0.328000
 0.789154  0.132538  0.108458 -0.325375  0.332000
 0.789579  0.131262  0.104206 -0.312617  0.336000
 0.789988  0.130036  0.100120 -0.300359  0.340000
 0.790381  0.128858  0.096194 -0.288582  0.344000
 0.790758  0.127727  0.092422 -0.277267  0.348000
 0.791120  0.126639  0.088798 -0.266395  0.352000
 0.791468  0.125595  0.085316 -0.255949  0.356000
 0.791803  0.124591  0.081971 -0.245914  0.360000
 0.792124  0.123627  0.078757 -0.236271  0.364000
 0.792433  0.122701  0.075669 -0.227007  0.368000
 0.792730  0.121811  0.072702 -0.218106  0.372000
 0.793015  0.120955  0.069851 -0.209554  0.376000
 0.793289  0.120134  0.067112 -0.201337  0.380000
 0.793552  0.119344  0.064481 -0.193442  0.384000
 0.793805  0.118586  0.061952 -0.185857  0.388000
 0.794048  0.117857  0.059523 -0.178570  0.392000
 0.794281  0.117157  0.057189 -0.171568  0.396000
 0.794505  0.116484  0.054947 -0.164841  0.400000
 0.794721  0.115838  0.052792 -0.158377  0.404000
 0.794928  0.115217  0.050722 -0.152167  0.408000
 0.795127  0.114620  0.048734 -0.146201  0.412000
 0.795318  0.114047  0.046823 -0.140468  0.416000
 0.795501  0.113496  0.044987 -0.134960  0.420000
 0.795678  0.112967  0.043223 -0.129668  0.424000
 0.795847  0.112458  0.041528 -0.124584  0.428000
 0.796010  0.111970  0.039900 -0.119699  0.432000
 0.796166  0.111501  0.038335 -0.115005  0.436000
 0.796317  0.111050  0.036832 -0.110496  0.440000
 0.796461  0.110616  0.035388 -0.106163  0.444000
 0.796600  0.110200  0.034000 -0.102001  0.448000
 0.796733  0.109800  0.032667 -0.098001  0.452000
 0.796861  0.109416  0.031386 -0.094159  0.456000
 0.796984  0.109047  0.030156 -0.090467  0.460000
 0.797103  0.108692  0.028973 -0.086919  0.464000
 0.797216  0.108351  0.027837 -0.083511  0.468000
 0.797325  0.108024  0.026746 -0.080237  0.472000
 0.797430  0.107709  0.025697 -0.077090  0.476000
 0.797531  0.107407  0.024689 -0.074068  0.480000
 0.797628  0.107116  0.023721 -0.071163  0.484000
 0.797721  0.106837  0.022791 -0.068373  0.488000
 0.797810  0.106569  0.021897 -0.065692  0.492000
 0.797896  0.106312  0.021039 -0.063116  0.496000
 0.797979  0.106064  0.020214 -0.060642  0.500000
 0.798058  0.105826  0.019421 -0.058264  0.504000
 0.798134  0.105598  0.018660 -0.055979  0.508000
 0.798207  0.105378  0.017928 -0.053784  0.512000
 0.798277  0.105168  0.017225 -0.051675  0.516000
 0.798345  0.104965  0.016550 -0.049649  0.520000
 0.798410  0.104770  0.015901 -0.047702  0.524000
 0.798472  0.104583  0.015277 -0.045832  0.528000
 0.798532  0.104403  0.014678 -0.044035  0.532000
 0.798590  0.104231  0.014103 -0.042308  0.536000
 0.798645  0.104065  0.013550 -0.040649  0.540000
 0.798698  0.103906  0.013018 -0.039055  0.544000
 0.798749  0.103752  0.012508 -0.037524  0.548000
 0.798798  0.103605  0.012018 -0.036053  0.552000
 0.798845  0.103464  0.011546 -0.034639  0.556000
 0.798891  0.103328  0.011094 -0.033281  0.560000
 0.798934  0.103198  0.010659 -0.031976  0.564000
 0.798976  0.103072  0.010241 -0.030722  0.568000
 0.799016  0.102952  0.009839 -0.029517  0.572000
 0.799055  0.102836  0.009453 -0.028360  0.576000
 0.799092  0.102725  0.009083 -0.027248  0.580000
 0.799127  0.102618  0.008727 -0.026180  0.584000
 0.799162  0.102515  0.008384 -0.025153  0.588000
 0.799194  0.102417  0.008056 -0.024167  0.592000
 0.799226  0.102322  0.007740 -0.023219  0.596000
 0.799256  0.102231  0.007436 -0.022309  0.600000
 0.799286  0.102143  0.007145 -0.021434  0.604000
 0.799314  0.102059  0.006865 -0.020594  0.608000
 0.799340  0.101979  0.006595 -0.019786  0.612000
 0.799366  0.101901  0.006337 -0.019010  0.616000
 0.799391  0.101826  0.006088 -0.018265  0.620000
 0.799415  0.101755  0.005850 -0.017549  0.624000
 0.799438  0.101686  0.005620 -0.016861  0.628000
 0.799460  0.101620  0.005400 -0.016199  0.632000
 0.799481  0.101556  0.005188 -0.015564  0.636000
 0.799502  0.101495  0.004985 -0.014954  0.640000
 0.799521  0.101437  0.004789 -0.014368  0.644000
 0.799540  0.101380  0.004601 -0.013804  0.648000
 0.799558  0.101326  0.004421 -0.013263  0.652000
 0.799575  0.101274  0.004248 -0.012743  0.656000
 0.799592  0.101224  0.004081 -0.012243  0.660000
 0.799608  0.101176  0.003921 -0.011763  0.664000
 0.799623  0.101130  0.003767 -0.011302  0.668000
 0.799638  0.101086  0.003620 -0.010859  0.672000
 0.799652  0.101043  0.003478 -0.010433  0.676000
 0.799666  0.101002  0.003341 -0.010024  0.680000
 0.799679  0.100963  0.003210 -0.009631  0.684000
 0.799692  0.100925  0.003084 -0.009253  0.688000
 0.799704  0.100889  0.002963 -0.008890  0.692000
 0.799715  0.100854  0.002847 -0.008542  0.696000
 0.799726  0.100821  0.002736 -0.008207  0.700000
 0.799737  0.100789  0.002628 -0.007885  0.704000
 0.799747  0.100758  0.002525 -0.007576  0.708000
 0.799757  0.100728  0.002426 -0.007279  0.712000
 0.799767  0.100699  0.002331 -0.006993  0.716000
 0.799776  0.100672  0.002240 -0.006719  0.720000
 0.799785  0.100646  0.002152 -0.006456  0.724000
 0.799793  0.100620  0.002068 -0.006203  0.728000
 0.799801  0.100596  0.001986 -0.005959  0.732000
 0.799809  0.100573  0.001909 -0.005726  0.736000
 0.799817  0.100550  0.001834 -0.005501  0.740000
 0.799824  0.100529  0.001762 -0.005286  0.744000
 0.799831  0.100508  0.001693 -0.005078  0.748000
 0.799837  0.100488  0.001626 -0.004879  0.752000
 0.799844  0.100469  0.001563 -0.004688  0.756000
 0.799850  0.100450  0.001501 -0.004504  0.760000
 0.799856  0.100433  0.001442 -0.004327  0.764000
 0.799861  0.100416  0.001386 -0.004158  0.768000
 0.799867  0.100399  0.001332 -0.003995  0.772000
 0.799872  0.100384  0.001279 -0.003838  0.776000
 0.799877  0.100369  0.001229 -0.003688  0.780000
 0.799882  0.100354  0.001181 -0.003543  0.784000
 0.799887  0.100340  0.001135 -0.003404  0.788000
 0.799891  0.100327  0.001090 -0.003271  0.792000
 0.799895  0.100314  0.001047 -0.003142  0.796000
 0.799899  0.100302  0.001006 -0.003019  0.800000
 0.799903  0.100290  0.000967 -0.002901  0.804000
 0.799907  0.100279  0.000929 -0.002787  0.808000
 0.799911  0.100268  0.000893 -0.002678  0.812000
 0.799914  0.100257  0.000858 -0.002573  0.816000
 0.799918  0.100247  0.000824 -0.002472  0.820000
 0.799921  0.100237  0.000792 -0.002375  0.824000
 0.799924  0.100228  0.000761 -0.002282  0.828000
 0.799927  0.100219  0.000731 -0.002192  0.832000
 0.799930  0.100211  0.000702 -0.002106  0.836000
 0.799933  0.100202  0.000675 -0.002024  0.840000
 0.799935  0.100194  0.000648 -0.001944  0.844000
 0.799938  0.100187  0.000623 -0.001868  0.848000
 0.799940  0.100179  0.000598 -0.001795  0.852000
 0.799943  0.100172  0.000575 -0.001725  0.856000
 0.799945  0.100166  0.000552 -0.001657  0.860000
 0.799947  0.100159  0.000531 -0.001592  0.864000
 0.799949  0.100153  0.000510 -0.001530  0.868000
 0.799951  0.100147  0.000490 -0.001470  0.872000
 0.799953  0.100141  0.000471 -0.001412  0.876000
 0.799955  0.100136  0.000452 -0.001357  0.880000
 0.799957  0.100130  0.000434 -0.001303  0.884000
 0.799958  0.100125  0.000417 -0.001252  0.888000
 0.799960  0.100120  0.000401 -0.001203  0.892000
 0.799961  0.100116  0.000385 -0.001156  0.896000
 0.799963  0.100111  0.000370 -0.001111  0.900000