-139.388458
-139.234675
-139.080892
-138.927109
-138.773326
-138.619543
-138.465760
-138.311977
-138.158195
-138.004412
-137.850629
-137.696846
-137.543063
-137.389280
-137.235497
-137.081714
-136.927931
-136.774148
-136.620366
-136.466583
-136.312800
-136.159017
-136.005234
-135.851451
-135.697668
-135.543885
-135.390102
-135.236320
-135.082537
-134.928754
-134.774971
-134.621188
-134.467405
-134.313622
-134.159839
-134.006056
-133.852273
-133.698491
-133.544708
-133.390925
-133.237142
-133.083359
-132.929576
-132.775793
-132.622010
-132.468227
-132.314445
-132.160662
-132.006879
-131.853096
-131.699313
-131.545530
-131.391747
-131.237964
-131.084181
-130.930398
-130.776616
-130.622833
-130.469050
-130.315267
-130.161484
-130.007701
-129.853918
-129.700135
-129.546352
-129.392570
-129.238787
-129.085004
-128.931221
-128.777438
-128.623655
-128.469872
-128.316089
-128.162306
-128.008523
-127.854741
-127.700958
-127.547175
-127.393392
-127.239609
-127.085826
-126.932043
-126.778260
-126.624477
-126.470695
-126.316912
-126.163129
-126.009346
-125.855563
-125.701780
-125.547997
-125.394214
-125.240431
-125.086648
-124.932866
-124.779083
-124.625300
-124.471517
-124.317734
-124.163951