 -44.990703  -48.606442  -67.565084 -103.255331  -70.971990    2.036806  -64.015929  -34.747268    0.178586   14.186520  -69.069064
 -46.023074  -49.122790  -66.934793 -100.793096  -69.580317    1.637131  -63.137576  -34.274015    0.148304   14.033088  -68.339219
 -47.055444  -49.639139  -66.304503  -98.330862  -68.188645    1.237455  -62.259223  -33.800763    0.118022   13.879656  -67.609374
 -48.087815  -50.155487  -65.674213  -95.868627  -66.796973    0.837780  -61.380870  -33.327511    0.087739   13.726225  -66.879529
 -49.120185  -50.671836  -65.043923  -93.406392  -65.405300    0.438105  -60.502517  -32.854258    0.057457   13.572793  -66.149684
 -50.152556  -51.188184  -64.413632  -90.944157  -64.013628    0.038429  -59.624164  -32.381006    0.027175   13.419362  -65.419840
 -51.184927  -51.704533  -63.783342  -88.481922  -62.621956   -0.361246  -58.745811  -31.907754   -0.003107   13.265930  -64.689995
 -52.217297  -52.220881  -63.153052  -86.019688  -61.230283   -0.760921  -57.867458  -31.434501   -0.033390   13.112499  -63.960150
 -53.249668  -52.737230  -62.522762  -83.557453  -59.838611   -1.160596  -56.989105  -30.961249   -0.063672   12.959067  -63.230305
 -54.282038  -53.253578  -61.892471  -81.095218  -58.446939   -1.560272  -56.110752  -30.487997   -0.093954   12.805635  -62.500460
 -55.314409  -53.769927  -61.262181  -78.632983  -57.055266   -1.959947  -55.232399  -30.014744   -0.124237   12.652204  -61.770616
 -56.346779  -54.286275  -60.631891  -76.170749  -55.663594   -2.359622  -54.354046  -29.541492   -0.154519   12.498772  -61.040771
 -57.379150  -54.802624  -60.001601  -73.708514  -54.271922   -2.759298  -53.475693  -29.068240   -0.184801   12.345341  -60.310926
 -58.411521  -55.318972  -59.371311  -71.246279  -52.880249   -3.158973  -52.597340  -28.594987   -0.215084   12.191909  -59.581081
 -59.443891  -55.835321  -58.741020  -68.784044  -51.488577   -3.558648  -51.718987  -28.121735   -0.245366   12.038478  -58.851236
 -60.476262  -56.351669  -58.110730  -66.321809  -50.096905   -3.958324  -50.840634  -27.648483   -0.275648   11.885046  -58.121392
 -61.508632  -56.868018  -57.480440  -63.859575  -48.705232   -4.357999  -49.962281  -27.175230   -0.305930   11.731614  -57.391547
 -62.541003  -57.384366  -56.850150  -61.397340  -47.313560   -4.757674  -49.083928  -26.701978   -0.336213   11.578183  -56.661702
 -63.573374  -57.900714  -56.219859  -58.935105  -45.921888   -5.157349  -48.205575  -26.228726   -0.366495   11.424751  -55.931857
 -64.605744  -58.417063  -55.589569  -56.472870  -44.530215   -5.557025  -47.327222  -25.755473   -0.396777   11.271320  -55.202012
 -65.638115  -58.933411  -54.959279  -54.010635  -43.138543   -5.956700  -46.448869  -25.282221   -0.427060   11.117888  -54.472167
 -66.670485  -59.449760  -54.328989  -51.548401  -41.746870   -6.356375  -45.570516  -24.808968   -0.457342   10.964457  -53.742323
 -67.702856  -59.966108  -53.698699  -49.086166  -40.355198   -6.756051  -44.692163  -24.335716   -0.487624   10.811025  -53.012478
 -68.735226  -60.482457  -53.068408  -46.623931  -38.963526   -7.155726  -43.813810  -23.862464   -0.517906   10.657593  -52.282633
 -69.767597  -60.998805  -52.438118  -44.161696  -37.571853   -7.555401  -42.935457  -23.389211   -0.548189   10.504162  -51.552788
 -70.799968  -61.515154  -51.807828  -41.699462  -36.180181   -7.955076  -42.057104  -22.915959   -0.578471   10.350730  -50.822943
 -71.832338  -62.031502  -51.177538  -39.237227  -34.788509   -8.354752  -41.178751  -22.442707   -0.608753   10.197299  -50.093099
 -72.864709  -62.547851  -50.547247  -36.774992  -33.396836   -8.754427  -40.300398  -21.969454   -0.639036   10.043867  -49.363254
 -73.897079  -63.064199  -49.916957  -34.312757  -32.005164   -9.154102  -39.422045  -21.496202   -0.669318    9.890436  -48.633409
 -74.929450  -63.580548  -49.286667  -31.850522  -30.613492   -9.553778  -38.543692  -21.022950   -0.699600    9.737004  -47.903564
 -75.961821  -64.096896  -48.656377  -29.388288  -29.221819   -9.953453  -37.665339  -20.549697   -0.729883    9.583572  -47.173719
 -76.994191  -64.613245  -48.026086  -26.926053  -27.830147  -10.353128  -36.786986  -20.076445   -0.760165    9.430141  -46.443875
 -78.026562  -65.129593  -47.395796  -24.463818  -26.438475  -10.752804  -35.908632  -19.603193   -0.790447    9.276709  -45.714030
 -79.058932  -65.645942  -46.765506  -22.001583  -25.046802  -11.152479  -35.030279  -19.129940   -0.820729    9.123278  -44.984185
 -80.091303  -66.162290  -46.135216  -19.539349  -23.655130  -11.552154  -34.151926  -18.656688   -0.851012    8.969846  -44.254340
 -81.123673  -66.678639  -45.504926  -17.077114  -22.263458  -11.951829  -33.273573  -18.183436   -0.881294    8.816415  -43.524495
 -82.156044  -67.194987  -44.874635  -14.614879  -20.871785  -12.351505  -32.395220  -17.710183   -0.911576    8.662983  -42.794650
 -83.188415  -67.711336  -44.244345  -12.152644  -19.480113  -12.751180  -31.516867  -17.236931   -0.941859    8.509551  -42.064806
 -84.220785  -68.227684  -43.614055   -9.690409  -18.088440  -13.150855  -30.638514  -16.763679   -0.972141    8.356120  -41.334961
 -85.253156  -68.744033  -42.983765   -7.228175  -16.696768  -13.550531  -29.760161  -16.290426   -1.002423    8.202688  -40.605116
 -86.285526  -69.260381  -42.353474   -4.765940  -15.305096  -13.950206  -28.881808  -15.817174   -1.032706    8.049257  -39.875271
 -87.317897  -69.776729  -41.723184   -2.303705  -13.913423  -14.349881  -28.003455  -15.343921   -1.062988    7.895825  -39.145426
 -88.350268  -70.293078  -41.092894    0.158530  -12.521751  -14.749556  -27.125102  -14.870669   -1.093270    7.742394  -38.415582
 -89.382638  -70.809426  -40.462604    2.620765  -11.130079  -15.149232  -26.246749  -14.397417   -1.123552    7.588962  -37.685737
 -90.415009  -71.325775  -39.832313    5.082999   -9.738406  -15.548907  -25.368396  -13.924164   -1.153835    7.435530  -36.955892
 -91.447379  -71.842123  -39.202023    7.545234   -8.346734  -15.948582  -24.490043  -13.450912   -1.184117    7.282099  -36.226047
 -92.479750  -72.358472  -38.571733   10.007469   -6.955062  -16.348258  -23.611690  -12.977660   -1.214399    7.128667  -35.496202
 -93.512120  -72.874820  -37.941443   12.469704   -5.563389  -16.747933  -22.733337  -12.504407   -1.244682    6.975236  -34.766358
 -94.544491  -73.391169  -37.311153   14.931938   -4.171717  -17.147608  -21.854984  -12.031155   -1.274964    6.821804  -34.036513
 -95.576862  -73.907517  -36.680862   17.394173   -2.780045  -17.547284  -20.976631  -11.557903   -1.305246    6.668373  -33.306668
 -96.609232  -74.423866  -36.050572   19.856408   -1.388372  -17.946959  -20.098278  -11.084650   -1.335528    6.514941  -32.576823
 -97.641603  -74.940214  -35.420282   22.318643    0.003300  -18.346634  -19.219925  -10.611398   -1.365811    6.361509  -31.846978
 -98.673973  -75.456563  -34.789992   24.780878    1.394972  -18.746309  -18.341572  -10.138146   -1.396093    6.208078  -31.117133
 -99.706344  -75.972911  -34.159701   27.243112    2.786645  -19.145985  -17.463219   -9.664893   -1.426375    6.054646  -30.387289
-100.738715  -76.489260  -33.529411   29.705347    4.178317  -19.545660  -16.584866   -9.191641   -1.456658    5.901215  -29.657444
-101.771085  -77.005608  -32.899121   32.167582    5.569990  -19.945335  -15.706513   -8.718389   -1.486940    5.747783  -28.927599
-102.803456  -77.521957  -32.268831   34.629817    6.961662  -20.345011  -14.828160   -8.245136   -1.517222    5.594352  -28.197754
-103.835826  -78.038305  -31.638540   37.092052    8.353334  -20.744686  -13.949807   -7.771884   -1.547505    5.440920  -27.467909
-104.868197  -78.554654  -31.008250   39.554286    9.745007  -21.144361  -13.071454   -7.298631   -1.577787    5.287488  -26.738065
-105.900567  -79.071002  -30.377960   42.016521   11.136679  -21.544037  -12.193101   -6.825379   -1.608069    5.134057  -26.008220
-106.932938  -79.587351  -29.747670   44.478756   12.528351  -21.943712  -11.314748   -6.352127   -1.638351    4.980625  -25.278375
-107.965309  -80.103699  -29.117380   46.940991   13.920024  -22.343387  -10.436395   -5.878874   -1.668634    4.827194  -24.548530
-108.997679  -80.620048  -28.487089   49.403225   15.311696  -22.743062   -9.558042   -5.405622   -1.698916    4.673762  -23.818685
-110.030050  -81.136396  -27.856799   51.865460   16.703368  -23.142738   -8.679689   -4.932370   -1.729198    4.520331  -23.088841
-111.062420  -81.652744  -27.226509   54.327695   18.095041  -23.542413   -7.801336   -4.459117   -1.759481    4.366899  -22.358996
-112.094791  -82.169093  -26.596219   56.789930   19.486713  -23.942088   -6.922983   -3.985865   -1.789763    4.213467  -21.629151
-113.127162  -82.685441  -25.965928   59.252165   20.878385  -24.341764   -6.044630   -3.512613   -1.820045    4.060036  -20.899306
-114.159532  -83.201790  -25.335638   61.714399   22.270058  -24.741439   -5.166277   -3.039360   -1.850328    3.906604  -20.169461
-115.191903  -83.718138  -24.705348   64.176634   23.661730  -25.141114   -4.287924   -2.566108   -1.880610    3.753173  -19.439616
-116.224273  -84.234487  -24.075058   66.638869   25.053402  -25.540789   -3.409571   -2.092856   -1.910892    3.599741  -18.709772
-117.256644  -84.750835  -23.444768   69.101104   26.445075  -25.940465   -2.531218   -1.619603   -1.941174    3.446310  -17.979927
-118.289014  -85.267184  -22.814477   71.563339   27.836747  -26.340140   -1.652865   -1.146351   -1.971457    3.292878  -17.250082
-119.321385  -85.783532  -22.184187   74.025573   29.228420  -26.739815   -0.774512   -0.673099   -2.001739    3.139446  -16.520237
-120.353756  -86.299881  -21.553897   76.487808   30.620092  -27.139491    0.103841   -0.199846   -2.032021    2.986015  -15.790392
-121.386126  -86.816229  -20.923607   78.950043   32.011764  -27.539166    0.982194    0.273406   -2.062304    2.832583  -15.060548
-122.418497  -87.332578  -20.293316   81.412278   33.403437  -27.938841    1.860547    0.746658   -2.092586    2.679152  -14.330703
-123.450867  -87.848926  -19.663026   83.874512   34.795109  -28.338517    2.738900    1.219911   -2.122868    2.525720  -13.600858
-124.483238  -88.365275  -19.032736   86.336747   36.186781  -28.738192    3.617253    1.693163   -2.153150    2.372289  -12.871013
-125.515609  -88.881623  -18.402446   88.798982   37.578454  -29.137867    4.495606    2.166416   -2.183433    2.218857  -12.141168
-126.547979  -89.397972  -17.772155   91.261217   38.970126  -29.537542    5.373959    2.639668   -2.213715    2.065425  -11.411324
-127.580350  -89.914320  -17.141865   93.723452   40.361798  -29.937218    6.252312    3.112920   -2.243997    1.911994  -10.681479
-128.612720  -90.430669  -16.511575   96.185686   41.753471  -30.336893    7.130665    3.586173   -2.274280    1.758562   -9.951634
-129.645091  -90.947017  -15.881285   98.647921   43.145143  -30.736568    8.009018    4.059425   -2.304562    1.605131   -9.221789
-130.677461  -91.463366  -15.250995  101.110156   44.536815  -31.136244    8.887371    4.532677   -2.334844    1.451699   -8.491944
-131.709832  -91.979714  -14.620704  103.572391   45.928488  -31.535919    9.765724    5.005930   -2.365127    1.298268   -7.762099
-132.742203  -92.496063  -13.990414  106.034626   47.320160  -31.935594   10.644077    5.479182   -2.395409    1.144836   -7.032255
-133.774573  -93.012411  -13.360124  108.496860   48.711832  -32.335269   11.522430    5.952434   -2.425691    0.991405   -6.302410
-134.806944  -93.528760  -12.729834  110.959095   50.103505  -32.734945   12.400783    6.425687   -2.455973    0.837973   -5.572565
-135.839314  -94.045108  -12.099543  113.421330   51.495177  -33.134620   13.279136    6.898939   -2.486256    0.684541   -4.842720
-136.871685  -94.561456  -11.469253  115.883565   52.886849  -33.534295   14.157489    7.372191   -2.516538    0.531110   -4.112875
-137.904056  -95.077805  -10.838963  118.345799   54.278522  -33.933971   15.035842    7.845444   -2.546820    0.377678   -3.383031
-138.936426  -95.594153  -10.208673  120.808034   55.670194  -34.333646   15.914195    8.318696   -2.577103    0.224247   -2.653186
-139.968797  -96.110502   -9.578382  123.270269   57.061867  -34.733321   16.792548    8.791948   -2.607385    0.070815   -1.923341
-141.001167  -96.626850   -8.948092  125.732504   58.453539  -35.132997   17.670901    9.265201   -2.637667   -0.082616   -1.193496
-142.033538  -97.143199   -8.317802  128.194739   59.845211  -35.532672   18.549254    9.738453   -2.667950   -0.236048   -0.463651
-143.065908  -97.659547   -7.687512  130.656973   61.236884  -35.932347   19.427607   10.211705   -2.698232   -0.389480    0.266193
-144.098279  -98.175896   -7.057222  133.119208   62.628556  -36.332022   20.305960   10.684958   -2.728514   -0.542911    0.996038
-145.130650  -98.692244   -6.426931  135.581443   64.020228  -36.731698   21.184313   11.158210   -2.758796   -0.696343    1.725883
-146.163020  -99.208593   -5.796641  138.043678   65.411901  -37.131373   22.062667   11.631463   -2.789079   -0.849774    2.455728
-147.195391  -99.724941   -5.166351  140.505913   66.803573  -37.531048   22.941020   12.104715   -2.819361   -1.003206    3.185573