-45.203715
-45.372577
-45.541980
-45.711918
-45.882379
-46.053347
-46.224797
-46.396700
-46.569017
-46.741700
-46.914694
-47.087931
-47.261335
-47.434817
-47.608278
-47.781606
-47.954677
-48.127355
-48.299495
-48.470938
-48.641518
-48.811058
-48.979376
-49.146285
-49.311594
-49.475112
-49.636652
-49.796032
-49.953076
-50.107622
-50.259522
-50.408643
-50.554875
-50.698127
-50.838332
-50.975449
-51.109460
-51.240375
-51.368228
-51.493079
-51.615010
-51.734124
-51.850547
-51.964418
-52.075893
-52.185142
-52.292342
-52.397678
-52.501340
-52.603522
-52.704417
-52.804216
-52.903108
-53.001277
-53.098901
-53.196151
-53.293190
-53.390172
-53.487243
-53.584537
-53.682178
-53.780281
-53.878947
-53.978267
-54.078318
-54.179164
-54.280856
-54.383431
-54.486910
-54.591296
-54.696579
-54.802726
-54.909687
-55.017391
-55.125744
-55.234630
-55.343907
-55.453410
-55.562943
-55.672288
-55.781196
-55.889391
-55.996572
-56.102408
-56.206546
-56.308610
-56.408202
-56.504909
-56.598306
-56.687959
-56.773432
-56.854294
-56.930122
-57.000508
-57.065070
-57.123451
-57.175332
-57.220433
-57.258518
-57.289400
-57.312944
-57.329068
-57.337743
-57.338991
-57.332887
-57.319552
-57.299153
-57.271892
-57.238008
-57.197767
-57.151458
-57.099383
-57.041858
-56.979199
-56.911724
-56.839742
-56.763552
-56.683437
-56.599660
-56.512464
-56.422065
-56.328650
-56.232380
-56.133381
-56.031749
-55.927546
-55.820797
-55.711494
-55.599593
-55.485010
-55.367629
-55.247291
-55.123803
-54.996933
-54.866411
-54.731928
-54.593138
-54.449658
-54.301070
-54.146919
-53.986718
-53.819949
-53.646065
-53.464498
-53.274655
-53.075934
-52.867721
-52.649400
-52.420363
-52.180017
-51.927792
-51.663154
-51.385612
-51.094731
-50.790143
-50.471554
-50.138756
-49.791635
-49.430178
-49.054477
-48.664735
-48.261262
-47.844480
-47.414916
-46.973196
-46.520037
-46.056237
-45.582664
-45.100241
-44.609934
-44.112735
-43.609650
-43.101685
-42.589829
-42.075047
-41.558266
-41.040368
-40.522180
-40.004470
-39.487946
-38.973249
-38.460952
-37.951567
-37.445541
-36.943259
-36.445050
-35.951193
-35.461916
-34.977406
-34.497811
-34.023249
-33.553810
-33.089562
-32.630556
-32.176834
-31.728427
-31.285363
-30.847673
-30.415390
-29.988554
-29.567216
-29.151440
-28.741302
-28.336896
-27.938332
-27.545740
-27.159264
-26.779072
-26.405342
-26.038274
-25.678078
-25.324976
-24.979200
-24.640984
-24.310563
-23.988168
-23.674020
-23.368323
-23.071260
-22.782989
-22.503631
-22.233270
-21.971945
-21.719646
-21.476310
-21.241819
-21.015995
-20.798605
-20.589358
-20.387908
-20.193856
-20.006759
-19.826131
-19.651454
-19.482183
-19.317752
-19.157587
-19.001111
-18.847750
-18.696945
-18.548155
-18.400866
-18.254592
-18.108883
-17.963326
-17.817552
-17.671229
-17.524071
-17.375837
-17.226327
-17.075383
-16.922891
-16.768776
-16.613002
-16.455570
-16.296518
-16.135918
-15.973877
-15.810531
-15.646050
-15.480635
-15.314514
-15.147947
-14.981222
-14.814657
-14.648599
-14.483421
-14.319530
-14.157357
-13.997363
-13.840038
-13.685898
-13.535485
-13.389363
-13.248121
-13.112364
-12.982714
-12.859803
-12.744267
-12.636742
-12.537859
-12.448229
-12.368443
-12.299059
-12.240592
-12.193508
-12.158209
-12.135033
-12.124236
-12.125992
-12.140383
-12.167398
-12.206926
-12.258760
-12.322594
-12.398031
-12.484586
-12.581691
-12.688710
-12.804943
-12.929644
-13.062025
-13.201276
-13.346572
-13.497087
-13.652006
-13.810531
-13.971893
-14.135360
-14.300241
-14.465889
-14.631711
-14.797160
-14.961745
-15.125023
-15.286603
-15.446141
-15.603337
-15.757934
-15.909709
-16.058475
-16.204074
-16.346371
-16.485252
-16.620619
-16.752384
-16.880470
-17.004801
-17.125301
-17.241891
-17.354487
-17.462993
-17.567302
-17.667291
-17.762823
-17.853740
-17.939865
-18.021002
-18.096933
-18.167420
-18.232203
-18.291006
-18.343534
-18.389479
-18.428522
-18.460336
-18.484591
-18.500960
-18.509126
-18.508782
-18.499645
-18.481458
-18.453998
-18.417083
-18.370574
-18.314387
-18.248490
-18.172914
-18.087748
-17.993144
-17.889317
-17.776538
-17.655138
-17.525498
-17.388045
-17.243246
-17.091599
-16.933627
-16.769869
-16.600873
-16.427185
-16.249347
-16.067885
-15.883306
-15.696094
-15.506703
-15.315554
-15.123033
-14.929492
-14.735244
-14.540565
-14.345694
-14.150835
-13.956157
-13.761795
-13.567856
-13.374416
-13.181526
-12.989213
-12.797482
-12.606320
-12.415696
-12.225566
-12.035874
-11.846554
-11.657532
-11.468730
-11.280065
-11.091453
-10.902813
-10.714066
-10.525136
-10.335956
-10.146467
 -9.956620
 -9.766382
 -9.575730
 -9.384660
 -9.193185
 -9.001338
 -8.809170
 -8.616757
 -8.424195
 -8.231602
 -8.039120
 -7.846911
 -7.655158
 -7.464063
 -7.273847
 -7.084741
 -6.896992
 -6.710852
 -6.526577
 -6.344425
 -6.164648
 -5.987491
 -5.813187
 -5.641951
 -5.473980
 -5.309450
 -5.148510
 -4.991282
 -4.837865
 -4.688324
 -4.542701
 -4.401007
 -4.263230
 -4.129334
 -3.999258
 -3.872926
 -3.750241
 -3.631095
 -3.515367
 -3.402928
 -3.293643
 -3.187375
 -3.083985
 -2.983335
 -2.885290
 -2.789721
 -2.696506
 -2.605530
 -2.516688
 -2.429883
 -2.345032
 -2.262061
 -2.180910
 -2.101532
 -2.023891
 -1.947966
 -1.873750
 -1.801247
 -1.730477
 -1.661474
 -1.594282
 -1.528961
 -1.465584
 -1.404233
 -1.345004
 -1.288004
 -1.233347
 -1.181158
 -1.131567
 -1.084709
 -1.040725
 -0.999753
 -0.961933
 -0.927399
 -0.896279
 -0.868691
 -0.844743
 -0.824522
 -0.808103
 -0.795535
 -0.786846
 -0.782037
 -0.781083
 -0.783927
 -0.790488
 -0.800651
 -0.814274
 -0.831189
 -0.851200
 -0.874090
 -0.899621
 -0.927538
 -0.957574
 -0.989449
 -1.022883
 -1.057588
 -1.093282
 -1.129686
 -1.166529
 -1.203550
 -1.240500
 -1.277145
 -1.313265
 -1.348657
 -1.383133
 -1.416521
 -1.448666
 -1.479427
 -1.508678
 -1.536305
 -1.562206
 -1.586291
 -1.608479
 -1.628697
 -1.646878
 -1.662963
 -1.676895
 -1.688623
 -1.698097
 -1.705270
 -1.710097
 -1.712533
 -1.712533
 -1.710054
 -1.705053
 -1.697489
 -1.687319
 -1.674506
 -1.659013
 -1.640807
 -1.619861
 -1.596153
 -1.569668
 -1.540401
 -1.508359
 -1.473558
 -1.436032
 -1.395830
 -1.353017
 -1.307680
 -1.259925
 -1.209880
 -1.157696
 -1.103545
 -1.047625
 -0.990152
 -0.931364
 -0.871519
 -0.810892
 -0.749769
 -0.688449
 -0.627238
 -0.566444
 -0.506375
 -0.447334
 -0.389614
 -0.333498
 -0.279250
 -0.227116
 -0.177321
 -0.130065
 -0.085524
 -0.043847
 -0.005157
  0.030449
  0.062898
  0.092143
  0.118159
  0.140942
  0.160508
  0.176887
  0.190129
  0.200292
  0.207450
  0.211684
  0.213081
  0.211739
  0.207756
  0.201238
  0.192293
  0.181030
  0.167563
  0.152007
  0.134478
  0.115096
  0.093983
  0.071266
  0.047073
  0.021538
 -0.005197
 -0.032987
 -0.061677
 -0.091104
 -0.121095
 -0.151465
 -0.182020
 -0.212551
 -0.242836
 -0.272641
 -0.301716
 -0.329800
 -0.356615
 -0.381874
 -0.405278
 -0.426517
 -0.445277
 -0.461237
 -0.474076
 -0.483476
 -0.489124
 -0.490718
 -0.487972
 -0.480619
 -0.468415
 -0.451145
 -0.428625
 -0.400709
 -0.367284
 -0.328281
 -0.283671
 -0.233465
 -0.177717
 -0.116517
 -0.049996
  0.021683
  0.098326
  0.179712
  0.265596
  0.355718
  0.449801
  0.547561
  0.648709
  0.752954
  0.860008
  0.969590
  1.081426
  1.195254
  1.310823
  1.427899
  1.546261
  1.665704
  1.786040
  1.907097
  2.028717
  2.150759
  2.273098
  2.395620
  2.518228
  2.640834
  2.763363
  2.885752
  2.939091
  2.939091
  2.939091
  2.939091
  2.939091
  2.939091
  2.939091
  2.939091
  2.939091
  2.939091
  2.939091
  2.939091
  2.939091
  2.939091
  2.939091
  2.939091
  2.939091
  2.939091
  2.939091
  2.939091
  2.939091
  2.939091
  2.939091
  2.939091
  2.939091
  2.939091
  2.939091
  2.939091
  2.939091
  2.939091
  2.939091
  2.939091
  2.939091
  2.939091
  2.939091
  2.939091
  2.939091
  2.939091
  2.939091
  2.939091
  2.939091
  2.939091
  2.939091
  2.939091
  2.939091
  2.939091
  2.939091
  2.939091
  2.939091
  2.939091
  2.939091
  2.939091
  2.939091
  2.939091
  2.939091
  2.939091
  2.939091
  2.939091
  2.939091
  2.939091
  2.939091
  2.939091
  2.939091
  2.939091
  2.939091
  2.939091
  2.939091
  2.939091
  2.939091
  2.939091
  2.939091
  2.939091