-45.203715
-46.329687
-47.473146
-48.612827
-49.707354
-50.705541
-51.574216
-52.321304
-52.989895
-53.632741
-54.291551
-54.986640
-55.707810
-56.401917
-56.969290
-57.293585
-57.304516
-57.018762
-56.513493
-55.863921
-55.097531
-54.175126
-52.987542
-51.374020
-49.187120
-46.399659
-43.166862
-39.754993
-36.398888
-33.226638
-30.280762
-27.575170
-25.139072
-23.028787
-21.298251
-19.939858
-18.851271
-17.877761
-16.892542
-15.841948
-14.745045
-13.681455
-12.785011
-12.227732
-12.162877
-12.630908
-13.509561
-14.580650
-15.650379
-16.608972
-17.411794
-18.031472
-18.419214
-18.494241
-18.175702
-17.447289
-16.394372
-15.162275
-13.876983
-12.602962
-11.350226
-10.101217
 -8.838207
 -7.567263
 -6.331773
 -5.199548
 -4.223887
 -3.413879
 -2.741727
 -2.171111
 -1.679741
 -1.268975
 -0.963614
 -0.800537
 -0.802785
 -0.950953
 -1.181165
 -1.416718
 -1.600199
 -1.699928
 -1.698895
 -1.584635
 -1.350440
 -1.009344
 -0.610204
 -0.232753
  0.047079
  0.191404
  0.203304
  0.108280
 -0.059994
 -0.259380
 -0.429753
 -0.488988
 -0.352971
  0.021270
  0.608358
  1.335917
  2.129478
  2.939091