  -44.504730
  107.766078
 -560.104389
  280.654506
    5.665815
 -149.078451
  172.557317
 -429.629170
  695.845473
-1021.106508
  696.157369
 -237.036867
   14.905286
 -306.099585
  322.434960
 -605.988038
  580.473804
 -737.863873
  571.810205
 -202.986604
 -121.536829
 -165.489306
    8.135939
 -336.013026
  624.363847
 -228.785410
 -201.457296
 -363.889006
  603.682617
 -363.087108
 -485.696146
  561.493386
 -127.687362
  -17.905491
 -269.131858
 -287.419085
  612.076005
 -750.297641
  362.816770
    8.572743
  -64.075757
 -302.019271
  185.748944
 -128.934614
   46.239197
 -332.104217
 -319.927163
  550.592169
 -227.487477
 -312.591706
   66.274745
  238.579429
   14.265422
   59.533692
 -689.603110
  -76.518696
  288.015962
  143.647000
 -495.096902
  326.425110
 -426.356764
  -30.703905
  255.657631
   28.295859
 -459.323067
 -117.287824
  395.823817
 -157.065001
 -137.566538
 -194.787087
  -35.634904
   74.762398
 -321.657780
  285.351851
   49.968913
 -146.125521
 -322.134931
  323.884257
 -305.996200
 -186.488800
  248.733906
 -192.117967
 -331.093514
  521.964708
 -584.929381
  334.075802
 -155.960132
 -126.499788
   31.832520
 -465.658305
  336.712049
 -296.368076
  368.112889
 -349.651386
   83.382487
   51.363800
 -358.683887
 -178.967787
  269.015435
 -106.640748
 -424.736799
  287.902068
   48.257443
   10.521402
 -368.150275
  156.421775
  -40.254395
 -260.119118
   84.474379
  -54.692831
 -412.923937
  186.688809
 -172.943973
  107.298510
   63.210180
   87.393535
 -403.408433
   47.511273
  211.180610
 -511.314025
  136.621167
  -33.756145
  -43.152297
 -134.730277
  -12.212439
  -89.779540
   93.303582
 -357.577958
   44.999300
 -171.752088
  232.851959
  -70.024937
 -459.653570
  660.076030
 -490.717490
 -196.277110
  -89.802158
  171.249507
  -96.280797
  -73.819904
  256.871698
 -112.043872
 -792.121114
  259.056742
  544.344033
 -436.752593
   99.442928
 -371.965066
  107.831090
 -115.047893
   52.093751
 -227.357566
  171.830672
 -218.315630
 -189.678409
  124.745574
  155.410721
 -489.448093
  191.409426
   77.175788
 -177.357757
  -83.305816
 -243.922932
   78.824522
 -178.812548
  197.247446
  -83.074496
 -300.556241
 -354.309964
  466.922157
  -49.765011
 -590.189193
  611.567742
 -185.307449
   -6.426440
 -605.323856
  318.133188
 -169.884710
  -30.049144
  246.925331
  -46.959795
 -432.324599
   61.756397
   96.876934
   12.380219
 -118.204014
  140.660841
 -266.645312
  219.271564
 -193.801380
  163.055104
   11.059969
 -158.979534
  -39.738455
  107.373524
   61.527891
  -83.821837
   21.337419
  -13.199686
  240.579034
 -446.843361
  292.147338
  -74.216002
 -125.114192
   73.110020
 -155.707650
  282.264253
   26.409655
 -202.783385
   54.781367
   35.079019
 -309.806830
  -96.348923
  403.720835
  100.124860
 -350.344322
  134.279685
 -138.089793
 -189.031654
  202.226612
 -440.182498
    1.526126
  580.561780
 -910.152110
  199.205034
  627.720940
 -395.374194
 -503.558325
   79.633760
  196.447510
  -13.826128
 -214.278085
  102.823118
  332.289345
 -335.841401
 -388.304660
  319.211683
  110.832475
 -107.522340
 -242.259550
  121.861111
  188.479963
 -404.828564
  -90.795559
  569.993678
 -144.754732
 -263.757271
  131.740092
  -71.910727
  -74.332658
  113.013454
 -143.395672
   23.391962
  191.729706
  -40.801703
 -172.796452
  138.001745
  -32.434022
  -98.412432
   60.523657
  -94.698687
  107.656221
 -366.945256
  177.057195
  297.896984
 -285.559641
  -78.481468
 -162.767691
  109.526006
  215.948347
 -185.442449
 -202.472987
  341.346952
 -314.834495
 -391.009399
  270.269971
  109.847149
   57.162166
 -217.208660
 -228.054851
  355.156769
  -14.634567
 -181.553608
  209.863761
 -130.858670
  166.875728
   32.710849
 -302.968276
  344.188959
   12.476766
 -142.520257
   12.277829
  -10.572199
  373.644688
 -102.059981
 -175.464820
   19.271184
  -44.535704
  147.070267
  -34.719015
 -322.501780
   86.605073
  181.585947
 -101.930113
  240.893654
 -189.727360
   79.949811
   45.808666
 -267.420299
  -15.511584
  -98.218715
   57.927575
  133.152816
 -364.893177
  170.910947
  -51.318139
 -209.133569
  287.156740
 -332.973171
   18.618367
  329.209025
 -339.198610
 -257.607939
  245.775515
  -33.329619
  -75.161035
  -12.273061
 -149.525167
   63.574293
   31.876735
   72.548356
  -69.673801
 -139.814433
   44.135974
  -14.298694
   -7.679167
   77.503697
   -4.315568
 -197.227253
   -2.543278
  126.878858
 -169.659820
  -80.167772
   45.930684
   70.598798
    0.099336
 -179.767694
 -203.413090
  102.489101
  198.317877
 -144.963272
   51.418760
  -88.464102
   -2.043450
  222.981739
 -148.470418
   64.244042
   76.563021
 -400.269726
  -35.336506
  298.412347
  -19.811805
 -124.548538
   51.174861
  -57.795266
 -161.988485
  173.544234
  -26.144060
 -179.472511
  240.299770
  -13.777795
 -231.458727
   72.499619
 -122.772030
  126.885128
   15.863665
 -253.342737
  201.272264
   -5.996651
 -127.402792
   10.136045
  -11.100125
  107.094439
    3.335311
  -48.241538
 -143.768226
   56.480184
 -111.093357
   35.405481
   45.344265
   -7.218214
  120.357988
  -77.041745
  -79.484314
    7.865274
  -48.159466
    5.696330
   48.016350
 -133.614436
    8.996794
   -2.190574
  -49.356692
  -79.228467
   71.129785
  144.137025
   40.311599
 -293.446364
  123.996083
  -76.764285
  -72.958997
  147.135103
  -26.811472
   23.720746
 -110.312971
    8.579289
 -213.597360
  232.024070
   65.634877
  -49.025854
 -103.477264
   14.793769
  -73.210460
  -38.209541
  -67.373480
  -37.662090
  216.687650
   68.045628
   31.451037
  -70.886506
 -254.808335
   75.986910
   43.198574
   74.245814
 -100.818708
 -135.633061
   -5.933939
  182.520746
  328.339400
 -361.505709
 -166.188310
  145.367831
  -13.524550
   53.024590
   33.435785
 -249.641766
  255.174391
 -246.985789
  -23.090798
  248.311155
   81.765422
 -116.610568
  -84.728525
  114.075901
  -67.049535
   92.395175
  -30.781753
  216.427442
  -46.297369
  -25.404935
  -70.922357
  140.190055
    6.717435
   32.284986
   -9.066970
  112.066476
   15.810486
 -239.883138
   48.405691
   61.356672
 -127.199121
  -80.423579
  178.900109
  -28.414478
 -120.685491
 -119.625996
 -141.608069
  159.697607
   26.253737
 -280.058183
   80.985676
 -168.409979
  319.320072
 -293.768813
  129.065077
   93.277450
 -164.177663
   47.580228
   88.746338
 -185.661898
  136.799023
  -77.867660
  183.001197
  -49.979254
  121.257926
  222.216959
 -198.514984
  -68.220715
  143.221483
   84.038527
   95.385991
  -79.040826
 -179.576893
  -91.724432
  153.883086
  197.089478
  -16.491027
  -52.909900
  -23.963092
  -30.134578
  -42.639664
  224.941204
 -236.460418
  122.450156
 -141.305195
  125.108570
 -194.336024
  130.800981
 -171.393815
  198.879680
 -115.546005
 -198.126057
  344.929905
   15.793135
 -213.491509
 -114.714066
  282.243719
 -367.126599
  -65.752329
  209.375677
   20.472502
 -194.371650
  166.882521
  209.834239
 -563.449688
   97.422182
  -46.644562
   97.692808
   98.524933
 -212.612535
  266.528440
 -128.417656
   37.125118
   40.613908
  201.323187
 -304.768103
 -219.447931
  148.263515
   76.035682
  -21.495994
   -1.337468
 -202.481420
  304.611058
   22.720059
 -101.869192
  276.246391
 -347.540281
  274.189593
 -148.445470
  158.840496
 -211.801293
   37.557787
  117.161113
 -117.488721
  294.021962
 -319.038813
  148.830391
   73.135076
  -35.682334
   92.812649
 -118.509514
   49.151647
  114.686970
 -108.699333
  -86.534641
  140.531442
 -308.558335
  145.513341
  400.530558
 -311.652185
   84.353194
   18.599656
 -352.825979
  225.718930
  231.215241
 -235.176840
  141.928040
 -275.431396
  273.687138
 -112.846495
   -2.907370
  -33.090444
    5.688011
  254.760262
 -355.560336
   74.097009
  -74.801400
  240.004635
 -320.628385
  357.753935
 -321.279560
  221.113224
 -124.732047
   72.884546
 -170.429328
  405.213712
 -191.089897
 -186.194181
  204.154004
 -277.951462
  156.427300
  -77.905909
  137.141183
 -127.785967
 -246.198444
  564.809368
 -243.597431
 -162.242376
  214.941274
  -13.472365
 -215.096001
  143.733423
  169.598758
  -61.401289
  -26.904986
 -103.338278
 -125.789005
  179.002993
   77.957936
  -37.344890
   31.067978
 -327.002913
   35.955617
  190.561069
  322.498707
 -413.814040
  174.029126
 -176.507378
  148.939296
  150.547444
 -674.207702
  450.729235
  305.134227
 -236.169162
  -96.342548
 -276.377768
  611.146344
 -439.362065
  259.736552
   48.227498
 -173.480512
    7.702512
  -97.323022
  165.524364
   59.032328
  195.818181
 -341.088970
  -91.532745
  301.973882
  -27.847362
   13.279218
 -249.855190
  -37.186331
  190.454659
   81.374482
 -158.804497
  200.767064
  127.446952
 -417.920186
  171.074788
   53.951775
  142.776747
 -208.148848
   34.618582
   25.678839
  -83.045168
  205.606947
   25.447284
 -264.746709
  254.735975
 -195.248017
  -78.197167
  244.541927
  -57.566463
  -54.053728
  274.260526
 -277.038454
  186.055735
 -234.564114
 -169.494153
  765.439519
 -385.019488
 -301.704668
  483.670855
  -72.082726
 -318.621174
  353.440427
 -132.713184
  -32.053944
   50.472263
  -63.967930
   85.306881
   54.973280
  -21.017339
  -65.703754
 -212.186635
  526.241810
 -338.741606
  183.418075
  110.688967
 -346.557944
  500.788754
 -647.167755
  496.507495
  -80.991651
 -226.008171
  495.160798
 -288.800141
 -139.629344
   14.839182
  183.287280
   39.861981
   44.983647
  -59.750336
  123.651410
 -256.657287
  214.017336
 -362.234715