633.765501 633.765501 633.765501 633.765501
626.781121 626.781121 626.781121 626.781121
619.796741 619.796741 619.796741 619.796741
612.812361 612.812361 612.812361 612.812361
605.827981 605.827981 605.827981 605.827981
598.843601 598.843601 598.843601 598.843601
591.859221 591.859221 591.859221 591.859221
584.874840 584.874840 584.874840 584.874840
577.890460 577.890460 577.890460 577.890460
570.906080 570.906080 570.906080 570.906080
563.921700 563.921700 563.921700 563.921700
556.937320 556.937320 556.937320 556.937320
549.952940 549.952940 549.952940 549.952940
542.968560 542.968560 542.968560 542.968560
535.984180 535.984180 535.984180 535.984180
528.999800 528.999800 528.999800 528.999800
522.015420 522.015420 522.015420 522.015420
515.031040 515.031040 515.031040 515.031040
508.046660 508.046660 508.046660 508.046660
501.062280 501.062280 501.062280 501.062280
494.077900 494.077900 494.077900 494.077900
487.093520 487.093520 487.093520 487.093520
480.109140 480.109140 480.109140 480.109140
473.124760 473.124760 473.124760 473.124760
466.140380 466.140380 466.140380 466.140380
459.156000 459.156000 459.156000 459.156000
452.171620 452.171620 452.171620 452.171620
445.187240 445.187240 445.187240 445.187240
438.202860 438.202860 438.202860 438.202860
431.218480 431.218480 431.218480 431.218480
424.234100 424.234100 424.234100 424.234100
417.249720 417.249720 417.249720 417.249720
410.265340 410.265340 410.265340 410.265340
403.280959 403.280959 403.280959 403.280959
396.296579 396.296579 396.296579 396.296579
389.312199 389.312199 389.312199 389.312199
382.327819 382.327819 382.327819 382.327819
375.343439 375.343439 375.343439 375.343439
368.359059 368.359059 368.359059 368.359059
361.374679 361.374679 361.374679 361.374679
354.390299 354.390299 354.390299 354.390299
347.405919 347.405919 347.405919 347.405919
340.421539 340.421539 340.421539 340.421539
333.437159 333.437159 333.437159 333.437159
326.452779 326.452779 326.452779 326.452779
319.468399 319.468399 319.468399 319.468399
312.484019 312.484019 312.484019 312.484019
305.499639 305.499639 305.499639 305.499639
298.515259 298.515259 298.515259 298.515259
291.530879 291.530879 291.530879 291.530879
284.546499 284.546499 284.546499 284.546499
277.562119 277.562119 277.562119 277.562119
270.577739 270.577739 270.577739 270.577739
263.593359 263.593359 263.593359 263.593359
256.608979 256.608979 256.608979 256.608979
249.624599 249.624599 249.624599 249.624599
242.640219 242.640219 242.640219 242.640219
235.655839 235.655839 235.655839 235.655839
228.671459 228.671459 228.671459 228.671459
221.687079 221.687079 221.687079 221.687079
214.702698 214.702698 214.702698 214.702698
207.718318 207.718318 207.718318 207.718318
200.733938 200.733938 200.733938 200.733938
193.749558 193.749558 193.749558 193.749558
186.765178 186.765178 186.765178 186.765178
179.780798 179.780798 179.780798 179.780798
172.796418 172.796418 172.796418 172.796418
165.812038 165.812038 165.812038 165.812038
158.827658 158.827658 158.827658 158.827658
151.843278 151.843278 151.843278 151.843278
144.858898 144.858898 144.858898 144.858898
137.874518 137.874518 137.874518 137.874518
130.890138 130.890138 130.890138 130.890138
123.905758 123.905758 123.905758 123.905758
116.921378 116.921378 116.921378 116.921378
109.936998 109.936998 109.936998 109.936998
102.952618 102.952618 102.952618 102.952618
 95.968238  95.968238  95.968238  95.968238
 88.983858  88.983858  88.983858  88.983858
 81.999478  81.999478  81.999478  81.999478
 75.015098  75.015098  75.015098  75.015098
 68.030718  68.030718  68.030718  68.030718
 61.046338  61.046338  61.046338  61.046338
 54.061958  54.061958  54.061958  54.061958
 47.077578  47.077578  47.077578  47.077578
 40.093198  40.093198  40.093198  40.093198
 33.108818  33.108818  33.108818  33.108818
 26.124437  26.124437  26.124437  26.124437
 19.140057  19.140057  19.140057  19.140057
 12.155677  12.155677  12.155677  12.155677
  5.171297   5.171297   5.171297   5.171297
 -1.813083  -1.813083  -1.813083  -1.813083
 -8.797463  -8.797463  -8.797463  -8.797463
-15.781843 -15.781843 -15.781843 -15.781843
-22.766223 -22.766223 -22.766223 -22.766223
-29.750603 -29.750603 -29.750603 -29.750603
-36.734983 -36.734983 -36.734983 -36.734983
-43.719363 -43.719363 -43.719363 -43.719363
-50.703743 -50.703743 -50.703743 -50.703743
-57.688123 -57.688123 -57.688123 -57.688123