671.671116
664.266504
656.861892
649.457280
642.052668
634.648056
627.243444
619.838832
612.434220
605.029608
597.624996
590.220384
582.815772
575.411160
568.006549
560.601937
553.197325
545.792713
538.388101
530.983489
523.578877
516.174265
508.769653
501.365041
493.960429
486.555817
479.151205
471.746593
464.341981
456.937369
449.532758
442.128146
434.723534
427.318922
419.914310
412.509698
405.105086
397.700474
390.295862
382.891250
375.486638
368.082026
360.677414
353.272802
345.868190
338.463579
331.058967
323.654355
316.249743
308.845131
301.440519
294.035907
286.631295
279.226683
271.822071
264.417459
257.012847
249.608235
242.203623
234.799011
227.394399
219.989788
212.585176
205.180564
197.775952
190.371340
182.966728
175.562116
168.157504
160.752892
153.348280
145.943668
138.539056
131.134444
123.729832
116.325220
108.920609
101.515997
 94.111385
 86.706773
 79.302161
 71.897549
 64.492937
 57.088325
 49.683713
 42.279101
 34.874489
 27.469877
 20.065265
 12.660653
  5.256041
 -2.148571
 -9.553182
-16.957794
-24.362406
-31.767018
-39.171630
-46.576242
-53.980854
-61.385466