-472.692271
-467.482352
-462.272433
-457.062514
-451.852595
-446.642676
-441.432757
-436.222838
-431.012919
-425.803000
-420.593081
-415.383162
-410.173243
-404.963324
-399.753405
-394.543486
-389.333567
-384.123648
-378.913728
-373.703809
-368.493890
-363.283971
-358.074052
-352.864133
-347.654214
-342.444295
-337.234376
-332.024457
-326.814538
-321.604619
-316.394700
-311.184781
-305.974862
-300.764943
-295.555024
-290.345105
-285.135186
-279.925266
-274.715347
-269.505428
-264.295509
-259.085590
-253.875671
-248.665752
-243.455833
-238.245914
-233.035995
-227.826076
-222.616157
-217.406238
-212.196319
-206.986400
-201.776481
-196.566562
-191.356643
-186.146724
-180.936805
-175.726885
-170.516966
-165.307047
-160.097128
-154.887209
-149.677290
-144.467371
-139.257452
-134.047533
-128.837614
-123.627695
-118.417776
-113.207857
-107.997938
-102.788019
 -97.578100
 -92.368181
 -87.158262
 -81.948343
 -76.738423
 -71.528504
 -66.318585
 -61.108666
 -55.898747
 -50.688828
 -45.478909
 -40.268990
 -35.059071
 -29.849152
 -24.639233
 -19.429314
 -14.219395
  -9.009476
  -3.799557
   1.410362
   6.620281
  11.830200
  17.040119
  22.250038
  27.459958
  32.669877
  37.879796
  43.089715