0.068071 0.007989 0.060082 0.000000
0.070108 0.010009 0.060099 0.000000
0.067207 0.007038 0.060169 0.000000
0.061398 0.001498 0.059900 0.000000
0.076760 0.016795 0.059966 0.000000
0.067620 0.007955 0.059665 0.000000
0.069452 0.009299 0.060153 0.000000
0.083951 0.023868 0.060083 0.000000
0.068422 0.007957 0.060465 0.000000
0.078679 0.018158 0.060521 0.000000
0.075716 0.015505 0.060211 0.000000
0.075480 0.015497 0.059983 0.000000
0.069299 0.009101 0.060198 0.000000
0.067505 0.008115 0.059390 0.000000
0.073056 0.013204 0.059852 0.000000