30.603569
30.371712
30.139855
29.907998
29.676141
29.444284
29.212427
28.980570
28.748713
28.516856
28.284999
28.053142
27.821285
27.589428
27.357571
27.125714
26.893857
26.662001
26.430144
26.198287
25.966430
25.734573
25.502716
25.270859
25.039002
24.807145
24.575288
24.343431
24.111574
23.879717
23.647860
23.416003
23.184146
22.952289
22.720432
22.488575
22.256718
22.024861
21.793004
21.561147
21.329290
21.097433
20.865576
20.633719
20.401862
20.170005
19.938148
19.706291
19.474434
19.242577
19.010720
18.778864
18.547007
18.315150
18.083293
17.851436
17.619579
17.387722
17.155865
16.924008
16.692151
16.460294
16.228437
15.996580
15.764723
15.532866
15.301009
15.069152
14.837295
14.605438
14.373581
14.141724
13.909867
13.678010
13.446153
13.214296
12.982439
12.750582
12.518725
12.286868
12.055011
11.823154
11.591297
11.359440
11.127583
10.895727
10.663870
10.432013
10.200156
 9.968299
 9.736442
 9.504585
 9.272728
 9.040871
 8.809014
 8.577157
 8.345300
 8.113443
 7.881586
 7.649729