 17.252154  15.075377  19.247683  31.006486  -9.845841  50.177287 -44.822148  62.559438  37.942856   8.640853 -10.478852
 17.082530  15.108177  19.070152  30.374763  -9.318282  49.285261 -43.922822  61.720381  37.500550   8.529801 -10.395474
 16.912905  15.140978  18.892621  29.743040  -8.790724  48.393235 -43.023497  60.881323  37.058245   8.418750 -10.312096
 16.743281  15.173778  18.715090  29.111317  -8.263166  47.501209 -42.124171  60.042266  36.615939   8.307698 -10.228718
 16.573656  15.206579  18.537559  28.479593  -7.735608  46.609183 -41.224846  59.203208  36.173633   8.196647 -10.145340
 16.404032  15.239379  18.360028  27.847870  -7.208050  45.717156 -40.325520  58.364151  35.731328   8.085595 -10.061962
 16.234408  15.272180  18.182497  27.216147  -6.680492  44.825130 -39.426195  57.525093  35.289022   7.974544  -9.978585
 16.064783  15.304980  18.004966  26.584423  -6.152933  43.933104 -38.526870  56.686036  34.846716   7.863492  -9.895207
 15.895159  15.337781  17.827435  25.952700  -5.625375  43.041078 -37.627544  55.846978  34.404411   7.752441  -9.811829
 15.725535  15.370581  17.649904  25.320977  -5.097817  42.149052 -36.728219  55.007921  33.962105   7.641389  -9.728451
 15.555910  15.403382  17.472373  24.689254  -4.570259  41.257025 -35.828893  54.168863  33.519800   7.530338  -9.645073
 15.386286  15.436182  17.294842  24.057530  -4.042701  40.364999 -34.929568  53.329806  33.077494   7.419286  -9.561695
 15.216662  15.468983  17.117310  23.425807  -3.515143  39.472973 -34.030242  52.490749  32.635188   7.308235  -9.478317
 15.047037  15.501783  16.939779  22.794084  -2.987585  38.580947 -33.130917  51.651691  32.192883   7.197183  -9.394939
 14.877413  15.534584  16.762248  22.162360  -2.460026  37.688921 -32.231592  50.812634  31.750577   7.086132  -9.311562
 14.707789  15.567384  16.584717  21.530637  -1.932468  36.796894 -31.332266  49.973576  31.308271   6.975080  -9.228184
 14.538164  15.600185  16.407186  20.898914  -1.404910  35.904868 -30.432941  49.134519  30.865966   6.864029  -9.144806
 14.368540  15.632985  16.229655  20.267191  -0.877352  35.012842 -29.533615  48.295461  30.423660   6.752977  -9.061428
 14.198916  15.665786  16.052124  19.635467  -0.349794  34.120816 -28.634290  47.456404  29.981354   6.641926  -8.978050
 14.029291  15.698587  15.874593  19.003744   0.177764  33.228790 -27.734964  46.617346  29.539049   6.530874  -8.894672
 13.859667  15.731387  15.697062  18.372021   0.705322  32.336764 -26.835639  45.778289  29.096743   6.419823  -8.811294
 13.690043  15.764188  15.519531  17.740297   1.232881  31.444737 -25.936314  44.939232  28.654438   6.308771  -8.727916
 13.520418  15.796988  15.342000  17.108574   1.760439  30.552711 -25.036988  44.100174  28.212132   6.197720  -8.644538
 13.350794  15.829789  15.164469  16.476851   2.287997  29.660685 -24.137663  43.261117  27.769826   6.086668  -8.561161
 13.181169  15.862589  14.986938  15.845127   2.815555  28.768659 -23.238337  42.422059  27.327521   5.975617  -8.477783
 13.011545  15.895390  14.809407  15.213404   3.343113  27.876633 -22.339012  41.583002  26.885215   5.864565  -8.394405
 12.841921  15.928190  14.631876  14.581681   3.870671  26.984606 -21.439686  40.743944  26.442909   5.753514  -8.311027
 12.672296  15.960991  14.454345  13.949958   4.398229  26.092580 -20.540361  39.904887  26.000604   5.642462  -8.227649
 12.502672  15.993791  14.276814  13.318234   4.925788  25.200554 -19.641036  39.065829  25.558298   5.531411  -8.144271
 12.333048  16.026592  14.099283  12.686511   5.453346  24.308528 -18.741710  38.226772  25.115993   5.420359  -8.060893
 12.163423  16.059392  13.921752  12.054788   5.980904  23.416502 -17.842385  37.387714  24.673687   5.309308  -7.977515
 11.993799  16.092193  13.744221  11.423064   6.508462  22.524475 -16.943059  36.548657  24.231381   5.198256  -7.894138
 11.824175  16.124993  13.566690  10.791341   7.036020  21.632449 -16.043734  35.709600  23.789076   5.087205  -7.810760
 11.654550  16.157794  13.389159  10.159618   7.563578  20.740423 -15.144408  34.870542  23.346770   4.976153  -7.727382
 11.484926  16.190594  13.211628   9.527895   8.091137  19.848397 -14.245083  34.031485  22.904464   4.865102  -7.644004
 11.315302  16.223395  13.034097   8.896171   8.618695  18.956371 -13.345758  33.192427  22.462159   4.754050  -7.560626
 11.145677  16.256195  12.856566   8.264448   9.146253  18.064344 -12.446432  32.353370  22.019853   4.642999  -7.477248
 10.976053  16.288996  12.679035   7.632725   9.673811  17.172318 -11.547107  31.514312  21.577548   4.531947  -7.393870
 10.806429  16.321796  12.501504   7.001001  10.201369  16.280292 -10.647781  30.675255  21.135242   4.420896  -7.310492
 10.636804  16.354597  12.323973   6.369278  10.728927  15.388266  -9.748456  29.836197  20.692936   4.309844  -7.227115
 10.467180  16.387397  12.146441   5.737555  11.256485  14.496240  -8.849130  28.997140  20.250631   4.198793  -7.143737
 10.297556  16.420198  11.968910   5.105832  11.784044  13.604213  -7.949805  28.158083  19.808325   4.087741  -7.060359
 10.127931  16.452998  11.791379   4.474108  12.311602  12.712187  -7.050479  27.319025  19.366019   3.976690  -6.976981
  9.958307  16.485799  11.613848   3.842385  12.839160  11.820161  -6.151154  26.479968  18.923714   3.865638  -6.893603
  9.788682  16.518599  11.436317   3.210662  13.366718  10.928135  -5.251829  25.640910  18.481408   3.754587  -6.810225
  9.619058  16.551400  11.258786   2.578938  13.894276  10.036109  -4.352503  24.801853  18.039103   3.643535  -6.726847
  9.449434  16.584200  11.081255   1.947215  14.421834   9.144082  -3.453178  23.962795  17.596797   3.532484  -6.643469
  9.279809  16.617001  10.903724   1.315492  14.949392   8.252056  -2.553852  23.123738  17.154491   3.421433  -6.560092
  9.110185  16.649802  10.726193   0.683768  15.476951   7.360030  -1.654527  22.284680  16.712186   3.310381  -6.476714
  8.940561  16.682602  10.548662   0.052045  16.004509   6.468004  -0.755201  21.445623  16.269880   3.199330  -6.393336
  8.770936  16.715403  10.371131  -0.579678  16.532067   5.575978   0.144124  20.606565  15.827574   3.088278  -6.309958
  8.601312  16.748203  10.193600  -1.211401  17.059625   4.683951   1.043449  19.767508  15.385269   2.977227  -6.226580
  8.431688  16.781004  10.016069  -1.843125  17.587183   3.791925   1.942775  18.928451  14.942963   2.866175  -6.143202
  8.262063  16.813804   9.838538  -2.474848  18.114741   2.899899   2.842100  18.089393  14.500657   2.755124  -6.059824
  8.092439  16.846605   9.661007  -3.106571  18.642300   2.007873   3.741426  17.250336  14.058352   2.644072  -5.976446
  7.922815  16.879405   9.483476  -3.738295  19.169858   1.115847   4.640751  16.411278  13.616046   2.533021  -5.893068
  7.753190  16.912206   9.305945  -4.370018  19.697416   0.223820   5.540077  15.572221  13.173741   2.421969  -5.809691
  7.583566  16.945006   9.128414  -5.001741  20.224974  -0.668206   6.439402  14.733163  12.731435   2.310918  -5.726313
  7.413942  16.977807   8.950883  -5.633464  20.752532  -1.560232   7.338727  13.894106  12.289129   2.199866  -5.642935
  7.244317  17.010607   8.773352  -6.265188  21.280090  -2.452258   8.238053  13.055048  11.846824   2.088815  -5.559557
  7.074693  17.043408   8.595821  -6.896911  21.807648  -3.344284   9.137378  12.215991  11.404518   1.977763  -5.476179
  6.905069  17.076208   8.418290  -7.528634  22.335207  -4.236311  10.036704  11.376934  10.962212   1.866712  -5.392801
  6.735444  17.109009   8.240759  -8.160358  22.862765  -5.128337  10.936029  10.537876  10.519907   1.755660  -5.309423
  6.565820  17.141809   8.063228  -8.792081  23.390323  -6.020363  11.835355   9.698819  10.077601   1.644609  -5.226045
  6.396195  17.174610   7.885697  -9.423804  23.917881  -6.912389  12.734680   8.859761   9.635296   1.533557  -5.142668
  6.226571  17.207410   7.708166 -10.055527  24.445439  -7.804415  13.634005   8.020704   9.192990   1.422506  -5.059290
  6.056947  17.240211   7.530635 -10.687251  24.972997  -8.696442  14.533331   7.181646   8.750684   1.311454  -4.975912
  5.887322  17.273011   7.353104 -11.318974  25.500555  -9.588468  15.432656   6.342589   8.308379   1.200403  -4.892534
  5.717698  17.305812   7.175572 -11.950697  26.028114 -10.480494  16.331982   5.503531   7.866073   1.089351  -4.809156
  5.548074  17.338612   6.998041 -12.582421  26.555672 -11.372520  17.231307   4.664474   7.423767   0.978300  -4.725778
  5.378449  17.371413   6.820510 -13.214144  27.083230 -12.264546  18.130633   3.825416   6.981462   0.867248  -4.642400
  5.208825  17.404213   6.642979 -13.845867  27.610788 -13.156573  19.029958   2.986359   6.539156   0.756197  -4.559022
  5.039201  17.437014   6.465448 -14.477590  28.138346 -14.048599  19.929283   2.147302   6.096851   0.645145  -4.475645
  4.869576  17.469814   6.287917 -15.109314  28.665904 -14.940625  20.828609   1.308244   5.654545   0.534094  -4.392267
  4.699952  17.502615   6.110386 -15.741037  29.193463 -15.832651  21.727934   0.469187   5.212239   0.423042  -4.308889
  4.530328  17.535415   5.932855 -16.372760  29.721021 -16.724677  22.627260  -0.369871   4.769934   0.311991  -4.225511
  4.360703  17.568216   5.755324 -17.004484  30.248579 -17.616704  23.526585  -1.208928   4.327628   0.200939  -4.142133
  4.191079  17.601016   5.577793 -17.636207  30.776137 -18.508730  24.425911  -2.047986   3.885322   0.089888  -4.058755
  4.021455  17.633817   5.400262 -18.267930  31.303695 -19.400756  25.325236  -2.887043   3.443017  -0.021164  -3.975377
  3.851830  17.666618   5.222731 -18.899654  31.831253 -20.292782  26.224561  -3.726101   3.000711  -0.132215  -3.891999
  3.682206  17.699418   5.045200 -19.531377  32.358811 -21.184808  27.123887  -4.565158   2.558405  -0.243267  -3.808622
  3.512582  17.732219   4.867669 -20.163100  32.886370 -22.076834  28.023212  -5.404215   2.116100  -0.354318  -3.725244
  3.342957  17.765019   4.690138 -20.794823  33.413928 -22.968861  28.922538  -6.243273   1.673794  -0.465370  -3.641866
  3.173333  17.797820   4.512607 -21.426547  33.941486 -23.860887  29.821863  -7.082330   1.231489  -0.576421  -3.558488
  3.003708  17.830620   4.335076 -22.058270  34.469044 -24.752913  30.721189  -7.921388   0.789183  -0.687473  -3.475110
  2.834084  17.863421   4.157545 -22.689993  34.996602 -25.644939  31.620514  -8.760445   0.346877  -0.798524  -3.391732
  2.664460  17.896221   3.980014 -23.321717  35.524160 -26.536965  32.519839  -9.599503  -0.095428  -0.909576  -3.308354
  2.494835  17.929022   3.802483 -23.953440  36.051718 -27.428992  33.419165 -10.438560  -0.537734  -1.020627  -3.224976
  2.325211  17.961822   3.624952 -24.585163  36.579277 -28.321018  34.318490 -11.277618  -0.980040  -1.131679  -3.141598
  2.155587  17.994623   3.447421 -25.216886  37.106835 -29.213044  35.217816 -12.116675  -1.422345  -1.242730  -3.058221
  1.985962  18.027423   3.269890 -25.848610  37.634393 -30.105070  36.117141 -12.955732  -1.864651  -1.353782  -2.974843
  1.816338  18.060224   3.092359 -26.480333  38.161951 -30.997096  37.016467 -13.794790  -2.306956  -1.464833  -2.891465
  1.646714  18.093024   2.914828 -27.112056  38.689509 -31.889123  37.915792 -14.633847  -2.749262  -1.575885  -2.808087
  1.477089  18.125825   2.737297 -27.743780  39.217067 -32.781149  38.815118 -15.472905  -3.191568  -1.686936  -2.724709
  1.307465  18.158625   2.559766 -28.375503  39.744625 -33.673175  39.714443 -16.311962  -3.633873  -1.797988  -2.641331
  1.137841  18.191426   2.382235 -29.007226  40.272184 -34.565201  40.613768 -17.151020  -4.076179  -1.909039  -2.557953
  0.968216  18.224226   2.204703 -29.638949  40.799742 -35.457227  41.513094 -17.990077  -4.518485  -2.020091  -2.474575
  0.798592  18.257027   2.027172 -30.270673  41.327300 -36.349254  42.412419 -18.829135  -4.960790  -2.131142  -2.391198
  0.628968  18.289827   1.849641 -30.902396  41.854858 -37.241280  43.311745 -19.668192  -5.403096  -2.242194  -2.307820
  0.459343  18.322628   1.672110 -31.534119  42.382416 -38.133306  44.211070 -20.507250  -5.845401  -2.353245  -2.224442