17.124139
17.089833
17.055037
17.019734
16.983912
16.947560
16.910668
16.873231
16.835245
16.796713
16.757639
16.718035
16.677915
16.637303
16.596227
16.554722
16.512833
16.470610
16.428113
16.385409
16.342576
16.299697
16.256865
16.214180
16.171747
16.129679
16.088092
16.047105
16.006841
15.967420
15.928963
15.891587
15.855403
15.820517
15.787025
15.755017
15.724570
15.695750
15.668611
15.643195
15.619533
15.597640
15.577524
15.559179
15.542590
15.527733
15.514574
15.503074
15.493189
15.484869
15.478061
15.472709
15.468758
15.466151
15.464831
15.464744
15.465837
15.468059
15.471362
15.475700
15.481032
15.487319
15.494524
15.502616
15.511564
15.521341
15.531923
15.543287
15.555411
15.568275
15.581862
15.596151
15.611123
15.626758
15.643033
15.659925
15.677407
15.695447
15.714012
15.733063
15.752553
15.772434
15.792648
15.813134
15.833821
15.854633
15.875488
15.896297
15.916966
15.937395
15.957479
15.977113
15.996187
16.014593
16.032222
16.048969
16.064731
16.079414
16.092929
16.105196
16.116146
16.125719
16.133868
16.140560
16.145771
16.149493
16.151729
16.152493
16.151812
16.149722
16.146271
16.141513
16.135509
16.128328
16.120043
16.110728
16.100465
16.089331
16.077410
16.064780
16.051521
16.037711
16.023423
16.008730
15.993698
15.978393
15.962873
15.947193
15.931402
15.915543
15.899655
15.883769
15.867911
15.852098
15.836341
15.820644
15.805002
15.789401
15.773820
15.758226
15.742577
15.726821
15.710896
15.694728
15.678231
15.661310
15.643857
15.625752
15.606867
15.587062
15.566188
15.544088
15.520598
15.495549
15.468768
15.440082
15.409317
15.376306
15.340884
15.302896
15.262198
15.218661
15.172168
15.122623
15.069945
15.014077
14.954978
14.892632
14.827042
14.758230
14.686237
14.611123
14.532962
14.451841
14.367861
14.281128
14.191760
14.099877
14.005601
13.909057
13.810368
13.709655
13.607035
13.502621
13.396520
13.288836
13.179664
13.069094
12.957211
12.844095
12.729820
12.614459
12.498078
12.380746
12.262527
12.143489
12.023699
11.903232
11.782164
11.660581
11.538574
11.416248
11.293719
11.171114
11.048580
10.926277
10.804386
10.683107
10.562661
10.443291
10.325263
10.208864
10.094405
 9.982218
 9.872654
 9.766084
 9.662893
 9.563478
 9.468247
 9.377608
 9.291971
 9.211736
 9.137294
 9.069014
 9.007242
 8.952291
 8.904439
 8.863922
 8.830930
 8.805602
 8.788026
 8.778236
 8.776211
 8.781880
 8.795116
 8.815748
 8.843559
 8.878291
 8.919654
 8.967326
 9.020963
 9.080204
 9.144674
 9.213992
 9.287774
 9.365639
 9.447212
 9.532126
 9.620025
 9.710568
 9.803426
 9.898289
 9.994858
10.092853
10.192004
10.292059
10.392774
10.493917
10.595263
10.696596
10.797700
10.898364
10.998375
11.097517
11.195569
11.292303
11.387480
11.480850
11.572150
11.661101
11.747407
11.830754
11.910809
11.987222
12.059621
12.127620
12.190812
12.248779
12.301087
12.347296
12.386960
12.419633
12.444875
12.462258
12.471370
12.471826
12.463271
12.445391
12.417916
12.380628
12.333369
12.276041
12.208614
12.131126
12.043683
11.946461
11.839705
11.723719
11.598870
11.465576
11.324298
11.175539
11.019828
10.857720
10.689777
10.516571
10.338668
10.156626
 9.970987
 9.782271
 9.590973
 9.397562
 9.202473
 9.006112
 8.808849
 8.611023
 8.412944
 8.214888
 8.017106
 7.819822
 7.623237
 7.427535
 7.232881
 7.039428
 6.847319
 6.656691
 6.467678
 6.280417
 6.095046
 5.911715
 5.730580
 5.551816
 5.375611
 5.202175
 5.031740
 4.864561
 4.700922
 4.541134
 4.385535
 4.234495
 4.088411
 3.947710
 3.812847
 3.684298
 3.562563
 3.448160
 3.341616
 3.243467
 3.154248
 3.074483
 3.004684
 2.945335
 2.896887
 2.859746
 2.834270
 2.820754
 2.819426
 2.830442
 2.853876
 2.889724
 2.937894
 2.998213
 3.070426
 3.154197
 3.249120
 3.354722
 3.470471
 3.595786
 3.730046
 3.872602
 4.022781
 4.179902
 4.343283
 4.512246
 4.686128
 4.864287
 5.046106
 5.230996
 5.418403
 5.607806
 5.798719
 5.990693
 6.183311
 6.376192
 6.568985
 6.761366
 6.953040
 7.143732
 7.333187
 7.521164
 7.707435
 7.891780
 8.073982
 8.253827
 8.431095
 8.605561
 8.776990
 8.945136
 9.109734
 9.270504
 9.427144
 9.579332
 9.726722
 9.868943
10.005601
10.136280
10.260538
10.377917
10.487938
10.590111
10.683935
10.768908
10.844526
10.910301
10.965758
11.010450
11.043965
11.065933
11.076038
11.074023
11.059700
11.032955
10.993755
10.942150
10.878277
10.802358
10.714704
10.615703
10.505823
10.385602
10.255638
10.116583
 9.969133
 9.814015
 9.651979
 9.483784
 9.310192
 9.131958
 8.949820
 8.764490
 8.576655
 8.386963
 8.196027
 8.004416
 7.812660
 7.621244
 7.430610
 7.241161
 7.053258
 6.867226
 6.683356
 6.501906
 6.323106
 6.147162
 5.974256
 5.804552
 5.638198
 5.475331
 5.316076
 5.160551
 5.008869
 4.861139
 4.717470
 4.577971
 4.442750
 4.311918
 4.185589
 4.063879
 3.946904
 3.834784
 3.727638
 3.625582
 3.528732
 3.437196
 3.351075
 3.270460
 3.195425
 3.126031
 3.062316
 3.004294
 2.951954
 2.905252
 2.864113
 2.828426
 2.798045
 2.772782
 2.752417
 2.736687
 2.725298
 2.717919
 2.714190
 2.713726
 2.716118
 2.720944
 2.727766
 2.736147
 2.745646
 2.755829
 2.766276
 2.776581
 2.786358
 2.795248
 2.802917
 2.809059
 2.813402
 2.815703
 2.815751
 2.813365
 2.808395
 2.800719
 2.790242
 2.776892
 2.760622
 2.741403
 2.719225
 2.694094
 2.666029
 2.635061
 2.601230
 2.564585
 2.525181
 2.483078
 2.438341
 2.391038
 2.341238
 2.289014
 2.234438
 2.177587
 2.118537
 2.057365
 1.994152
 1.928978
 1.861929
 1.793093
 1.722561
 1.650428
 1.576798
 1.501775
 1.425476
 1.348020
 1.269537
 1.190164
 1.110044
 1.029332
 0.948190
 0.866784
 0.785292
 0.703895
 0.622777
 0.542128
 0.462136
 0.382991
 0.304877
 0.227974
 0.152454
 0.078477
 0.006194
-0.064262
-0.132771
-0.199233
-0.263565
-0.325705
-0.385609
-0.443254
-0.498635
-0.551768
-0.602682
-0.651425
-0.698060
-0.742660
-0.785310
-0.826105
-0.865146
-0.902540
-0.938399
-0.972835
-1.005963
-1.037898
-1.068751
-1.098635
-1.127656
-1.155919
-1.183524
-1.210568
-1.237140
-1.263327
-1.289211
-1.314866
-1.340363
-1.365768
-1.391139
-1.416533
-1.441996
-1.467574
-1.493304
-1.519218
-1.545342
-1.571697
-1.598298
-1.625152
-1.652260
-1.679618
-1.707212
-1.735024
-1.763025
-1.791181
-1.819450
-1.847783
-1.876121
-1.904401
-1.932552
-1.960497
-1.988152
-2.015430
-2.042239
-2.068487
-2.094077
-2.118915
-2.142906
-2.165960
-2.187991
-2.208917
-2.228664
-2.247168
-2.264370
-2.280225
-2.294696
-2.307756
-2.319392
-2.329598
-2.338381
-2.345757
-2.351749
-2.356390
-2.359722
-2.361789
-2.362642
-2.362339
-2.360936
-2.358494
-2.355076
-2.350744
-2.345559
-2.339584
-2.332877
-2.325498
-2.317500
-2.308938
-2.299862
-2.290319
-2.280354
-2.270008
-2.259321
-2.248329
-2.237063
-2.232070
-2.232070
-2.232070
-2.232070
-2.232070
-2.232070
-2.232070
-2.232070
-2.232070
-2.232070
-2.232070
-2.232070
-2.232070
-2.232070
-2.232070
-2.232070
-2.232070
-2.232070
-2.232070
-2.232070
-2.232070
-2.232070
-2.232070
-2.232070
-2.232070
-2.232070
-2.232070
-2.232070
-2.232070
-2.232070
-2.232070
-2.232070
-2.232070
-2.232070
-2.232070
-2.232070
-2.232070
-2.232070
-2.232070
-2.232070
-2.232070
-2.232070
-2.232070
-2.232070
-2.232070
-2.232070
-2.232070
-2.232070
-2.232070
-2.232070
-2.232070
-2.232070
-2.232070
-2.232070
-2.232070
-2.232070
-2.232070
-2.232070
-2.232070
-2.232070
-2.232070
-2.232070
-2.232070
-2.232070
-2.232070
-2.232070
-2.232070
-2.232070
-2.232070
-2.232070
-2.232070
-2.232070