17.124139
16.887879
16.628267
16.349803
16.069900
15.818728
15.627314
15.511268
15.466387
15.478214
15.533076
15.622238
15.739363
15.874156
16.006337
16.107004
16.151341
16.132930
16.064930
15.969121
15.864596
15.761038
15.653872
15.519609
15.316446
14.998924
14.543121
13.959282
13.278734
12.532680
11.744035
10.935499
10.147371
 9.454770
 8.965059
 8.776595
 8.918623
 9.333034
 9.917261
10.575823
11.236246
11.833137
12.282917
12.472311
12.284640
11.665990
10.675849
 9.457335
 8.155030
 6.863992
 5.636711
 4.520057
 3.593012
 2.982408
 2.829851
 3.207513
 4.051530
 5.193178
 6.454712
 7.710695
 8.882995
 9.902060
10.670322
11.055513
10.938080
10.298195
 9.258796
 8.023337
 6.772835
 5.618096
 4.614840
 3.797445
 3.198777
 2.843319
 2.717015
 2.743532
 2.805545
 2.800665
 2.677138
 2.427829
 2.067452
 1.617630
 1.105350
 0.568774
 0.058113
-0.379115
-0.720619
-0.976564
-1.175887
-1.348795
-1.517711
-1.694837
-1.880737
-2.062596
-2.216642
-2.319331
-2.361120
-2.349697
-2.301477
-2.232070