  12.656239
 -58.017925
   8.620220
 436.857952
-787.084481
 707.510658
-276.918126
  91.964819
-292.740179
 510.877723
-183.656768
  54.615113
 -20.754593
 224.964569
-173.533697
 -44.432070
  18.996381
  26.928228
  23.328117
 -70.203658
 296.558115
-246.629194
 327.163371
-298.006205
 -51.286070
 402.870151
-117.991244
  85.330234
 -70.756477
   3.946040
 183.560832
-190.649088
-149.941228
  35.835864
 263.669204
  76.932103
 -81.719388
   9.808906
-229.923197
 211.842968
  54.996430
 111.705126
-256.193969
 219.908879
 -98.745408
  92.063382
 -66.684670
 215.291685
   5.794892
-244.252287
  34.996326
 162.548901
  36.712477
  46.923134
-455.820979
 450.252894
-158.795774
 410.106884
-478.904734
 332.728094
 229.398097
-784.979500
 625.163097
-326.778637
 213.417668
 -78.208552
  -2.934919
 207.412864
-155.030407
  80.180041
  77.119849
 202.201512
-517.573416
 581.842630
-515.901585
  52.709162
 384.366251
  41.500186
 -60.209741
-244.843171
 -48.121598
 705.311723
-858.888299
 755.928441
-426.036757
 159.672348
  96.220768
-271.376947
  71.589820
 410.353844
  91.690066
-605.522165
 326.163383
 -38.671395
 -80.300273
 526.746048
-495.047997
 162.752531
 -13.943140
   7.790554
-200.750895
 316.979071
  80.195721
-239.256705
 114.957685
-300.317478
 420.099079
  -4.325884
  68.771178
-106.778931
 117.836808
-247.129526
 125.688778
  92.781273
 277.124642
-262.289532
 -38.956563
 201.440272
-232.418831
 251.200564
-191.730976
 150.815833
  76.905334
-101.476061
  -9.591288
 131.469942
-155.427717
 250.906010
-156.351462
-126.163313
 413.858753
-148.411083
  37.077034
  11.714464
 -65.841475
 223.897259
-508.501940
 669.651363
-130.520024
-395.140744
 309.008918
-190.563814
  89.987138
 133.725021
 192.461541
-147.921935
  63.891893
-150.507473
   9.976393
   1.249891
 163.215828
 200.047199
-243.376642
 178.713506
-278.045627
  83.887572
 117.036858
 286.231786
-223.576339
 -37.855073
 -45.239945
 161.506117
 -91.108321
   9.860098
 211.532064
-343.096289
 153.721924
 334.920415
-347.452812
  11.448715
  99.374973
 -20.869462
 -72.482127
 222.754492
 -64.117130
-134.166038
 174.313036
-106.734039
 141.773413
-127.412719
-113.942056
 380.708130
-224.110908
 158.669795
  97.579799
-186.144128
  73.601090
-206.924644
 301.436689
 -64.567580
 105.418725
  61.948197
  95.397603
-186.289443
-156.011698
 293.184294
 101.557395
 -79.680846
  64.456053
-147.608491
  88.629971
 -27.962431
  37.443451
-215.419904
 386.366987
  58.098941
-386.691524
 256.893227
 117.730597
-350.578573
 228.170940
 117.384577
 150.380751
-237.223522
-328.757876
 263.118927
 101.897732
 312.016961
-513.989450
 294.676029
 239.064256
-504.314987
  -6.020924
 296.733210
  83.065581
-274.746215
 127.298413
-109.214963
 173.332784
 -16.211570
  36.448314
-162.366060
  48.948509
 225.450136
 -58.287638
  -4.952536
  99.823887
-316.273707
  32.414879
 385.204971
 -56.843113
-154.765566
-138.609097
 140.723922
  30.931892
 -94.659887
  -8.311502
   3.787589
 144.892051
-199.963124
 112.383645
 144.615299
 -90.516023
 -27.538507
  39.493745
 -10.021977
 147.122838
-307.462530
 -72.281641
-116.158223
 332.120609
  64.013293
 -19.557462
  96.723110
-175.414356
  31.406408
-198.686819
 196.817270
-110.108846
  46.214888
 197.141786
 211.359998
-152.954022
  76.029903
 157.193939
  65.984007
-191.522226
 194.812336
  39.150203
-125.545480
 399.442044
-262.485368
  27.074159
 284.650705
-256.158200
 118.869229
 -55.050315
-185.495204
 208.990612
  53.304944
 -85.930612
-158.500053
 -16.723782
 101.582862
  73.243693
-117.345499
 -38.602572
  31.320086
  17.265404
 276.410911
-205.374252
 101.194877
-163.930874
-105.690876
 238.325020
-196.935066
 252.224835
 141.770357
-172.952412
-218.407903
 157.066446
 326.904029
 -70.864930
 -71.016433
  99.559280
-119.211844
-141.538078
 105.431562
 157.975666
  16.236900
 -31.074828
 153.825792
-154.147709
-343.398974
 179.488761
 367.690552
-201.115629
-133.872120
 315.694626
 101.449937
-195.988173
-316.573532
 265.302414
 190.569589
-247.964756
 -23.777765
 -23.727003
 -51.069457
  59.890304
 253.359276
 -55.002196
-134.310678
  12.216763
 -38.405872
  -5.577833
 -18.909004
 152.517699
 -43.578230
   2.851549
 -97.419890
  -0.683036
 210.807406
-243.571391
-108.368231
 264.607339
  83.256265
-354.455276
  72.576913
 266.331246
 -13.537927
 -39.447343
-112.505202
 -47.490960
 -32.172788
  46.856246
 230.804549
-163.191096
-123.112927
 208.070158
-160.909144
  61.381588
 106.493101
 -47.452237
 -13.063684
  90.454938
 -21.999096
-104.114480
 237.976958
 -53.734326
-376.022553
 359.575019
-166.515257
 -41.627742
 256.040348
-191.998169
 103.783789
 -48.492071
  87.526647
 -75.342384
-112.796742
 252.848794
-161.920986
  97.763415
-129.239811
  61.264786
 207.582000
-225.124260
  18.633644
 136.529401
-162.050481
 114.516916
 253.821933
-244.700278
-197.010721
 515.729047
 -67.950885
-160.865221
 -87.405901
 297.246525
  93.965437
-223.041987
 -26.321125
 153.696758
 -96.283148
-107.212503
 145.423298
  81.320116
 108.202874
-180.865054
  49.180539
 139.842970
   9.491945
  75.056152
-365.385753
 263.277778
 172.791955
-291.062395
 108.806906
 202.603280
-173.567133
 160.580442
 -71.775933
-134.736131
 113.035123
  77.486291
  12.563709
 -53.854559
 112.186414
  19.808817
 -27.715528
  41.351814
-150.668843
  99.668153
  12.295514
 -57.633433
-107.637170
 288.206800
 -15.025763
-142.371769
 145.270751
-117.978006
-161.629814
 267.726055
-116.366712
 310.316212
-245.881299
-141.442790
 -66.796214
 136.953424
  91.507692
-119.931173
  -0.455355
 -81.764208
  23.552713
 296.054769
-437.203658
 125.507861
  66.707749
 163.623174
-117.565211
 -42.743051
  12.436377
  15.572458
  36.502046
  -4.785029
 101.852054
 -20.049471
-282.697557
  41.831433
 237.816678
-121.879141
 273.821524
-449.649939
 367.193084
-524.477534
 454.469601
 186.401954
 -63.824967
-281.731961
-142.043426
 402.962991
-284.045365
  12.479015
  96.902694
  96.400993
-280.472423
  32.673819
 522.058997
-408.528284
-172.896515
  53.248208
 284.774647
 -92.479116
 -91.386947
 -45.295268
 278.505791
   5.048586
-200.586996
  -5.476865
  53.763513
 233.246340
-133.254244
 -84.102424
 104.890939
 -47.568686
 140.601451
-159.864199
 226.435501
-150.354199
 102.554535
-178.571917
  -6.684623
 193.834218
  91.010186
-250.617330
  63.411985
-123.789915
 131.705304
 212.073826
-391.279301
 193.723474
 122.292634
-167.578673
  19.001975
 247.782373
-111.456150
  27.858124
 -95.447274
   3.331137
 118.750532
-151.903644
-141.224215
 194.950988
 -11.008476
 -76.138994
 177.868279
 -29.173449
-190.865067
  61.688997
 136.315611
 202.350951
-314.450601
 -26.922189
 -47.481317
 283.640953
-315.891827
 147.208583
-154.742674
 150.893152
 205.840605
-483.833612
 192.434880
 236.951629
-282.799476
  44.512340
  45.588933
 -36.047250
-233.684791
 270.139237
 124.546678
-247.305051
  40.591642
 116.760909
-300.651399
 382.825928
-110.085005
 141.018290
-458.183794
 303.631791
-105.349593
 -93.325605
 401.652585
-551.860258
 310.654338
 194.844055
-287.460497
  19.169974
 144.724862
-171.131362
  91.945140
 128.990897
-293.784377
 143.076266
 246.616252
 -58.580012
-233.618010
  62.040671
  23.747770
-345.746965
 710.674857
-357.280401
 -34.469332
 -13.901631
 275.235031
-618.432772
 444.402455
  73.708276
-200.627418
-261.731360
 486.478235
-265.165108
 187.081601
  20.594510
 -16.092294
 -64.962730
  73.332172
-242.528046
-182.695225
 413.846513
  35.855199
-165.518639
  94.022337
-180.909284
  73.046675
  -5.463400
 -40.844422
-157.932289
 379.260125
 -48.224268
-113.956534
  44.169959
  52.122525
-389.597339
 -37.597031
 588.926983
-447.695446
 239.470288
-239.422302
 267.665939
 -69.659083
  48.767690
-412.934092
 487.103825
-417.080119
 452.922956
-245.400339
 210.388820
-286.241124
-280.056710
 676.092506
-399.162722
  35.278036
  17.252755
-221.914337
 196.334390
  96.628346
-308.804005
 232.232082
 -97.851883
-191.133966
 629.491006
-452.255840
  15.856248
 -52.590950
 115.186873
-217.375799
 -61.612754
 592.835807
-662.228657
 188.481489
 150.433440
-441.660757
 640.864924
-287.233590
-156.794677
  89.061701
 140.784155
-264.101267
 475.575238
-414.510920
  90.629427
  17.729483
 192.494905
-310.488442
 153.420078
  58.203007
-214.188571
  22.475340
 505.084155
-360.758216
 -30.442507
  47.436875
-204.181738
 212.242077
 159.383087
-489.680166
 316.858709
 -63.916379
 -59.993021
 123.603804
 119.509427
 -28.499091
-194.640051
 228.430795
  41.401535
-360.145178
 -12.155946
 150.208931
 206.557235
-162.161446
-186.832106
 122.420361
 275.246011
-132.893438
 -39.752654
-271.583064
 271.733256
 -47.239200
 -98.207147
 -22.954901
 385.291724
-281.042446
  22.346898
 -73.889956
 -62.409389
 215.319190
-107.068798