0.059873 0.000055 0.059818 0.000000
0.059878 0.000063 0.059814 0.000000
0.059881 0.000065 0.059816 0.000000
0.059880 0.000064 0.059816 0.000000
0.059853 0.000035 0.059818 0.000000
0.059838 0.000023 0.059816 0.000000
0.059875 0.000058 0.059817 0.000000
0.059844 0.000028 0.059816 0.000000
0.059859 0.000045 0.059814 0.000000
0.059874 0.000060 0.059814 0.000000
0.059857 0.000043 0.059815 0.000000
0.059827 0.000010 0.059816 0.000000
0.059843 0.000028 0.059815 0.000000
0.059871 0.000055 0.059816 0.000000
0.059838 0.000024 0.059815 0.000000