232.556632
229.993854
227.431077
224.868300
222.305522
219.742745
217.179967
214.617190
212.054413
209.491635
206.928858
204.366081
201.803303
199.240526
196.677749
194.114971
191.552194
188.989416
186.426639
183.863862
181.301084
178.738307
176.175530
173.612752
171.049975
168.487198
165.924420
163.361643
160.798865
158.236088
155.673311
153.110533
150.547756
147.984979
145.422201
142.859424
140.296647
137.733869
135.171092
132.608314
130.045537
127.482760
124.919982
122.357205
119.794428
117.231650
114.668873
112.106095
109.543318
106.980541
104.417763
101.854986
 99.292209
 96.729431
 94.166654
 91.603877
 89.041099
 86.478322
 83.915544
 81.352767
 78.789990
 76.227212
 73.664435
 71.101658
 68.538880
 65.976103
 63.413326
 60.850548
 58.287771
 55.724993
 53.162216
 50.599439
 48.036661
 45.473884
 42.911107
 40.348329
 37.785552
 35.222774
 32.659997
 30.097220
 27.534442
 24.971665
 22.408888
 19.846110
 17.283333
 14.720556
 12.157778
  9.595001
  7.032223
  4.469446
  1.906669
 -0.656109
 -3.218886
 -5.781663
 -8.344441
-10.907218
-13.469995
-16.032773
-18.595550
-21.158328