time,right_s0,right_s1,right_e0,right_e1,right_w0,right_w1,right_w2
0.621164,1.27193533896,-0.583805807825,0.0516406683612,1.0603015314,0.0664367624548,1.21131316967,-0.0172125032027
0.631149,1.2725245285,-0.583769880075,0.0524565734301,1.06035414334,0.0670907844697,1.21201543858,-0.0170499269061
0.641135,1.27275649638,-0.583337425364,0.0531125401908,1.06092841807,0.0677748668191,1.21259915084,-0.0165599523984
0.651120,1.27265007046,-0.583315443103,0.0537100172985,1.06163889215,0.0683017834285,1.21274625729,-0.0160408392904
0.661106,1.27278761878,-0.583321971481,0.054533868134,1.06204501406,0.0686178716899,1.21303358293,-0.0155873860844
0.671091,1.27317899559,-0.583269885435,0.055213210928,1.0624087244,0.0689330691685,1.21369427293,-0.0152828032757
0.681077,1.27352688503,-0.583163758296,0.05565442508,1.06281326543,0.0694888677929,1.21440600557,-0.0150029610833
0.691062,1.27375253432,-0.582934768642,0.0560829118381,1.06323912895,0.0700940308141,1.2148459083,-0.0146888886243
0.701048,1.27391261315,-0.58269323237,0.0566280319441,1.06368129094,0.0704250556761,1.21513629714,-0.014400191434
0.711033,1.27392282339,-0.582721790889,0.0572565651214,1.06391055677,0.0707309322601,1.21562198919,-0.0139941517424
0.721019,1.27419270988,-0.582583641603,0.0578857542067,1.06407421767,0.0712423607757,1.21627623999,-0.0133443315529
0.731004,1.27460363027,-0.582405824716,0.0583389764034,1.06438034662,0.0717261179612,1.21713945721,-0.012897119025
0.740990,1.27467861305,-0.582237797659,0.0587405092784,1.06479038843,0.0722279586231,1.21721546465,-0.0127691502903
0.750975,1.27484247968,-0.582422164384,0.0590898944239,1.06514035547,0.0729329004971,1.21705347184,-0.012487789998
0.760961,1.27511353391,-0.58254391775,0.0592415670596,1.06537830552,0.0734995557472,1.21712704312,-0.0120615502203
0.770946,1.27538260771,-0.582553763261,0.0593362738354,1.06555571968,0.0737925463914,1.21737256202,-0.0114937085696
0.780932,1.27564591398,-0.582406214626,0.059672807437,1.06569344658,0.0739322380698,1.21776306841,-0.0107794239215
0.790917,1.27601857558,-0.582177449266,0.0601159750608,1.06587935622,0.0743124507371,1.2181323775,-0.0102099755881
0.800902,1.27642195423,-0.581995630242,0.0603673326392,1.06605708139,0.0748460380469,1.21841226399,-0.0098889016671
0.810888,1.27665404394,-0.581892905248,0.0605093834352,1.06610566176,0.074976374771,1.21874135948,-0.00954067692107
0.820873,1.27687915583,-0.581862889602,0.0607947604456,1.0663073271,0.0749830558394,1.21897613177,-0.00921481206086
0.830859,1.27693271027,-0.581805418525,0.0610172417507,1.06655926035,0.0753984507095,1.2190151218,-0.00875279699754
0.840844,1.27674799483,-0.581982788228,0.0610180670911,1.06691779729,0.075731039071,1.21928607943,-0.00825476953423
0.850830,1.27695323688,-0.581712245922,0.0611010503194,1.0670366867,0.0760441030575,1.21901471738,-0.00801298144748
0.860815,1.27745069169,-0.581480876345,0.0610966624674,1.06707990872,0.0764333567588,1.21870302563,-0.00763295309824
0.870801,1.27789656539,-0.581826666937,0.0610299675881,1.06709423616,0.0768052058823,1.21842009942,-0.00733779625564
0.880786,1.2782029433,-0.581994765662,0.0610913081792,1.06725757615,0.0771674440364,1.21806633322,-0.00707079564673
0.890772,1.27854246019,-0.581790568553,0.0612239888825,1.06734463272,0.0775851371989,1.21776371861,-0.0067374960094
0.900757,1.27880489628,-0.581553722569,0.0613375170597,1.0672645038,0.0779257551165,1.2176055925,-0.00622528087507
0.910743,1.27880369483,-0.581519474399,0.0614741344578,1.06719419192,0.0781856147397,1.21748871355,-0.00557874175562
0.920728,1.27878838093,-0.581620183249,0.0616040395511,1.06718406187,0.0786998786424,1.21728953169,-0.0050165044036
0.930714,1.27898805355,-0.58160014514,0.0614885097639,1.06721312787,0.0793509612812,1.21699630767,-0.00440019920913
0.940699,1.279255428,-0.581453691329,0.0615292166735,1.06707482482,0.0800584931986,1.21642923189,-0.00383197286956
0.950685,1.27938095129,-0.581273472947,0.0615150583012,1.06704615482,0.0810979110282,1.21639321244,-0.0037104714774
0.960670,1.27957830564,-0.581334252208,0.0613015502895,1.0670327657,0.0819187960207,1.216461511,-0.00313549804816
0.970656,1.27984359932,-0.581500655495,0.0611350544633,1.06702259727,0.0824759649175,1.21602822494,-0.00270758058652
0.980641,1.28019512507,-0.58165577185,0.0609063382634,1.06707387495,0.0830680029938,1.21557321458,-0.00259480073355
0.990626,1.28073616868,-0.581768389309,0.0605334602481,1.06711759118,0.0838563829956,1.21531467616,-0.00240593136542
1.000612,1.28118902907,-0.581930535439,0.0601294803954,1.06710236297,0.0846685222055,1.21491391678,-0.00195188584554
1.010597,1.2812938689,-0.582261780169,0.0598733275798,1.06719719998,0.0853415512598,1.21404452642,-0.00139975487519
1.020583,1.28126899794,-0.5825747083,0.0597668957233,1.06752540207,0.0858807561755,1.21299180096,-0.000899362570311
1.030568,1.28152339049,-0.582419115182,0.059586203528,1.06777764659,0.0863089876209,1.21240617691,-0.000409767806427
1.040554,1.28199289537,-0.582221047944,0.0592134782133,1.06774395875,0.0868492625661,1.21215346638,-0.000124146720083
1.050539,1.28257631776,-0.58235140282,0.0588290827426,1.06762925497,0.0870005712037,1.21224365016,0.000143876349854
1.060525,1.28275424229,-0.58242834995,0.0583957927933,1.06739520573,0.0864729696246,1.2124584243,0.000551327447571
1.070510,1.28306247366,-0.582673126196,0.0579660091048,1.06711514137,0.0862522722756,1.21242531882,0.000666907135445
1.080496,1.28371759884,-0.583058283207,0.0574240481632,1.06701922271,0.086417666996,1.21208375377,0.00111925526356
1.090481,1.28431987501,-0.583500918459,0.0568892585857,1.0670514536,0.0866307111797,1.21171827363,0.00164200474643
1.100467,1.28458533795,-0.583953299431,0.0564132897926,1.06713530497,0.0867849082557,1.21145774043,0.00232987319202
1.110452,1.28464913308,-0.584265268052,0.055989878052,1.06710922469,0.0868635439845,1.21139163875,0.00311453530163
1.120438,1.28473331463,-0.584639799592,0.0555820602651,1.06677239331,0.0868621444102,1.21136184997,0.0036567468724
1.130423,1.28487255205,-0.585533394787,0.0550962169258,1.06622132685,0.0868934158846,1.21120688318,0.00388463820832
1.140409,1.28508012973,-0.586614950188,0.0544862057089,1.06596082503,0.0871292925256,1.21148738165,0.00416337740087
1.150394,1.28516567003,-0.58740524219,0.0541413180794,1.0657777236,0.0874309742276,1.21207087116,0.00463046397758
1.160379,1.28572625315,-0.588276737008,0.0535906091863,1.06557389242,0.0876002938139,1.21229804478,0.00537425410961
1.170365,1.28648777592,-0.588917487387,0.0528343950332,1.0652715967,0.0878135417172,1.21272661458,0.00638952335851
1.180350,1.28664156666,-0.589306771414,0.0523274965554,1.06501336635,0.0878998173169,1.21322090196,0.00700129643688
1.190336,1.28658157423,-0.589854783859,0.051727062714,1.0650042851,0.0878427550631,1.21346012416,0.00713858504456
1.200321,1.28718421823,-0.590897924926,0.0511643944616,1.06517021883,0.0878589266183,1.21372117634,0.00729873261989
1.210307,1.28793697034,-0.592199820044,0.0507678633779,1.06523232963,0.0878669146612,1.21400782629,0.00770033901177
1.220292,1.28812464963,-0.593384651433,0.0503725609855,1.06496810816,0.0877464589726,1.2140354861,0.00828961231726
1.230278,1.2880616033,-0.594365188992,0.0497657490211,1.06452027165,0.0874954252855,1.21370223472,0.00887200788629
1.240263,1.28849755049,-0.595286980737,0.0489966512538,1.06428900961,0.0871929202248,1.21334391208,0.00928762684515
1.250249,1.28923730495,-0.59628272706,0.0482095406307,1.06425072609,0.0871840700456,1.2134037968,0.00983739989289
1.260234,1.28983548612,-0.597470991015,0.0475008382808,1.06410836841,0.0874153517242,1.21352294021,0.0103842559998
1.270220,1.28995726668,-0.599021623101,0.0467288569455,1.06355127392,0.0875381858129,1.21353744824,0.0108312288615
1.280205,1.29017478016,-0.600415615347,0.0457953704023,1.06311371943,0.087637130707,1.21362982462,0.0113128634533
1.290191,1.2905112522,-0.601749580841,0.0450498580335,1.06296072803,0.0877967153876,1.21386230423,0.0115862904788
1.300176,1.29084963185,-0.603424186779,0.0441539555985,1.06309621682,0.0878769463727,1.21429521931,0.0118282915291
1.310162,1.29131620427,-0.605555433428,0.0428729335213,1.06317419286,0.0878923381696,1.2144724018,0.0121300795502
1.320147,1.29175328065,-0.607678233642,0.0416728254938,1.06315785856,0.0880617798172,1.21445734297,0.0125113606861
1.330132,1.29193675942,-0.609370397702,0.0408795844934,1.06308327501,0.0883250834752,1.21461353643,0.0130102929778
1.340118,1.29198099884,-0.610869931035,0.0401060754332,1.06282323828,0.0883665787533,1.21486642802,0.0135688702019
1.350103,1.29223038854,-0.612760414264,0.0389047152806,1.06243528722,0.0882031811886,1.21483474732,0.0139924144871
1.360089,1.29282920579,-0.614925581017,0.0374563973725,1.06223900444,0.0880744891683,1.21485881324,0.0144778791261
1.370074,1.29348579841,-0.617222594504,0.0363569000534,1.06220483732,0.0883431599097,1.21510752603,0.0153355376284
1.380060,1.29367249004,-0.619559111237,0.0353565061944,1.06190217252,0.088564302058,1.21538376086,0.0161025761195
1.390045,1.29406898223,-0.621699166674,0.0345737453801,1.06154429767,0.0890011865858,1.21556908652,0.0165124243295
1.400031,1.2943478124,-0.623834400136,0.0336899481665,1.06160597899,0.089414464316,1.21594072021,0.0167043678014
1.410016,1.29468595429,-0.62625841997,0.0327009328442,1.06174710206,0.0891164994897,1.21620379803,0.01702562505
1.420002,1.29512684749,-0.628905703053,0.0316115609713,1.06165992657,0.0887748908995,1.21633469041,0.0176770856956
1.429987,1.29549980028,-0.631561620858,0.0305420411485,1.06137895974,0.0890453239443,1.21647773022,0.0182647810365
1.439973,1.29573660523,-0.634214707641,0.0294868268019,1.061102364,0.089558721281,1.21658021531,0.0185045412984
1.449958,1.29595276602,-0.637042806307,0.0282910275977,1.0609747732,0.0895576039371,1.21653394172,0.0186801571936
1.459944,1.29610277234,-0.64002535841,0.0271410125179,1.06104990948,0.0891472707594,1.21659914265,0.0189390092812
1.469929,1.29600121133,-0.642860176507,0.026137339812,1.06111140013,0.0892247651195,1.21666383032,0.0197029580542
1.479915,1.2961526995,-0.645675465068,0.0251595552899,1.06101824453,0.0895169773012,1.2166431298,0.0206266928279
1.489900,1.29645041656,-0.648563291116,0.0241027912839,1.06133011096,0.0893689060603,1.21675081192,0.0211788135859
1.499886,1.29654435183,-0.651344417105,0.0231738346237,1.06200367522,0.0893857709653,1.216700618,0.0215290839601
1.509871,1.29658046594,-0.654235783772,0.022519115005,1.06238267388,0.0894881698596,1.21654119297,0.0218790344037
1.519856,1.29646628959,-0.657185107171,0.0217859820658,1.0623093276,0.0896178418198,1.21645149903,0.0225685604616
1.529842,1.29621840529,-0.660104160551,0.0208072340951,1.06220406809,0.0898605325013,1.21656577268,0.0232632050735
1.539827,1.29615801612,-0.663108305989,0.0197817325599,1.06240128062,0.0901152537883,1.21693493993,0.0236923783522
1.549813,1.2963372483,-0.666329934385,0.0189350995877,1.06283851773,0.0902470399735,1.21732568129,0.0240145867604
1.559798,1.29627509105,-0.669627988922,0.0181882760949,1.06325660863,0.0903714292063,1.21725247763,0.0243913543406
1.569784,1.29603062953,-0.672748131457,0.0173123672492,1.0634016652,0.0904407772779,1.21670186264,0.0249175463364
1.579769,1.29592192467,-0.675567497387,0.0163981634343,1.06350624806,0.0903586094787,1.21642167988,0.025855110606
1.589755,1.2955136971,-0.678663607072,0.015569866119,1.06403597066,0.0905965211437,1.21679759932,0.0264786494053
1.599740,1.29518015087,-0.68209372475,0.014416737612,1.06459070792,0.0911354913534,1.21721848358,0.0265725067526
1.609726,1.29520846909,-0.685462495801,0.0133632892264,1.06509351719,0.0913662250093,1.21698731424,0.0268673957011
1.619711,1.29519859269,-0.688591972532,0.0124761848355,1.0655802958,0.0912829984761,1.21669901989,0.0271549950962
1.629697,1.2949627108,-0.691803156097,0.0114768273348,1.06595445633,0.0913387295849,1.21673270075,0.0274385863524
1.639682,1.29476990428,-0.69520576406,0.0103246516008,1.06639911151,0.0914517484785,1.21682928727,0.027929617964
1.649668,1.29483724223,-0.698460808323,0.00912645062285,1.06715412899,0.091396224717,1.21676095144,0.0286785123381
1.659653,1.29496729546,-0.701345709363,0.00790914019738,1.06808033085,0.0913511163471,1.21664903963,0.0294187746034
1.669639,1.29481490533,-0.704226007941,0.00665954608908,1.06879877237,0.0915500576085,1.21654199409,0.0298479349025
1.679624,1.29432329441,-0.707265347212,0.00527545756713,1.06944465387,0.0917630768185,1.21645883237,0.0301198228948
1.689609,1.29388797758,-0.710549726243,0.00415265448995,1.06987141244,0.0916027690286,1.21668651159,0.0307239505198
1.699595,1.29367301338,-0.713717105118,0.00322637968669,1.07038912288,0.0916031620149,1.21676614595,0.0314876697748
1.709580,1.29339528727,-0.716547807401,0.00201577481696,1.07095759526,0.0917900683572,1.21683586551,0.0319226635024
1.719566,1.29281834527,-0.719295967604,0.000630663210341,1.07150468744,0.0918798366597,1.2168546839,0.0322891358494
1.729551,1.29227866343,-0.722069041705,-0.00112941472124,1.07198729222,0.0919800631704,1.21661845672,0.0326326776339
1.739537,1.29202065874,-0.724975045184,-0.00280909566681,1.07221161941,0.0920205027638,1.21633357663,0.0332212109527
1.749522,1.29198245975,-0.727999408004,-0.0041786050822,1.07243418287,0.0920324180596,1.21625222184,0.0340214983907
1.759508,1.29191835659,-0.730946124082,-0.00548779307436,1.07294364032,0.0921807415932,1.21627426518,0.0347209295161
1.769493,1.29169353508,-0.733610524024,-0.00688158616212,1.07349312702,0.0924475037557,1.21617488218,0.0351422783606
1.779479,1.29140576732,-0.736101514098,-0.00815120126749,1.07379196046,0.0925926402222,1.2161511251,0.0352987020911
1.789464,1.29079819844,-0.739002809521,-0.00943029913872,1.07397211417,0.0928332051638,1.21639033792,0.0352922166619
1.799450,1.29015607589,-0.741761041452,-0.0112118649933,1.0741409645,0.0932284398661,1.21703284994,0.0358835087527
1.809435,1.28967822403,-0.743849550563,-0.0127829909702,1.07370055237,0.0936489836432,1.21752062014,0.0366030647953
1.819421,1.28923495144,-0.745990171726,-0.0142126137181,1.07322230511,0.09401592947,1.21756763725,0.0371758186928
1.829406,1.28864040952,-0.748147538444,-0.0156447335668,1.07319209086,0.094302005877,1.21762543028,0.0375975397098
1.839392,1.28783013149,-0.750274961836,-0.0172624422892,1.07330981238,0.0947758485689,1.21765769773,0.0378719562328
1.849377,1.28690331166,-0.752545390227,-0.0189799196533,1.07300674813,0.0951893674989,1.21752340589,0.0381093544329
1.859362,1.28591124426,-0.754866112668,-0.0204784066269,1.07227811639,0.0954219375399,1.21740710265,0.0384017079971
1.869348,1.28485479751,-0.757026833661,-0.021666983006,1.07155976767,0.0956936645319,1.21752245305,0.0387233982638
1.879333,1.28372877819,-0.759178121466,-0.0227926418717,1.07101016,0.0960296010436,1.21771764629,0.038987402826
1.889319,1.28229242089,-0.761429315074,-0.0237096538926,1.07042963243,0.0962450768894,1.21783184748,0.0391886801403
1.899304,1.28049848646,-0.763431882326,-0.0242534494636,1.06949061845,0.0964346354354,1.21735370571,0.0396623944933
1.909290,1.27895818921,-0.765269213343,-0.0247193614213,1.06862026646,0.0966239830283,1.2167167692,0.0403460162471
1.919275,1.27758237969,-0.767369802958,-0.0254841947216,1.06806400616,0.0969904250501,1.21615901141,0.0405219989017
1.929261,1.27645409794,-0.769319188075,-0.0264272653605,1.06763706328,0.0973310590358,1.21566112969,0.0410803509194
1.939246,1.27522356647,-0.77096278596,-0.027468552889,1.06731954993,0.097610470387,1.21518083748,0.0416668002875
1.949232,1.27374184741,-0.772689136752,-0.0284467674655,1.0671670563,0.0979353707198,1.2147193192,0.0419455014786
1.959217,1.27212239655,-0.774673230178,-0.0292916944705,1.06693246954,0.0981684452855,1.214514008,0.0421007162515
1.969203,1.27047728751,-0.776844551832,-0.0299915139924,1.06640264574,0.0982331019327,1.214565919,0.0424463534571
1.979188,1.26879140078,-0.779038992685,-0.0305940890832,1.06576856872,0.0982820592639,1.21470208348,0.0430024945985
1.989174,1.2670525783,-0.780961652999,-0.0312563490151,1.06529894376,0.0983894017158,1.21510554082,0.0436087441219
1.999159,1.26530398556,-0.782557574755,-0.0319793273801,1.06465404171,0.0985753465518,1.21557056466,0.0442559044906
2.009145,1.26352803956,-0.784137406046,-0.032782729476,1.06427579313,0.098629059771,1.21514917853,0.0447348378473
2.019130,1.2611652505,-0.785807407629,-0.0335530390042,1.06410853059,0.0988519791063,1.21507583425,0.044228663664
2.029116,1.25880555282,-0.787549912923,-0.0341828982343,1.06385503376,0.0990812880032,1.21503864738,0.0432940698883
2.039101,1.25677539023,-0.789429411207,-0.0349861300625,1.06338564572,0.0991766700514,1.21476212527,0.0424073315531
2.049086,1.25468062305,-0.791257038505,-0.0359817981075,1.06304160805,0.0991858451329,1.21449170677,0.0417730262392
2.059072,1.25234825613,-0.792950500392,-0.03697102041,1.06283325215,0.0991181910573,1.214495425,0.0411976584324
2.069057,1.24996667194,-0.794497535752,-0.0378813721297,1.0625700865,0.0989771997213,1.21478009547,0.0405391419669
2.079043,1.24775198751,-0.795943723927,-0.038762368986,1.06215031839,0.0988404357734,1.21505924872,0.0399865443899
2.089028,1.24564523444,-0.797520563502,-0.0396342673193,1.06161116014,0.0987890493133,1.21514165109,0.0398646223165
2.099014,1.24337644191,-0.799543132754,-0.0405163229689,1.0610166311,0.0987367586818,1.21531058389,0.0402085080405
2.108999,1.24089721223,-0.801527783329,-0.0413674867298,1.06043996748,0.098511841331,1.21535752855,0.0407131577995
2.118985,1.23829762641,-0.803004530946,-0.0421440882145,1.05985532315,0.0981481418499,1.21517844473,0.0413102807012
2.128970,1.23576972361,-0.804513462173,-0.0428391287705,1.05936973467,0.0979332594917,1.21475654918,0.0419791770799
2.138956,1.23311442057,-0.806057589183,-0.0436396772985,1.05887882549,0.097910912637,1.21431246229,0.042627007385
2.148941,1.22996970395,-0.807541792124,-0.0444901821157,1.05846836819,0.0979603093449,1.21414895797,0.0432132061862
2.158927,1.22670690615,-0.809081860858,-0.0453487547635,1.05817078944,0.0977650229057,1.21419216331,0.0437241772143
2.168912,1.22361968674,-0.810654171543,-0.046107826035,1.05770075097,0.0973801520447,1.21413710307,0.0442651498086
2.178898,1.22061723462,-0.812263142967,-0.0468019303136,1.05696248919,0.0969997319335,1.21385827608,0.0448363355763
2.188883,1.21752583118,-0.813982357824,-0.0476073485643,1.0561910653,0.0967345876712,1.21357057153,0.0453188735366
2.198869,1.21438520694,-0.815690559769,-0.0485159635883,1.05550641121,0.0966823775726,1.21352802291,0.0456800321411
2.208854,1.2112417512,-0.817021000521,-0.0491584821746,1.05468635539,0.0968607003893,1.21361500599,0.0460000476528
2.218839,1.2079657477,-0.81804560839,-0.0494921515403,1.05373467885,0.096868773928,1.21390087635,0.0464320034511
2.228825,1.20459296122,-0.819311351233,-0.0500777514515,1.05271113377,0.0964712509576,1.21466964474,0.0470175887431
2.238810,1.20100572239,-0.820766983778,-0.0510162117298,1.0515980578,0.0961728792758,1.21497033186,0.0476534773358
2.248796,1.19752998701,-0.822120059299,-0.051760351609,1.05047155089,0.0961374219059,1.21482389414,0.0481307620162
2.258781,1.19383605722,-0.823272279,-0.0523359788241,1.04907607403,0.0962006402057,1.21477075022,0.0484666590842
2.268767,1.19004516829,-0.824189962476,-0.052906737632,1.04751324005,0.0962291928625,1.21484111987,0.0487797526679
2.278752,1.18640119696,-0.824934527128,-0.053558997532,1.04607565131,0.0962785922827,1.21491434783,0.0492015679197
2.288738,1.18277956817,-0.825594878136,-0.054288041922,1.04465170579,0.096364987567,1.21491822306,0.0498494617608
2.298723,1.17887131831,-0.82638909413,-0.0550784258007,1.04280695643,0.0963679228393,1.21488955214,0.0506483212151
2.308709,1.17472714406,-0.827650329585,-0.0558961023991,1.0405664354,0.0962217047901,1.21495703884,0.0512355554351
2.318694,1.1705341202,-0.829044758144,-0.0565372074607,1.03855493207,0.0959437536778,1.21495226085,0.0515050789222
2.328680,1.16618557005,-0.829978224838,-0.0572628885656,1.03708420543,0.095706133513,1.21491263549,0.0518434646016
2.338665,1.16226570323,-0.830786005566,-0.0582039563535,1.03558764765,0.0955942434748,1.21475891719,0.0524047363037
2.348651,1.15846400792,-0.831703578258,-0.0591152938992,1.03389521791,0.0952173815113,1.21465242139,0.0528597227749
2.358636,1.15435131804,-0.832644568319,-0.0598877215282,1.03218920084,0.0945962279611,1.21466435782,0.0532656747636
2.368622,1.15021070341,-0.833461758949,-0.0605821419606,1.03047016396,0.0942684712712,1.21471095261,0.0537863568892
2.378607,1.1461985304,-0.834451526062,-0.0612960474956,1.02859395867,0.0943585081207,1.21475528449,0.0543861883732
2.388592,1.14208686601,-0.835581829226,-0.0619934592064,1.02661786891,0.0946229498301,1.2148287629,0.0549207293829
2.398578,1.13773718631,-0.836612757741,-0.0625739981188,1.0246950958,0.0948442993236,1.21480701832,0.055306994362
2.408563,1.1334255287,-0.837645901996,-0.0630794390982,1.02282003672,0.0950161535899,1.21453830386,0.0556431870179
2.418549,1.12941365545,-0.838877413338,-0.0637166494492,1.02092809013,0.0951961295589,1.2143482254,0.0561535173103
2.428534,1.12551400446,-0.840047701988,-0.0644865509885,1.01906345662,0.0953481990274,1.21453080968,0.0567154709177
2.438520,1.12169530043,-0.841275371375,-0.0655222935334,1.01697818894,0.0953981684335,1.21468566665,0.0574565285201
2.448505,1.1181343595,-0.842560064197,-0.0664964129937,1.01498102415,0.0951128445479,1.21455028726,0.0582249389139
2.458491,1.11467496717,-0.843887864388,-0.0673415177458,1.01315521791,0.0947082472574,1.21428308146,0.058615888457
2.468476,1.11069620313,-0.84538892233,-0.068168877905,1.01143310768,0.0944065063591,1.2142855434,0.0589112379543
2.478462,1.10646600741,-0.846974995673,-0.0689747676915,1.00948318169,0.0940769147248,1.21445361255,0.0591326166876
2.488447,1.10235684098,-0.848297937802,-0.0696836556225,1.00738692741,0.0936713690286,1.21468158879,0.0593429952848
2.498433,1.09845639169,-0.849415968805,-0.0702880817027,1.00535577834,0.093286175731,1.2149958003,0.0597955255628
2.508418,1.09467994848,-0.850726130393,-0.0709413405462,1.00342991277,0.0930273510833,1.2153871544,0.0604868096048
2.518404,1.09094088471,-0.85229039283,-0.0717749002439,1.00151683948,0.0929856943874,1.21569779237,0.0609787954593
2.528389,1.08712385617,-0.853837476506,-0.0725320630728,0.999417680941,0.0932785756824,1.21576126274,0.0612662022431
2.538375,1.08333493946,-0.855405623732,-0.0731656379778,0.997126652094,0.0934884437183,1.2156595569,0.061664948144
2.548360,1.0797194615,-0.857061903466,-0.0738074199417,0.995176624394,0.0933959445368,1.21583590055,0.0622792086424
2.558346,1.07610502667,-0.85880343629,-0.074518417667,0.993563414277,0.0933982579573,1.21627529538,0.062779963433
2.568331,1.07255197483,-0.860760917711,-0.0752216124043,0.992046803621,0.0933640139852,1.21639221865,0.0629471335795
2.578316,1.06906593557,-0.862749509254,-0.0757909585918,0.990464348554,0.0930233919289,1.21661011863,0.0632709553253
2.588302,1.06544342693,-0.86467078168,-0.076267876388,0.988817717842,0.0925457246305,1.21721324776,0.0638972080196
2.598287,1.06178446683,-0.866519514088,-0.0767231250442,0.987111884043,0.0922355015607,1.217691078,0.0644746005187
2.608273,1.05832693736,-0.868272467978,-0.0772604382042,0.985513255788,0.0921914298625,1.21769446825,0.0647478343269
2.618258,1.05505977486,-0.870062561843,-0.07800984111,0.984188610768,0.0922849066828,1.21758119257,0.0649331176165
2.628244,1.051746823,-0.872254655146,-0.078951212662,0.982912991694,0.0923810161097,1.21767779708,0.0653914428088
2.638229,1.04828691344,-0.874622268746,-0.0797531318878,0.981511309311,0.0924764121396,1.21793968282,0.0661102334604
2.648215,1.04481637766,-0.876678600757,-0.080172730161,0.980184817168,0.0926431213202,1.21886728895,0.0668755988998
2.658200,1.04128289145,-0.878625403847,-0.0807524243683,0.978662310714,0.092527836233,1.22032032379,0.0674574839087
2.668186,1.03775974226,-0.880947539075,-0.0816923240987,0.976948072409,0.0923044373007,1.221506509,0.0678194352492
2.678171,1.03445363962,-0.883420007704,-0.082824738143,0.975374146297,0.0921880710787,1.22273136324,0.0681537716881
2.688157,1.03119623137,-0.885805457435,-0.0836922333729,0.97405869647,0.0920933329849,1.22404746847,0.068414136151
2.698142,1.02803692116,-0.888189520035,-0.0840922962877,0.972889748785,0.0919114692187,1.22544688926,0.0685148495737
2.708128,1.0249339752,-0.890575069249,-0.0843947847059,0.971673925702,0.0917472910443,1.22671159565,0.0686522635648
2.718113,1.02165622625,-0.892908767774,-0.0849776404163,0.970398769923,0.0917330736746,1.22767146969,0.0690893785387
2.728099,1.01815517103,-0.895267465718,-0.0857435976341,0.969185943945,0.0917530447731,1.22857069297,0.0697522552955
2.738084,1.01480145472,-0.897636401946,-0.0865132661423,0.967915141732,0.0916128713967,1.22985404623,0.0702987505451
2.748069,1.01168004468,-0.899796595016,-0.0872593808255,0.966454987019,0.0916876715464,1.23138099563,0.0707187608534
2.758055,1.00826138153,-0.902065582923,-0.0879197822487,0.965173992405,0.0921139026348,1.23279331515,0.0711566830672
2.768040,1.00450278302,-0.904383946351,-0.0884176223284,0.96401486079,0.0922748911676,1.23452093109,0.0717457710188
2.778026,1.00096371697,-0.906470322306,-0.0889134129359,0.96257963056,0.0921606433256,1.23651418144,0.0723802152216
2.788011,0.9976505272,-0.908485364881,-0.0893930928819,0.961058990861,0.0921355675312,1.23810823268,0.0726860731736
2.797997,0.994392830499,-0.910522692964,-0.0897703178663,0.959677304067,0.0921963629988,1.23962395644,0.0726436474087
2.807982,0.991167874563,-0.912637666878,-0.0901431708488,0.958329531236,0.0922330562388,1.24125301609,0.0726198600162
2.817968,0.987867456613,-0.914764779674,-0.0906714757216,0.95686628326,0.0921976980145,1.24272758513,0.072970041584
2.827953,0.984422475463,-0.916863233468,-0.0913742627838,0.955348762383,0.092124123515,1.24395348541,0.0736040279546
2.837939,0.981060027634,-0.919023449107,-0.0921670361552,0.953942532355,0.0921181731163,1.24532338472,0.0740592598034
2.847924,0.977878386471,-0.921123697605,-0.0930827549502,0.952690179746,0.0923222830647,1.2468637024,0.0742116671735
2.857910,0.974601734922,-0.923011581768,-0.0939691638725,0.951575030684,0.0925758518317,1.24841337108,0.0744848775004
2.867895,0.971258958731,-0.924919260452,-0.0944915754023,0.950356093929,0.0926392916187,1.24998267455,0.0750591994337
2.877881,0.967940303784,-0.92695841747,-0.0948264147734,0.948919108433,0.0924916829507,1.25175073678,0.0756252973234
2.887866,0.964824647809,-0.928939704579,-0.0951956242018,0.947472248772,0.0922655932696,1.25343254582,0.0759691087139
2.897852,0.961851100817,-0.930796116413,-0.0957077850099,0.946093283532,0.0922001660114,1.25456908508,0.076212621938
2.907837,0.958778959467,-0.932645230176,-0.0962845098746,0.94485033777,0.0922057288267,1.25540995397,0.0763942838496
2.917822,0.955674604386,-0.93443073663,-0.0970630921759,0.943799918669,0.0921677069943,1.25639816172,0.0766661011503
2.927808,0.95278457267,-0.936041162618,-0.0980274032892,0.94283327709,0.0921251562964,1.25757597931,0.0770835576683
2.937793,0.950072021655,-0.937647046851,-0.0987456959882,0.941741401142,0.0921424963338,1.25861855528,0.0773900000785
2.947779,0.947113588547,-0.939637731652,-0.0989368814725,0.9405446362,0.0921910077427,1.25937599733,0.0773403086293
2.957764,0.94371309271,-0.941945147085,-0.0992070264541,0.939596972185,0.0923882757142,1.26015592698,0.0773470981215
2.967750,0.940474169964,-0.944096002961,-0.0999206765903,0.939024272127,0.0926367463111,1.26116181929,0.0776481084461
2.977735,0.937542224923,-0.946247987683,-0.100623118447,0.938273508687,0.0926581909012,1.26188882639,0.0779520960717
2.987721,0.934412801497,-0.948399540634,-0.101188295883,0.937402222179,0.0926873086655,1.26233345388,0.0782515925718
2.997706,0.93134518593,-0.95046873113,-0.101882651364,0.936714028401,0.092984285971,1.2626532203,0.0786013153175
3.007692,0.928444962739,-0.952561865325,-0.102837006239,0.93623438836,0.0934475453333,1.26289865128,0.0787927532717
3.017677,0.925567371036,-0.954450937076,-0.103977631387,0.935738374315,0.0938152556283,1.26301290753,0.0787433974709
3.027663,0.92260690177,-0.956048107954,-0.105022203225,0.935063160498,0.0939204578405,1.26296557953,0.078493666346
3.037648,0.919552082235,-0.957635207776,-0.10576323852,0.934353883542,0.0938784067158,1.26273290688,0.0780392864074
3.047634,0.916429837413,-0.959483133759,-0.106334694784,0.933877156179,0.0939439824549,1.26228149,0.0774303462985
3.057619,0.91336772315,-0.961430411416,-0.107046801615,0.933547015977,0.0941253771988,1.26166285943,0.0770530842655
3.067605,0.910428230253,-0.963301346095,-0.107843608982,0.933070950025,0.0943022186943,1.26085925861,0.077169973469
3.077590,0.907081271732,-0.965011842166,-0.10869494863,0.932453573346,0.0944023365739,1.26010857051,0.0773703741551
3.087576,0.903768355156,-0.966736102852,-0.109541969089,0.932071205152,0.0944949137323,1.25952660272,0.0775089162802
3.097561,0.900788300049,-0.968582425394,-0.11012482675,0.931854769738,0.094584445171,1.25867346517,0.077907063297
3.107546,0.897743954742,-0.970459329628,-0.110832039069,0.931680117874,0.0945518066697,1.25787939154,0.0783508684549
3.117532,0.894394953243,-0.972294355815,-0.111755070983,0.931696667612,0.0944825332732,1.25708204531,0.0785640721972
3.127517,0.89092646401,-0.974178168621,-0.112599093046,0.931735803476,0.0944945707606,1.25611264646,0.0784932520653
3.137503,0.887529111294,-0.976091497178,-0.113325518808,0.93145447959,0.094550100058,1.25505418743,0.0780551410897
3.147488,0.884109141929,-0.977818426181,-0.114208932038,0.930904313562,0.0945412285411,1.25400212169,0.0772733547864
3.157474,0.88053817965,-0.979258850989,-0.115308678916,0.930612321386,0.0945219936141,1.25284869675,0.0766191058802
3.167459,0.877045341244,-0.980703255962,-0.116354110139,0.930771084727,0.0946712431106,1.25179823428,0.0766448602608
3.177445,0.873621220976,-0.982234566892,-0.11711888316,0.930972988488,0.0946797901712,1.25087957068,0.0771866205476
3.187430,0.870173573485,-0.983700178025,-0.117798652212,0.93051387425,0.0944498913703,1.24994767935,0.0778685031039
3.197416,0.866669326371,-0.985363356407,-0.118764389351,0.929715199046,0.0945176529452,1.24880482472,0.0782591308557
3.207401,0.863029564045,-0.9870323308,-0.119687171576,0.929325835941,0.0947415075506,1.2475879918,0.0784251974745
3.217387,0.859467476492,-0.988319835557,-0.12037448796,0.929277341415,0.0948437163529,1.24665894127,0.0787562507787
3.227372,0.856007704994,-0.989483098196,-0.12105399215,0.929040236976,0.0949153475866,1.2460899062,0.0791912125114
3.237358,0.852545889297,-0.990945540602,-0.121916542728,0.928524296982,0.0951250158218,1.24560574706,0.0795090609302
3.247343,0.849036326836,-0.992573116691,-0.122844806143,0.928055230423,0.0953023026551,1.24488478147,0.0797642933053
3.257329,0.845498943615,-0.993865855384,-0.123645006142,0.927835020266,0.095161708285,1.2439461654,0.0801910338316
3.267314,0.841899698079,-0.99485478077,-0.124392043569,0.92768518491,0.0948939281903,1.24312008143,0.0807500139772
3.277299,0.838227861198,-0.99612736698,-0.12519530784,0.927344861659,0.094910392046,1.24231919453,0.0811738140755
3.287285,0.834539700776,-0.997657729002,-0.125933130587,0.926912163306,0.095018482339,1.24147084626,0.0813538017406
3.297270,0.830835870781,-0.99908285641,-0.126675049599,0.926728069553,0.0951100377374,1.24127582843,0.081689601107
3.307256,0.827081032988,-1.00034059908,-0.127630595914,0.926546007723,0.0952109687595,1.24114192667,0.0821122605765
3.317241,0.823320497518,-1.00122204754,-0.12875584164,0.926250731252,0.0952350644342,1.24040631411,0.0825457355122
3.327227,0.819667336326,-1.00202780033,-0.129968849509,0.925930676342,0.0951935098287,1.23976276491,0.0830262859999
3.337212,0.816060714166,-1.00313097559,-0.131211124475,0.92583505466,0.0951201833841,1.23952931166,0.0834801805337
3.347198,0.812336136651,-1.00439237107,-0.132418331958,0.925997013931,0.0950796235996,1.2393218828,0.0837907453824
3.357183,0.80840271205,-1.00551028144,-0.133598865443,0.926147500763,0.0950617218869,1.23897513562,0.0839963155825
3.367169,0.804424458223,-1.00655452049,-0.13481217175,0.926080401407,0.0949882532638,1.23892464425,0.0843026579846
3.377154,0.800807912974,-1.00772964564,-0.136015549303,0.925984327421,0.0949093044381,1.23932837991,0.0847976071347
3.387140,0.797576938649,-1.00893358116,-0.137360967054,0.925866934938,0.0948414319947,1.24005054997,0.0852235742589
3.397125,0.793730456167,-1.00978820719,-0.139183376262,0.925288200278,0.0947653697962,1.2406407536,0.0856425469381
3.407111,0.789167885149,-1.01045149882,-0.140939973281,0.92455455783,0.0947722970561,1.24070984223,0.0861408482679
3.417096,0.78473298325,-1.01143350831,-0.14240533068,0.924223723007,0.094778373056,1.24096652061,0.0866454653185
3.427082,0.780612781934,-1.01238894676,-0.143746900812,0.924279637328,0.0947398465516,1.24152765424,0.087147188026
3.437067,0.776653246237,-1.01312879416,-0.145121163388,0.924356750669,0.0947227932459,1.24189354798,0.0876429512907
3.447052,0.772803578112,-1.01377111303,-0.146659419434,0.924210060399,0.0948076127705,1.24201869289,0.0880945374037
3.457038,0.768998664789,-1.01441510502,-0.148419054633,0.923962656862,0.0948482665867,1.24222488482,0.0884695874002
3.467023,0.765113999705,-1.01504570527,-0.150301926552,0.923841905764,0.0946881842374,1.24260532605,0.0887876229587
3.477009,0.76110963803,-1.0156300179,-0.152103444179,0.923738272197,0.0945536710899,1.24288497627,0.0890896216919
3.486994,0.756981137149,-1.01604116114,-0.153767403499,0.923272579455,0.0948181203945,1.24296343485,0.0893764240881
3.496980,0.752621235572,-1.01648628894,-0.15548726782,0.922700417874,0.0951731901588,1.24302841109,0.0898351423484
3.506965,0.748342858268,-1.01712378038,-0.157219158125,0.922762886979,0.0952116793635,1.24317795487,0.0904822882521
3.516951,0.744065797978,-1.01761687754,-0.158868108359,0.922824897038,0.0952337498278,1.24328198553,0.0907022442123
3.526936,0.739706400915,-1.01806756746,-0.160502115771,0.922566407262,0.0955072042774,1.24345926692,0.090696925574
3.536922,0.735329173696,-1.01847891419,-0.162088144988,0.922191117149,0.0958613145543,1.24362043108,0.0907793650551
3.546907,0.730981737262,-1.0188102333,-0.163650796739,0.921752329932,0.0960343382131,1.24339141289,0.0909647689696
3.556893,0.726594642089,-1.01913604128,-0.16532680364,0.921408587965,0.0960491283641,1.24288292358,0.0912288010563
3.566878,0.722045661805,-1.0194799193,-0.167182828222,0.921152020947,0.0960472631199,1.24262548958,0.0915662153213
3.576864,0.717378189343,-1.01977716098,-0.169044497826,0.920742417244,0.0960028250031,1.24282484701,0.0919205825155
3.586849,0.71286340139,-1.02007587744,-0.170590757586,0.920223586509,0.095844726556,1.24295675351,0.0921846355225
3.596835,0.708542194459,-1.02043893418,-0.171724606511,0.920036450505,0.0959248829275,1.2425240226,0.0922506754152
3.606820,0.704095593407,-1.02072501442,-0.172897201379,0.91967529894,0.0962940633028,1.24198552948,0.0923900667767
3.616806,0.699316719489,-1.02085750956,-0.174410680592,0.919104372548,0.0964201769477,1.24177984706,0.0929081157384
3.626791,0.694592560755,-1.02097271233,-0.176016802366,0.918773350906,0.0965189148898,1.2417838539,0.0935339024639
3.636776,0.690031913694,-1.02120035523,-0.1776623314,0.918693925515,0.0966790573082,1.24168702698,0.0938626018142
3.646762,0.685478069174,-1.02143256751,-0.179188931931,0.918662017708,0.0968175191224,1.24143548187,0.0939176573523
3.656747,0.680824586388,-1.021544709,-0.180414283454,0.918306623678,0.0969285715632,1.24123697959,0.0940085022291
3.666733,0.67609896704,-1.02156759136,-0.181503911737,0.917636952176,0.0971117856969,1.24106052623,0.0943504228894
3.676718,0.671373517353,-1.02155967201,-0.182806346134,0.917018555604,0.0974448855314,1.24078464808,0.0948329906362
3.686704,0.666607840165,-1.02148544126,-0.184408956677,0.916729388706,0.0978869575793,1.24047011932,0.095167110409
3.696689,0.66166117618,-1.02136815011,-0.186043717137,0.916740053809,0.0983161130604,1.24009513054,0.0952798420763
3.706675,0.656802463695,-1.02138429258,-0.187410177643,0.91681837014,0.0986047942803,1.23957344199,0.0954030219596
3.716660,0.652111087153,-1.02156719328,-0.188542903686,0.916680698511,0.09878502076,1.23918369448,0.0955854983403
3.726646,0.647237306,-1.02164344975,-0.189621980611,0.916540025955,0.0989257853619,1.23889755204,0.0957968108878
3.736631,0.642392368647,-1.02171393662,-0.190494441249,0.916162416973,0.099150927724,1.23848960775,0.0959965166576
3.746617,0.6375186094,-1.02187796887,-0.191363800144,0.915643376262,0.0995526676494,1.23802309474,0.0963058157529
3.756602,0.632478353997,-1.02188806905,-0.192438226307,0.915333917007,0.0999527284828,1.23752561348,0.0966747675642
3.766588,0.627373088585,-1.02179341648,-0.193573774711,0.915245890309,0.100274976624,1.23700850969,0.0970025763791
3.776573,0.622376307991,-1.02184930868,-0.194473230076,0.915124701092,0.100521637991,1.23666636957,0.0972850213105
3.786559,0.617471456093,-1.0220661274,-0.195093373303,0.914872843855,0.100714169205,1.23660684329,0.0975904282539
3.796544,0.612516810207,-1.02212662925,-0.195670023546,0.914693347079,0.100924582945,1.23646771417,0.0979417033641
3.806529,0.607595433023,-1.02190718557,-0.196217846532,0.914712590307,0.101208216584,1.23580006159,0.0982878632314
3.816515,0.602787884369,-1.02166316277,-0.196654855252,0.914891394828,0.101545891055,1.23497576943,0.0984864804719
3.826500,0.5977966759,-1.02159924764,-0.197331441054,0.915057575347,0.101682247411,1.23451314688,0.0985902035621
3.836486,0.592851540632,-1.02167471211,-0.198169973264,0.914724842325,0.101570018463,1.2341505822,0.0987717384735
3.846471,0.588149660712,-1.02179938205,-0.198962189588,0.914303795116,0.101605294712,1.23386055926,0.0991331827947
3.856457,0.583357828272,-1.02190626834,-0.199504926113,0.914091593438,0.101910626063,1.23375055788,0.0995800850586
3.866442,0.578369669067,-1.02201213529,-0.199712976293,0.91385026081,0.102223106213,1.23377044728,0.0999318195135
3.876428,0.573271231261,-1.02205112813,-0.199789174727,0.913497499117,0.102303466808,1.23369232395,0.100194999904
3.886413,0.568167552937,-1.02199696222,-0.200043178238,0.913250670465,0.102191773186,1.23338876275,0.100430947991
3.896399,0.563118961371,-1.02194677648,-0.200497078301,0.913288908607,0.102032966127,1.23305954435,0.100643815942
3.906384,0.558118988423,-1.02195476014,-0.200820501251,0.913517873058,0.101868588256,1.23304921809,0.10089523733
3.916370,0.552989142363,-1.02192121776,-0.200999932729,0.913711591121,0.101991752242,1.23326523051,0.10123683076
3.926355,0.547824424975,-1.0219327044,-0.201308611037,0.913519556736,0.102300398699,1.23323036232,0.101447792312
3.936341,0.542765673978,-1.02217895225,-0.201860175212,0.913042744741,0.102278050836,1.23305890462,0.101739326138
3.946326,0.537759927044,-1.02240588259,-0.202381805832,0.912740790606,0.102316579277,1.23336309816,0.102169360946
3.956312,0.532806843962,-1.02242629824,-0.202695986873,0.912470894815,0.102476978575,1.23415339317,0.102479909598
3.966297,0.527893749889,-1.02236815236,-0.202874459609,0.912248586055,0.102475897975,1.23502064834,0.102731650037
3.976282,0.523086001288,-1.02238670836,-0.203033311776,0.912118661562,0.102360856395,1.23539617065,0.102987922078
3.986268,0.518340048574,-1.02248879026,-0.203326015643,0.91207717973,0.102336586438,1.23501612494,0.103235811134
3.996253,0.513587065941,-1.02255041291,-0.203888799526,0.912004552242,0.102363353004,1.23438484558,0.103429246653
4.006239,0.508863708017,-1.02248140369,-0.204609661343,0.911753648592,0.102257455064,1.23436814218,0.103557619142
4.016224,0.504134948648,-1.02238151333,-0.205032300214,0.911450578257,0.102212880748,1.23489094323,0.103716328237
4.026210,0.499111024187,-1.02245983477,-0.205102186088,0.91161946967,0.102493975472,1.23472828056,0.104137004533
4.036195,0.493956512468,-1.02279395926,-0.20543370588,0.911580546133,0.10259320317,1.23431458361,0.10454881994
4.046181,0.48895172101,-1.02283345737,-0.205931232954,0.911513123019,0.102150477382,1.23433566586,0.104827786935
4.056166,0.483981166959,-1.02251279943,-0.206282940612,0.911467496908,0.101762817534,1.23442581517,0.104944764419
4.066152,0.47891260021,-1.02236196364,-0.206639063876,0.911140973541,0.101669183385,1.23445788629,0.105063140255
4.076137,0.473830864965,-1.02248107372,-0.207068566579,0.910629857836,0.101851501273,1.2345433241,0.105275461371
4.086123,0.468885477288,-1.02260772328,-0.207467804752,0.910191012737,0.102093221889,1.23473689896,0.105591573252
4.096108,0.464047961449,-1.02263084104,-0.207782810016,0.910097586623,0.102136539452,1.23490275357,0.105987747037
4.106094,0.459111663694,-1.02262498988,-0.208135931378,0.910363855427,0.102039829685,1.23492242392,0.106342954495
4.116079,0.453944660862,-1.02255877244,-0.208632472666,0.910620171913,0.102160629269,1.23491975436,0.106491447499
4.126065,0.448697229872,-1.02240173871,-0.209057627343,0.910568688528,0.102417440194,1.23504461786,0.106561099384
4.136050,0.443600632453,-1.02224634298,-0.209240416323,0.910178423309,0.102607767613,1.23500178303,0.106696517911
4.146036,0.438582904926,-1.0220174999,-0.209530827489,0.90999594053,0.102529131548,1.23465792722,0.10691532793
4.156021,0.433692282056,-1.02171902214,-0.209825981141,0.909976514256,0.10245145074,1.23435849333,0.107094855962
4.166006,0.428847438942,-1.0215142382,-0.210167051369,0.909730102058,0.102606262847,1.23416733819,0.107234228199
4.175992,0.423658270269,-1.02156106897,-0.210537290994,0.909349758747,0.102639510307,1.23408288455,0.107478364584
4.185977,0.41826767945,-1.02170372564,-0.210826217388,0.9088940033,0.102535293246,1.23412632937,0.107789386658
4.195963,0.412989969847,-1.02165256781,-0.211026938511,0.908697131196,0.102483506376,1.23424690476,0.108041614211
4.205948,0.407994553404,-1.02138168438,-0.211246106121,0.908858615002,0.102590825437,1.23439279896,0.108223178023
4.215934,0.40328562533,-1.02119051818,-0.21156907395,0.90901147204,0.102753316337,1.23446488937,0.108467014495
4.225919,0.398699472558,-1.02128203558,-0.211969829103,0.908916571529,0.102796208973,1.23426418601,0.1088458039
4.235905,0.393727543085,-1.02137837073,-0.212358193128,0.908727567521,0.10282156836,1.23396329676,0.109159698047
4.245890,0.388427543979,-1.02128972584,-0.212514944201,0.908576929865,0.10277406008,1.23402240721,0.10930435773
4.255876,0.383118676529,-1.02117956598,-0.212913614476,0.908616537456,0.102483899915,1.23411738766,0.109315562378
4.265861,0.377566146971,-1.0213612758,-0.213605474488,0.908440837002,0.102490969511,1.23414032542,0.109439767782
4.275847,0.372408966112,-1.02149603414,-0.213925477083,0.908196958865,0.10250864033,1.23417949459,0.109827930773
4.285832,0.367851207725,-1.02133159168,-0.213881773861,0.908099719366,0.102447177126,1.23426562085,0.110183936038
4.295818,0.363195248925,-1.02108497355,-0.213875110704,0.908186011054,0.102590043859,1.23431424066,0.11043670962
4.305803,0.358061169452,-1.02098892139,-0.214160656908,0.908266752398,0.10291236488,1.23434159739,0.110713120198
4.315789,0.352807891936,-1.02104024618,-0.214624540889,0.908048507167,0.102987203046,1.23441801677,0.110944037748
4.325774,0.347966451009,-1.02115718801,-0.215001486511,0.907421726118,0.102650541932,1.23453461516,0.110959008003
4.335759,0.343667021632,-1.02135163455,-0.215262511339,0.906740069703,0.102430516835,1.23468463689,0.111046868844
4.345745,0.339432090661,-1.02154719408,-0.215656134174,0.906618196719,0.10247921704,1.23490480719,0.111356234831
4.355730,0.334588529493,-1.02166553866,-0.215993132707,0.906954509371,0.102403099769,1.23484753587,0.111577161082
4.365716,0.329852214258,-1.02164622978,-0.216187844697,0.90689539493,0.102389111513,1.23455926193,0.111778595983
4.375701,0.325184502996,-1.02157120531,-0.216416436601,0.906664101144,0.102384792009,1.23469437777,0.111995144584
4.385687,0.32041879195,-1.0216142203,-0.216473756659,0.906481242295,0.102438264401,1.23501216601,0.112191074863
4.395672,0.31575490082,-1.0217647433,-0.216549290756,0.906294203819,0.102673203872,1.23510024854,0.112357741459
4.405658,0.311261655143,-1.02192457133,-0.216753105951,0.90605922858,0.102858545407,1.23502558484,0.11247968636
4.415643,0.306676662535,-1.02201539345,-0.21706056006,0.905783498132,0.102929061761,1.23487383346,0.112620163297
4.425629,0.301780604149,-1.02206078185,-0.217428921853,0.905420889373,0.103035878962,1.2345479894,0.112846470763
4.435614,0.296881603844,-1.02215267028,-0.217765442716,0.904945756708,0.103077186134,1.23425453847,0.113118323991
4.445600,0.292627401736,-1.02226909874,-0.217874993312,0.904649314957,0.102852112983,1.23467024629,0.113413127226
4.455585,0.288759210228,-1.02230937704,-0.218065708876,0.904835512127,0.102806719216,1.23524759024,0.113625287408
4.465571,0.284011875348,-1.0223723751,-0.218545969968,0.904927843532,0.102986227643,1.23519914586,0.113805081609
4.475556,0.278938291424,-1.02243809116,-0.21899445402,0.904812466753,0.103000731269,1.23485894778,0.113958092178
4.485542,0.274045039543,-1.02230146441,-0.219251439418,0.904683666784,0.102826420048,1.23488216233,0.114057153448
4.495527,0.269529311455,-1.02219194231,-0.219393005432,0.904637026745,0.102791124412,1.23524136057,0.114264313643
4.505513,0.265292195696,-1.0223117321,-0.219625270018,0.904712310818,0.103013191501,1.23549518932,0.11457872319
4.515498,0.261010796592,-1.02243668529,-0.219973167615,0.904808335729,0.103173487379,1.23553426721,0.114878232398
4.525483,0.256553764985,-1.02230506295,-0.220327200908,0.904823901881,0.103090660578,1.23558789121,0.115038040693
4.535469,0.252143006644,-1.02205485865,-0.220598777144,0.904764341069,0.102969574717,1.23576945561,0.115058182374
4.545454,0.247977882975,-1.02196751181,-0.220785631866,0.90467714505,0.102961540339,1.23599340172,0.115085528957
4.555440,0.24386450563,-1.02175685882,-0.221044981122,0.904636600929,0.103045637995,1.2365700157,0.115186212352
4.565425,0.239808537152,-1.02141668829,-0.221138820626,0.904674227841,0.102976516918,1.23702759107,0.115413945847
4.575411,0.235913047967,-1.02117303498,-0.221342374002,0.904396326886,0.102821865367,1.23727765436,0.115648952831
4.585396,0.231952262002,-1.02109576726,-0.22170776096,0.904203093923,0.102948560537,1.23755688573,0.115655938182
4.595382,0.22796481625,-1.02118884403,-0.221909200416,0.904229648724,0.103046483662,1.23749957034,0.115669835525
4.605367,0.223946708784,-1.02125038203,-0.222112920501,0.904318782414,0.103017373873,1.23736621504,0.115889843726
4.615353,0.219921046822,-1.02127110706,-0.222310051258,0.904262938763,0.103015663196,1.23735097008,0.116144628856
4.625338,0.216023138826,-1.02128906692,-0.222277722373,0.90405704648,0.103134941522,1.23748292259,0.116231636051
4.635324,0.212361158904,-1.02128140136,-0.222080705095,0.903851515921,0.103275814304,1.23767424977,0.116207226479
4.645309,0.208934888761,-1.02119504291,-0.222162245697,0.903726176749,0.103286219685,1.23774281554,0.116184311865
4.655295,0.205757006547,-1.02099473992,-0.22266902215,0.90361315881,0.103166706122,1.23756805715,0.11599491773
4.665280,0.202655925841,-1.02080570379,-0.223270207876,0.903546999633,0.103105158291,1.23751265444,0.115814056818
4.675266,0.199351378397,-1.02086867949,-0.223537016555,0.903521391287,0.103187828445,1.23780686944,0.115888155977
4.685251,0.196308854381,-1.02100951602,-0.22355038316,0.903370468247,0.10316824052,1.23772298621,0.115980531171
4.695236,0.193427010929,-1.0211039088,-0.2235591134,0.903194024816,0.103292948255,1.23755080206,0.116372351729
4.705222,0.190479902112,-1.021250891,-0.223876136737,0.903165418938,0.103399640964,1.237763713,0.116688657822
4.715207,0.187627370555,-1.02133570932,-0.224471456088,0.903101548672,0.103335035413,1.23796592276,0.116610432608
4.725193,0.184844054742,-1.02128706374,-0.224928170432,0.902847973692,0.103246855828,1.23800599003,0.116447158315
4.735178,0.181993222966,-1.02130003139,-0.225004447561,0.90256707125,0.103320940019,1.23812109223,0.116509880414
4.745164,0.179086461983,-1.0215299773,-0.224900883651,0.902499813163,0.103526274997,1.23844468452,0.116773209474
4.755149,0.176292952666,-1.02175471976,-0.224933951474,0.902547407838,0.103637345426,1.23885805212,0.117139731854
4.765135,0.173758366882,-1.02177265476,-0.225114029393,0.902367769699,0.103453854466,1.23943976991,0.117517341248
4.775120,0.171600215183,-1.02186842582,-0.225348760525,0.902056023651,0.10335715985,1.23989000954,0.117842246051
4.785106,0.16960841971,-1.02203341182,-0.225513695071,0.901643242347,0.103606979555,1.24017282056,0.117758623264
4.795091,0.167651116673,-1.0221990226,-0.225702842521,0.90098481057,0.10362748735,1.24079229425,0.11763796264
4.805077,0.165597689511,-1.02228318271,-0.22587813949,0.900289323942,0.103281819632,1.24158742574,0.117863481719
4.815062,0.16353746926,-1.02244659857,-0.226231270269,0.89975480628,0.10312018433,1.24230734332,0.11821085477
4.825048,0.16168270906,-1.02267746309,-0.226569790567,0.899449480211,0.103351818633,1.24276524175,0.118502801651
4.835033,0.159981066716,-1.02298111288,-0.226842957269,0.899486585768,0.103684897365,1.24319200596,0.118668558557
4.845019,0.158260786233,-1.0233211555,-0.22706476241,0.899813369209,0.103760279616,1.24379449065,0.11866804866
4.855004,0.156485298082,-1.02356085188,-0.22717737455,0.900084173972,0.103587728068,1.24449867267,0.118602431909
4.864989,0.154755400396,-1.02360453111,-0.227307321931,0.900051323433,0.103459118076,1.24533426042,0.118764947437
4.874975,0.153265458362,-1.02346314627,-0.227769263733,0.900099028978,0.103342111093,1.24651471081,0.119127505116
4.884960,0.152099803581,-1.023356932,-0.228155509541,0.900097178614,0.10338322239,1.24759084148,0.119530045379
4.894946,0.150691773651,-1.02336544526,-0.228418485185,0.899839478797,0.103490904263,1.24835622732,0.119654798988
4.904931,0.149492049655,-1.02333589727,-0.228467991694,0.899486834314,0.103771205859,1.24916764148,0.119807093571
4.914917,0.148621822447,-1.02326698979,-0.228304820135,0.899434275079,0.103980437695,1.24998913189,0.120105469365
4.924902,0.147639932735,-1.02330284387,-0.228432739343,0.89953853286,0.104008236066,1.25082854105,0.120295185452
4.934888,0.146475427001,-1.02341723468,-0.228768185239,0.899489388587,0.103771153645,1.25161397361,0.120308999016
4.944873,0.145393576182,-1.023335773,-0.229052142805,0.899382421881,0.103481090228,1.25249563505,0.120394961879
4.954859,0.144561953484,-1.02298911189,-0.229277751479,0.899293029246,0.103464249631,1.25373154488,0.120588036666
4.964844,0.14388376223,-1.02273537461,-0.229515783185,0.89897475695,0.103686253218,1.25518950708,0.120610379585
4.974830,0.143292519068,-1.02282571694,-0.229635824029,0.898544611272,0.103746986538,1.25635036693,0.120593093726
4.984815,0.142993054477,-1.02301006266,-0.229862784747,0.898389865394,0.103792865782,1.25774337118,0.120817149986
4.994801,0.142685687319,-1.02321306179,-0.229916576628,0.898543883586,0.10356588233,1.25943071283,0.121234454029
5.004786,0.142075291551,-1.02338356727,-0.230088179631,0.89845920539,0.103264493871,1.26116681633,0.121504328257
5.014772,0.141812494234,-1.02344762023,-0.230498415737,0.898361549081,0.103245006527,1.26311486659,0.121882796811
5.024757,0.141801899344,-1.02331356419,-0.230593561953,0.898313778704,0.103137373477,1.26529041242,0.12209248294
5.034743,0.141577732473,-1.02321603993,-0.230479736556,0.898439759003,0.102887073654,1.26736425145,0.121992919385
5.044728,0.141055349524,-1.02317870741,-0.230577328682,0.898752892576,0.102790196067,1.26922241289,0.121923824032
5.054713,0.140484267962,-1.02307753775,-0.230899341201,0.898972189107,0.103030586517,1.27096295562,0.122114639384
5.064699,0.140157071528,-1.02300338538,-0.231161886004,0.898817014211,0.103444239218,1.2728208919,0.122342436295
5.074684,0.140202909361,-1.02317360313,-0.231332661432,0.898419192819,0.103663536484,1.2750106393,0.122342604596
5.084670,0.140419722871,-1.02329732309,-0.231493758881,0.898106746916,0.103432878657,1.27731069817,0.122340887173
5.094655,0.140433220545,-1.02325767551,-0.231612360344,0.89777918504,0.103399869009,1.27970892591,0.122452460923
5.104641,0.140599812647,-1.02312315189,-0.23167103983,0.897778769542,0.103348868542,1.28222446731,0.122468685261
5.114626,0.140822626099,-1.02310271512,-0.231807960412,0.898054876237,0.10337493913,1.28447678402,0.122651049938
5.124612,0.140951281746,-1.0233249117,-0.23199519047,0.898406138065,0.1032266598,1.28619308317,0.122963805597
5.134597,0.141197028093,-1.02349997965,-0.232229117348,0.898681571368,0.102973094366,1.28770970069,0.123259769992
5.144583,0.141385818512,-1.02354960341,-0.232603019302,0.898915368515,0.102994098075,1.28901605491,0.123314474116
5.154568,0.14156379606,-1.02370971005,-0.23300905129,0.899291289225,0.103147811958,1.28986402956,0.123295757223
5.164554,0.141849006465,-1.02402677217,-0.233327721509,0.899776782971,0.103215272269,1.29015516721,0.123530621798
5.174539,0.142119949528,-1.0242522106,-0.233579424008,0.900139765237,0.10332518238,1.29008787704,0.124004738712
5.184525,0.142199040202,-1.02433991257,-0.23379209474,0.900370862157,0.10349678782,1.28996712612,0.124351248475
5.194510,0.142104919894,-1.0245060323,-0.234095651892,0.900579397034,0.103413003548,1.28993974206,0.124449948567
5.204496,0.142174426031,-1.02460446778,-0.234599870897,0.90058915078,0.103444434131,1.28980317415,0.124138903414
5.214481,0.142678508706,-1.02451480243,-0.234706996664,0.900436340772,0.103487369678,1.28927860064,0.12410372416
5.224466,0.143132276826,-1.0244991045,-0.234532571354,0.900217802058,0.103278664706,1.28845283788,0.124486033291
5.234452,0.143308031742,-1.02456471351,-0.234359098882,0.900315911322,0.103185318326,1.28786680516,0.124854565719
5.244437,0.143462222298,-1.02465936984,-0.23427016688,0.900489611237,0.103374583097,1.28756305749,0.124918738546
5.254423,0.143586972479,-1.02471107269,-0.234471532889,0.900461647293,0.10362781479,1.28726219604,0.124790428435
5.264408,0.143545822061,-1.02465208837,-0.234907065787,0.900346920412,0.103844385113,1.28692912467,0.124700453884
5.274394,0.143437732495,-1.02454976568,-0.23528050003,0.900231645427,0.104114514551,1.28670846157,0.124777751932
5.284379,0.143497939952,-1.02449805333,-0.235515071084,0.899954378945,0.104417850203,1.28665106224,0.125013940663
5.294365,0.143608856427,-1.02434060348,-0.235876715982,0.899701354265,0.104546135842,1.28677115657,0.125252649094
5.304350,0.143511023746,-1.0242530201,-0.236108355752,0.899774186911,0.104429620073,1.28682039857,0.125159816945
5.314336,0.143548933665,-1.02428220499,-0.235637664992,0.899838021644,0.104579901356,1.28696852807,0.124809960389
5.324321,0.143630778218,-1.02432225726,-0.235829940961,0.899904474699,0.104944135371,1.28705306301,0.124615963148
5.334307,0.1438044298,-1.02403794387,-0.236264963471,0.900199604059,0.105106502631,1.28696421354,0.124256825705
5.344292,0.143976201409,-1.0236684841,-0.236363480357,0.900420386263,0.105219367007,1.28686497146,0.124104562194
5.354278,0.144025832863,-1.0234869547,-0.236207153459,0.900410316681,0.105156744474,1.28669050421,0.124195559549
5.364263,0.143954010173,-1.02339550085,-0.236064695108,0.900441453913,0.105192448522,1.28643066979,0.124366598835
5.374249,0.143882303093,-1.02326137236,-0.236121781732,0.900516067897,0.105308118219,1.28637728964,0.124602845712
5.384234,0.143986966475,-1.02313629501,-0.236428367689,0.90031981671,0.105170801677,1.28665242404,0.124829606691
5.394219,0.144314418539,-1.02304637073,-0.236794654849,0.899908506298,0.104862233385,1.28685864439,0.124808373093
5.404205,0.144545446054,-1.02286006683,-0.236736450637,0.899818569338,0.104755112666,1.28692560421,0.124858609583
5.414190,0.144516438407,-1.02298860219,-0.236557927268,0.900136643854,0.105015048309,1.28745238109,0.12508654768
5.424176,0.144729567913,-1.02335984552,-0.236646258409,0.900512602998,0.105550457957,1.28807350993,0.125179684072
5.434161,0.145069719309,-1.02337381348,-0.237026928517,0.900731456002,0.105597712973,1.28844364935,0.125129688411
5.444147,0.145287861567,-1.02316054824,-0.23765044596,0.900752267345,0.105494048369,1.28873682049,0.125125223346
5.454132,0.145425640487,-1.02311968156,-0.237970764808,0.900835572657,0.105464937334,1.28882055539,0.125250636831
5.464118,0.145399084266,-1.02321849249,-0.237848231371,0.901055119426,0.105502310895,1.28859347809,0.125513509586
5.474103,0.145298496259,-1.02330374248,-0.237610855321,0.901377430917,0.105563259714,1.28834094405,0.125697843063
5.484089,0.14530447183,-1.02332076019,-0.237570437312,0.901812277136,0.105529843903,1.28837754357,0.12577353343
5.494074,0.145390919862,-1.0232922841,-0.23770788037,0.902333034815,0.105302551899,1.28859387754,0.12596161711
5.504060,0.145333523911,-1.0232108115,-0.237876924404,0.902767642353,0.105104143762,1.28868118816,0.126198626473
5.514045,0.145181311382,-1.022984491,-0.238184483101,0.903132761762,0.105357521192,1.28896607364,0.126115061462
5.524031,0.145377928242,-1.02297053048,-0.238833089657,0.903765156181,0.105561029177,1.28955725985,0.12630243112
5.534016,0.145631014349,-1.02301273039,-0.239444363292,0.904443535667,0.105476577108,1.29021996962,0.126750052285
5.544002,0.145511704444,-1.02304498474,-0.2394058586,0.905260355096,0.105348445157,1.29048239265,0.126756939355
5.553987,0.145291283687,-1.02316151245,-0.239024521722,0.90619834083,0.105127198938,1.29055375672,0.12661466039
5.563973,0.145205769523,-1.02312718224,-0.238880581568,0.907078846065,0.105200850372,1.29078533191,0.126682954781
5.573958,0.145210421292,-1.02281278183,-0.239229652509,0.907705426622,0.105464825254,1.29110293542,0.126927740974
5.583943,0.145202818834,-1.02234755422,-0.239651181457,0.908131475811,0.105683964256,1.29158297193,0.127071631562
5.593929,0.145263011962,-1.02199308261,-0.239628633601,0.908640328413,0.105747150252,1.29226329943,0.126994379723
5.603914,0.145432737212,-1.0218513898,-0.239360661548,0.909352661382,0.105707908266,1.29273132869,0.126941957238
5.613900,0.145329046123,-1.0217394599,-0.239579958487,0.909960141845,0.105802780765,1.29258990872,0.12721580675
5.623885,0.144930200883,-1.02174174203,-0.24000064221,0.910496776061,0.105739215147,1.29210410246,0.127384130945
5.633871,0.144936426159,-1.02165384824,-0.240267956855,0.911232593407,0.105404637437,1.29184708803,0.127367515248
5.643856,0.145273021735,-1.02127602604,-0.240400350566,0.911769269897,0.105152665788,1.29188727025,0.127381547593
5.653842,0.145352626126,-1.02067956378,-0.240525075007,0.911965448037,0.105130809595,1.29222354701,0.127682024487
5.663827,0.145144344538,-1.02018074867,-0.240674958073,0.912162023503,0.10525307147,1.29269556591,0.127843961083
5.673813,0.145090184659,-1.01984780609,-0.240856088531,0.912590025167,0.105348252736,1.29316043172,0.127822617794
5.683798,0.14520989727,-1.01950559923,-0.240964898337,0.91309651525,0.105458725854,1.29344845648,0.1277552395
5.693784,0.14535793995,-1.01914711854,-0.240987532616,0.913506062662,0.10558376534,1.29354954892,0.127745422005
5.703769,0.145424145493,-1.01896084827,-0.241005317187,0.913905571314,0.105565502973,1.29362247981,0.127903714691
5.713755,0.145326826843,-1.0188594264,-0.241024973144,0.9144010141,0.105377402633,1.29374887039,0.128292407123
5.723740,0.145345958282,-1.01827488429,-0.241060810928,0.91469854901,0.105326332139,1.29376247282,0.128556841517
5.733726,0.145371129609,-1.01745351247,-0.24146669579,0.914899136974,0.105325043174,1.29344579234,0.128426748085
5.743711,0.145468376986,-1.01698243654,-0.241537190545,0.914975058343,0.105173527663,1.29319652542,0.128506490494
5.753696,0.145661250285,-1.01698468877,-0.241508890817,0.914911128393,0.105554865966,1.29334168889,0.128764087928
5.763682,0.145607219229,-1.01694324793,-0.241509671577,0.915247177958,0.105908251609,1.2935462718,0.128904859206
5.773667,0.145354149051,-1.01648466865,-0.241697569714,0.915721727307,0.105963814724,1.29345982587,0.129082606857
5.783653,0.145230959991,-1.01602335561,-0.241939157559,0.915874050411,0.105843524995,1.29307786623,0.129204166737
5.793638,0.145195643429,-1.01568108053,-0.242071726164,0.915685576303,0.105624295512,1.29269593428,0.129375361162
5.803624,0.145223146935,-1.01530350762,-0.242167150721,0.915371085856,0.105450828838,1.29257005661,0.129598853373
5.813609,0.145440337477,-1.01480135254,-0.242344780892,0.91507098272,0.105461835991,1.29276109341,0.129625862344
5.823595,0.145609088752,-1.01409702296,-0.242450498572,0.914934895697,0.10548142735,1.29317203996,0.129498123409
5.833580,0.145449992187,-1.0133628278,-0.24243345087,0.915103086173,0.105536402258,1.29335013949,0.129679615375
5.843566,0.145167263149,-1.0129492552,-0.242651602943,0.91530902482,0.105663914922,1.29307493689,0.129612400782
5.853551,0.145175246608,-1.01248650398,-0.242652792982,0.91539006582,0.105705623653,1.29291918422,0.129520017634
5.863537,0.145226484202,-1.01197598447,-0.2427537281,0.915216035355,0.105657291044,1.29295530625,0.129519912675
5.873522,0.145372689523,-1.01161836248,-0.2430059125,0.915115630976,0.105559407782,1.29276483,0.129685643417
5.883508,0.145567101076,-1.01126794413,-0.243250126847,0.915049669912,0.105458079189,1.29259878133,0.129914500994
5.893493,0.145732061065,-1.01093125953,-0.243381087233,0.914961790197,0.1055668576,1.29269628808,0.129987172523
5.903479,0.145825899314,-1.01059573785,-0.243342054175,0.914808144559,0.105717993739,1.2928575812,0.129995309964
5.913464,0.145847569515,-1.01024614171,-0.243273885645,0.914622988783,0.105640045984,1.29287847065,0.130100089941
5.923449,0.145821763962,-1.00991254119,-0.243416900324,0.914584230913,0.105409527239,1.29290501769,0.130247006376
5.933435,0.145761150419,-1.00949457949,-0.243635795271,0.914834915046,0.105171090313,1.29298440635,0.130443475008
5.943420,0.145511666959,-1.00902576103,-0.243666204773,0.915070655715,0.105084392639,1.29286970962,0.130566199165
5.953406,0.145487033644,-1.00846214247,-0.243607645528,0.915044618849,0.105368514945,1.29287341792,0.130657170355
5.963391,0.145493587144,-1.00806640133,-0.243843468701,0.915049814667,0.105467290874,1.2930544175,0.130889272647
5.973377,0.145380165942,-1.00779146871,-0.243961377557,0.914810149915,0.105597717067,1.29324383889,0.131035987325
5.983362,0.145350951809,-1.00758373041,-0.243704938248,0.914359907998,0.105831205571,1.29345604679,0.131240038555
5.993348,0.145363395084,-1.00716098514,-0.243885987777,0.914351530728,0.106061022863,1.29341029272,0.131403343285
6.003333,0.145374167247,-1.00687245371,-0.244346503529,0.914839948085,0.106159096307,1.29303147994,0.131284340315
6.013319,0.14537165788,-1.00681034642,-0.244540852015,0.915188056168,0.105970032617,1.29255680404,0.131006951234
6.023304,0.145348618505,-1.0065625596,-0.244470088217,0.915002685471,0.105648776683,1.29230358101,0.130977037594
6.033290,0.145375052136,-1.0060792852,-0.244466361194,0.914656629012,0.105604571145,1.29243202253,0.131211944977
6.043275,0.14561493236,-1.00597516358,-0.24454897108,0.914416415621,0.105508258044,1.29286158571,0.131127328064
6.053261,0.145778929105,-1.00653230118,-0.244754871941,0.914242134544,0.105513965175,1.29301335361,0.130941058764
6.063246,0.145516735891,-1.00669697078,-0.245080751065,0.914192040599,0.105602739172,1.29300838607,0.131176750385
6.073232,0.145605216026,-1.00645084376,-0.24527367062,0.914340695528,0.105376816764,1.29297163376,0.131383508646
6.083217,0.145641904,-1.00642875843,-0.2449841379,0.914548163211,0.105238450032,1.29283567608,0.131427846758
6.093203,0.145570630191,-1.00652953901,-0.245026864462,0.914678731152,0.105426993859,1.29265363644,0.131592061385
6.103188,0.14559763148,-1.00654395127,-0.245430442087,0.9145302114,0.105654453354,1.29252828508,0.131918671881
6.113173,0.14563215021,-1.00630864846,-0.245631893726,0.914165965233,0.105725429466,1.29257807697,0.132159985722
6.123159,0.145452070356,-1.00598136323,-0.24543528385,0.913874314373,0.1056670497,1.29284300539,0.13225420377
6.133144,0.145200930874,-1.00587821123,-0.245243125643,0.913879808362,0.105578744549,1.29309314408,0.132390584174
6.143130,0.145361366583,-1.00597916263,-0.245392611317,0.914059438076,0.105565036891,1.29295866752,0.132559921107
6.153115,0.145885385096,-1.00615204619,-0.245803903907,0.9138550109,0.105617583187,1.29277732951,0.132593010899
6.163101,0.145899184519,-1.00643915151,-0.245942160711,0.913764298416,0.105693590344,1.2927828591,0.132429473294
6.173086,0.145599625894,-1.00628361955,-0.24580740981,0.913559639547,0.106084007328,1.29269543959,0.132609266178
6.183072,0.14553550658,-1.00612408537,-0.245725642462,0.913349970106,0.106117831346,1.29288707819,0.132834109131
6.193057,0.145448244995,-1.00641983605,-0.246013325417,0.913259720199,0.105767689242,1.2929454113,0.132778287746
6.203043,0.145436379124,-1.00689212308,-0.246209106627,0.913206158245,0.105582499452,1.2927374504,0.132644259417
6.213028,0.145594321879,-1.00703040378,-0.246296009046,0.913132105896,0.105785069033,1.29259532653,0.132690187044
6.223014,0.145701706015,-1.00695766782,-0.246383480939,0.912975785224,0.106083876467,1.29260924346,0.132953907894
6.232999,0.145641949762,-1.00700940726,-0.246481762441,0.912717486522,0.106089163683,1.29265617775,0.133117633462
6.242985,0.14566651076,-1.00719561029,-0.246613485664,0.91249932442,0.105856112059,1.29267189635,0.132969924475
6.252970,0.145831495235,-1.00758373314,-0.246776245555,0.912519953094,0.105858158728,1.29245804373,0.13301710548
6.262956,0.145766169732,-1.00782304234,-0.246847701083,0.912469419334,0.105833670052,1.29208077263,0.133127608918
6.272941,0.145661272978,-1.00782522062,-0.247095672597,0.912136468369,0.105753232025,1.29229711086,0.133193587155
6.282926,0.145537211016,-1.00813050937,-0.247268179557,0.912210133665,0.10583438015,1.29282753141,0.133381149024
6.292912,0.145726511839,-1.00816668078,-0.247037715301,0.912290677826,0.105922512361,1.29287506273,0.133347764933
6.302897,0.145717274861,-1.00805675639,-0.247044815584,0.912165747358,0.105941897157,1.29245211541,0.133286133383
6.312883,0.145555892501,-1.00793123457,-0.247060524947,0.911980223217,0.106100287765,1.29223167721,0.133407064756
6.322868,0.145471826222,-1.00796223206,-0.247205820931,0.911932128884,0.106068012011,1.29239287481,0.133651964341
6.332854,0.145445548211,-1.0081449396,-0.247384425096,0.91194454214,0.10574800499,1.29259450597,0.133869039453
6.342839,0.145472262381,-1.00833636021,-0.247321726018,0.911803653823,0.105487789292,1.29265239495,0.133942325792
6.352825,0.145733176462,-1.00849422886,-0.247258251853,0.91158238265,0.105458799048,1.29274782968,0.133784256459
6.362810,0.145880882422,-1.00860420426,-0.247413378343,0.911656116999,0.105637528542,1.29273169531,0.133491997932
6.372796,0.145756296581,-1.00845947846,-0.247606690874,0.911781388106,0.105999214121,1.29253808205,0.133674912953
6.382781,0.145858270304,-1.00830190412,-0.247858896702,0.911633659614,0.106128822998,1.29241129612,0.133916804157
6.392767,0.145832397009,-1.00823318293,-0.247838810989,0.911798692707,0.106152561152,1.29233107314,0.133886477512
6.402752,0.145934729404,-1.00796228606,-0.248010433734,0.911868778206,0.105980795648,1.29220096378,0.134047932476
6.412738,0.146275717515,-1.00760183471,-0.248221598109,0.911814160005,0.105728977178,1.29195075891,0.134254512861
6.422723,0.146293875002,-1.00759090387,-0.248221267861,0.911848043561,0.105542782146,1.2918774251,0.13432303134
6.432709,0.14604263004,-1.00782417577,-0.247956553341,0.911801184749,0.105647666881,1.2918209671,0.134396569729
6.442694,0.145850719151,-1.00788589568,-0.247628244539,0.91162990897,0.105989111687,1.29144991885,0.134587575068
6.452679,0.145681440036,-1.00775016966,-0.247532008412,0.911680571281,0.106232730596,1.2908864188,0.13468710596
6.462665,0.14551903179,-1.00774071767,-0.247762911558,0.912076439838,0.106185182444,1.29054351615,0.134558029986
6.472650,0.145831510899,-1.00759249894,-0.247990991266,0.912524763032,0.105690241502,1.29030738716,0.134738438171
6.482636,0.146136312521,-1.00756872889,-0.248066729507,0.912408944284,0.105476821522,1.28983462632,0.134974536874
6.492621,0.146036063523,-1.00740097982,-0.248174366269,0.912224525965,0.105862350019,1.28949885725,0.134854591865
6.502607,0.146040759549,-1.00716338578,-0.248437650065,0.911872998649,0.105995364392,1.28942784177,0.134759429717
6.512592,0.146266609118,-1.00721654482,-0.248896133821,0.911702550876,0.106062347026,1.28932474869,0.134681299199
6.522578,0.146338535965,-1.00745271185,-0.249215636788,0.911438290411,0.105973074401,1.28923698411,0.134759444065
6.532563,0.146080042958,-1.00744897115,-0.249176004727,0.911091290505,0.106008953065,1.28917982775,0.134821247881
6.542549,0.145788312578,-1.0073127836,-0.24899675899,0.910924372006,0.106166572362,1.28919603138,0.134828048334
6.552534,0.145844813898,-1.00742980693,-0.248969649708,0.910907159057,0.106208443902,1.28935654775,0.134976672249
6.562520,0.146109329984,-1.00772355524,-0.249091580364,0.910745819506,0.106138715106,1.28946426712,0.135236926575
6.572505,0.145951551643,-1.00774467259,-0.249269300805,0.910609606087,0.106116579612,1.28906282758,0.135189583848
6.582491,0.145574241324,-1.00745081627,-0.249344914722,0.910814184471,0.106258331672,1.28892855737,0.135241227795
6.592476,0.145982069189,-1.00695896224,-0.249245936586,0.910630688603,0.105976232004,1.28921965887,0.135439693325
6.602462,0.146193591917,-1.00690717369,-0.249276911152,0.910243398271,0.105977380101,1.28925344259,0.13539480298
6.612447,0.14595465548,-1.006809416,-0.24923862245,0.910010179959,0.106228970998,1.28914269717,0.135442680072
6.622433,0.145886108589,-1.00679480165,-0.24928203003,0.909742960682,0.106325987706,1.28923866068,0.135695476249
6.632418,0.145960277459,-1.00700778937,-0.249534363426,0.909338415531,0.106216353845,1.2895256618,0.135769774337
6.642403,0.145940373715,-1.00724450748,-0.249720430743,0.908893335137,0.106065234824,1.28984672593,0.135616945624
6.652389,0.145736627241,-1.00729698257,-0.249590560294,0.908637921904,0.106004924104,1.29003589636,0.135613236607
6.662374,0.145574890451,-1.00728999852,-0.249367608618,0.908557172828,0.106110036594,1.29003259039,0.135853119903
6.672360,0.145728923998,-1.00751097162,-0.249527233396,0.908371252008,0.106339375549,1.28989341336,0.135871592282
6.682345,0.145843776687,-1.00786046817,-0.250024404467,0.908250179761,0.106267195612,1.2895768808,0.13566651583
6.692331,0.145697188052,-1.0076310756,-0.250206623715,0.907904699232,0.105848817048,1.28904224825,0.135876589654
6.702316,0.145584380899,-1.00743867181,-0.250604900976,0.907501322188,0.105797603859,1.28891665162,0.136100586537
6.712302,0.145825792665,-1.00776091176,-0.250748253662,0.907264821228,0.10599630439,1.28889059853,0.136149035275
6.722287,0.14603874824,-1.007988814,-0.250155215504,0.906932124045,0.106055028612,1.28909046721,0.13607849028
6.732273,0.145984288579,-1.00825699805,-0.249839873368,0.906656457418,0.106266998191,1.28946764861,0.135988615007
6.742258,0.145917635213,-1.00839647238,-0.24983461131,0.906415067935,0.106375355763,1.28984068212,0.136089341155
6.752244,0.145921540411,-1.00831620454,-0.249936974365,0.906014079767,0.106161565229,1.28986781155,0.136379551093
6.762229,0.145925384767,-1.00814201341,-0.250192186045,0.90539139095,0.105912051962,1.28965530997,0.136624798905
6.772215,0.14592984495,-1.00798348681,-0.250558386963,0.904729450561,0.106085398595,1.28957378124,0.136637193877
6.782200,0.145944247073,-1.00780183683,-0.250655460361,0.904249769019,0.10655493087,1.2894456297,0.136501347954
6.792186,0.14601071704,-1.00766035689,-0.250443985881,0.904020177933,0.10648446986,1.2892425202,0.136400615903
6.802171,0.146247715556,-1.00754395087,-0.250439409117,0.90383227535,0.106230218329,1.28924025499,0.136280637878
6.812156,0.146152339801,-1.00786387854,-0.250268168206,0.90360156826,0.106292809108,1.28895273271,0.136329697924
6.822142,0.145707858615,-1.00832807994,-0.250469768317,0.903382840456,0.106178135983,1.28891568715,0.136426542467
6.832127,0.145686557685,-1.00846690348,-0.250502078487,0.902977698597,0.106435462815,1.28918489777,0.136701635657
6.842113,0.145747003908,-1.00836825168,-0.250777738391,0.902250076618,0.106431411491,1.28952026126,0.136943586064
6.852098,0.145664931959,-1.00829900749,-0.251043639712,0.901293353379,0.106125536426,1.28976167021,0.136810185404
6.862084,0.145595285482,-1.0083291512,-0.250913493237,0.900553464093,0.106050576514,1.28984401903,0.136535003741
6.872069,0.145717657638,-1.00846425203,-0.250687846888,0.900284193007,0.10615724078,1.28973771788,0.136586594884
6.882055,0.145924690628,-1.0087236608,-0.250840787895,0.90020917879,0.105910586346,1.28935690109,0.13693353855
6.892040,0.145925655328,-1.00883286361,-0.250854641212,0.900090572526,0.105810350718,1.28859400875,0.137168048485
6.902026,0.145648052506,-1.00851853991,-0.250618322185,0.900084590273,0.106112830118,1.28798131978,0.137313112393
6.912011,0.145910865557,-1.00835090243,-0.250631569457,0.899835205628,0.106205499855,1.28828772764,0.137232463628
6.921997,0.145974063766,-1.0083481293,-0.25073062216,0.899353608431,0.106412310027,1.28865758729,0.136947981138
6.931982,0.145671375025,-1.00841465263,-0.250813454038,0.899160736616,0.106538087769,1.28884707884,0.136955913175
6.941968,0.14547733925,-1.00877150593,-0.251222911751,0.898756020141,0.106300776902,1.28898059598,0.137103548973
6.951953,0.14541718492,-1.00927900479,-0.251678116111,0.898717985119,0.106287850368,1.2888255936,0.137216160985
6.961939,0.145498874908,-1.00955105684,-0.251889974999,0.898913497166,0.106455233997,1.28840904671,0.137209499794
6.971924,0.145594550693,-1.00960316895,-0.251858197793,0.898840271808,0.106526311943,1.28806289391,0.137297416024
6.981909,0.145546812759,-1.00958533343,-0.251702301638,0.898465113647,0.106374067382,1.28806940506,0.137600894522
6.991895,0.145477401591,-1.00930818322,-0.251543912204,0.89811840866,0.105977992989,1.28839398289,0.13777173218
7.001880,0.145560039953,-1.00899736213,-0.251677603361,0.897790298176,0.105857065633,1.28877215612,0.137663692685
7.011866,0.145621022212,-1.00920649661,-0.251789892777,0.897155240765,0.106194533764,1.28900635147,0.137733250506
7.021851,0.145266108091,-1.00934363167,-0.251506814936,0.896412336183,0.106358195742,1.28886689517,0.137930184546
7.031837,0.145232964215,-1.00940546781,-0.2516605787,0.8963286435,0.106262799541,1.28812416873,0.138111647895
7.041822,0.145270346648,-1.00938132507,-0.25188607969,0.896389707897,0.106184853839,1.28779269061,0.137945120325
7.051808,0.145480630891,-1.00937707427,-0.251980337136,0.896294254954,0.106097352798,1.28785266435,0.137664838528
7.061793,0.145707668207,-1.00922939405,-0.251972225609,0.895895967098,0.105952317124,1.28792791756,0.137659084424
7.071779,0.145645132067,-1.00919883129,-0.252089208193,0.895445460647,0.1060219843,1.2879388821,0.13784906691
7.081764,0.145365299457,-1.00937594236,-0.252357153051,0.895223048242,0.106284715024,1.28799354473,0.137889520753
7.091750,0.145180634216,-1.00935739195,-0.252383245328,0.895264427071,0.106317913337,1.2880391783,0.137781293879
7.101735,0.145030534998,-1.00911680197,-0.251957345891,0.895416858892,0.10610096945,1.28787609849,0.137950138995
7.111721,0.144891688029,-1.00944099818,-0.252158969659,0.895128749263,0.106104644741,1.28754112141,0.138312512484
7.121706,0.145004667493,-1.00960674272,-0.252858934496,0.894732185695,0.106581005815,1.28752146988,0.138025059722
7.131692,0.144931122845,-1.00949106262,-0.252775323136,0.894975000301,0.106503636909,1.2873761657,0.137902830227
7.141677,0.144854820489,-1.00945297036,-0.252265885745,0.894884407852,0.106297721913,1.28721880805,0.138088134395
7.151663,0.145013984443,-1.00957395453,-0.252148625731,0.894568881153,0.106300957621,1.28732607182,0.138528699362
7.161648,0.145075647063,-1.00954752541,-0.252592544441,0.894523714093,0.106386757165,1.28770952798,0.138848350433
7.171633,0.145142903101,-1.0094865834,-0.252868253301,0.894666028428,0.106444181849,1.28811698462,0.138725642221
7.181619,0.145097325637,-1.0096452095,-0.252635795178,0.894749545094,0.106178650733,1.28824860693,0.138465605044
7.191604,0.144833801736,-1.01000543438,-0.252441302088,0.894795601288,0.105746656591,1.28814562773,0.138400673546
7.201590,0.144666763055,-1.01036265258,-0.252758971275,0.894983882789,0.105800639637,1.28811984961,0.13830304828
7.211575,0.144673464033,-1.01071312682,-0.253000839257,0.895303912657,0.106188714511,1.28815575068,0.138094233485
7.221561,0.144522196754,-1.01102391677,-0.253023142641,0.895583583652,0.106473291619,1.28811202274,0.138567442239
7.231546,0.144674878958,-1.01108192981,-0.25325471971,0.895592966717,0.106679235476,1.2882033097,0.138640181618
7.241532,0.14487399414,-1.01102811775,-0.253297515559,0.895399101263,0.106386722307,1.28841298683,0.13810760746
7.251517,0.145005462639,-1.01093882471,-0.253172680515,0.895328076512,0.106197264883,1.28856201041,0.138111539531
7.261503,0.144942554918,-1.01074361438,-0.252752793966,0.895202528948,0.10627847388,1.28838891982,0.138578120852
7.271488,0.144581932636,-1.01068971851,-0.252603278495,0.89510656568,0.106534407947,1.28832165258,0.138829191377
7.281474,0.144349539121,-1.01071913382,-0.252958883083,0.895152452608,0.106642375042,1.28817345658,0.138868913365
7.291459,0.144594724266,-1.01093256827,-0.253206534138,0.895171596543,0.106562172978,1.28803017395,0.138908399451
7.301445,0.144977636006,-1.01144688622,-0.25300961676,0.895034129157,0.106568458582,1.28818101201,0.138947650974
7.311430,0.144836072738,-1.0119031706,-0.252973797064,0.894933592848,0.10667192328,1.28824200837,0.138986669268
7.321416,0.144332953005,-1.01207277634,-0.252878577775,0.894796234051,0.106417741443,1.28796586368,0.139025455655
7.331401,0.144535667911,-1.01207718268,-0.2525872758,0.894537748217,0.106522185666,1.28774855317,0.139064011456
