time,right_s0,right_s1,right_e0,right_e1,right_w0,right_w1,right_w2
0.571518,0.618010529776,-1.0073879481,0.227884613916,1.31261322279,-0.272842709865,1.09698418373,-0.00774541562624
0.581501,0.618789590842,-1.00574623494,0.228087085767,1.31325461136,-0.271509715998,1.09716948914,-0.00698409827371
0.591484,0.619838344732,-1.00345625523,0.228334515696,1.31385691035,-0.270422010302,1.09680092042,-0.00644390123678
0.601466,0.620200862267,-1.00150218771,0.228679779936,1.31415439127,-0.269566728997,1.09635568308,-0.00597974744556
0.611449,0.620431434101,-0.999740170509,0.229092428261,1.31399959414,-0.268825176778,1.09606302368,-0.00504725640724
0.621432,0.62084011482,-0.99772559537,0.229496813167,1.31369659068,-0.268070895745,1.09556658536,-0.00393565905017
0.631415,0.620590681321,-0.99551822113,0.229783023225,1.31341081733,-0.267211222275,1.09477295921,-0.00276353398278
0.641398,0.620394386593,-0.993301328817,0.229814244029,1.31322840624,-0.266284928274,1.09382974122,-0.00185806657903
0.651381,0.620547876201,-0.990994602608,0.230369571394,1.3128922704,-0.265472820195,1.09311618734,-0.00124795429752
0.661363,0.62037272351,-0.988575143569,0.231069939535,1.31243728627,-0.264681449486,1.0925260539,-0.000529828467708
0.671346,0.619884910663,-0.985932408422,0.231233385244,1.31192614229,-0.263996045241,1.09137880572,0.000460633309034
0.681329,0.619603771224,-0.983002127332,0.231338203758,1.31110861434,-0.263983004516,1.09036329005,0.00179676696306
0.691312,0.61963211598,-0.979924365371,0.23157099817,1.31000075907,-0.263911754015,1.08973564306,0.0032842734361
0.701295,0.619356389274,-0.977128678799,0.231819455745,1.3088853968,-0.263367405158,1.08834997978,0.00421486924019
0.711277,0.619109520439,-0.974426554138,0.23204888176,1.3080109694,-0.262806968272,1.08670997652,0.00513139837214
0.721260,0.617984132748,-0.971250602539,0.232453344241,1.30737690861,-0.262662107077,1.08553029868,0.00669121995745
0.731243,0.617152087985,-0.967744739789,0.232756454988,1.30599811676,-0.262303254814,1.08440952627,0.00808533939331
0.741226,0.616660958158,-0.964511941816,0.233308770725,1.30442117848,-0.261865174182,1.08383240523,0.00955192787558
0.751209,0.615408480941,-0.961486282702,0.233849340047,1.30280635725,-0.261753637136,1.08370026544,0.0109711718313
0.761192,0.614388098267,-0.957784282596,0.234458287899,1.30124219967,-0.261860824807,1.08307146791,0.012299212618
0.771174,0.613565460701,-0.953593901967,0.234804001814,1.29977324848,-0.262024626014,1.08174157921,0.0135266067809
0.781157,0.61256320735,-0.949591816881,0.234961345974,1.29854505071,-0.262357428385,1.08004047476,0.0148280349638
0.791140,0.611346128354,-0.945853291742,0.234932760784,1.29711301135,-0.262501573801,1.07849695225,0.0164205315251
0.801123,0.609988239656,-0.94200846355,0.235185952271,1.29503656754,-0.262387855979,1.07718001284,0.0180579912908
0.811106,0.608778582497,-0.937817495815,0.235643945948,1.29291267702,-0.262308112821,1.07541767953,0.0197218402225
0.821088,0.607079522728,-0.933759367897,0.235844307283,1.29088621167,-0.262646994026,1.07344978319,0.0212404641403
0.831071,0.605328834476,-0.92954388557,0.236093683999,1.28896671388,-0.263066036565,1.07158582898,0.0230319166442
0.841054,0.603933851715,-0.925413854175,0.236413228637,1.28724249255,-0.263399985921,1.06970282998,0.0248135907619
0.851037,0.602824391533,-0.921447564952,0.237094187559,1.2853953513,-0.264014072338,1.06815363815,0.0263442352594
0.861020,0.60155958207,-0.917274230432,0.237562578276,1.28328325397,-0.264538948787,1.06622857642,0.0278892379505
0.871003,0.599691489991,-0.91337609996,0.237686437275,1.28125417941,-0.265140924588,1.06438645065,0.0295932138927
0.880985,0.598275431496,-0.909153681771,0.238061592441,1.27872620782,-0.266053146469,1.06295223016,0.0315118173586
0.890968,0.596437608337,-0.904674323591,0.238310660396,1.2764920321,-0.266614775285,1.06114074391,0.0333388484851
0.900951,0.594672425675,-0.900130172874,0.23875491182,1.27432475895,-0.267003204926,1.05906182429,0.0352042066476
0.910934,0.593278921744,-0.89540692864,0.239190837672,1.27181805289,-0.267530566017,1.05730932622,0.0371548877238
0.920917,0.591733496487,-0.890934306983,0.239236054509,1.26911431284,-0.268122618133,1.05539263159,0.0390381051517
0.930899,0.589917868759,-0.886379489505,0.239352571952,1.26614528527,-0.268806947929,1.05331980148,0.0408464721349
0.940882,0.588384414991,-0.8818741205,0.239531430566,1.26346195111,-0.269538814786,1.05120684851,0.0426471663837
0.950865,0.586859457373,-0.877675469475,0.239726812775,1.26097191443,-0.270120548662,1.04915427207,0.0445299816603
0.960848,0.584698236007,-0.873184347265,0.240078569824,1.25861333107,-0.270641160659,1.04726998982,0.046188428859
0.970831,0.582432187014,-0.868487288371,0.240396371965,1.2557552247,-0.271276161312,1.04525007178,0.0480079007348
0.980814,0.580551388885,-0.863592798477,0.240306123699,1.25250476477,-0.272139250195,1.04332369088,0.0500527469337
0.990796,0.579221282325,-0.858730852428,0.240122795379,1.24953358724,-0.2729515514,1.04172846968,0.0519127336747
1.000779,0.577818538464,-0.85403767786,0.24027546493,1.24674168379,-0.273647390732,1.04013393225,0.0540236635455
1.010762,0.575999736155,-0.849350995076,0.240539948026,1.24378078624,-0.274561027102,1.03830281974,0.0560991684068
1.020745,0.574514741348,-0.844723082956,0.240807252402,1.24099631318,-0.275702109313,1.03649939889,0.0581796530857
1.030728,0.572590994171,-0.839751815915,0.241113392449,1.23815446761,-0.276441334334,1.03445897307,0.0603597429593
1.040711,0.57049034961,-0.834882709646,0.241542932033,1.23527712159,-0.277087911388,1.0322962586,0.0624385052027
1.050693,0.568271886203,-0.830106876475,0.24200707962,1.23241100804,-0.278060255362,1.03025839537,0.0643590047528
1.060676,0.566203866722,-0.825222492535,0.242336927888,1.22901757898,-0.278955082737,1.02844583705,0.0664032456198
1.070659,0.564457566548,-0.820014409064,0.242436108128,1.22556397378,-0.279609638846,1.02653453883,0.0687405014842
1.080642,0.562633617458,-0.814784284715,0.242422842424,1.22256077538,-0.280640841163,1.02411537423,0.0711742351672
1.090625,0.560702123775,-0.809848834605,0.24247987238,1.21941439159,-0.281801570962,1.02158848331,0.073423204743
1.100607,0.558820099758,-0.804854326041,0.24287143789,1.21614471043,-0.282807727235,1.01930592567,0.0753157874591
1.110590,0.557012430347,-0.799601649198,0.243090672359,1.21316100082,-0.283701431097,1.01725833661,0.0771212269603
1.120573,0.555199236987,-0.794511869975,0.243233576754,1.21011591499,-0.28454179319,1.01552644585,0.07922310949
1.130556,0.553439499823,-0.789552780173,0.243702300769,1.2066803934,-0.285618140588,1.01416043969,0.0815224981939
1.140539,0.551352275735,-0.784501063111,0.24411676863,1.203142845,-0.286852496241,1.01263882338,0.0840181517446
1.150522,0.549665442661,-0.778917402635,0.244444637992,1.19945786405,-0.287982908309,1.01143213692,0.086073423478
1.160504,0.548308055519,-0.773636880532,0.244559382665,1.19590816972,-0.289145903133,1.01086754317,0.0880549501186
1.170487,0.546623204857,-0.769007302055,0.244231069959,1.19286612511,-0.290174641148,1.01047359216,0.090415719835
1.180470,0.545066111158,-0.763769534957,0.244393173325,1.18976820265,-0.291227930917,1.0092850251,0.0928421150753
1.190453,0.543326572986,-0.758527870545,0.24492768813,1.186920753,-0.29242199008,1.00752217029,0.0952429588124
1.200436,0.541592246509,-0.753453782048,0.245359713892,1.18402413282,-0.293441711295,1.00640446257,0.0975212345221
1.210418,0.540012808927,-0.748428324006,0.24564293203,1.18068809119,-0.294481295564,1.00590483394,0.0997651769805
1.220401,0.538343259639,-0.743400124572,0.245965066399,1.17721482131,-0.295577577132,1.00551000157,0.101936952745
1.230384,0.536848262303,-0.738588309191,0.246384721848,1.17386322273,-0.296765983888,1.00485451803,0.103940432754
1.240367,0.535854239448,-0.733513759283,0.246741211849,1.17046715353,-0.297681292979,1.00427209796,0.105928891076
1.250350,0.53476157867,-0.728210389562,0.246963026311,1.16698185289,-0.298596250217,1.00370714815,0.108182235849
1.260333,0.533348693456,-0.722946021974,0.246907989984,1.16359986037,-0.299890956063,1.00319904446,0.110618824731
1.270315,0.532187439772,-0.71769102314,0.246794653066,1.15988131343,-0.300993303768,1.00292003897,0.11288452497
1.280298,0.531011363575,-0.71265826343,0.247093676607,1.15581925625,-0.301826686046,1.00252717469,0.115107427183
1.290281,0.529637246873,-0.707548770136,0.247349226387,1.15191533461,-0.303279283503,1.00220148456,0.117529697173
1.300264,0.528795220954,-0.702573277867,0.247453913116,1.14821350315,-0.304864832499,1.00199086349,0.119851527025
1.310247,0.528040335838,-0.697267824769,0.247429516864,1.14499626924,-0.305953559236,1.00142548255,0.122027004534
1.320229,0.526652421474,-0.692033472881,0.247843809278,1.1417646972,-0.307172744743,1.00091831681,0.124225028769
1.330212,0.525517180402,-0.687170354569,0.248353632503,1.13807481503,-0.308485376124,0.999988992638,0.126433339326
1.340195,0.524884201432,-0.682043901857,0.248772589813,1.13447980904,-0.30945063744,0.998593169275,0.128719797757
1.350178,0.524244698397,-0.677124776265,0.249128015559,1.13170743632,-0.310550404968,0.997280904631,0.131092501069
1.360161,0.5233731797,-0.67239143198,0.249483748435,1.12927764568,-0.311891783285,0.995737197051,0.133390504532
1.370144,0.522451186282,-0.66752535235,0.250046493046,1.12650574923,-0.313173670481,0.994155640086,0.135828774568
1.380126,0.521696193245,-0.662841966172,0.250280860094,1.12323059,-0.314337287582,0.992609083341,0.13816759492
1.390109,0.521288979129,-0.657970959454,0.250284007911,1.11996782263,-0.315637436489,0.991046650346,0.14032628773
1.400092,0.520812239783,-0.653018716623,0.250489428147,1.11659862293,-0.317062789166,0.989359585556,0.142617924364
1.410075,0.520007571385,-0.648056990993,0.250894419323,1.11282975825,-0.318481758307,0.987327634516,0.145000684924
1.420058,0.519191513454,-0.642954787349,0.251075923858,1.10939219972,-0.31978505359,0.985424443504,0.147297497233
1.430040,0.518586810004,-0.637797889084,0.251137911386,1.10625092553,-0.320776052271,0.983670558543,0.149636198111
1.440023,0.518178601661,-0.633124124408,0.251281531971,1.10309791412,-0.321734310947,0.981181392879,0.152029344889
1.450006,0.517827899949,-0.628550155409,0.251506560205,1.09972273922,-0.322805573165,0.97818223396,0.154374126295
1.459989,0.517368703777,-0.623541291036,0.251607092508,1.09628143407,-0.324038449428,0.975690269737,0.156407080636
1.469972,0.516943647044,-0.618545917757,0.251822978775,1.09274494245,-0.325466640567,0.973843065557,0.158564475468
1.479955,0.516465776887,-0.613731911247,0.252113906613,1.08892727928,-0.32659530383,0.972068783749,0.160699444711
1.489937,0.515977494404,-0.608979271391,0.252300131178,1.08516938794,-0.327469218546,0.969605389348,0.162779066812
1.499920,0.515615988081,-0.604341154337,0.252668965399,1.08156623902,-0.328506730291,0.967047507613,0.164869814615
1.509903,0.515354938899,-0.599830099215,0.253308119606,1.07818858086,-0.329970387028,0.964780623315,0.166994042665
1.519886,0.515233813449,-0.595013823141,0.253598349743,1.07486157041,-0.331526114308,0.962141991939,0.168949589224
1.529869,0.515313468566,-0.589885072224,0.25351018666,1.07138484468,-0.33276389014,0.95959358073,0.17013469112
1.539851,0.515632927745,-0.585048463256,0.253665185632,1.06772296227,-0.333892795949,0.957887710628,0.170567827933
1.549834,0.515714400085,-0.580189874713,0.253755326168,1.06421945142,-0.335006939754,0.956384427154,0.170863824562
1.559817,0.515463203239,-0.575072505332,0.253804293735,1.06081645796,-0.335974241367,0.954540937126,0.171047388166
1.569800,0.515395140295,-0.570669939631,0.25378990732,1.05759781697,-0.337253820817,0.952289461188,0.171313048132
1.579783,0.515375926911,-0.566393887536,0.253792705672,1.05473550315,-0.338636823251,0.94997644642,0.172126419308
1.589766,0.515445441743,-0.561896420101,0.254442971056,1.05165603996,-0.339739371945,0.947729064769,0.173496144831
1.599748,0.515798320962,-0.557277280642,0.255057639429,1.04822487891,-0.341005981042,0.945382125022,0.175469926844
1.609731,0.516440661451,-0.552501695979,0.25533198133,1.0448211341,-0.342108255391,0.943139218696,0.177517359897
1.619714,0.51683899448,-0.547853122053,0.255631101452,1.04162757721,-0.343091908516,0.941116557316,0.179317476603
1.629697,0.51688011257,-0.543335676748,0.255677171553,1.03870792698,-0.344250717724,0.939148977138,0.181195842338
1.639680,0.517193904422,-0.538827731843,0.255553131445,1.03555898462,-0.34521979462,0.936867623224,0.183002289306
1.649662,0.51753996504,-0.534379985957,0.255626767531,1.03228525812,-0.346107577185,0.934281681516,0.184633948854
1.659645,0.517891922571,-0.529844285747,0.256164960221,1.02914196346,-0.347444478235,0.931720223429,0.186148364115
1.669628,0.518548203114,-0.5250311266,0.256648945866,1.02607098992,-0.348732523177,0.928987664934,0.187451081798
1.679611,0.519301136231,-0.52002117896,0.256759235629,1.02330372123,-0.349865364614,0.926134684838,0.188331268745
1.689594,0.51974922406,-0.515165856845,0.256849670234,1.02067176556,-0.350944174414,0.923553770221,0.188552048325
1.699577,0.520162118849,-0.510585798101,0.256883636704,1.01771542278,-0.351971494417,0.921554194706,0.18842639286
1.709559,0.520768697944,-0.505964694773,0.257130492134,1.01460082775,-0.353078255763,0.919802278757,0.188405164735
1.719542,0.521664387509,-0.501423507555,0.257612156351,1.01169585811,-0.354380898544,0.917480449945,0.188119155616
1.729525,0.523139901472,-0.497191996485,0.257796112688,1.00921294213,-0.355677923365,0.914852387922,0.187467878292
1.739508,0.524366455481,-0.493107384515,0.258126373611,1.00678951576,-0.357081761699,0.912459684564,0.18669839956
1.749491,0.524879048158,-0.488752524077,0.25819419828,1.00449377393,-0.358382194635,0.910138936841,0.185742837789
1.759473,0.52543628309,-0.484270756908,0.258118197655,1.002509038,-0.359498118708,0.907928901022,0.184545269117
1.769456,0.526279487684,-0.480122517443,0.258398193933,1.00070771587,-0.360749309872,0.905689629833,0.183558240425
1.779439,0.527339840791,-0.476354475275,0.258559764233,0.99912510669,-0.361779233329,0.903373561589,0.183192308964
1.789422,0.528457148459,-0.472316504822,0.258678708124,0.99783516508,-0.362912543923,0.900845098911,0.183242385751
1.799405,0.529395307906,-0.468114714899,0.259018934568,0.99668427939,-0.364324049982,0.898282026577,0.183637387081
1.809388,0.530206051847,-0.464005905032,0.259425375182,0.995505954728,-0.365436558677,0.895665300536,0.183938791506
1.819370,0.531000003295,-0.460060671775,0.2597552878,0.994126891569,-0.366322293164,0.893142129408,0.183522058357
1.829353,0.531984663448,-0.456391603114,0.259996127716,0.992919755828,-0.36734008905,0.890870366631,0.182218747604
1.839336,0.533183191995,-0.452554479759,0.260285450472,0.99203964272,-0.368559573548,0.888449038584,0.180206491331
1.849319,0.534595500376,-0.448645662629,0.260571550807,0.991307977796,-0.36988248413,0.886026255285,0.177554451834
1.859302,0.535858888907,-0.444847478548,0.260676681902,0.990792175851,-0.371121237574,0.883867110632,0.174685000946
1.869284,0.536775319636,-0.441521813922,0.26079958386,0.990168639573,-0.372341373645,0.881693506015,0.172553279152
1.879267,0.537455366924,-0.438491494134,0.260979214018,0.989599780464,-0.373443602749,0.879335877864,0.171436971301
1.889250,0.538542115257,-0.435033726619,0.261073903773,0.988991241977,-0.374493306736,0.876880716155,0.170076510472
1.899233,0.539886133083,-0.431511956676,0.261205451661,0.988931514434,-0.375674814929,0.874461364406,0.168084778917
1.909216,0.541074169179,-0.428309748236,0.261451955736,0.989500001566,-0.376748173678,0.87228642733,0.165961081141
1.919199,0.542203879172,-0.424989358502,0.261740704693,0.989956864628,-0.378124524735,0.869991875014,0.163644078329
1.929181,0.543442134908,-0.421671724967,0.26195584541,0.989974136748,-0.379489735812,0.867438766936,0.161219206778
1.939164,0.544538349724,-0.418636875705,0.26216298684,0.989960931441,-0.380528892474,0.865165207616,0.158952986394
1.949147,0.545505786876,-0.415570637302,0.262520631194,0.990210864131,-0.381700892182,0.863267514658,0.156870227807
1.959130,0.546666431484,-0.412325657947,0.262772259612,0.990489606489,-0.382894532893,0.861633938937,0.154616932677
1.969113,0.547847845319,-0.409067752262,0.262877949876,0.99074684647,-0.383862576456,0.859740402895,0.152213986008
1.979096,0.549216586054,-0.406137619197,0.262799883686,0.991034727308,-0.384850390685,0.857725081186,0.150072285305
1.989078,0.550516727695,-0.403429639924,0.26269925539,0.991525328739,-0.386218901158,0.855842852332,0.147873319763
1.999061,0.55194158818,-0.40045670828,0.262705240971,0.992304730974,-0.387359293599,0.853631748206,0.145361088893
2.009044,0.553763635765,-0.397478641985,0.263010804851,0.993005220244,-0.388180377349,0.851271728988,0.143134726916
2.019027,0.555042692954,-0.394723782912,0.263484293188,0.99353505236,-0.389339802914,0.849009167328,0.141374703841
2.029010,0.556007395308,-0.391988103776,0.263739373584,0.99411159004,-0.390437439426,0.846451694025,0.139654687586
2.038992,0.557350008382,-0.389314716169,0.263965363799,0.994793946954,-0.39138477222,0.84377973596,0.137725297455
2.048975,0.558985349772,-0.386082033967,0.264207250901,0.995472106362,-0.392395867241,0.841677041507,0.135764464524
2.058958,0.560217421873,-0.382905996541,0.264289286168,0.995830609497,-0.39331060446,0.839781372274,0.133963842628
2.068941,0.561285374165,-0.380014534366,0.264306882,0.996061398271,-0.39429207962,0.837821766483,0.13225349967
2.078924,0.562736960365,-0.376969475586,0.264645660328,0.996477711794,-0.395413324069,0.835989394154,0.130139572252
2.088907,0.564340389656,-0.374187352392,0.264962559534,0.997133519188,-0.39667994101,0.834360078371,0.127864350176
2.098889,0.565735621525,-0.371255989442,0.265095332416,0.997932490601,-0.397842453136,0.832454449629,0.125881383007
2.108872,0.567098646688,-0.368122330042,0.265298425923,0.998632456641,-0.398746084811,0.830485801916,0.123742884309
2.118855,0.568616513355,-0.365594041642,0.265429283206,0.999097243745,-0.39962550268,0.828545308535,0.121465113798
2.128838,0.569924856304,-0.362906650207,0.265437813311,0.999662657372,-0.400710164729,0.826167592305,0.119696552989
2.138821,0.570727078454,-0.359704526664,0.265573094908,1.00051946324,-0.401447410754,0.823657302519,0.11850043804
2.148803,0.571584423743,-0.356688419014,0.26557241797,1.00132020361,-0.402098893218,0.821678479258,0.116791195162
2.158786,0.57288240225,-0.353805931034,0.26567240981,1.00180658026,-0.403363495513,0.820088842914,0.114499258609
2.168769,0.574142331436,-0.350939462716,0.265981969824,1.00188427245,-0.40465835703,0.818276371117,0.11182790205
2.178752,0.575705886294,-0.348095114954,0.266330396487,1.00190229544,-0.405564590374,0.816671642954,0.108924328049
2.188735,0.577481443199,-0.345116738996,0.266575123892,1.00189024715,-0.406313287338,0.815419703786,0.106433182319
2.198718,0.578886046311,-0.342004225447,0.266769105903,1.00200157852,-0.407178587826,0.813832590265,0.104809337685
2.208700,0.58020171923,-0.338926495721,0.267160970975,1.00212101849,-0.408376155939,0.811856869437,0.103801098112
2.218683,0.581516012663,-0.335893532278,0.26716234718,1.00196441843,-0.409665868376,0.80981137207,0.102893050889
2.228666,0.582762079696,-0.332574803468,0.267006381705,1.00192832464,-0.410529745894,0.807873823484,0.101961391141
2.238649,0.584031796547,-0.329441839377,0.2672588884,1.0020927343,-0.411160087055,0.80588470973,0.100822811339
2.248632,0.585318122805,-0.326419324688,0.267609026324,1.00215538374,-0.411958499074,0.803791179763,0.0992189736916
2.258614,0.586754061142,-0.323230854853,0.267817106234,1.00182077652,-0.412839971594,0.802012863938,0.0976273968355
2.268597,0.587887672185,-0.320126644082,0.268040293828,1.0011378815,-0.413448649059,0.800570811974,0.0967904109143
2.278580,0.589113210939,-0.317009065824,0.268069038263,1.00048043257,-0.414050051571,0.798822616972,0.0965820334087
2.288563,0.59074021881,-0.313654326823,0.268045743034,0.999966370401,-0.4150133364,0.796678604988,0.0967236493267
2.298546,0.592307798779,-0.310403881431,0.268189319503,0.999714459438,-0.416175828505,0.794753523799,0.0970062123567
2.308529,0.594391424505,-0.307440798395,0.268273316311,0.999384976327,-0.417238107879,0.792982262913,0.0975109733898
2.318511,0.596196705297,-0.304439518885,0.268525055064,0.998809046465,-0.418026741872,0.791324526841,0.0983262285666
2.328494,0.597063547208,-0.301076274556,0.269119706795,0.998751011693,-0.418925505029,0.78971654142,0.0993240243009
2.338477,0.598018009572,-0.297603129051,0.269627888688,0.998529392395,-0.41989566793,0.787696516728,0.100458767664
2.348460,0.599656518716,-0.294199018399,0.269585573384,0.997648765004,-0.42084486439,0.785890725463,0.101739835111
2.358443,0.601420532725,-0.290801785189,0.269327646234,0.996920120644,-0.421689950785,0.784199917712,0.102982661548
2.368425,0.603138691091,-0.287569800776,0.26955104912,0.996512850043,-0.422492610119,0.782093354558,0.104199848726
2.378408,0.60500046824,-0.284409298946,0.269901586671,0.996134147473,-0.423560270184,0.78018080573,0.10589773554
2.388391,0.606610186808,-0.281106967824,0.269951720444,0.995903975909,-0.424402405997,0.778553075422,0.107739967321
2.398374,0.608137952782,-0.277670570429,0.270038637177,0.995559730796,-0.425005690681,0.776690440344,0.109157673358
2.408357,0.60981758287,-0.274153309847,0.270198573725,0.994833922606,-0.425890655167,0.774718514207,0.110597196236
2.418340,0.611427119043,-0.270559026508,0.270337331802,0.994186444455,-0.426624900328,0.772984384578,0.112305380171
2.428322,0.612769991602,-0.267062113369,0.27032653101,0.993453356761,-0.427427861905,0.771509700432,0.113851770865
2.438305,0.613714343221,-0.263767902172,0.270244758798,0.992291052285,-0.428554296889,0.769590318748,0.115182191544
2.448288,0.615267747872,-0.260575302417,0.270651672438,0.991291025964,-0.429378175513,0.767120199619,0.116831653978
2.458271,0.617569411522,-0.256999087571,0.271128840682,0.990663146802,-0.429944942627,0.765301620352,0.118564606023
2.468254,0.619240591732,-0.253099107018,0.271015171105,0.989807697237,-0.43091924273,0.763777851354,0.120051261893
2.478236,0.620402501525,-0.249354969391,0.271084699428,0.988623812463,-0.431828440364,0.761816110189,0.121660252904
2.488219,0.621669960387,-0.245776032547,0.271471502582,0.987488484431,-0.432542439358,0.75988361705,0.123341197931
2.498202,0.623300289533,-0.24216067779,0.271658478251,0.986430192739,-0.433586358796,0.758561100637,0.124448224052
2.508185,0.625334588335,-0.238475856516,0.271692271525,0.985302895841,-0.43469369854,0.757770327269,0.124912206208
2.518168,0.627118272129,-0.234860361704,0.271641115466,0.984020189928,-0.435703686154,0.756881245264,0.125334192048
2.528151,0.628383312042,-0.231174959619,0.271485398589,0.982643400526,-0.43666093094,0.755344315831,0.126067700816
2.538133,0.62958570456,-0.227468321256,0.271400089338,0.981195573898,-0.437482689981,0.753427242444,0.127020185186
2.548116,0.630983199875,-0.223840985108,0.271469735376,0.979890436523,-0.438480700694,0.752020474383,0.128238594427
2.558099,0.632671459737,-0.220288189079,0.27161884729,0.978634299095,-0.439494123436,0.750576651832,0.129590049429
2.568082,0.6345130199,-0.216771599769,0.271697506966,0.977152531025,-0.440302886937,0.748720945754,0.130708992683
2.578065,0.6361729433,-0.212967954265,0.271896231209,0.975758052408,-0.441371403132,0.747307421756,0.131775000731
2.588047,0.637167424108,-0.20910916343,0.272059241214,0.974424049333,-0.44251079952,0.745933623729,0.132513457571
2.598030,0.638034509578,-0.205490334372,0.272104990302,0.972962595624,-0.443462326283,0.744538382779,0.132705370831
2.608013,0.639799830589,-0.202034764851,0.272206738906,0.971887778369,-0.444458058288,0.742752819013,0.132841564353
2.617996,0.641555712746,-0.198792858907,0.272109581925,0.971103199096,-0.445406097163,0.74117729415,0.132845950021
2.627979,0.64288000944,-0.195423412526,0.271871463054,0.970215975829,-0.446463592244,0.740394368578,0.133026582485
2.637962,0.64418885923,-0.192082258354,0.271758578151,0.969285883293,-0.447933582028,0.738978412613,0.133610708346
2.647944,0.645506951953,-0.189153470794,0.271710842423,0.968460873936,-0.449390305095,0.737277405468,0.134287211479
2.657927,0.646860897649,-0.186101787627,0.271571882855,0.96773865018,-0.450448007915,0.735958372869,0.135153955193
2.667910,0.648076534685,-0.182782859109,0.271635777183,0.966751670623,-0.451461971791,0.734311154877,0.136606419069
2.677893,0.649574293405,-0.179437292645,0.271841184715,0.965679833238,-0.452841393244,0.732506651513,0.138420460877
2.687876,0.651328917314,-0.176170766618,0.271681422106,0.964893437458,-0.453977383533,0.73106807911,0.139680257686
2.697858,0.652557117142,-0.172983970919,0.271438693495,0.96430842647,-0.454404242033,0.729581380293,0.140593287736
2.707841,0.653608304704,-0.169938702386,0.271422581604,0.963763135354,-0.454844897439,0.728102198784,0.142017419623
2.717824,0.65462815777,-0.166975267973,0.271464606321,0.963164631201,-0.455641203265,0.726565884814,0.143470876904
2.727807,0.65546452148,-0.163783071657,0.271652165875,0.962558087289,-0.456255959762,0.724758038409,0.144524430785
2.737790,0.656360602302,-0.160593156131,0.271801746404,0.962111591141,-0.456879902394,0.723366237976,0.145449219516
2.747773,0.657282761838,-0.157775269727,0.271710862991,0.961517453557,-0.457680551373,0.722462196756,0.146642053017
2.757755,0.658145984197,-0.15502567745,0.271619528383,0.960658781965,-0.458633149464,0.721274434886,0.148061341412
2.767738,0.659084163038,-0.151846753775,0.271807824087,0.959910541653,-0.459684124589,0.719701881806,0.149270323656
2.777721,0.659990315225,-0.148497541882,0.272249361559,0.959264186126,-0.460382479077,0.718332380641,0.150436011894
2.787704,0.660762536488,-0.145258627512,0.272401307703,0.958662499732,-0.460897124095,0.717071949551,0.151715978778
2.797687,0.661602299587,-0.142216798302,0.272409618455,0.958124731623,-0.46142260578,0.715512579248,0.153078119501
2.807669,0.66249653364,-0.139211234841,0.272563491938,0.957477239119,-0.461978636108,0.71397965244,0.154603101168
2.817652,0.663295058942,-0.136043399408,0.272656631804,0.956637654793,-0.462621320601,0.712681346821,0.155911100255
2.827635,0.664183485764,-0.132861702821,0.272700677344,0.955908375721,-0.463530143379,0.711316444789,0.156767994099
2.837618,0.664956911381,-0.129721064505,0.272984975619,0.955348439157,-0.464877568908,0.710077851569,0.157551436148
2.847601,0.665506682026,-0.126944090592,0.273088825934,0.954821029355,-0.466061274318,0.708995183148,0.158703319895
2.857584,0.666257909083,-0.124174372845,0.272920814137,0.954625071262,-0.466839967855,0.707426275157,0.159636519731
2.867566,0.667169011748,-0.121152613937,0.272989528768,0.954520157051,-0.467680422738,0.705555575353,0.159724202684
2.877549,0.668015689119,-0.1183528606,0.273095557419,0.953910795473,-0.468514693925,0.703832475286,0.158885295127
2.887532,0.668594240944,-0.115471280761,0.273033585556,0.953385234786,-0.469328230652,0.702248835615,0.158003503457
2.897515,0.669129582509,-0.112452941566,0.272910733184,0.953301139385,-0.470505135038,0.700821530289,0.157298874394
2.907498,0.670044810083,-0.109866408724,0.27308384221,0.953265718154,-0.471799037042,0.699325583331,0.155922857256
2.917480,0.670998523049,-0.107405383567,0.273316984548,0.953297158987,-0.473023752296,0.69818420856,0.154117695645
2.927463,0.67170275101,-0.104543230071,0.27341266371,0.953336697989,-0.474410257174,0.69708460907,0.152173150511
2.937446,0.672352829594,-0.101630315323,0.273471951725,0.9532670536,-0.476053594924,0.695717541966,0.149963399687
2.947429,0.672820533567,-0.099005425414,0.27341457592,0.953159157911,-0.477708689361,0.694559209467,0.147424994602
2.957412,0.673426224574,-0.0964919129066,0.273327627808,0.95314813604,-0.479024526919,0.69343479318,0.144573842031
2.967395,0.673945495225,-0.0939444776501,0.273095659187,0.953318931775,-0.480200020637,0.692384469845,0.141403814191
2.977377,0.674121964456,-0.0914694005157,0.272975291786,0.953603196346,-0.481554109608,0.691590342061,0.137936335736
2.987360,0.674570066164,-0.0890603506611,0.273053402721,0.953930762058,-0.482690150741,0.690607240869,0.134597596128
2.997343,0.675280145602,-0.0866582089132,0.273142731446,0.954071703831,-0.483356684301,0.689401002869,0.13159478938
3.007326,0.675775832492,-0.0842171211962,0.273014277302,0.953983540079,-0.484032723205,0.688252508134,0.12872305648
3.017309,0.675854699276,-0.0817593585997,0.272509448837,0.95407819213,-0.484940737495,0.687142912899,0.12574301152
3.027292,0.675973752545,-0.0794894342487,0.272132504624,0.954436747117,-0.485883676588,0.68604198976,0.122400211881
3.037274,0.676746786757,-0.0772797111014,0.272107666721,0.954663805329,-0.486928266971,0.685081394926,0.120139045817
3.047257,0.677256444781,-0.0749810377919,0.271889074009,0.954796045878,-0.488161849578,0.684335196071,0.118961959629
3.057240,0.676996764743,-0.0726741668567,0.271741426399,0.954860503054,-0.489467087494,0.683487558017,0.117360865274
3.067223,0.676895159117,-0.0703501730483,0.271636893255,0.954959377232,-0.490653433179,0.682213373806,0.114942506442
3.077206,0.677541159408,-0.0680738073367,0.271194029864,0.95538458646,-0.491717213819,0.680935262013,0.111716028867
3.087188,0.678327884611,-0.0657467298334,0.270865379816,0.955692168063,-0.492808716102,0.67998909892,0.108611041402
3.097171,0.678646810045,-0.063271833685,0.270718300839,0.955637850276,-0.493799766251,0.679359298312,0.106387729618
3.107154,0.678626624105,-0.0608644357718,0.270451676205,0.955472943273,-0.494583290054,0.678766164134,0.104803404882
3.117137,0.678644609413,-0.0584365510835,0.269984150881,0.955384568642,-0.4952718022,0.677740371621,0.103573502122
3.127120,0.678737895757,-0.0560720750378,0.269331048603,0.955160849756,-0.495792081883,0.676498726203,0.10240824569
3.137103,0.67884508142,-0.0537728061306,0.268917102152,0.955102001559,-0.496372842572,0.675501323235,0.101241748346
3.147085,0.679167843358,-0.0513605987975,0.268905062756,0.955342582099,-0.496857652227,0.674737646986,0.100494781748
3.157068,0.679671389336,-0.0490209417615,0.269012790272,0.955356569735,-0.497122227354,0.674347280896,0.099691782208
3.167051,0.680239316211,-0.0467212820035,0.269250234674,0.954986491656,-0.497652974742,0.673203553287,0.0982996232075
3.177034,0.680415121802,-0.0443403995255,0.269103705964,0.954526180674,-0.498515953409,0.671217034121,0.0967812170414
3.187017,0.680363402828,-0.0419362655011,0.268978350267,0.954115225427,-0.499628501155,0.669819677448,0.0958367143083
3.196999,0.680521471782,-0.0397403547597,0.269080274966,0.954058437615,-0.500666975355,0.668932319113,0.0956808222867
3.206982,0.680823041816,-0.0376155854379,0.269179064502,0.954192208167,-0.501660884148,0.667796483236,0.0961162354818
3.216965,0.68113069335,-0.03508061642,0.269240204795,0.953845441665,-0.502824155583,0.666323915327,0.0967142787912
3.226948,0.68091885742,-0.0324583167273,0.269146014438,0.953092260248,-0.503675350176,0.665315331355,0.0974970573626
3.236931,0.680685518784,-0.0300557707826,0.268902117772,0.952555061516,-0.504185079547,0.664518824011,0.0985030894108
3.246914,0.681070333426,-0.0277090882977,0.268882094286,0.952232598918,-0.504653164746,0.663504152883,0.0995976687317
3.256896,0.681615732392,-0.0255383881073,0.269081852409,0.951791090637,-0.505128677815,0.66264715947,0.100408359116
3.266879,0.681847385873,-0.0236162022192,0.269021782604,0.951147846471,-0.505442453912,0.661518234217,0.100567123267
3.276862,0.681728886714,-0.0215869788144,0.268904051403,0.950608081318,-0.505652412754,0.660181164856,0.10035686099
3.286845,0.681605317772,-0.0195458129826,0.268783049149,0.950069249886,-0.505886931491,0.659130263878,0.100063758106
3.296828,0.681778136216,-0.0175552314313,0.268421877798,0.949243435068,-0.506293307435,0.658162907115,0.0994010252458
3.306810,0.681929130553,-0.0153685657369,0.268301910478,0.948754087768,-0.506990319018,0.657296598242,0.0982296762532
3.316793,0.681783943989,-0.0130343594192,0.26858877056,0.948604467536,-0.507639911358,0.65635109696,0.0973213650406
3.326776,0.681551701978,-0.0111222778285,0.268925934183,0.948182659442,-0.508282759015,0.655769566359,0.0969177206938
3.336759,0.681419636453,-0.00945317252972,0.268988802262,0.947453744699,-0.508829932265,0.655387645779,0.0969294619733
3.346742,0.681643364405,-0.00739942059188,0.268549135307,0.946618153162,-0.50915326316,0.654569934682,0.0968353469558
3.356725,0.681654690169,-0.00518836617153,0.268171682712,0.945745662843,-0.509629397196,0.653687731831,0.096875064832
3.366707,0.681415949987,-0.0031239961174,0.26820324487,0.944805158931,-0.510146145549,0.652828303114,0.0974434436445
3.376690,0.681164973638,-0.00108574620926,0.268304127927,0.944121571704,-0.510692059353,0.651784548428,0.0980029406393
3.386673,0.681082477703,0.000857744043579,0.26818909829,0.943904539995,-0.511283668588,0.650988313263,0.0989823888282
3.396656,0.681442988409,0.00276186065813,0.267865686741,0.943494378506,-0.511569150689,0.650388179036,0.0999686320085
3.406639,0.681872512229,0.00472109118219,0.267593187742,0.942717205709,-0.511643999297,0.649463339863,0.100574317866
3.416621,0.681870447688,0.00693374188677,0.267420863523,0.94201044533,-0.512089586764,0.648604699871,0.101231199875
3.426604,0.681485407252,0.00901860155474,0.267324016618,0.941305017717,-0.512781053558,0.647947690872,0.101879497445
3.436587,0.681444097403,0.0109143272041,0.267305070424,0.940614135678,-0.513324294524,0.647276465405,0.102511751883
3.446570,0.681350327898,0.0130460289896,0.267412703613,0.940062528805,-0.513797559646,0.646437024816,0.103246908024
3.456553,0.680925632768,0.0149859508638,0.267195662148,0.939454461708,-0.514410612876,0.645603384171,0.104047095191
3.466536,0.681289163102,0.016787344901,0.266918549581,0.938696009873,-0.515166717568,0.645050643627,0.105207239399
3.476518,0.681704454407,0.018779001964,0.266963259183,0.937960328486,-0.51566826116,0.644472917117,0.106292377505
3.486501,0.681500472912,0.020785659987,0.267029819366,0.937503323093,-0.515999870186,0.643471770681,0.107060615444
3.496484,0.681021615854,0.022938809058,0.267181970392,0.937211584422,-0.51657489,0.642217650849,0.107419476389
3.506467,0.680661502039,0.025216020085,0.267454365733,0.937003229086,-0.517243789071,0.641085792988,0.107763174937
3.516450,0.680409344782,0.0269948902876,0.26736433039,0.936699332993,-0.517739880567,0.640501834672,0.10856375605
3.526432,0.679789710706,0.0283772948846,0.267288686304,0.936505278134,-0.518350663191,0.640129885585,0.109037619139
3.536415,0.678874802616,0.0297261821859,0.267594757613,0.936521795863,-0.518920055614,0.639143174249,0.109036958118
3.546398,0.678293715083,0.0313929692118,0.267822430747,0.93668228118,-0.519579844766,0.637772506018,0.108939840157
3.556381,0.678071736703,0.0331719296067,0.267573467136,0.936915477854,-0.520356516881,0.636702984314,0.108651532374
3.566364,0.677803176071,0.0346881726405,0.266844230816,0.936905088207,-0.520999488639,0.635823565397,0.108419849471
3.576347,0.677396542942,0.0362919786735,0.266406951253,0.936675299409,-0.521981811151,0.634748525226,0.108573410245
3.586329,0.676832160641,0.0379799000242,0.26622196542,0.936700831687,-0.523156622933,0.633616937769,0.108644222191
3.596312,0.675924385687,0.0396866139624,0.266010477243,0.936993283058,-0.523776480717,0.632544254463,0.108618637297
3.606295,0.675404046273,0.0415106546246,0.265990752063,0.937468099925,-0.524444036704,0.631546200762,0.108407832071
3.616278,0.675066681705,0.0430699444944,0.265783063224,0.937850904857,-0.52576464626,0.630580736905,0.10828298388
3.626261,0.674594429812,0.0442413763187,0.265475077704,0.93779967211,-0.526940031063,0.629968529178,0.107886570511
3.636243,0.673899550785,0.0454490939887,0.26526557308,0.937507225337,-0.527878431182,0.629507734099,0.107459612453
3.646226,0.673068308293,0.0470495304336,0.264960353827,0.9370780874,-0.528754411008,0.628494519599,0.107061615287
3.656209,0.672429962282,0.0487730204725,0.264315301972,0.93662565762,-0.529452126478,0.627506233104,0.106458706251
3.666192,0.672034942478,0.0504040887663,0.263848582025,0.93624818496,-0.529930586098,0.627241452967,0.105993679628
3.676175,0.671661608608,0.0520961097913,0.263787757826,0.935773556281,-0.530306010784,0.626994546363,0.105572165935
3.686158,0.670893221503,0.0537914334624,0.263888636603,0.935181996273,-0.530597125987,0.62608232945,0.104765597655
3.696140,0.670115155175,0.0551248550874,0.264023757482,0.934420062187,-0.530854788097,0.625306723107,0.103821209092
3.706123,0.669569034648,0.0563871237529,0.264022353924,0.933413683061,-0.53103102828,0.624979981385,0.103245701559
3.716106,0.668970472982,0.0577554586829,0.263864465228,0.932400516166,-0.531228048048,0.624457463448,0.103258206053
3.726089,0.668174015804,0.0593110735666,0.263554689083,0.931435818141,-0.531363175976,0.623804737138,0.103279935485
3.736072,0.667429243091,0.0610365532574,0.263414374729,0.930756874824,-0.531608803681,0.623231637412,0.103350017374
3.746054,0.666931286667,0.0624743231224,0.262678214889,0.930121967885,-0.532124366691,0.622612283995,0.103765721525
3.756037,0.666052315737,0.0636423129876,0.261994509747,0.92881672821,-0.532442543618,0.621648600564,0.103933739962
3.766020,0.665279661116,0.0647333651211,0.262135401208,0.92759941957,-0.532615190884,0.620642907384,0.104729658767
3.776003,0.664875637738,0.0659959299007,0.262122377037,0.926787515391,-0.532499322841,0.62042674333,0.105269951301
3.785986,0.664171546237,0.0674982927014,0.262140078684,0.925762636812,-0.532033359008,0.620248540474,0.10538747645
3.795969,0.663266030714,0.0688108172821,0.262431342124,0.924665089002,-0.532126414016,0.619407893483,0.105809356481
3.805951,0.662590155749,0.0700067237078,0.262419249841,0.923656741435,-0.532653414228,0.618213030827,0.10627470515
3.815934,0.661944760724,0.071255794616,0.262245675952,0.922574562394,-0.533025509897,0.617359321923,0.106793078328
3.825917,0.661229712345,0.0726480101805,0.261984379019,0.921709956823,-0.533101160266,0.616702353298,0.107564721214
3.835900,0.660539206287,0.0740087478171,0.261507247017,0.921075314614,-0.533218729152,0.615702905554,0.108515423686
3.845883,0.659745881724,0.0751574049092,0.261303607138,0.920395718299,-0.533366170353,0.614889256943,0.109435980927
3.855865,0.659198619711,0.0764441415287,0.261271232051,0.919573333181,-0.533347045952,0.61431840364,0.10992837403
3.865848,0.658804226261,0.0778633236656,0.261268474738,0.918578283884,-0.533669653603,0.61371301876,0.110291840882
3.875831,0.658399556585,0.0791545057053,0.261313853254,0.917632078509,-0.534147148623,0.613014425238,0.110647224872
3.885814,0.658016217463,0.0806117937881,0.261200192691,0.916896123683,-0.53432523665,0.612176524535,0.111128389534
3.895797,0.657602459931,0.0820919922117,0.261078324745,0.916373245277,-0.534886459308,0.611890375789,0.111884342963
3.905780,0.657066940629,0.0833617034699,0.260547664837,0.915669504245,-0.535034424392,0.611435058369,0.112652108654
3.915762,0.656215034861,0.0846789418401,0.260147554367,0.914947831744,-0.534885045432,0.610295514882,0.11309350055
3.925745,0.655352038473,0.0860322777477,0.259973112036,0.914047634407,-0.535218323846,0.609409432838,0.113654796916
3.935728,0.654742142492,0.0875072980902,0.259708359192,0.91307247287,-0.535528013648,0.608774063506,0.114145825842
3.945711,0.654216947672,0.0889325627743,0.259270214922,0.912388756579,-0.535697936901,0.607944359085,0.114561248281
3.955694,0.653478119132,0.0902049317996,0.258827479241,0.911717763053,-0.535818136655,0.606898302133,0.115335324044
3.965677,0.652724927686,0.0911949970568,0.258473527023,0.910995656653,-0.536034767043,0.605908271187,0.116033474872
3.975659,0.652083050502,0.0921447867891,0.25815482301,0.910343249295,-0.536487256101,0.604718804401,0.116317424905
3.985642,0.65156553081,0.0934659147278,0.257961033507,0.909632803474,-0.537065688938,0.603112338879,0.116588774462
3.995625,0.651329668325,0.0948243824271,0.257937860843,0.908877366525,-0.537057763347,0.601318944901,0.116956616715
4.005608,0.650920262727,0.0958748137186,0.258202795464,0.908359708349,-0.536746754601,0.599924034169,0.117206306879
4.015591,0.650679190088,0.0971329632782,0.258272178503,0.907874321668,-0.537163944045,0.598908644907,0.117646288282
4.025573,0.650470203379,0.0983885618287,0.257751714916,0.907233391042,-0.537532873784,0.598101901836,0.118598199928
4.035556,0.649473080206,0.0992948697378,0.257496750062,0.906766880391,-0.537408200088,0.597976661217,0.119360980738
4.045539,0.648710290351,0.100475544919,0.257700848911,0.905919189186,-0.537943131259,0.597967211116,0.119653341309
4.055522,0.648310794418,0.101683488774,0.257719536126,0.905054632731,-0.538134438421,0.597303259887,0.119930915445
4.065505,0.647814881864,0.10263399135,0.257534074195,0.904098984334,-0.537913049982,0.596877787525,0.120341280216
4.075488,0.647276983295,0.103587524409,0.257137846605,0.903322242695,-0.537739224767,0.596408183867,0.121036538974
4.085470,0.646730006917,0.104493015704,0.257042174586,0.902677932156,-0.537719647968,0.595997701898,0.121852424973
4.095453,0.646309625429,0.105475475277,0.257174226503,0.901874788788,-0.537501266689,0.595681533292,0.12223834777
4.105436,0.646270733067,0.106838730032,0.257117763643,0.901117810358,-0.537440729009,0.595235301889,0.122461441236
4.115419,0.646041890037,0.107855042196,0.257054919417,0.900399313613,-0.537619471617,0.595229314319,0.122928657513
4.125402,0.645127029528,0.108651155467,0.257194064478,0.89981585536,-0.537727741694,0.595019841072,0.123385079176
4.135384,0.644446532856,0.109739682756,0.257172871091,0.899192884775,-0.537855883703,0.594575500074,0.123590637013
4.145367,0.644465761092,0.110699049079,0.256895006309,0.898739957833,-0.537944476561,0.59449980038,0.123967164673
4.155350,0.644576347286,0.11153466952,0.257096162544,0.898294477444,-0.537702936949,0.594480395199,0.125033471761
4.165333,0.644603429434,0.112348903092,0.257222727661,0.897517787393,-0.537591127427,0.593807912113,0.126601714765
4.175316,0.644130036081,0.113155570086,0.256840778596,0.896844820327,-0.537932450261,0.593227237469,0.127695161891
4.185299,0.643484100874,0.114396991802,0.256690759922,0.896068427103,-0.538292591742,0.592892889257,0.1284733987
4.195281,0.642916120309,0.115839590055,0.256767251096,0.895507150697,-0.538520251768,0.592347547547,0.129570184878
4.205264,0.642776615023,0.117061056984,0.256796974089,0.894996212947,-0.538954046542,0.591589074702,0.130272532988
4.215247,0.643055877546,0.117924212784,0.256880423097,0.894349941537,-0.539734231421,0.59103179652,0.130710465655
4.225230,0.643123897499,0.118474658864,0.256994953166,0.89373999384,-0.540572649217,0.590659652313,0.131239135901
4.235213,0.642951196344,0.119001710483,0.257174148093,0.893402025662,-0.541663367599,0.590475125992,0.131878175082
4.245195,0.643149261534,0.119608467318,0.257307256858,0.893020537151,-0.543106662344,0.590290175454,0.132197251078
4.255178,0.643210969451,0.120463415444,0.257411250482,0.89252158033,-0.544176016451,0.589805238848,0.131616794305
4.265161,0.642809787569,0.121271535733,0.257328408381,0.89199354841,-0.544946189043,0.589684449318,0.130474938931
4.275144,0.642536317915,0.121950680775,0.257211143829,0.891362608195,-0.545533925351,0.589700505875,0.129840390345
4.285127,0.642348285648,0.122780967783,0.257228351724,0.890998976887,-0.545801987731,0.58920828642,0.129975416508
4.295110,0.6424037034,0.12374430336,0.257405161431,0.890680248798,-0.5458931001,0.588830766271,0.13016637402
4.305092,0.642643789193,0.124707130606,0.257480364459,0.890223581609,-0.546190254033,0.588736212677,0.130137196318
4.315075,0.642286993863,0.125878083015,0.257489663516,0.889587911875,-0.546438813902,0.589124053849,0.13008955557
4.325058,0.641951253093,0.127113666636,0.257506146533,0.889013611467,-0.546262677759,0.589501066564,0.130481498827
4.335041,0.642301609398,0.12815035022,0.257867834035,0.888722164422,-0.546061310348,0.588669506297,0.131251990524
4.345024,0.642594913292,0.128843969923,0.258012394041,0.888416321194,-0.546131381344,0.588336439754,0.13187275421
4.355006,0.642197509906,0.129637895979,0.257419721492,0.888322786756,-0.546437845482,0.588220804295,0.13244789577
4.364989,0.642248150064,0.130600282013,0.257003679121,0.888253029917,-0.546952080924,0.588043259289,0.132536176128
4.374972,0.642678454829,0.131695501996,0.257101613868,0.888213244838,-0.547146857469,0.587592791398,0.132457586713
4.384955,0.643024364122,0.132751111611,0.257280371796,0.887911975094,-0.546979288916,0.587019586256,0.133015865769
4.394938,0.643012415409,0.13371501475,0.257408012744,0.887527009984,-0.547044836259,0.586549115919,0.133970950219
4.404921,0.642684244642,0.134611272183,0.257508163798,0.887315192384,-0.547343835798,0.586103907831,0.134747320844
4.414903,0.642607185772,0.135682474893,0.257452172683,0.88714068255,-0.547672275344,0.58549347369,0.135145425509
4.424886,0.642772758163,0.137021781906,0.257454013893,0.887118454746,-0.547809284174,0.58526454771,0.135386829202
4.434869,0.643040780417,0.138085037257,0.257626827567,0.88717636691,-0.547674084424,0.585345833609,0.135566812606
4.444852,0.643164960544,0.138849317665,0.257744504439,0.887089048975,-0.547822717154,0.584546129902,0.135561111931
4.454835,0.642920754226,0.140031194414,0.257906028161,0.887279878006,-0.547844878216,0.583541908942,0.135732068392
4.464817,0.642090252919,0.14085730769,0.257954892725,0.887594047273,-0.548242790868,0.583430150429,0.13611104541
4.474800,0.642146577421,0.141918831223,0.257883095047,0.887608960064,-0.548706387121,0.583338625031,0.136731295011
4.484783,0.64256738053,0.143274865142,0.258107170358,0.88799095705,-0.548563972177,0.583694368137,0.136929693544
4.494766,0.642378287115,0.143996427662,0.258284263604,0.888296716391,-0.548878185673,0.58394133047,0.136869395269
4.504749,0.642356235097,0.144867012187,0.258254394557,0.888178157596,-0.549231249774,0.58368692689,0.137172223384
4.514732,0.64219354743,0.145811756651,0.258146940586,0.888112204986,-0.549139880589,0.583761693565,0.137611663072
4.524714,0.641691634233,0.146368403616,0.257981878142,0.888488355141,-0.54916716696,0.583334543672,0.138038983251
4.534697,0.641194813601,0.146863616134,0.257728308938,0.888442398695,-0.549244253134,0.582562241249,0.138204269003
4.544680,0.640781486471,0.147446721241,0.257905170639,0.888076910984,-0.549070417766,0.582302501976,0.138206569037
4.554663,0.640609001917,0.148220173938,0.258414678841,0.888084189097,-0.548985491997,0.582089566407,0.13865948024
4.564646,0.640244861083,0.149010539398,0.258692311871,0.888257227836,-0.549254796363,0.58185883522,0.139179987103
4.574628,0.639937812317,0.14997164071,0.258769214638,0.8880569881,-0.549761114325,0.581459523885,0.139383006986
4.584611,0.639423071623,0.150658155024,0.258668955552,0.888009668605,-0.550028188177,0.58054886197,0.139908055808
4.594594,0.638516478929,0.151281697757,0.258662285096,0.887843853579,-0.550322613091,0.580098644085,0.140653489747
4.604577,0.637474600769,0.152245925779,0.258577282553,0.887470156904,-0.550597230884,0.579820536734,0.140764778728
4.614560,0.636852258375,0.153063516128,0.258131318197,0.887337186024,-0.550529767881,0.579597105579,0.140975901198
4.624543,0.636831581723,0.153758481867,0.257898761782,0.88694985954,-0.550422107245,0.57908919008,0.141393591666
4.634525,0.636497952209,0.15465607903,0.258293105122,0.886610017719,-0.550741872368,0.578449584066,0.141739957016
4.644508,0.635520285348,0.155337254277,0.258584622913,0.886525198164,-0.551004965575,0.578000840395,0.141989304133
4.654491,0.634543036073,0.156081801425,0.258740738682,0.886332852814,-0.550967820807,0.577345562913,0.142031298183
4.664474,0.633834313148,0.156909892162,0.258500575908,0.886186258678,-0.551451492088,0.576876725537,0.142276595795
4.674457,0.63328133157,0.157812687126,0.258362574392,0.886048460285,-0.551702522909,0.576686205228,0.142296174692
4.684439,0.632733457362,0.158539192313,0.258568919611,0.885695387215,-0.551602448978,0.576418943073,0.142626591354
4.694422,0.631964303742,0.159429446421,0.258504520042,0.885500157257,-0.551750743937,0.57624809317,0.143276180417
4.704405,0.631413722391,0.160384823236,0.258470186703,0.885775158736,-0.551899814205,0.576137823199,0.143751677499
4.714388,0.630909333898,0.161217965116,0.25851392434,0.885751979702,-0.552166875226,0.575932004957,0.143744145621
4.724371,0.630159761179,0.161918378997,0.258617331978,0.885492595872,-0.551976779654,0.575667108902,0.143817137271
4.734354,0.629433431562,0.162462691584,0.258419942944,0.885482694898,-0.552128591279,0.575629099402,0.144028526603
4.744336,0.629086802614,0.163280316932,0.258273527557,0.885280618509,-0.552404384491,0.575792235481,0.144418273661
4.754319,0.628665288521,0.164280311046,0.258555387083,0.885158621054,-0.552445092896,0.57573412825,0.144436895111
4.764302,0.628460726615,0.165109003184,0.258457017987,0.885056656801,-0.552699065345,0.575114824898,0.144865283711
4.774285,0.627929699124,0.165860047683,0.258348281563,0.885385077689,-0.552963955536,0.574836971275,0.145311879368
4.784268,0.627201326294,0.166910988877,0.258665930481,0.8853563819,-0.552859508645,0.574510692669,0.145187095072
4.794250,0.626804961066,0.167940354773,0.259055026058,0.884973960289,-0.552790844341,0.574110107954,0.145377191306
4.804233,0.626184322383,0.168572893962,0.259268171527,0.884414837347,-0.552773314847,0.573731588879,0.145715154087
4.814216,0.625333989855,0.169171100034,0.2591286296,0.884164358316,-0.552888745656,0.573250350153,0.146118492874
4.824199,0.624770504636,0.16979837281,0.259150811428,0.88405367318,-0.55301724074,0.57296165736,0.146760714777
4.834182,0.62455578743,0.170468572002,0.259345667003,0.883847991769,-0.553178404955,0.573008561396,0.147143659429
4.844165,0.624173338017,0.171072180747,0.259337208938,0.883540696944,-0.553159711021,0.572949337356,0.147100167648
4.854147,0.623753325313,0.171755502415,0.259155348015,0.883007351941,-0.552984914765,0.572846265662,0.147279852375
4.864130,0.623456265737,0.172799273283,0.259037502105,0.882721427179,-0.553022959754,0.572414882546,0.147846403134
4.874113,0.622855611061,0.173661418682,0.259083022019,0.882387266445,-0.552909019233,0.57210351853,0.148234325056
4.884096,0.622158573532,0.174208867953,0.259019172744,0.881881157705,-0.553261996611,0.572134001418,0.148042454169
4.894079,0.621993794754,0.174480674165,0.25871908023,0.881343593874,-0.55378434409,0.57190247681,0.147807541135
4.904062,0.622181655251,0.174838973836,0.259086282863,0.880994572869,-0.554051050616,0.571307905744,0.148541161688
4.914044,0.621382759698,0.175577778099,0.25938146683,0.88074346101,-0.554195447689,0.570976364178,0.149398425947
4.924027,0.620646482095,0.176140095736,0.259661881259,0.880659649826,-0.554260038644,0.570969909127,0.149874822866
4.934010,0.620471817049,0.176758363518,0.259626788423,0.880263106957,-0.554332600175,0.570502736833,0.149990017571
4.943993,0.620406157379,0.177480482137,0.259379920749,0.879646151547,-0.554302872201,0.569741020262,0.149887098432
4.953976,0.620211774312,0.178104327522,0.259491641588,0.879290543536,-0.554463121639,0.569926857828,0.15027011909
4.963958,0.619802364962,0.178693143782,0.25970526558,0.878777004059,-0.554576316093,0.570136388315,0.150511679415
4.973941,0.619566232309,0.179392978729,0.25982004849,0.878128081971,-0.554489035248,0.569501505191,0.150489147295
4.983924,0.619523340683,0.179738803661,0.259770838166,0.877887997101,-0.554461151912,0.569198977406,0.150724806795
4.993907,0.619352409575,0.180168196963,0.259849222176,0.877673659275,-0.554348764366,0.569711259989,0.151197163645
5.003890,0.619016369932,0.180513481872,0.260144635772,0.876923395786,-0.554321023466,0.569502500626,0.151257209588
5.013873,0.618761619861,0.180783368728,0.259997673843,0.876587238638,-0.554606137045,0.568542076996,0.151588297169
5.023855,0.618784057102,0.181406279373,0.259660279446,0.876376976218,-0.555015663078,0.56818219301,0.151735327178
5.033838,0.618463121111,0.182000955542,0.259758172819,0.876392050828,-0.555283876529,0.5679315365,0.151610689379
5.043821,0.617806222677,0.182837184831,0.259841827042,0.876481311539,-0.554907847614,0.567786709077,0.151924717258
5.053804,0.617295137855,0.183562550495,0.259898191943,0.876187972447,-0.554830677997,0.567709158035,0.152175292024
5.063787,0.616997206079,0.183511874809,0.260234549035,0.875879656863,-0.555156172898,0.567707825856,0.152286608649
5.073769,0.616793373095,0.184025599669,0.260236860423,0.875470759158,-0.555076603722,0.567405169665,0.152282561336
5.083752,0.616392875417,0.184943300184,0.260098067272,0.874882385817,-0.55528344915,0.567045774342,0.152186634832
5.093735,0.616143917832,0.185341479499,0.260021373003,0.874580073897,-0.555646659944,0.5667705391,0.152464466197
5.103718,0.615896949381,0.185831354485,0.259704399547,0.874595641099,-0.55585943309,0.566843816161,0.152863193084
5.113701,0.615908042491,0.186067038656,0.259441467197,0.874340954962,-0.555944115012,0.566826456769,0.153268642865
5.123684,0.615985017456,0.186548743216,0.25972259229,0.873956445101,-0.55601237728,0.566441293082,0.153624363318
5.133666,0.615952476058,0.187416414878,0.259902490892,0.87366434194,-0.556246991131,0.566045387827,0.153745442166
5.143649,0.615596476445,0.188094103587,0.259755596345,0.87326594284,-0.55608793883,0.565702678445,0.154027746136
5.153632,0.615239470177,0.188383276881,0.259983753784,0.872927910402,-0.555935941932,0.565238825396,0.154720289123
5.163615,0.615007611762,0.188557886526,0.260228656249,0.872677690951,-0.556116331762,0.565232018,0.154785770237
5.173598,0.615266527583,0.189119317387,0.26010783484,0.872537199054,-0.556399885814,0.565627279838,0.154864244073
5.183580,0.615101302667,0.189272884084,0.259791491201,0.872331494503,-0.556480791341,0.565669674605,0.155035053105
5.193563,0.61442870544,0.189647287258,0.259775690776,0.872016822347,-0.556449085511,0.56567743762,0.154882282696
5.203546,0.614186194689,0.190092918405,0.259944320162,0.871725155668,-0.556627819619,0.565368611508,0.155020286471
5.213529,0.614156578242,0.190403553645,0.259794709301,0.871248208306,-0.556699263137,0.564678323407,0.155231914021
5.223512,0.613742957874,0.191020850188,0.259815927955,0.871255255491,-0.556568693618,0.564189596744,0.155310301555
5.233495,0.613367755181,0.191605724192,0.260194851301,0.871006119159,-0.556944678298,0.564172383673,0.15527672166
5.243477,0.61304641717,0.192119569149,0.260145846431,0.870351061998,-0.557035119942,0.564151814889,0.155331836215
5.253460,0.61287417904,0.192797360566,0.260068408257,0.870010846118,-0.55687824271,0.564318317676,0.15580933142
5.263443,0.612778244942,0.193356485134,0.26026506175,0.869682640244,-0.556940589002,0.564058211908,0.156093133592
5.273426,0.612667790235,0.193789581466,0.259983056729,0.869629819395,-0.556949976453,0.563295466016,0.1562516924
5.283409,0.612272317744,0.194502977266,0.259645173081,0.86950076854,-0.557149263693,0.562869363449,0.156290440271
5.293391,0.611990877861,0.194938445144,0.259705322987,0.868869164367,-0.557381896203,0.562730837404,0.156240688454
5.303374,0.612166835767,0.195338576642,0.259727131541,0.867727275945,-0.557025547703,0.562667384619,0.156052615598
5.313357,0.61245205785,0.195801212387,0.259683350559,0.866480910074,-0.556493257443,0.56262275874,0.155820316441
5.323340,0.612719748039,0.196258650177,0.259641776758,0.865273204227,-0.555983087958,0.562574918688,0.155602727372
5.333323,0.612970460469,0.196710959732,0.259602344062,0.8641031367,-0.555494408216,0.562523983508,0.155399385858
5.343306,0.613203991492,0.197157976425,0.259565082153,0.862971376662,-0.555027549945,0.562469935193,0.155210465377
5.353288,0.613421438638,0.197599937769,0.259529856238,0.861875688821,-0.554581191026,0.562412991353,0.155035047185
5.363271,0.61362354121,0.198036980901,0.259496576381,0.860814615012,-0.554154456873,0.562353302913,0.154872512919
5.373254,0.613810795161,0.198469171046,0.259465183254,0.859787232698,-0.553746779514,0.562290976212,0.154722448345
5.383237,0.613983683326,0.1988965724,0.259435619054,0.858792641767,-0.553357605219,0.562226114722,0.154584450125
5.393220,0.614142675738,0.199319248148,0.259407827462,0.857829964012,-0.552986394173,0.562158819118,0.154458125551
5.403202,0.614288229935,0.199737260481,0.259381753614,0.85689834263,-0.55263262015,0.562089187347,0.154343092291
5.413185,0.614420791264,0.200150670612,0.259357344061,0.855996941734,-0.552295770194,0.562017314686,0.154238978143
5.423168,0.614540793171,0.200559538799,0.25933454674,0.855124945866,-0.551975344311,0.561943293816,0.154145420787
5.433151,0.614648657493,0.200963924357,0.259313310939,0.85428155953,-0.551670855165,0.561867214876,0.154062067551
5.443134,0.614744794737,0.201363885675,0.259293587264,0.853466006729,-0.551381827784,0.561789165528,0.153988575176
5.453117,0.614829604356,0.201759480235,0.259275327609,0.85267753052,-0.551107799263,0.561709231017,0.153924609591
5.463099,0.614903475015,0.202150764626,0.259258485126,0.851915392568,-0.550848318489,0.561627494229,0.153869845689
5.473082,0.614966784856,0.20253779456,0.259243014193,0.85117887272,-0.55060294586,0.561544035744,0.153823967109
5.483065,0.615019718184,0.202920547441,0.259228894352,0.850467720987,-0.5503715006,0.561458904662,0.153786820538
5.493048,0.615062429436,0.203298984444,0.259216109155,0.849781767842,-0.550153844381,0.561372146115,0.153758277816
5.503031,0.61509569232,0.203673335006,0.259204561037,0.849119302885,-0.549948998661,0.561283902562,0.153737689383
5.513013,0.615119843878,0.204043651354,0.259194209174,0.848479677192,-0.549756568893,0.56119424559,0.153724773053
5.522996,0.6151352119,0.204409984916,0.259185013826,0.847862257933,-0.549576170695,0.561103244759,0.153719254336
5.532979,0.615142115147,0.204772386334,0.259176936306,0.847266427996,-0.54940742961,0.561010967655,0.153720866252
5.542962,0.615140863578,0.20513090548,0.259169938958,0.846691585619,-0.549249980875,0.560917479932,0.153729349145
5.552945,0.615131758562,0.205485591466,0.259163985135,0.846137144036,-0.549103469187,0.560822845367,0.153744450503
5.562928,0.615115093093,0.205836492661,0.259159039165,0.845602531125,-0.54896754848,0.560727125899,0.153765924788
5.572910,0.615091151994,0.2061836567,0.25915506634,0.845087189069,-0.548841881706,0.560630381677,0.15379353326
5.582893,0.615060212122,0.206527130499,0.259152032882,0.844590574018,-0.548726140619,0.560532671106,0.153827043811
5.592876,0.615022542561,0.206866960269,0.259149905927,0.844112155767,-0.548620005567,0.560434050888,0.153866230801
5.602859,0.61497840482,0.207203191524,0.259148653499,0.843651417434,-0.548523165286,0.560334576061,0.153910874902
5.612842,0.614928053016,0.207535869099,0.259148244493,0.843207855145,-0.548435316699,0.560234300048,0.153960762936
5.622824,0.614871734063,0.207865037153,0.259148648649,0.842780977737,-0.54835616472,0.560133274689,0.15401568773
5.632807,0.614809405537,0.208190563254,0.259149875333,0.842371115279,-0.548285839818,0.560031516883,0.154075686367
5.642790,0.614741555381,0.208512638668,0.25915186123,0.841977091285,-0.548223691748,0.55992910776,0.154140348083
5.652773,0.614668462271,0.208831337878,0.259154571318,0.84159830166,-0.548169371032,0.559826100924,0.154209438643
5.662756,0.614590345025,0.209146702377,0.259157978643,0.841234304967,-0.548122613827,0.559722542056,0.154282774278
5.672739,0.614507416147,0.209458773045,0.259162056999,0.840884670996,-0.548083163327,0.559618475451,0.154360176483
5.682721,0.614419881983,0.20976759016,0.259166780903,0.840548980495,-0.548050769603,0.559513944055,0.154441471883
5.692704,0.614327942877,0.210073193409,0.259172125583,0.840226824917,-0.548025189431,0.559408989495,0.15452649211
5.702687,0.614231793325,0.210375621895,0.259178066958,0.839917806161,-0.54800618613,0.559303652118,0.154615073673
5.712670,0.614131622117,0.210674914151,0.25918458162,0.839621536324,-0.547993529407,0.559197971016,0.154707057836
5.722653,0.614027612487,0.210971108146,0.259191646818,0.839337637468,-0.5479869952,0.559091984065,0.1548022905
5.732635,0.61391994225,0.211264241297,0.259199240445,0.839065741373,-0.547986365526,0.558985727951,0.154900622084
5.742618,0.613808783944,0.211554350477,0.259207341015,0.838805489313,-0.547991428336,0.5588792382,0.155001907412
5.752601,0.613694304959,0.211841472027,0.259215927656,0.838556531825,-0.548001977368,0.558772549211,0.155106005603
5.762584,0.613576667674,0.21212564176,0.259224980089,0.838318528495,-0.548017812007,0.558665694283,0.155212779959
5.772567,0.613455963162,0.212406827673,0.259234488573,0.838091388115,-0.548038851493,0.558558703271,0.155322154177
5.782550,0.613332316036,0.212685026892,0.259244438479,0.837874907024,-0.548064960089,0.558451608324,0.155434023517
5.792532,0.61320598529,0.212960382536,0.259254794704,0.837668376043,-0.548095764511,0.558344444332,0.155548169195
5.802515,0.613077113786,0.213232928326,0.259265539287,0.837471490126,-0.548131086194,0.558237240309,0.155664470806
5.812498,0.612945840006,0.213502697504,0.259276654788,0.837283952202,-0.548170751532,0.55813002431,0.155782811605
5.822481,0.61281229817,0.213769722839,0.259288124278,0.837105472985,-0.548214591762,0.558022823454,0.155903078411
5.832464,0.612676618337,0.214034036633,0.25929993132,0.836935770784,-0.548262442843,0.557915663946,0.156025161514
5.842447,0.612538926525,0.214295670733,0.259312059962,0.836774571321,-0.548314145338,0.557808571104,0.156148954587
5.852429,0.612399344804,0.214554656536,0.259324494722,0.836621607556,-0.548369544303,0.557701569381,0.156274354599
5.862412,0.612257991409,0.214811024995,0.259337220577,0.836476619508,-0.548428489173,0.557594682389,0.156401261727
5.872395,0.612114980832,0.215064806632,0.259350222951,0.836339354087,-0.548490833655,0.557487932915,0.156529579276
5.882378,0.611970423927,0.215316031537,0.259363487703,0.836209564928,-0.54855643562,0.557381342953,0.156659213598
5.892361,0.611824427999,0.215564729382,0.259377001119,0.836087012226,-0.548625157005,0.557274933713,0.156790074009
5.902343,0.611677096904,0.215810929425,0.259390749896,0.835971462577,-0.548696863702,0.557168725653,0.156922072713
5.912326,0.611528531134,0.216054660517,0.259404721136,0.835862688827,-0.548771425469,0.55706273849,0.157055124729
5.922309,0.611378769422,0.216295815839,0.259418913425,0.835760825358,-0.548848861915,0.556957005707,0.157189197784
5.932292,0.611227969429,0.216534550492,0.25943330318,0.835665308182,-0.548928903189,0.55685153427,0.157324158019
5.942275,0.611076226884,0.21677090348,0.259447877734,0.835575898339,-0.549011417914,0.556746340566,0.157459924352
5.952258,0.610923629227,0.217004902032,0.259462625757,0.835492393068,-0.549096290899,0.556641441452,0.157596422729
5.962240,0.610770260977,0.217236573002,0.259477536273,0.8354145951,-0.549183410334,0.556536853141,0.157733581544
5.972223,0.610616203807,0.217465942879,0.259492598648,0.835342312526,-0.549272667709,0.556432591226,0.157871331572
5.982206,0.610461536624,0.217693037788,0.259507802584,0.835275358667,-0.549363957726,0.556328670692,0.15800960591
5.992189,0.610306335642,0.217917883501,0.259523138106,0.83521355194,-0.549457178221,0.556225105933,0.15814833991
6.002172,0.610150674455,0.218140505437,0.259538595557,0.835156715739,-0.549552230085,0.556121910771,0.158287471121
6.012154,0.609994624106,0.218360928674,0.259554165589,0.835104678309,-0.54964901718,0.556019098467,0.158426939232
6.022137,0.60983825316,0.21857917795,0.259569839156,0.835057272628,-0.549747446272,0.555916681741,0.15856668601
6.032120,0.609681627766,0.218795277668,0.259585607501,0.835014336287,-0.549847426952,0.555814672785,0.158706655247
6.042103,0.609524811729,0.219009251907,0.259601462155,0.83497571138,-0.549948871562,0.555713083275,0.158846792704
6.052086,0.609367866569,0.21922112442,0.259617394926,0.834941244392,-0.55005169513,0.555611924389,0.158987046059
6.062069,0.609210851281,0.219430861042,0.25963339964,0.834910894285,-0.550155849342,0.555511219487,0.159127365283
6.072051,0.609053827558,0.219638477206,0.259649468308,0.834884522241,-0.550261253593,0.555410981718,0.15926769788
6.082034,0.608896852223,0.219844063595,0.259665591297,0.834861857219,-0.550367788769,0.555311206302,0.159407995251
6.092017,0.608739977955,0.220047642673,0.25968176149,0.834842762824,-0.550475380337,0.555211902485,0.1595482125
6.102000,0.608583255461,0.220249236609,0.259697972016,0.834827106508,-0.550583956103,0.555113079079,0.159688306387
6.111983,0.608426733529,0.220448867281,0.259714216237,0.83481475948,-0.550693446155,0.55501474448,0.159828235284
6.121965,0.608270459084,0.220646556278,0.259730487742,0.834805596607,-0.550803782802,0.554916906675,0.159967959131
6.131948,0.608114477237,0.220842324905,0.259746780344,0.834799496323,-0.550914900517,0.554819573257,0.160107439394
6.141931,0.607958831338,0.22103619419,0.259763088072,0.834796340542,-0.551026735879,0.554722751432,0.160246639017
6.151914,0.607803563026,0.221228184888,0.259779405166,0.834796014566,-0.551139227518,0.554626448036,0.160385522388
6.161897,0.607648712276,0.221418317479,0.25979572607,0.834798407002,-0.551252316063,0.554530669542,0.160524055291
6.171880,0.60749431745,0.221606612183,0.259812045428,0.834803409681,-0.551365944088,0.55443542207,0.160662204872
6.181862,0.607340415338,0.221793088955,0.259828358076,0.83481091757,-0.551480056059,0.5543407114,0.1607999396
6.191845,0.607187041205,0.221977767494,0.259844659041,0.834820828699,-0.551594598288,0.554246542978,0.160937229226
6.201828,0.607034228837,0.222160667243,0.259860943532,0.834833044078,-0.551709518878,0.554152921931,0.161074044749
