       0        0        1        0       -0        0       -0
    0.05 0.003424  0.99572   0.1944   -0.243    6.912    -8.64
     0.1 0.023168  0.97104   0.6144   -0.768    9.216   -11.52
    0.15 0.065232  0.91846   1.0584   -1.323    8.064   -10.08
     0.2 0.126976  0.84128   1.3824   -1.728    4.608    -5.76
    0.25      0.2     0.75      1.5   -1.875        0       -0
     0.3 0.273024  0.65872   1.3824   -1.728   -4.608     5.76
    0.35 0.334768  0.58154   1.0584   -1.323   -8.064    10.08
     0.4 0.376832  0.52896   0.6144   -0.768   -9.216    11.52
    0.45 0.396576  0.50428   0.1944   -0.243   -6.912     8.64
     0.5      0.4      0.5        0       -0        0       -0
