0.106958 0.047739 0.059219 0.000000
0.082341 0.021572 0.060769 0.000000
0.166487 0.106991 0.059496 0.000000
0.150956 0.088922 0.062034 0.000000
0.088839 0.028647 0.060191 0.000000
0.089734 0.028097 0.061638 0.000000
0.096875 0.034746 0.062128 0.000000
0.105576 0.043286 0.062290 0.000000
0.129429 0.068600 0.060828 0.000000
0.110490 0.049793 0.060697 0.000000
0.080023 0.019451 0.060573 0.000000
0.114575 0.054732 0.059843 0.000000
0.074603 0.013423 0.061180 0.000000
0.128283 0.066761 0.061522 0.000000
0.095015 0.032052 0.062963 0.000000