43.980465  0.000000  0.000000  0.000000  0.000000  0.000000  0.000000  0.000000  0.000000  0.000000  0.000000  0.000000  0.000000  0.000000  0.000000  0.000000
 0.000000 43.980465  0.000000  0.000000  0.000000  0.000000  0.000000  0.000000  0.000000  0.000000  0.000000  0.000000  0.000000  0.000000  0.000000  0.000000
 0.000000  0.000000 43.980465  0.000000  0.000000  0.000000  0.000000  0.000000  0.000000  0.000000  0.000000  0.000000  0.000000  0.000000  0.000000  0.000000
 0.000000  0.000000  0.000000 43.980465  0.000000  0.000000  0.000000  0.000000  0.000000  0.000000  0.000000  0.000000  0.000000  0.000000  0.000000  0.000000
 0.000000  0.000000  0.000000  0.000000 43.980465  0.000000  0.000000  0.000000  0.000000  0.000000  0.000000  0.000000  0.000000  0.000000  0.000000  0.000000
 0.000000  0.000000  0.000000  0.000000  0.000000 43.980465  0.000000  0.000000  0.000000  0.000000  0.000000  0.000000  0.000000  0.000000  0.000000  0.000000
 0.000000  0.000000  0.000000  0.000000  0.000000  0.000000 43.980465  0.000000  0.000000  0.000000  0.000000  0.000000  0.000000  0.000000  0.000000  0.000000
 0.000000  0.000000  0.000000  0.000000  0.000000  0.000000  0.000000 43.980465  0.000000  0.000000  0.000000  0.000000  0.000000  0.000000  0.000000  0.000000
 0.000000  0.000000  0.000000  0.000000  0.000000  0.000000  0.000000  0.000000 43.980465  0.000000  0.000000  0.000000  0.000000  0.000000  0.000000  0.000000
 0.000000  0.000000  0.000000  0.000000  0.000000  0.000000  0.000000  0.000000  0.000000 43.980465  0.000000  0.000000  0.000000  0.000000  0.000000  0.000000
 0.000000  0.000000  0.000000  0.000000  0.000000  0.000000  0.000000  0.000000  0.000000  0.000000 43.980465  0.000000  0.000000  0.000000  0.000000  0.000000
 0.000000  0.000000  0.000000  0.000000  0.000000  0.000000  0.000000  0.000000  0.000000  0.000000  0.000000 43.980465  0.000000  0.000000  0.000000  0.000000
 0.000000  0.000000  0.000000  0.000000  0.000000  0.000000  0.000000  0.000000  0.000000  0.000000  0.000000  0.000000 43.980465  0.000000  0.000000  0.000000
 0.000000  0.000000  0.000000  0.000000  0.000000  0.000000  0.000000  0.000000  0.000000  0.000000  0.000000  0.000000  0.000000 43.980465  0.000000  0.000000
 0.000000  0.000000  0.000000  0.000000  0.000000  0.000000  0.000000  0.000000  0.000000  0.000000  0.000000  0.000000  0.000000  0.000000 43.980465  0.000000
 0.000000  0.000000  0.000000  0.000000  0.000000  0.000000  0.000000  0.000000  0.000000  0.000000  0.000000  0.000000  0.000000  0.000000  0.000000 43.980465