429.702365 429.702365 429.702365 429.702365
426.612763 426.612763 426.612763 426.612763
423.523160 423.523160 423.523160 423.523160
420.433558 420.433558 420.433558 420.433558
417.343955 417.343955 417.343955 417.343955
414.254353 414.254353 414.254353 414.254353
411.164750 411.164750 411.164750 411.164750
408.075148 408.075148 408.075148 408.075148
404.985545 404.985545 404.985545 404.985545
401.895943 401.895943 401.895943 401.895943
398.806340 398.806340 398.806340 398.806340
395.716738 395.716738 395.716738 395.716738
392.627135 392.627135 392.627135 392.627135
389.537533 389.537533 389.537533 389.537533
386.447930 386.447930 386.447930 386.447930
383.358328 383.358328 383.358328 383.358328
380.268725 380.268725 380.268725 380.268725
377.179123 377.179123 377.179123 377.179123
374.089520 374.089520 374.089520 374.089520
370.999918 370.999918 370.999918 370.999918
367.910315 367.910315 367.910315 367.910315
364.820713 364.820713 364.820713 364.820713
361.731110 361.731110 361.731110 361.731110
358.641508 358.641508 358.641508 358.641508
355.551905 355.551905 355.551905 355.551905
352.462303 352.462303 352.462303 352.462303
349.372700 349.372700 349.372700 349.372700
346.283098 346.283098 346.283098 346.283098
343.193495 343.193495 343.193495 343.193495
340.103893 340.103893 340.103893 340.103893
337.014290 337.014290 337.014290 337.014290
333.924688 333.924688 333.924688 333.924688
330.835085 330.835085 330.835085 330.835085
327.745483 327.745483 327.745483 327.745483
324.655880 324.655880 324.655880 324.655880
321.566278 321.566278 321.566278 321.566278
318.476675 318.476675 318.476675 318.476675
315.387073 315.387073 315.387073 315.387073
312.297470 312.297470 312.297470 312.297470
309.207868 309.207868 309.207868 309.207868
306.118265 306.118265 306.118265 306.118265
303.028663 303.028663 303.028663 303.028663
299.939060 299.939060 299.939060 299.939060
296.849458 296.849458 296.849458 296.849458
293.759855 293.759855 293.759855 293.759855
290.670253 290.670253 290.670253 290.670253
287.580650 287.580650 287.580650 287.580650
284.491048 284.491048 284.491048 284.491048
281.401445 281.401445 281.401445 281.401445
278.311843 278.311843 278.311843 278.311843
275.222240 275.222240 275.222240 275.222240
272.132638 272.132638 272.132638 272.132638
269.043035 269.043035 269.043035 269.043035
265.953433 265.953433 265.953433 265.953433
262.863830 262.863830 262.863830 262.863830
259.774228 259.774228 259.774228 259.774228
256.684625 256.684625 256.684625 256.684625
253.595023 253.595023 253.595023 253.595023
250.505420 250.505420 250.505420 250.505420
247.415818 247.415818 247.415818 247.415818
244.326215 244.326215 244.326215 244.326215
241.236613 241.236613 241.236613 241.236613
238.147010 238.147010 238.147010 238.147010
235.057407 235.057407 235.057407 235.057407
231.967805 231.967805 231.967805 231.967805
228.878202 228.878202 228.878202 228.878202
225.788600 225.788600 225.788600 225.788600
222.698997 222.698997 222.698997 222.698997
219.609395 219.609395 219.609395 219.609395
216.519792 216.519792 216.519792 216.519792
213.430190 213.430190 213.430190 213.430190
210.340587 210.340587 210.340587 210.340587
207.250985 207.250985 207.250985 207.250985
204.161382 204.161382 204.161382 204.161382
201.071780 201.071780 201.071780 201.071780
197.982177 197.982177 197.982177 197.982177
194.892575 194.892575 194.892575 194.892575
191.802972 191.802972 191.802972 191.802972
188.713370 188.713370 188.713370 188.713370
185.623767 185.623767 185.623767 185.623767
182.534165 182.534165 182.534165 182.534165
179.444562 179.444562 179.444562 179.444562
176.354960 176.354960 176.354960 176.354960
173.265357 173.265357 173.265357 173.265357
170.175755 170.175755 170.175755 170.175755
167.086152 167.086152 167.086152 167.086152
163.996550 163.996550 163.996550 163.996550
160.906947 160.906947 160.906947 160.906947
157.817345 157.817345 157.817345 157.817345
154.727742 154.727742 154.727742 154.727742
151.638140 151.638140 151.638140 151.638140
148.548537 148.548537 148.548537 148.548537
145.458935 145.458935 145.458935 145.458935
142.369332 142.369332 142.369332 142.369332
139.279730 139.279730 139.279730 139.279730
136.190127 136.190127 136.190127 136.190127
133.100525 133.100525 133.100525 133.100525
130.010922 130.010922 130.010922 130.010922
126.921320 126.921320 126.921320 126.921320
123.831717 123.831717 123.831717 123.831717