   0.000000    0.000000    0.000000    0.000000    0.200000
   0.010000    0.000120    0.035389    6.782976    0.200000
   0.020000    0.000905    0.130007   11.870208    0.200000
   0.030000    0.002864    0.267633   15.409152    0.200000
   0.040000    0.006352    0.433521   17.547264    0.200000
   0.050000    0.011584    0.614400   18.432000    0.200000
   0.060000    0.018650    0.798474   18.210816    0.200000
   0.070000    0.027530    0.975421   17.031168    0.200000
   0.080000    0.038105    1.136394   15.040512    0.200000
   0.090000    0.050179    1.274020   12.386304    0.200000
   0.100000    0.063488    1.382400    9.216000    0.200000
   0.110000    0.077715    1.457111    5.677056    0.200000
   0.120000    0.092508    1.495204    1.916928    0.200000
   0.130000    0.107492    1.495204   -1.916928    0.200000
   0.140000    0.122285    1.457111   -5.677056    0.200000
   0.150000    0.136512    1.382400   -9.216000    0.200000
   0.160000    0.149821    1.274020  -12.386304    0.200000
   0.170000    0.161895    1.136394  -15.040512    0.200000
   0.180000    0.172470    0.975421  -17.031168    0.200000
   0.190000    0.181350    0.798474  -18.210816    0.200000
   0.200000    0.188416    0.614400  -18.432000    0.200000
   0.210000    0.193648    0.433521  -17.547264    0.200000
   0.220000    0.197136    0.267633  -15.409152    0.200000
   0.230000    0.199095    0.130007  -11.870208    0.200000
   0.240000    0.199880    0.035389   -6.782976    0.200000
   0.250000    0.200000    0.000000    0.000000    0.200000
   0.260000    0.200662    0.194642   37.306368    0.200000
   0.270000    0.204978    0.715039   65.286144    0.200000
   0.280000    0.215751    1.471980   84.750336    0.200000
   0.290000    0.234935    2.384364   96.509952    0.200000
   0.300000    0.263712    3.379200  101.376000    0.200000
   0.310000    0.302576    4.391608  100.159488    0.200000
   0.320000    0.351413    5.364818   93.671424    0.200000
   0.330000    0.409579    6.250168   82.722816    0.200000
   0.340000    0.475987    7.007109   68.124672    0.200000
   0.350000    0.549184    7.603200   50.688000    0.200000
   0.360000    0.627433    8.014111   31.223808    0.200000
   0.370000    0.708794    8.223621   10.543104    0.200000
   0.380000    0.791206    8.223621  -10.543104    0.200000
   0.390000    0.872567    8.014111  -31.223808    0.200000
   0.400000    0.950816    7.603200  -50.688000    0.200000
   0.410000    1.024013    7.007109  -68.124672    0.200000
   0.420000    1.090421    6.250168  -82.722816    0.200000
   0.430000    1.148587    5.364818  -93.671424    0.200000
   0.440000    1.197424    4.391608 -100.159488    0.200000
   0.450000    1.236288    3.379200 -101.376000    0.200000
   0.460000    1.265065    2.384364  -96.509952    0.200000
   0.470000    1.284249    1.471980  -84.750336    0.200000
   0.480000    1.295022    0.715039  -65.286144    0.200000
   0.490000    1.299338    0.194642  -37.306368    0.200000
   0.500000    1.300000    0.000000    0.000000    0.200000