  0.000000   0.000000   0.000000   0.000000   0.500000
  0.010000   0.000301   0.088474  16.957440   0.500000
  0.020000   0.002263   0.325018  29.675520   0.500000
  0.030000   0.007159   0.669082  38.522880   0.500000
  0.040000   0.015879   1.083802  43.868160   0.500000
  0.050000   0.028960   1.536000  46.080000   0.500000
  0.060000   0.046626   1.996186  45.527040   0.500000
  0.070000   0.068824   2.438554  42.577920   0.500000
  0.080000   0.095263   2.840986  37.601280   0.500000
  0.090000   0.125449   3.185050  30.965760   0.500000
  0.100000   0.158720   3.456000  23.040000   0.500000
  0.110000   0.194288   3.642778  14.192640   0.500000
  0.120000   0.231270   3.738010   4.792320   0.500000
  0.130000   0.268730   3.738010  -4.792320   0.500000
  0.140000   0.305712   3.642778 -14.192640   0.500000
  0.150000   0.341280   3.456000 -23.040000   0.500000
  0.160000   0.374551   3.185050 -30.965760   0.500000
  0.170000   0.404737   2.840986 -37.601280   0.500000
  0.180000   0.431176   2.438554 -42.577920   0.500000
  0.190000   0.453374   1.996186 -45.527040   0.500000
  0.200000   0.471040   1.536000 -46.080000   0.500000
  0.210000   0.484121   1.083802 -43.868160   0.500000
  0.220000   0.492841   0.669082 -38.522880   0.500000
  0.230000   0.497737   0.325018 -29.675520   0.500000
  0.240000   0.499699   0.088474 -16.957440   0.500000
  0.250000   0.500000   0.000000   0.000000   0.500000
  0.260000   0.500301   0.088474  16.957440   0.500000
  0.270000   0.502263   0.325018  29.675520   0.500000
  0.280000   0.507159   0.669082  38.522880   0.500000
  0.290000   0.515879   1.083802  43.868160   0.500000
  0.300000   0.528960   1.536000  46.080000   0.500000
  0.310000   0.546626   1.996186  45.527040   0.500000
  0.320000   0.568824   2.438554  42.577920   0.500000
  0.330000   0.595263   2.840986  37.601280   0.500000
  0.340000   0.625449   3.185050  30.965760   0.500000
  0.350000   0.658720   3.456000  23.040000   0.500000
  0.360000   0.694288   3.642778  14.192640   0.500000
  0.370000   0.731270   3.738010   4.792320   0.500000
  0.380000   0.768730   3.738010  -4.792320   0.500000
  0.390000   0.805712   3.642778 -14.192640   0.500000
  0.400000   0.841280   3.456000 -23.040000   0.500000
  0.410000   0.874551   3.185050 -30.965760   0.500000
  0.420000   0.904737   2.840986 -37.601280   0.500000
  0.430000   0.931176   2.438554 -42.577920   0.500000
  0.440000   0.953374   1.996186 -45.527040   0.500000
  0.450000   0.971040   1.536000 -46.080000   0.500000
  0.460000   0.984121   1.083802 -43.868160   0.500000
  0.470000   0.992841   0.669082 -38.522880   0.500000
  0.480000   0.997737   0.325018 -29.675520   0.500000
  0.490000   0.999699   0.088474 -16.957440   0.500000
  0.500000   1.000000   0.000000   0.000000   0.500000