  0.000000   0.000000   0.000000   0.000000   0.350000
  0.010000   0.000211   0.061932  11.870208   0.350000
  0.020000   0.001584   0.227512  20.772864   0.350000
  0.030000   0.005012   0.468357  26.966016   0.350000
  0.040000   0.011116   0.758661  30.707712   0.350000
  0.050000   0.020272   1.075200  32.256000   0.350000
  0.060000   0.032638   1.397330  31.868928   0.350000
  0.070000   0.048177   1.706988  29.804544   0.350000
  0.080000   0.066684   1.988690  26.320896   0.350000
  0.090000   0.087814   2.229535  21.676032   0.350000
  0.100000   0.111104   2.419200  16.128000   0.350000
  0.110000   0.136001   2.549944   9.934848   0.350000
  0.120000   0.161889   2.616607   3.354624   0.350000
  0.130000   0.188111   2.616607  -3.354624   0.350000
  0.140000   0.213999   2.549944  -9.934848   0.350000
  0.150000   0.238896   2.419200 -16.128000   0.350000
  0.160000   0.262186   2.229535 -21.676032   0.350000
  0.170000   0.283316   1.988690 -26.320896   0.350000
  0.180000   0.301823   1.706988 -29.804544   0.350000
  0.190000   0.317362   1.397330 -31.868928   0.350000
  0.200000   0.329728   1.075200 -32.256000   0.350000
  0.210000   0.338884   0.758661 -30.707712   0.350000
  0.220000   0.344988   0.468357 -26.966016   0.350000
  0.230000   0.348416   0.227512 -20.772864   0.350000
  0.240000   0.349789   0.061932 -11.870208   0.350000
  0.250000   0.350000  -0.000000  -0.000000   0.350000
  0.260000   0.350482   0.141558  27.131904   0.350000
  0.270000   0.353620   0.520028  47.480832   0.350000
  0.280000   0.361455   1.070531  61.636608   0.350000
  0.290000   0.375407   1.734083  70.189056   0.350000
  0.300000   0.396336   2.457600  73.728000   0.350000
  0.310000   0.424601   3.193897  72.843264   0.350000
  0.320000   0.460118   3.901686  68.124672   0.350000
  0.330000   0.502421   4.545577  60.162048   0.350000
  0.340000   0.550718   5.096079  49.545216   0.350000
  0.350000   0.603952   5.529600  36.864000   0.350000
  0.360000   0.660860   5.828444  22.708224   0.350000
  0.370000   0.720032   5.980815   7.667712   0.350000
  0.380000   0.779968   5.980815  -7.667712   0.350000
  0.390000   0.839140   5.828444 -22.708224   0.350000
  0.400000   0.896048   5.529600 -36.864000   0.350000
  0.410000   0.949282   5.096079 -49.545216   0.350000
  0.420000   0.997579   4.545577 -60.162048   0.350000
  0.430000   1.039882   3.901686 -68.124672   0.350000
  0.440000   1.075399   3.193897 -72.843264   0.350000
  0.450000   1.103664   2.457600 -73.728000   0.350000
  0.460000   1.124593   1.734083 -70.189056   0.350000
  0.470000   1.138545   1.070531 -61.636608   0.350000
  0.480000   1.146380   0.520028 -47.480832   0.350000
  0.490000   1.149518   0.141558 -27.131904   0.350000
  0.500000   1.150000  -0.000000  -0.000000   0.350000