 -0.157328
 -9.691620
-14.163332
-14.287481
-11.493695
 -6.744341
 -0.823387
  5.628345
 12.085809
 18.120979
 23.390473
 27.627926
 30.639866
 32.304178
 32.570517
 31.462082
 29.078587
 25.599829
 21.289979
 16.502239
 11.683830
  7.381223
  4.245527
  3.038556
  4.686443
  9.965103
  9.025116
  7.842466
  6.608233
  5.333045
  4.053416
  2.805139
  1.622232
  0.536185
 -0.424788
 -1.236503
 -1.879545
 -2.340009
 -2.610250
 -2.689610
 -2.585163
 -2.312452
 -1.896223
 -1.371169
 -0.782663
 -0.187507
  0.345325
  0.733945
  0.883241
  0.652289
  0.014167