 -0.215289
-23.202498
-39.260413
-49.322629
-55.246044
-58.210545
-59.130283
-58.714372
-57.514856
-55.961444
-54.386433
-53.042355
-52.114243
-51.727899
-51.955209
-52.817283
-54.285924
-56.283964
-58.684660
-61.310443
-63.931190
-66.262116
-67.961414
-68.627743
-67.802456
-64.919045
-58.267867
-50.803553
-42.827028
-34.571089
-26.277790
-18.181979
-10.506409
 -3.456981
  2.782031
  8.052759
 12.228517
 15.218560
 16.972921
 17.487128
 16.807016
 15.033497
 12.327349
  8.914002
  5.088348
  1.219567
 -2.244041
 -4.770217
 -5.740753
 -4.239644
 -0.091911