  0.000000   0.000000   0.000000  -0.953894
  0.010000   0.000000  -0.009539  12.953235
  0.020000  -0.000095   0.119993  19.123737
  0.030000   0.001105   0.311231  24.543066
  0.040000   0.004217   0.556661  27.473700
  0.050000   0.009783   0.831398  28.308789
  0.060000   0.018097   1.114486  27.372946
  0.070000   0.029242   1.388216  24.964958
  0.080000   0.043124   1.637865  21.363310
  0.090000   0.059503   1.851498  16.830456
  0.100000   0.078018   2.019803  11.616191
  0.110000   0.098216   2.135965   5.960323
  0.120000   0.119576   2.195568   0.094786
  0.130000   0.141531   2.196516  -5.754689
  0.140000   0.163497   2.138969 -11.367248
  0.150000   0.184886   2.025297 -16.525920
  0.160000   0.205139   1.860037 -21.016702
  0.170000   0.223740   1.649870 -24.628015
  0.180000   0.240238   1.403590 -27.150144
  0.190000   0.254274   1.132089 -28.374851
  0.200000   0.265595   0.848340 -28.095060
  0.210000   0.274079   0.567390 -26.104613
  0.220000   0.279752   0.306344 -22.198073
  0.230000   0.282816   0.084363 -16.171737
  0.240000   0.283660  -0.077354  -7.927519
  0.250000   0.282886  -0.156630   3.348967
  0.260000   0.281320  -0.123140  41.456716
  0.270000   0.280088   0.291427  69.111023
  0.280000   0.283003   0.982537  86.982770
  0.290000   0.292828   1.852365  96.561629
  0.300000   0.311352   2.817981  99.038549
  0.310000   0.339531   3.808367  95.500665
  0.320000   0.377615   4.763374  86.954384
  0.330000   0.425249   5.632917  74.342208
  0.340000   0.481578   6.376339  58.556057
  0.350000   0.545341   6.961900  40.447813
  0.360000   0.614960   7.366378  20.837697
  0.370000   0.688624   7.574755   0.520683
  0.380000   0.764372   7.579962 -19.727888
  0.390000   0.840171   7.382683 -39.148623
  0.400000   0.913998   6.991197 -56.994595
  0.410000   0.983910   6.421251 -72.528803
  0.420000   1.048123   5.695963 -85.022103
  0.430000   1.105082   4.845742 -93.751518
  0.440000   1.153540   3.908227 -97.998831
  0.450000   1.192622   2.928238 -97.049397
  0.460000   1.221904   1.957744 -90.191153
  0.470000   1.241482   1.055833 -76.713918
  0.480000   1.252040   0.288694 -55.925458
  0.490000   1.254927  -0.270561 -25.934247
  0.500000   1.252221  -0.529903   9.770048