 -0.168921
-12.393795
-19.182748
-21.294511
-20.244165
-17.037581
-12.484766
 -7.240199
 -1.834324
  3.304494
  7.835091
 11.493870
 14.089044
 15.497763
 15.665371
 14.606209
 12.405685
  9.223070
  5.295051
  0.939702
 -3.439174
 -7.347445
-10.195862
-11.294704
 -9.811337
 -5.011727
 -4.433480
 -3.886738
 -3.278820
 -2.647782
 -2.012825
 -1.392285
 -0.803497
 -0.262448
  0.216576
  0.621349
  0.942067
  1.171705
  1.306384
  1.345738
  1.293273
  1.156738
  0.948491
  0.685865
  0.391540
  0.093908
 -0.172548
 -0.366888
 -0.441558
 -0.326098
 -0.007049