 -0.192105
-17.798146
-29.221580
-35.308570
-37.745105
-37.624063
-35.807525
-32.977285
-29.674590
-26.328475
-23.275671
-20.774242
-19.012600
-18.115068
-18.144919
-19.105537
-20.940120
-23.530447
-26.694804
-30.185371
-33.685182
-36.804781
-39.078638
-39.961223
-38.806897
-34.965386
-31.350673
-27.345146
-23.052924
-18.609435
-14.145308
 -9.787132
 -5.654953
 -1.859715
  1.499304
  4.337054
  6.585292
  8.195132
  9.139652
  9.416433
  9.050144
  8.095118
  6.637920
  4.799934
  2.739944
  0.656737
 -1.208295
 -2.568553
 -3.091155
 -2.282871
 -0.049480