  -0.250066
 -31.309024
 -54.318661
 -70.343717
 -81.497454
 -89.090268
 -94.114420
 -97.320002
 -99.275255
-100.410898
-101.052576
-101.444524
-101.766709
-102.147146
-102.670644
-103.384902
-104.304630
-105.414240
-106.669443
-107.998053
-109.300202
-110.448120
-111.285579
-111.627522
-111.295795
-109.849533
 -98.643657
 -85.991164
 -72.488184
 -58.513569
 -44.476515
 -30.774250
 -17.783594
  -5.852881
   4.706123
  13.626316
  20.693354
  25.753702
  28.722823
  29.593170
  28.442323
  25.441067
  20.861493
  15.085104
   8.610955
   2.063811
  -3.797661
  -8.072715
  -9.715149
  -7.174804
  -0.155558