 -0.226881
-25.904673
-44.279829
-56.329658
-63.996514
-68.503786
-70.791662
-71.582915
-71.434989
-70.777929
-69.941814
-69.176411
-68.665065
-68.534315
-68.860354
-69.673156
-70.958826
-72.660723
-74.679587
-76.872980
-79.054194
-80.990784
-82.402803
-82.961002
-82.300236
-79.895874
-71.726463
-62.532757
-52.714080
-42.551915
-32.344032
-22.379402
-12.932137
 -4.255615
  3.423395
  9.910611
 15.050129
 18.730274
 20.889555
 21.522475
 20.685451
 18.502687
 15.172064
 10.971036
  6.262550
  1.500981
 -2.761915
 -5.871050
 -7.065552
 -5.218031
 -0.113127