  0.000000   0.000000   0.000000  -0.814788
  0.010000   0.000000  -0.008148  21.997339
  0.020000  -0.000081   0.211826  35.070931
  0.030000   0.002037   0.562535  44.793635
  0.040000   0.007662   1.010471  50.056320
  0.050000   0.017767   1.511034  51.530610
  0.060000   0.032877   2.026340  49.800339
  0.070000   0.053141   2.524344  45.404125
  0.080000   0.078384   2.978385  38.844913
  0.090000   0.108168   3.366834  30.597437
  0.100000   0.141836   3.672809  21.114134
  0.110000   0.178564   3.883950  10.829818
  0.120000   0.217404   3.992248   0.165379
  0.130000   0.257326   3.993902 -10.469291
  0.140000   0.297265   3.889209 -20.672968
  0.150000   0.336157   3.682479 -30.051368
  0.160000   0.372982   3.381966 -38.215486
  0.170000   0.406802   2.999811 -44.780690
  0.180000   0.436800   2.552004 -49.365696
  0.190000   0.462320   2.058347 -51.591888
  0.200000   0.482903   1.542428 -51.082751
  0.210000   0.498328   1.031601 -47.463434
  0.220000   0.508644   0.556966 -40.360398
  0.230000   0.514213   0.153362 -29.400898
  0.240000   0.515747  -0.140647 -14.190281
  0.250000   0.514341  -0.282550   5.575663
  0.260000   0.511515  -0.226793  25.064716
  0.270000   0.509247   0.023854  38.928163
  0.280000   0.509486   0.413136  47.830444
  0.290000   0.513617   0.891440  52.467890
  0.300000   0.522531   1.416119  53.447095
  0.310000   0.536693   1.950590  51.324550
  0.320000   0.556199   2.463836  46.617344
  0.330000   0.580837   2.930009  39.811417
  0.340000   0.610137   3.328123  31.368078
  0.350000   0.643418   3.641804  21.729163
  0.360000   0.679836   3.859096  11.321128
  0.370000   0.718427   3.972307   0.558177
  0.380000   0.758150   3.977889 -10.154994
  0.390000   0.797929   3.876339 -20.421416
  0.400000   0.836693   3.672125 -29.850146
  0.410000   0.873414   3.373623 -38.055038
  0.420000   0.907150   2.993073 -44.653735
  0.430000   0.937081   2.546535 -49.266851
  0.440000   0.962546   2.053867 -51.517280
  0.450000   0.983085   1.538694 -51.029621
  0.460000   0.998472   1.028398 -47.429687
  0.470000   1.008756   0.554101 -40.344166
  0.480000   1.014297   0.150659 -29.409102
  0.490000   1.015803  -0.143432 -13.629255
  0.500000   1.014369  -0.279724   5.158464