 -0.203697
-20.500322
-34.240996
-42.315599
-46.495575
-47.917304
-47.468904
-45.845829
-43.594723
-41.144960
-38.831052
-36.908299
-35.563421
-34.921484
-35.050064
-35.961410
-37.613022
-39.907205
-42.689732
-45.747907
-48.808186
-51.533449
-53.520026
-54.294483
-53.304676
-49.942215
-44.809270
-39.074349
-32.939976
-26.590262
-20.211549
-13.984555
 -8.080681
 -2.658348
  2.140667
  6.194906
  9.406904
 11.706846
 13.056287
 13.451780
 12.928580
 11.564308
  9.482635
  6.856968
  3.914146
  0.938152
 -1.726168
 -3.669385
 -4.415954
 -3.261258
 -0.070696