  0.000000   0.000000   0.000000  -0.907525
  0.010000   0.000000  -0.009075  15.967936
  0.020000  -0.000091   0.150604  24.439468
  0.030000   0.001415   0.394999  31.293256
  0.040000   0.005365   0.707931  35.001240
  0.050000   0.012445   1.057944  36.049396
  0.060000   0.023024   1.418438  34.848744
  0.070000   0.037208   1.766925  31.778014
  0.080000   0.054878   2.084705  27.190511
  0.090000   0.075725   2.356610  21.419450
  0.100000   0.099291   2.570805  14.782172
  0.110000   0.124999   2.718627   7.583488
  0.120000   0.152185   2.794461   0.118317
  0.130000   0.180130   2.795645  -7.326223
  0.140000   0.208086   2.722382 -14.469155
  0.150000   0.235310   2.577691 -21.034403
  0.160000   0.261087   2.367347 -26.749630
  0.170000   0.284760   2.099851 -31.345573
  0.180000   0.305759   1.786395 -34.555328
  0.190000   0.323623   1.440842 -36.113863
  0.200000   0.338031   1.079703 -35.757624
  0.210000   0.348828   0.722127 -33.224220
  0.220000   0.356050   0.389884 -28.252181
  0.230000   0.359948   0.107363 -20.581457
  0.240000   0.361022  -0.098452 -10.015107
  0.250000   0.360038  -0.198603   4.091199
  0.260000   0.358051  -0.157691  35.992716
  0.270000   0.356475   0.202236  59.050070
  0.280000   0.358497   0.792737  73.931995
  0.290000   0.366424   1.532057  81.863716
  0.300000   0.381745   2.350694  83.841398
  0.310000   0.405252   3.189108  80.775293
  0.320000   0.437143   3.996861  73.508704
  0.330000   0.477111   4.731948  62.831945
  0.340000   0.524431   5.360267  49.493398
  0.350000   0.578034   5.855201  34.208263
  0.360000   0.636586   6.197284  17.665508
  0.370000   0.698559   6.373939   0.533181
  0.380000   0.762298   6.379271 -16.536923
  0.390000   0.826091   6.213902 -32.906221
  0.400000   0.888230   5.884839 -47.946446
  0.410000   0.947078   5.405375 -61.037548
  0.420000   1.001132   4.794999 -71.565980
  0.430000   1.049082   4.079340 -78.923295
  0.440000   1.089875   3.290107 -82.504980
  0.450000   1.122776   2.465057 -81.709471
  0.460000   1.147427   1.647962 -75.937331
  0.470000   1.163906   0.888589 -64.590667
  0.480000   1.172792   0.242682 -47.086673
  0.490000   1.175219  -0.228184 -21.832583
  0.500000   1.172937  -0.446510   8.232853