  0.000000   0.000000   0.000000  -0.861157
  0.010000   0.000000  -0.008612  18.982638
  0.020000  -0.000086   0.181215  29.755200
  0.030000   0.001726   0.478767  38.043445
  0.040000   0.006514   0.859201  42.528780
  0.050000   0.015106   1.284489  43.790003
  0.060000   0.027951   1.722389  42.324541
  0.070000   0.045174   2.145635  38.591069
  0.080000   0.066631   2.531545  33.017712
  0.090000   0.091946   2.861722  26.008443
  0.100000   0.120564   3.121807  17.948153
  0.110000   0.151782   3.301288   9.206653
  0.120000   0.184794   3.393355   0.141848
  0.130000   0.218728   3.394773  -8.897757
  0.140000   0.252676   3.305796 -17.571062
  0.150000   0.285734   3.130085 -25.542886
  0.160000   0.317035   2.874656 -32.482558
  0.170000   0.345781   2.549831 -38.063131
  0.180000   0.371279   2.169199 -41.960512
  0.190000   0.392971   1.749594 -43.852875
  0.200000   0.410467   1.311065 -43.420187
  0.210000   0.423578   0.876864 -40.343827
  0.220000   0.432347   0.473425 -34.306290
  0.230000   0.437081   0.130362 -24.991177
  0.240000   0.438385  -0.119549 -12.102694
  0.250000   0.437189  -0.240576   4.833431
  0.260000   0.434783  -0.192242  30.528716
  0.270000   0.432861   0.113045  48.989116
  0.280000   0.433991   0.602936  60.881220
  0.290000   0.440021   1.211749  67.165803
  0.300000   0.452138   1.883407  68.644247
  0.310000   0.470972   2.569849  66.049921
  0.320000   0.496671   3.230348  60.063024
  0.330000   0.528974   3.830979  51.321681
  0.340000   0.567284   4.344195  40.430738
  0.350000   0.610726   4.748503  27.968713
  0.360000   0.658211   5.028190  14.493318
  0.370000   0.708493   5.173123   0.545679
  0.380000   0.760224   5.178580 -13.345959
  0.390000   0.812010   5.045120 -26.663818
  0.400000   0.862461   4.778482 -38.898296
  0.410000   0.910246   4.389499 -49.546293
  0.420000   0.954141   3.894036 -58.109858
  0.430000   0.993081   3.312938 -64.095073
  0.440000   1.026211   2.671987 -67.011130
  0.450000   1.052931   2.001876 -66.369546
  0.460000   1.072949   1.338180 -61.683509
  0.470000   1.086331   0.721345 -52.467416
  0.480000   1.093545   0.196671 -38.247887
  0.490000   1.095511  -0.185808 -17.730919
  0.500000   1.093653  -0.363117   6.695658