 -0.238473
-28.606849
-49.299245
-63.336688
-72.746984
-78.797027
-82.453041
-84.451459
-85.355122
-85.594413
-85.497195
-85.310468
-85.215887
-85.340730
-85.765499
-86.529029
-87.631728
-89.037481
-90.674515
-92.435516
-94.177198
-95.719452
-96.844191
-97.294262
-96.798015
-94.872704
-85.185060
-74.261961
-62.601132
-50.532742
-38.410273
-26.576826
-15.357866
 -5.054248
  4.064759
 11.768463
 17.871741
 22.241988
 24.806189
 25.557823
 24.563887
 21.971877
 18.016778
 13.028070
  7.436753
  1.782396
 -3.279788
 -6.971882
 -8.390350
 -6.196417
 -0.134342