   0.000000    0.000000    0.000000   -1.000262
   0.010000    0.000000   -0.010003    9.938534
   0.020000   -0.000100    0.089383   13.808006
   0.030000    0.000794    0.227463   17.792876
   0.040000    0.003068    0.405392   19.946160
   0.050000    0.007122    0.604853   20.568183
   0.060000    0.013171    0.810535   19.897149
   0.070000    0.021276    1.009506   18.151902
   0.080000    0.031371    1.191025   15.536109
   0.090000    0.043282    1.346387   12.241462
   0.100000    0.056745    1.468801    8.450210
   0.110000    0.071433    1.553303    4.337157
   0.120000    0.086966    1.596675    0.071255
   0.130000    0.102933    1.597387   -4.183155
   0.140000    0.118907    1.555556   -8.265341
   0.150000    0.134463    1.472902  -12.017437
   0.160000    0.149192    1.352728  -15.283774
   0.170000    0.162719    1.199890  -17.910457
   0.180000    0.174718    1.020786  -19.744960
   0.190000    0.184926    0.823336  -20.635839
   0.200000    0.193159    0.616978  -20.432497
   0.210000    0.199329    0.412653  -18.985006
   0.220000    0.203455    0.222803  -16.143964
   0.230000    0.205683    0.061363  -11.762017
   0.240000    0.206297   -0.056257   -5.839932
   0.250000    0.205734   -0.114656    2.606736
   0.260000    0.204588   -0.088589   46.920716
   0.270000    0.203702    0.380618   79.171977
   0.280000    0.207508    1.172338  100.033545
   0.290000    0.219232    2.172673  111.259541
   0.300000    0.240958    3.285269  114.235700
   0.310000    0.273811    4.427626  110.226037
   0.320000    0.318087    5.529886  100.400064
   0.330000    0.373386    6.533887   85.852472
   0.340000    0.438725    7.392411   67.618717
   0.350000    0.512649    8.068599   46.687364
   0.360000    0.593335    8.535472   24.009887
   0.370000    0.678690    8.775571    0.508185
   0.380000    0.766446    8.780653  -22.918853
   0.390000    0.854252    8.551464  -45.391026
   0.400000    0.939767    8.097554  -66.042745
   0.410000    1.020742    7.437127  -84.020059
   0.420000    1.095113    6.596926  -98.478226
   0.430000    1.161083    5.612144 -108.579740
   0.440000    1.217204    4.526347 -113.492681
   0.450000    1.262468    3.391420 -112.389322
   0.460000    1.296382    2.267527 -104.444975
   0.470000    1.319057    1.223077  -88.837168
   0.480000    1.331288    0.334705  -64.764243
   0.490000    1.334635   -0.312937  -30.035911
   0.500000    1.331506   -0.613296   11.307242