 -0.180513
-15.095971
-24.202164
-28.301540
-28.994635
-27.330822
-24.146145
-20.108742
-15.754457
-11.511990
 -7.720290
 -4.640186
 -2.461778
 -1.308653
 -1.239774
 -2.249664
 -4.267218
 -7.153688
-10.699876
-14.622834
-18.562178
-22.076113
-24.637250
-25.627964
-24.309117
-19.988556
-17.892077
-15.615942
-13.165872
-10.628609
 -8.079066
 -5.589708
 -3.229225
 -1.061081
  0.857940
  2.479202
  3.763680
  4.683419
  5.223018
  5.381085
  5.171708
  4.625928
  3.793206
  2.742900
  1.565742
  0.375322
 -0.690422
 -1.467720
 -1.766357
 -1.304484
 -0.028265