  0.000000   0.000000   0.000000  -0.768420
  0.010000   0.000000  -0.007684  25.012040
  0.020000  -0.000077   0.242436  40.386662
  0.030000   0.002348   0.646303  51.543825
  0.040000   0.008811   1.161741  57.583860
  0.050000   0.020428   1.737580  59.271217
  0.060000   0.037804   2.330292  57.276137
  0.070000   0.061107   2.903053  52.217181
  0.080000   0.090137   3.425225  44.672114
  0.090000   0.124389   3.871946  35.186431
  0.100000   0.163109   4.223810  24.280115
  0.110000   0.205347   4.466612  12.452983
  0.120000   0.250013   4.591141   0.188910
  0.130000   0.295925   4.593031 -12.040825
  0.140000   0.341855   4.472622 -23.774875
  0.150000   0.386581   4.234874 -34.559851
  0.160000   0.428930   3.889275 -43.948414
  0.170000   0.467823   3.449791 -51.498248
  0.180000   0.502320   2.934808 -56.770880
  0.190000   0.531669   2.367100 -59.330900
  0.200000   0.555340   1.773791 -58.745315
  0.210000   0.573077   1.186337 -54.583041
  0.220000   0.584941   0.640507 -46.414507
  0.230000   0.591346   0.176362 -33.810618
  0.240000   0.593110  -0.161744 -16.277868
  0.250000   0.591492  -0.324523   6.317895
  0.260000   0.588247  -0.261344  19.600717
  0.270000   0.585633  -0.065337  28.867209
  0.280000   0.584980   0.223335  34.779669
  0.290000   0.587213   0.571132  37.769977
  0.300000   0.592925   0.948832  38.249944
  0.310000   0.602413   1.331331  36.599178
  0.320000   0.615726   1.697323  33.171664
  0.330000   0.632700   2.029040  28.301154
  0.340000   0.652990   2.312051  22.305419
  0.350000   0.676110   2.535105  15.489613
  0.360000   0.701462   2.690002   8.148939
  0.370000   0.728362   2.771491   0.570675
  0.380000   0.756076   2.777198  -6.964029
  0.390000   0.783848   2.707557 -14.179013
  0.400000   0.810924   2.565767 -20.801997
  0.410000   0.836582   2.357747 -26.563783
  0.420000   0.860159   2.092109 -31.197613
  0.430000   0.881080   1.780133 -34.438628
  0.440000   0.898882   1.435747 -36.023430
  0.450000   0.913239   1.075513 -35.689695
  0.460000   0.923994   0.718616 -33.175865
  0.470000   0.931180   0.386857 -28.220915
  0.480000   0.935049   0.104648 -20.570316
  0.490000   0.936095  -0.101055  -9.527591
  0.500000   0.935085  -0.196331   3.621269