  0.000000   0.000000   0.000000  -0.675683
  0.010000   0.000000  -0.006757  31.041443
  0.020000  -0.000068   0.303658  51.018125
  0.030000   0.002969   0.813839  65.044205
  0.040000   0.011107   1.464281  72.638940
  0.050000   0.025750   2.190670  74.752430
  0.060000   0.047657   2.938195  72.227732
  0.070000   0.077039   3.660472  65.843293
  0.080000   0.113644   4.318905  56.326516
  0.090000   0.156833   4.882170  44.364418
  0.100000   0.205654   5.325814  30.612078
  0.110000   0.258912   5.631935  15.699314
  0.120000   0.315232   5.788928   0.235972
  0.130000   0.373121   5.791288 -15.183893
  0.140000   0.431034   5.639449 -29.978688
  0.150000   0.487428   5.339662 -43.576817
  0.160000   0.540825   4.903894 -55.414270
  0.170000   0.589864   4.349751 -64.933364
  0.180000   0.633362   3.700417 -71.581248
  0.190000   0.670366   2.984605 -74.808924
  0.200000   0.700212   2.236516 -74.070442
  0.210000   0.722577   1.495811 -68.822256
  0.220000   0.737535   0.807589 -58.522724
  0.230000   0.745611   0.222362 -42.630058
  0.240000   0.747835  -0.203939 -20.453042
  0.250000   0.745795  -0.408469   7.802359
  0.260000   0.741710  -0.330446   8.672717
  0.270000   0.738406  -0.243719   8.745302
  0.280000   0.735969  -0.156266   8.678119
  0.290000   0.734406  -0.069484   8.374151
  0.300000   0.733711   0.014257   7.855641
  0.310000   0.733854   0.092813   7.148434
  0.320000   0.734782   0.164298   6.280304
  0.330000   0.736425   0.227101   5.280627
  0.340000   0.738696   0.279907   4.180099
  0.350000   0.741495   0.321708   3.010512
  0.360000   0.744712   0.351813   1.804560
  0.370000   0.748230   0.369859   0.595671
  0.380000   0.751929   0.375816  -0.582100
  0.390000   0.755687   0.369995  -1.694208
  0.400000   0.759387   0.353052  -2.705697
  0.410000   0.762917   0.325995  -3.581273
  0.420000   0.766177   0.290183  -4.285368
  0.430000   0.769079   0.247329  -4.782183
  0.440000   0.771553   0.199507  -5.035729
  0.450000   0.773548   0.149150  -5.009845
  0.460000   0.775039   0.099051  -4.668220
  0.470000   0.776030   0.052369  -3.974414
  0.480000   0.776553   0.012625  -2.892746
  0.490000   0.776680  -0.016302  -1.324263
  0.500000   0.776517  -0.029545   0.546880