  0.000000   0.000000   0.000000  -0.629314
  0.010000   0.000000  -0.006293  34.056145
  0.020000  -0.000063   0.334268  56.333856
  0.030000   0.003280   0.897607  71.794395
  0.040000   0.012256   1.615551  80.166480
  0.050000   0.028411   2.417216  82.493037
  0.060000   0.052583   3.242146  79.703529
  0.070000   0.085005   4.039181  72.656349
  0.080000   0.125397   4.765745  62.153717
  0.090000   0.173054   5.387282  48.953412
  0.100000   0.226927   5.876816  33.778059
  0.110000   0.285695   6.214597  17.322479
  0.120000   0.347841   6.387821   0.259503
  0.130000   0.411719   6.390416 -16.755428
  0.140000   0.475624   6.222862 -33.080595
  0.150000   0.537852   5.892056 -48.085300
  0.160000   0.596773   5.411203 -61.147198
  0.170000   0.650885   4.799731 -71.650922
  0.180000   0.698882   4.083222 -78.986432
  0.190000   0.739714   3.293358 -82.547937
  0.200000   0.772648   2.467878 -81.733006
  0.210000   0.797327   1.650548 -75.941863
  0.220000   0.813832   0.891130 -64.576833
  0.230000   0.822743   0.245361 -47.039778
  0.240000   0.825197  -0.225036 -22.540629
  0.250000   0.822947  -0.450443   8.544590
  0.260000   0.818442  -0.364997   3.208717
  0.270000   0.814792  -0.332910  -1.315651
  0.280000   0.811463  -0.346066  -4.372656
  0.290000   0.808003  -0.389793  -6.323762
  0.300000   0.804105  -0.453030  -7.341510
  0.310000   0.799574  -0.526445  -7.576938
  0.320000   0.794310  -0.602215  -7.165376
  0.330000   0.788288  -0.673869  -6.229637
  0.340000   0.781549  -0.736165  -4.882560
  0.350000   0.774187  -0.784991  -3.229038
  0.360000   0.766337  -0.817281  -1.367630
  0.370000   0.758165  -0.830957   0.608169
  0.380000   0.749855  -0.824876   2.608865
  0.390000   0.741606  -0.798787   4.548194
  0.400000   0.733618  -0.753305   6.342452
  0.410000   0.726085  -0.689880   7.909982
  0.420000   0.719187  -0.610781   9.170755
  0.430000   0.713079  -0.519073  10.046039
  0.440000   0.707888  -0.418613  10.458121
  0.450000   0.703702  -0.314031  10.330080
  0.460000   0.700562  -0.210731   9.585602
  0.470000   0.698454  -0.114875   8.148836
  0.480000   0.697306  -0.033386   5.946040
  0.490000   0.696972   0.026074   2.777401
  0.500000   0.697232   0.053848  -0.990315