  0.000000   0.000000   0.000000  -0.722051
  0.010000   0.000000  -0.007221  28.026742
  0.020000  -0.000072   0.273047  45.702394
  0.030000   0.002658   0.730071  58.294015
  0.040000   0.009959   1.313011  65.111400
  0.050000   0.023089   1.964125  67.011823
  0.060000   0.042730   2.634243  64.751934
  0.070000   0.069073   3.281763  59.030237
  0.080000   0.101890   3.872065  50.499315
  0.090000   0.140611   4.377058  39.775424
  0.100000   0.184382   4.774812  27.446096
  0.110000   0.232130   5.049273  14.076148
  0.120000   0.282622   5.190035   0.212441
  0.130000   0.334523   5.192159 -13.612359
  0.140000   0.386444   5.056036 -26.876782
  0.150000   0.437005   4.787268 -39.068334
  0.160000   0.484877   4.396584 -49.681342
  0.170000   0.528843   3.899771 -58.215806
  0.180000   0.567841   3.317613 -64.176064
  0.190000   0.601017   2.675852 -67.069912
  0.200000   0.627776   2.005153 -66.407878
  0.210000   0.647827   1.341074 -61.702649
  0.220000   0.661238   0.724048 -52.468615
  0.230000   0.668478   0.199362 -38.220338
  0.240000   0.670472  -0.182842 -18.365455
  0.250000   0.668644  -0.366496   7.060127
  0.260000   0.664979  -0.295895  14.136717
  0.270000   0.662020  -0.154528  18.806256
  0.280000   0.660474   0.033535  21.728894
  0.290000   0.660810   0.250824  23.072064
  0.300000   0.663318   0.481544  23.052793
  0.310000   0.668133   0.712072  21.873806
  0.320000   0.675254   0.930810  19.725984
  0.330000   0.684562   1.128070  16.790890
  0.340000   0.695843   1.295979  13.242759
  0.350000   0.708803   1.428407   9.250062
  0.360000   0.723087   1.520907   4.976749
  0.370000   0.738296   1.570675   0.583173
  0.380000   0.754003   1.576507  -3.773064
  0.390000   0.769768   1.538776  -7.936611
  0.400000   0.785155   1.459410 -11.753847
  0.410000   0.799750   1.341871 -15.072528
  0.420000   0.813168   1.191146 -17.741490
  0.430000   0.825080   1.013731 -19.610406
  0.440000   0.835217   0.817627 -20.529579
  0.450000   0.843393   0.612331 -20.349770
  0.460000   0.849517   0.408834 -18.922043
  0.470000   0.853605   0.219613 -16.097665
  0.480000   0.855801   0.058637 -11.731531
  0.490000   0.856387  -0.058679  -5.425927
  0.500000   0.855801  -0.112938   2.084075