0.379653 0.003997 0.375656 0.000000
0.386072 0.014320 0.371752 0.000000
0.388199 0.011860 0.376338 0.000000
0.384246 0.009921 0.374325 0.000000
0.393461 0.017472 0.375989 0.000000
0.382720 0.009567 0.373153 0.000000
0.384080 0.007949 0.376131 0.000000
0.379986 0.004963 0.375023 0.000000
0.385817 0.010527 0.375290 0.000000
0.381562 0.008121 0.373441 0.000000
0.398156 0.018548 0.379607 0.000000
0.386450 0.009029 0.377421 0.000000
0.382158 0.009445 0.372712 0.000000
0.390370 0.012664 0.377706 0.000000
0.387793 0.013142 0.374651 0.000000