242.742173
240.067378
237.392583
234.717788
232.042993
229.368199
226.693404
224.018609
221.343814
218.669019
215.994224
213.319429
210.644635
207.969840
205.295045
202.620250
199.945455
197.270660
194.595865
191.921071
189.246276
186.571481
183.896686
181.221891
178.547096
175.872302
173.197507
170.522712
167.847917
165.173122
162.498327
159.823532
157.148738
154.473943
151.799148
149.124353
146.449558
143.774763
141.099968
138.425174
135.750379
133.075584
130.400789
127.725994
125.051199
122.376405
119.701610
117.026815
114.352020
111.677225
109.002430
106.327635
103.652841
100.978046
 98.303251
 95.628456
 92.953661
 90.278866
 87.604071
 84.929277
 82.254482
 79.579687
 76.904892
 74.230097
 71.555302
 68.880508
 66.205713
 63.530918
 60.856123
 58.181328
 55.506533
 52.831738
 50.156944
 47.482149
 44.807354
 42.132559
 39.457764
 36.782969
 34.108175
 31.433380
 28.758585
 26.083790
 23.408995
 20.734200
 18.059405
 15.384611
 12.709816
 10.035021
  7.360226
  4.685431
  2.010636
 -0.664159
 -3.338953
 -6.013748
 -8.688543
-11.363338
-14.038133
-16.712928
-19.387722
-22.062517