-18.787416
-18.644972
-18.502529
-18.360085
-18.217641
-18.075197
-17.932753
-17.790309
-17.647865
-17.505421
-17.362977
-17.220534
-17.078090
-16.935646
-16.793202
-16.650758
-16.508314
-16.365870
-16.223426
-16.080982
-15.938539
-15.796095
-15.653651
-15.511207
-15.368763
-15.226319
-15.083875
-14.941431
-14.798987
-14.656544
-14.514100
-14.371656
-14.229212
-14.086768
-13.944324
-13.801880
-13.659436
-13.516993
-13.374549
-13.232105
-13.089661
-12.947217
-12.804773
-12.662329
-12.519885
-12.377441
-12.234998
-12.092554
-11.950110
-11.807666
-11.665222
-11.522778
-11.380334
-11.237890
-11.095446
-10.953003
-10.810559
-10.668115
-10.525671
-10.383227
-10.240783
-10.098339
 -9.955895
 -9.813451
 -9.671008
 -9.528564
 -9.386120
 -9.243676
 -9.101232
 -8.958788
 -8.816344
 -8.673900
 -8.531456
 -8.389013
 -8.246569
 -8.104125
 -7.961681
 -7.819237
 -7.676793
 -7.534349
 -7.391905
 -7.249462
 -7.107018
 -6.964574
 -6.822130
 -6.679686
 -6.537242
 -6.394798
 -6.252354
 -6.109910
 -5.967467
 -5.825023
 -5.682579
 -5.540135
 -5.397691
 -5.255247
 -5.112803
 -4.970359
 -4.827915
 -4.685472