0.060055 0.000243 0.059812 0.000000
0.060033 0.000210 0.059823 0.000000
0.059934 0.000109 0.059825 0.000000
0.059987 0.000170 0.059817 0.000000
0.060253 0.000427 0.059825 0.000000
0.060143 0.000326 0.059817 0.000000
0.059978 0.000164 0.059814 0.000000
0.059953 0.000139 0.059814 0.000000
0.060018 0.000203 0.059815 0.000000
0.060051 0.000226 0.059825 0.000000
0.060019 0.000195 0.059824 0.000000
0.059955 0.000130 0.059825 0.000000
0.060244 0.000430 0.059814 0.000000
0.060116 0.000292 0.059824 0.000000
0.060027 0.000202 0.059825 0.000000