507.610717 507.610717 507.610717 507.610717
502.016802 502.016802 502.016802 502.016802
496.422887 496.422887 496.422887 496.422887
490.828972 490.828972 490.828972 490.828972
485.235057 485.235057 485.235057 485.235057
479.641141 479.641141 479.641141 479.641141
474.047226 474.047226 474.047226 474.047226
468.453311 468.453311 468.453311 468.453311
462.859396 462.859396 462.859396 462.859396
457.265481 457.265481 457.265481 457.265481
451.671566 451.671566 451.671566 451.671566
446.077651 446.077651 446.077651 446.077651
440.483736 440.483736 440.483736 440.483736
434.889821 434.889821 434.889821 434.889821
429.295906 429.295906 429.295906 429.295906
423.701990 423.701990 423.701990 423.701990
418.108075 418.108075 418.108075 418.108075
412.514160 412.514160 412.514160 412.514160
406.920245 406.920245 406.920245 406.920245
401.326330 401.326330 401.326330 401.326330
395.732415 395.732415 395.732415 395.732415
390.138500 390.138500 390.138500 390.138500
384.544585 384.544585 384.544585 384.544585
378.950670 378.950670 378.950670 378.950670
373.356754 373.356754 373.356754 373.356754
367.762839 367.762839 367.762839 367.762839
362.168924 362.168924 362.168924 362.168924
356.575009 356.575009 356.575009 356.575009
350.981094 350.981094 350.981094 350.981094
345.387179 345.387179 345.387179 345.387179
339.793264 339.793264 339.793264 339.793264
334.199349 334.199349 334.199349 334.199349
328.605434 328.605434 328.605434 328.605434
323.011518 323.011518 323.011518 323.011518
317.417603 317.417603 317.417603 317.417603
311.823688 311.823688 311.823688 311.823688
306.229773 306.229773 306.229773 306.229773
300.635858 300.635858 300.635858 300.635858
295.041943 295.041943 295.041943 295.041943
289.448028 289.448028 289.448028 289.448028
283.854113 283.854113 283.854113 283.854113
278.260198 278.260198 278.260198 278.260198
272.666283 272.666283 272.666283 272.666283
267.072367 267.072367 267.072367 267.072367
261.478452 261.478452 261.478452 261.478452
255.884537 255.884537 255.884537 255.884537
250.290622 250.290622 250.290622 250.290622
244.696707 244.696707 244.696707 244.696707
239.102792 239.102792 239.102792 239.102792
233.508877 233.508877 233.508877 233.508877
227.914962 227.914962 227.914962 227.914962
222.321047 222.321047 222.321047 222.321047
216.727131 216.727131 216.727131 216.727131
211.133216 211.133216 211.133216 211.133216
205.539301 205.539301 205.539301 205.539301
199.945386 199.945386 199.945386 199.945386
194.351471 194.351471 194.351471 194.351471
188.757556 188.757556 188.757556 188.757556
183.163641 183.163641 183.163641 183.163641
177.569726 177.569726 177.569726 177.569726
171.975811 171.975811 171.975811 171.975811
166.381896 166.381896 166.381896 166.381896
160.787980 160.787980 160.787980 160.787980
155.194065 155.194065 155.194065 155.194065
149.600150 149.600150 149.600150 149.600150
144.006235 144.006235 144.006235 144.006235
138.412320 138.412320 138.412320 138.412320
132.818405 132.818405 132.818405 132.818405
127.224490 127.224490 127.224490 127.224490
121.630575 121.630575 121.630575 121.630575
116.036660 116.036660 116.036660 116.036660
110.442744 110.442744 110.442744 110.442744
104.848829 104.848829 104.848829 104.848829
 99.254914  99.254914  99.254914  99.254914
 93.660999  93.660999  93.660999  93.660999
 88.067084  88.067084  88.067084  88.067084
 82.473169  82.473169  82.473169  82.473169
 76.879254  76.879254  76.879254  76.879254
 71.285339  71.285339  71.285339  71.285339
 65.691424  65.691424  65.691424  65.691424
 60.097509  60.097509  60.097509  60.097509
 54.503593  54.503593  54.503593  54.503593
 48.909678  48.909678  48.909678  48.909678
 43.315763  43.315763  43.315763  43.315763
 37.721848  37.721848  37.721848  37.721848
 32.127933  32.127933  32.127933  32.127933
 26.534018  26.534018  26.534018  26.534018
 20.940103  20.940103  20.940103  20.940103
 15.346188  15.346188  15.346188  15.346188
  9.752273   9.752273   9.752273   9.752273
  4.158357   4.158357   4.158357   4.158357
 -1.435558  -1.435558  -1.435558  -1.435558
 -7.029473  -7.029473  -7.029473  -7.029473
-12.623388 -12.623388 -12.623388 -12.623388
-18.217303 -18.217303 -18.217303 -18.217303
-23.811218 -23.811218 -23.811218 -23.811218
-29.405133 -29.405133 -29.405133 -29.405133
-34.999048 -34.999048 -34.999048 -34.999048
-40.592963 -40.592963 -40.592963 -40.592963
-46.186878 -46.186878 -46.186878 -46.186878