 -0.226881
-25.905381
-44.282516
-56.335373
-64.006192
-68.518311
-70.811929
-71.609902
-71.469834
-70.822030
-69.996954
-69.244913
-68.749990
-68.639718
-68.991587
-69.837240
-71.164875
-72.920413
-75.007627
-77.287516
-79.577037
-81.647242
-83.220832
-83.969180
-83.524067
-81.349179
-73.321991
-64.233457
-54.466599
-44.280961
-33.950157
-23.737366
-13.890939
 -4.641103
  3.802249
 11.250478
 17.535735
 22.509073
 26.037642
 28.001465
 28.291712
 26.813172
 23.495769
 18.322880
 11.388488
  3.001592
 -6.134568
-14.627822
-19.937365
-16.828895
 -0.420586