 -0.226881
-14.058277
-26.133550
-36.924257
-44.568925
-51.613336
-56.610575
-61.143974
-64.225274
-66.945166
-68.662824
-70.104282
-70.880573
-71.453201
-71.612496
-71.630921
-71.423180
-71.129308
-70.746994
-70.326125
-69.916294
-69.508699
-69.181551
-68.890680
-68.725520
-68.623718
-68.673009
-68.805394
-69.097410
-69.484398
-70.024835
-70.663626
-71.436455
-72.301813
-73.269545
-74.313976
-75.417497
-76.571000
-77.729041
-78.898495
-80.006809
-81.075030
-82.005268
-82.829745
-83.428020
-83.839285
-83.925061
-83.730736
-83.123503
-82.204097
-79.621423
-75.364288
-70.984646
-66.377289
-61.612185
-56.658608
-51.612441
-46.450457
-41.263342
-36.035313
-30.843964
-25.686571
-20.621070
-15.663091
-10.844965
 -6.205547
 -1.746365
  2.466110
  6.465520
 10.153873
 13.603514
 16.681441
 19.501525
 21.892499
 24.012167
 25.647891
 27.003640
 27.822295
 28.356610
 28.302148
 27.963502
 26.987572
 25.733645
 23.803202
 21.610384
 18.725762
 15.609817
 11.840794
  7.896287
  3.447605
 -1.082229
 -5.758801
-10.364001
-14.386008
-18.097650
-19.868950
-20.933029
-16.933494
-10.348686
 -0.420586