  0.000000
-26.198676
-44.262625
-56.323966
-63.997247
-68.511355
-70.806571
-71.605811
-71.466736
-70.819705
-69.995226
-69.243644
-68.749074
-68.639070
-68.991146
-69.836949
-71.164694
-72.920308
-75.007567
-77.287474
-79.576986
-81.647155
-83.220680
-83.968754
-83.507039
-81.390437
-73.301226
-64.233278
-54.466693
-44.281104
-33.950341
-23.737582
-13.891178
 -4.641357
  3.801984
 11.250201
 17.535433
 22.508766
 26.037343
 28.001253
 28.291788
 26.813956
 23.498063
 18.328083
 11.398893
  3.020743
 -6.101488
-14.573561
-19.842361
-17.465852
  0.000131