701.430186 701.430186 701.430186 701.430186
693.699590 693.699590 693.699590 693.699590
685.968994 685.968994 685.968994 685.968994
678.238398 678.238398 678.238398 678.238398
670.507801 670.507801 670.507801 670.507801
662.777205 662.777205 662.777205 662.777205
655.046609 655.046609 655.046609 655.046609
647.316013 647.316013 647.316013 647.316013
639.585417 639.585417 639.585417 639.585417
631.854821 631.854821 631.854821 631.854821
624.124225 624.124225 624.124225 624.124225
616.393629 616.393629 616.393629 616.393629
608.663033 608.663033 608.663033 608.663033
600.932437 600.932437 600.932437 600.932437
593.201840 593.201840 593.201840 593.201840
585.471244 585.471244 585.471244 585.471244
577.740648 577.740648 577.740648 577.740648
570.010052 570.010052 570.010052 570.010052
562.279456 562.279456 562.279456 562.279456
554.548860 554.548860 554.548860 554.548860
546.818264 546.818264 546.818264 546.818264
539.087668 539.087668 539.087668 539.087668
531.357072 531.357072 531.357072 531.357072
523.626476 523.626476 523.626476 523.626476
515.895879 515.895879 515.895879 515.895879
508.165283 508.165283 508.165283 508.165283
500.434687 500.434687 500.434687 500.434687
492.704091 492.704091 492.704091 492.704091
484.973495 484.973495 484.973495 484.973495
477.242899 477.242899 477.242899 477.242899
469.512303 469.512303 469.512303 469.512303
461.781707 461.781707 461.781707 461.781707
454.051111 454.051111 454.051111 454.051111
446.320515 446.320515 446.320515 446.320515
438.589918 438.589918 438.589918 438.589918
430.859322 430.859322 430.859322 430.859322
423.128726 423.128726 423.128726 423.128726
415.398130 415.398130 415.398130 415.398130
407.667534 407.667534 407.667534 407.667534
399.936938 399.936938 399.936938 399.936938
392.206342 392.206342 392.206342 392.206342
384.475746 384.475746 384.475746 384.475746
376.745150 376.745150 376.745150 376.745150
369.014554 369.014554 369.014554 369.014554
361.283957 361.283957 361.283957 361.283957
353.553361 353.553361 353.553361 353.553361
345.822765 345.822765 345.822765 345.822765
338.092169 338.092169 338.092169 338.092169
330.361573 330.361573 330.361573 330.361573
322.630977 322.630977 322.630977 322.630977
314.900381 314.900381 314.900381 314.900381
307.169785 307.169785 307.169785 307.169785
299.439189 299.439189 299.439189 299.439189
291.708593 291.708593 291.708593 291.708593
283.977996 283.977996 283.977996 283.977996
276.247400 276.247400 276.247400 276.247400
268.516804 268.516804 268.516804 268.516804
260.786208 260.786208 260.786208 260.786208
253.055612 253.055612 253.055612 253.055612
245.325016 245.325016 245.325016 245.325016
237.594420 237.594420 237.594420 237.594420
229.863824 229.863824 229.863824 229.863824
222.133228 222.133228 222.133228 222.133228
214.402632 214.402632 214.402632 214.402632
206.672035 206.672035 206.672035 206.672035
198.941439 198.941439 198.941439 198.941439
191.210843 191.210843 191.210843 191.210843
183.480247 183.480247 183.480247 183.480247
175.749651 175.749651 175.749651 175.749651
168.019055 168.019055 168.019055 168.019055
160.288459 160.288459 160.288459 160.288459
152.557863 152.557863 152.557863 152.557863
144.827267 144.827267 144.827267 144.827267
137.096671 137.096671 137.096671 137.096671
129.366075 129.366075 129.366075 129.366075
121.635478 121.635478 121.635478 121.635478
113.904882 113.904882 113.904882 113.904882
106.174286 106.174286 106.174286 106.174286
 98.443690  98.443690  98.443690  98.443690
 90.713094  90.713094  90.713094  90.713094
 82.982498  82.982498  82.982498  82.982498
 75.251902  75.251902  75.251902  75.251902
 67.521306  67.521306  67.521306  67.521306
 59.790710  59.790710  59.790710  59.790710
 52.060114  52.060114  52.060114  52.060114
 44.329517  44.329517  44.329517  44.329517
 36.598921  36.598921  36.598921  36.598921
 28.868325  28.868325  28.868325  28.868325
 21.137729  21.137729  21.137729  21.137729
 13.407133  13.407133  13.407133  13.407133
  5.676537   5.676537   5.676537   5.676537
 -2.054059  -2.054059  -2.054059  -2.054059
 -9.784655  -9.784655  -9.784655  -9.784655
-17.515251 -17.515251 -17.515251 -17.515251
-25.245847 -25.245847 -25.245847 -25.245847
-32.976444 -32.976444 -32.976444 -32.976444
-40.707040 -40.707040 -40.707040 -40.707040
-48.437636 -48.437636 -48.437636 -48.437636
-56.168232 -56.168232 -56.168232 -56.168232
-63.898828 -63.898828 -63.898828 -63.898828