-706.986930
-703.425459
-699.863989
-696.302518
-692.741047
-689.179577
-685.618106
-682.056635
-678.495165
-674.933694
-671.372223
-667.810753
-664.249282
-660.687811
-657.126341
-653.564870
-650.003399
-646.441929
-642.880458
-639.318987
-635.757517
-632.196046
-628.634575
-625.073105
-621.511634
-617.950163
-614.388693
-610.827222
-607.265751
-603.704281
-600.142810
-596.581339
-593.019868
-589.458398
-585.896927
-582.335456
-578.773986
-575.212515
-571.651044
-568.089574
-564.528103
-560.966632
-557.405162
-553.843691
-550.282220
-546.720750
-543.159279
-539.597808
-536.036338
-532.474867
-528.913396
-525.351926
-521.790455
-518.228984
-514.667514
-511.106043
-507.544572
-503.983102
-500.421631
-496.860160
-493.298690
-489.737219
-486.175748
-482.614278
-479.052807
-475.491336
-471.929866
-468.368395
-464.806924
-461.245454
-457.683983
-454.122512
-450.561042
-446.999571
-443.438100
-439.876629
-436.315159
-432.753688
-429.192217
-425.630747
-422.069276
-418.507805
-414.946335
-411.384864
-407.823393
-404.261923
-400.700452
-397.138981
-393.577511
-390.016040
-386.454569
-382.893099
-379.331628
-375.770157
-372.208687
-368.647216
-365.085745
-361.524275
-357.962804
-354.401333