0.076858 0.016187 0.060671 0.000000
0.062242 0.002628 0.059613 0.000000
0.072072 0.012267 0.059804 0.000000
0.099588 0.038570 0.061018 0.000000
0.076517 0.017195 0.059322 0.000000
0.082187 0.022463 0.059723 0.000000
0.076687 0.016377 0.060310 0.000000
0.078870 0.018588 0.060282 0.000000
0.079981 0.020230 0.059750 0.000000
0.080370 0.019992 0.060378 0.000000
0.063351 0.004017 0.059334 0.000000
0.089799 0.029079 0.060720 0.000000
0.076155 0.016460 0.059695 0.000000
0.071062 0.010694 0.060368 0.000000
0.083254 0.024347 0.058907 0.000000