  0.000000   0.000000   0.000000   0.000000   0.200000
  0.010000   0.000120   0.035389   6.782976   0.200000
  0.020000   0.000905   0.130007  11.870208   0.200000
  0.030000   0.002864   0.267633  15.409152   0.200000
  0.040000   0.006352   0.433521  17.547264   0.200000
  0.050000   0.011584   0.614400  18.432000   0.200000
  0.060000   0.018650   0.798474  18.210816   0.200000
  0.070000   0.027530   0.975421  17.031168   0.200000
  0.080000   0.038105   1.136394  15.040512   0.200000
  0.090000   0.050179   1.274020  12.386304   0.200000
  0.100000   0.063488   1.382400   9.216000   0.200000
  0.110000   0.077715   1.457111   5.677056   0.200000
  0.120000   0.092508   1.495204   1.916928   0.200000
  0.130000   0.107492   1.495204  -1.916928   0.200000
  0.140000   0.122285   1.457111  -5.677056   0.200000
  0.150000   0.136512   1.382400  -9.216000   0.200000
  0.160000   0.149821   1.274020 -12.386304   0.200000
  0.170000   0.161895   1.136394 -15.040512   0.200000
  0.180000   0.172470   0.975421 -17.031168   0.200000
  0.190000   0.181350   0.798474 -18.210816   0.200000
  0.200000   0.188416   0.614400 -18.432000   0.200000
  0.210000   0.193648   0.433521 -17.547264   0.200000
  0.220000   0.197136   0.267633 -15.409152   0.200000
  0.230000   0.199095   0.130007 -11.870208   0.200000
  0.240000   0.199880   0.035389  -6.782976   0.200000
  0.250000   0.200000   0.000000   0.000000   0.200000
  0.260000   0.200482   0.141558  27.131904   0.200000
  0.270000   0.203620   0.520028  47.480832   0.200000
  0.280000   0.211455   1.070531  61.636608   0.200000
  0.290000   0.225407   1.734083  70.189056   0.200000
  0.300000   0.246336   2.457600  73.728000   0.200000
  0.310000   0.274601   3.193897  72.843264   0.200000
  0.320000   0.310118   3.901686  68.124672   0.200000
  0.330000   0.352421   4.545577  60.162048   0.200000
  0.340000   0.400718   5.096079  49.545216   0.200000
  0.350000   0.453952   5.529600  36.864000   0.200000
  0.360000   0.510860   5.828444  22.708224   0.200000
  0.370000   0.570032   5.980815   7.667712   0.200000
  0.380000   0.629968   5.980815  -7.667712   0.200000
  0.390000   0.689140   5.828444 -22.708224   0.200000
  0.400000   0.746048   5.529600 -36.864000   0.200000
  0.410000   0.799282   5.096079 -49.545216   0.200000
  0.420000   0.847579   4.545577 -60.162048   0.200000
  0.430000   0.889882   3.901686 -68.124672   0.200000
  0.440000   0.925399   3.193897 -72.843264   0.200000
  0.450000   0.953664   2.457600 -73.728000   0.200000
  0.460000   0.974593   1.734083 -70.189056   0.200000
  0.470000   0.988545   1.070531 -61.636608   0.200000
  0.480000   0.996380   0.520028 -47.480832   0.200000
  0.490000   0.999518   0.141558 -27.131904   0.200000
  0.500000   1.000000   0.000000   0.000000   0.200000