  0.000000   0.000000   0.000000   0.000000   0.650000
  0.010000   0.000391   0.115016  22.044672   0.650000
  0.020000   0.002941   0.422523  38.578176   0.650000
  0.030000   0.009307   0.869806  50.079744   0.650000
  0.040000   0.020643   1.408942  57.028608   0.650000
  0.050000   0.037648   1.996800  59.904000   0.650000
  0.060000   0.060613   2.595041  59.185152   0.650000
  0.070000   0.089471   3.170120  55.351296   0.650000
  0.080000   0.123842   3.693281  48.881664   0.650000
  0.090000   0.163083   4.140564  40.255488   0.650000
  0.100000   0.206336   4.492800  29.952000   0.650000
  0.110000   0.252574   4.735611  18.450432   0.650000
  0.120000   0.300651   4.859412   6.230016   0.650000
  0.130000   0.349349   4.859412  -6.230016   0.650000
  0.140000   0.397426   4.735611 -18.450432   0.650000
  0.150000   0.443664   4.492800 -29.952000   0.650000
  0.160000   0.486917   4.140564 -40.255488   0.650000
  0.170000   0.526158   3.693281 -48.881664   0.650000
  0.180000   0.560529   3.170120 -55.351296   0.650000
  0.190000   0.589387   2.595041 -59.185152   0.650000
  0.200000   0.612352   1.996800 -59.904000   0.650000
  0.210000   0.629357   1.408942 -57.028608   0.650000
  0.220000   0.640693   0.869806 -50.079744   0.650000
  0.230000   0.647059   0.422523 -38.578176   0.650000
  0.240000   0.649609   0.115016 -22.044672   0.650000
  0.250000   0.650000   0.000000   0.000000   0.650000
  0.260000   0.650211   0.061932  11.870208   0.650000
  0.270000   0.651584   0.227512  20.772864   0.650000
  0.280000   0.655012   0.468357  26.966016   0.650000
  0.290000   0.661116   0.758661  30.707712   0.650000
  0.300000   0.670272   1.075200  32.256000   0.650000
  0.310000   0.682638   1.397330  31.868928   0.650000
  0.320000   0.698177   1.706988  29.804544   0.650000
  0.330000   0.716684   1.988690  26.320896   0.650000
  0.340000   0.737814   2.229535  21.676032   0.650000
  0.350000   0.761104   2.419200  16.128000   0.650000
  0.360000   0.786001   2.549944   9.934848   0.650000
  0.370000   0.811889   2.616607   3.354624   0.650000
  0.380000   0.838111   2.616607  -3.354624   0.650000
  0.390000   0.863999   2.549944  -9.934848   0.650000
  0.400000   0.888896   2.419200 -16.128000   0.650000
  0.410000   0.912186   2.229535 -21.676032   0.650000
  0.420000   0.933316   1.988690 -26.320896   0.650000
  0.430000   0.951823   1.706988 -29.804544   0.650000
  0.440000   0.967362   1.397330 -31.868928   0.650000
  0.450000   0.979728   1.075200 -32.256000   0.650000
  0.460000   0.988884   0.758661 -30.707712   0.650000
  0.470000   0.994988   0.468357 -26.966016   0.650000
  0.480000   0.998416   0.227512 -20.772864   0.650000
  0.490000   0.999789   0.061932 -11.870208   0.650000
  0.500000   1.000000  -0.000000   0.000000   0.650000