 -9.786862
-24.688817
-39.286510
-51.073256
-58.347285
-62.646981
-66.132437
-69.527029
-72.296250
-73.578777
-73.539124
-73.037272
-72.568164
-72.345306
-72.646449
-73.616704
-75.020233
-76.596588
-78.226049
-79.690642
-80.616546
-80.975598
-81.165837
-81.350428
-80.821115
-77.796618
-71.244558
-62.554129
-53.342591
-43.956571
-34.192315
-24.294834
-14.925659
 -6.151460
  2.445317
 10.829906
 17.805058
 21.951351
 23.791738
 24.852231
 25.669834
 25.360898
 22.338193
 16.532116
  9.544787
  2.458071
 -4.217422
 -9.367274
-11.681774
-11.618164
-10.696241
 -8.952632
-22.415355
-35.384756
-45.382489
-50.901672
-53.590746
-55.518531
-57.281572
-58.372803
-58.196735
-57.101798
-55.821637
-54.684928
-53.912364
-53.970368
-55.115046
-56.949013
-59.038557
-61.235611
-63.340609
-64.908025
-65.781306
-66.337073
-66.817271
-66.660469
-64.302677
-58.803039
-51.387181
-43.540627
-35.666750
-27.676698
-19.724177
-12.162570
 -4.947648
  2.206059
  9.161431
 14.846336
 18.116161
 19.514669
 20.358341
 21.085770
 20.935922
 18.523769
 13.718114
  7.853093
  1.882043
 -3.711013
 -7.949350
 -9.754062
 -9.579074
 -8.730906
 -8.389174
-20.314498
-31.607019
-39.809554
-43.556810
-44.573063
-44.855979
-44.919419
-44.324323
-42.733063
-40.617696
-38.551489
-36.707440
-35.342180
-35.145674
-36.497575
-38.814843
-41.464692
-44.257591
-47.005901
-49.199633
-50.572692
-51.484197
-52.240323
-52.413367
-50.673871
-46.221144
-40.132311
-33.725278
-27.413073
-21.188674
-15.134444
 -9.365020
 -3.754154
  1.879562
  7.342486
 11.728391
 14.162992
 15.160261
 15.794634
 16.405260
 16.371853
 14.551784
 10.783713
  6.120131
  1.354527
 -3.084795
 -6.388825
 -7.715688
 -7.481269
 -6.748610
 -7.825722
-18.213660
-27.829312
-34.236652
-36.211979
-35.555406
-34.193447
-32.557280
-30.275852
-27.269394
-24.133594
-21.281342
-18.729952
-16.771996
-16.320980
-17.880103
-20.680671
-23.890824
-27.279569
-30.671194
-33.491248
-35.364091
-36.631337
-37.663397
-38.166290
-37.045089
-33.639269
-28.877458
-23.909941
-19.159404
-14.700652
-10.544707
 -6.567461
 -2.560647
  1.553080
  5.523559
  8.610465
 10.209843
 10.805873
 11.230946
 11.724768
 11.807800
 10.579814
  7.849324
  4.387175
  0.827011
 -2.458584
 -4.828314
 -5.677328
 -5.383473
 -4.766316
 -6.991354
-15.940079
-23.927456
-28.545797
-28.766284
-26.499090
-23.579461
-20.311750
-16.352346
-11.887311
 -7.696241
 -4.065688
 -0.846704
  1.660954
  2.355105
  0.621558
 -2.609448
 -6.332785
-10.289113
-14.321123
-17.782666
-20.169723
-21.802493
-23.130163
-24.005574
-23.551089
-21.197698
-17.710463
-14.107935
-10.869551
 -8.185023
 -5.974065
 -3.804407
 -1.356883
  1.313767
  3.855025
  5.651677
  6.374579
  6.528725
  6.736975
  7.140628
  7.382758
  6.765338
  5.035281
  2.695447
  0.250952
 -1.952198
 -3.410394
 -3.749596
 -3.344339
 -2.800919