 -8.389174
-20.313943
-31.605101
-39.805516
-43.550224
-44.563615
-44.843141
-44.902491
-44.302713
-42.706453
-40.585699
-38.513352
-36.662096
-35.287909
-35.078822
-36.411823
-38.702459
-41.317024
-44.064034
-46.753782
-48.876379
-50.166079
-50.978127
-51.613098
-51.645383
-49.768582
-45.215346
-39.069733
-32.640132
-26.342671
-20.186274
-14.268635
 -8.718613
 -3.442336
  1.692283
  6.468039
 10.065948
 11.785324
 12.162818
 12.140066
 11.994686
 11.297555
  9.396611
  6.456873
  3.365471
  0.677347
 -1.388841
 -2.564231
 -2.734343
 -2.319670
 -1.815205