  0.000000   0.000000   0.000000 -31.280666
  0.010000   0.000000  -0.312807  46.829555
  0.020000  -0.003128   0.155489  71.245346
  0.030000  -0.001573   0.867942  77.014861
  0.040000   0.007106   1.638091  80.606546
  0.050000   0.023487   2.444156  79.269426
  0.060000   0.047929   3.236851  70.017360
  0.070000   0.080297   3.937024  56.428014
  0.080000   0.119667   4.501304  43.342033
  0.090000   0.164681   4.934725  32.087636
  0.100000   0.214028   5.255601  20.924510
  0.110000   0.266584   5.464846   9.706423
  0.120000   0.321232   5.561910  -0.431617
  0.130000   0.376851   5.557594 -10.483896
  0.140000   0.432427   5.452755 -24.056431
  0.150000   0.486955   5.212191 -41.446904
  0.160000   0.539077   4.797722 -56.895323
  0.170000   0.587054   4.228769 -66.547069
  0.180000   0.629342   3.563298 -70.959130
  0.190000   0.664975   2.853707 -71.071238
  0.200000   0.693512   2.142994 -65.990968
  0.210000   0.714942   1.483085 -56.123088
  0.220000   0.729772   0.921854 -44.901349
  0.230000   0.738991   0.472840 -34.777745
  0.240000   0.743719   0.125063 -24.793229
  0.250000   0.744970  -0.122869 -11.516964
  0.260000   0.743741  -0.238039   5.408111
  0.270000   0.741361  -0.183958  20.503668
  0.280000   0.739521   0.021079  29.747650
  0.290000   0.739732   0.318555  33.374206
  0.300000   0.742918   0.652297  32.925819
  0.310000   0.749441   0.981555  29.886730
  0.320000   0.759256   1.280423  25.936665
  0.330000   0.772060   1.539789  22.322531
  0.340000   0.787458   1.763015  19.166367
  0.350000   0.805089   1.954678  15.484309
  0.360000   0.824635   2.109521   9.407597
  0.370000   0.845731   2.203597   0.561855
  0.380000   0.867767   2.209216  -8.042141
  0.390000   0.889859   2.128795 -13.803538
  0.400000   0.911147   1.990759 -16.933056
  0.410000   0.931054   1.821429 -19.378592
  0.420000   0.949268   1.627643 -23.031904
  0.430000   0.965545   1.397324 -27.120322
  0.440000   0.979518   1.126120 -29.201144
  0.450000   0.990779   0.834109 -28.451025
  0.460000   0.999120   0.549599 -25.276296
  0.470000   1.004616   0.296836 -19.985838
  0.480000   1.007585   0.096977 -13.356465
  0.490000   1.008555  -0.036587  -7.260244
  0.500000   1.008189  -0.109190  -2.951112