  0.000000   0.000000   0.000000 -35.810530
  0.010000   0.000000  -0.358105  28.337953
  0.020000  -0.003581  -0.074726  43.366363
  0.030000  -0.004328   0.358938  43.234402
  0.040000  -0.000739   0.791282  44.590710
  0.050000   0.007174   1.237189  44.073279
  0.060000   0.019546   1.677922  36.934699
  0.070000   0.036325   2.047269  25.556738
  0.080000   0.056798   2.302836  15.502925
  0.090000   0.079826   2.457865  10.230780
  0.100000   0.104405   2.560173   7.689101
  0.110000   0.130006   2.637064   4.695936
  0.120000   0.156377   2.684024   0.689231
  0.130000   0.183217   2.690916  -4.338627
  0.140000   0.210126   2.647530 -11.420832
  0.150000   0.236602   2.533321 -20.359363
  0.160000   0.261935   2.329728 -28.391491
  0.170000   0.285232   2.045813 -33.677325
  0.180000   0.305690   1.709039 -36.315574
  0.190000   0.322781   1.345884 -36.289555
  0.200000   0.336240   0.982988 -32.733122
  0.210000   0.346069   0.655657 -26.398251
  0.220000   0.352626   0.391674 -20.001572
  0.230000   0.356543   0.191659 -14.746699
  0.240000   0.358459   0.044192  -8.184982
  0.250000   0.358901  -0.037658   5.108930
  0.260000   0.358525   0.013431  25.795158
  0.270000   0.358659   0.271383  45.453215
  0.280000   0.361373   0.725915  57.765658
  0.290000   0.368632   1.303572  63.241432
  0.300000   0.381668   1.935986  64.374666
  0.310000   0.401028   2.579733  61.979892
  0.320000   0.426825   3.199531  55.969416
  0.330000   0.458820   3.759226  47.936016
  0.340000   0.496412   4.238586  39.821698
  0.350000   0.538798   4.636803  31.278965
  0.360000   0.585166   4.949592  18.909352
  0.370000   0.634662   5.138686   0.880954
  0.380000   0.686049   5.147495 -17.698822
  0.390000   0.737524   4.970507 -31.241971
  0.400000   0.787229   4.658088 -39.550293
  0.410000   0.833810   4.262585 -46.241091
  0.420000   0.876436   3.800174 -54.736803
  0.430000   0.914438   3.252806 -63.032767
  0.440000   0.946966   2.622478 -66.412419
  0.450000   0.973190   1.958354 -63.846343
  0.460000   0.992774   1.319890 -56.588741
  0.470000   1.005973   0.754003 -45.311852
  0.480000   1.013513   0.300884 -31.267649
  0.490000   1.016522  -0.011792 -18.017697
  0.500000   1.016404  -0.191969  -8.276480