 -8.958136
-23.289009
-37.144784
-48.043829
-54.463049
-58.047884
-60.881885
-63.557584
-65.492510
-65.970653
-65.340010
-64.448457
-63.690983
-63.240108
-63.413372
-64.390211
-65.888952
-67.600033
-69.407080
-71.108868
-72.283988
-72.810015
-73.062731
-73.260044
-72.789694
-69.981551
-63.817446
-55.592259
-46.902589
-38.204321
-29.431087
-20.777721
-12.658021
 -5.074267
  2.213271
  9.006609
 14.219211
 16.819644
 17.466237
 17.456369
 17.199764
 16.119593
 13.347583
  9.165847
  4.818021
  1.048281
 -1.866751
 -3.562087
 -3.857883
 -3.313905
 -2.619630