 -7.783646
-19.057097
-29.567999
-36.878406
-39.757862
-40.009588
-39.571454
-38.863119
-37.431231
-35.076916
-32.405996
-29.951908
-27.796972
-26.180864
-25.861676
-27.263065
-29.736656
-32.580246
-35.597370
-38.612001
-41.073608
-42.639858
-43.653187
-44.463808
-44.727995
-43.234200
-39.225391
-33.693567
-27.905817
-22.335433
-17.064296
-12.126552
 -7.454748
 -2.883868
  1.639160
  5.825286
  8.891265
 10.257885
 10.490224
 10.450305
 10.367874
  9.837517
  8.235771
  5.664515
  2.916097
  0.516438
 -1.312359
 -2.319480
 -2.420031
 -2.016201
 -1.554059