  0.000000   0.000000   0.000000 -31.134582
  0.010000   0.000000  -0.311346  39.898155
  0.020000  -0.003113   0.087636  59.943304
  0.030000  -0.002237   0.687069  63.270603
  0.040000   0.004634   1.319775  65.846439
  0.050000   0.017831   1.978239  64.447482
  0.060000   0.037614   2.622714  55.640576
  0.070000   0.063841   3.179120  42.863816
  0.080000   0.095632   3.607758  31.424751
  0.090000   0.131710   3.922005  23.246056
  0.100000   0.170930   4.154466  15.910670
  0.110000   0.212474   4.313573   7.906451
  0.120000   0.255610   4.392637  -0.066899
  0.130000   0.299536   4.391968  -8.313533
  0.140000   0.343456   4.308833 -19.180707
  0.150000   0.386544   4.117026 -32.794678
  0.160000   0.427715   3.789079 -44.887576
  0.170000   0.465606   3.340203 -52.610020
  0.180000   0.499008   2.814103 -56.363255
  0.190000   0.527149   2.250471 -56.664642
  0.200000   0.549653   1.683824 -52.500210
  0.210000   0.566492   1.158822 -44.243445
  0.220000   0.578080   0.716388 -35.044297
  0.230000   0.585244   0.365945 -26.993579
  0.240000   0.588903   0.096009 -18.612193
  0.250000   0.589863  -0.090113  -5.498771
  0.260000   0.588962  -0.145101  13.153768
  0.270000   0.587511  -0.013563  30.642435
  0.280000   0.587375   0.292861  41.622182
  0.290000   0.590304   0.709083  46.106714
  0.300000   0.597395   1.170150  45.929515
  0.310000   0.609096   1.629445  42.640878
  0.320000   0.625391   2.055854  37.763442
  0.330000   0.645949   2.433489  32.725191
  0.340000   0.670284   2.760740  27.998475
  0.350000   0.697892   3.040725  22.504479
  0.360000   0.728299   3.265770  13.606558
  0.370000   0.760957   3.401836   0.569448
  0.380000   0.794975   3.407530 -12.334750
  0.390000   0.829050   3.284183 -21.189483
  0.400000   0.861892   3.072288 -26.179285
  0.410000   0.892615   2.810495 -30.117514
  0.420000   0.920720   2.509320 -35.719000
  0.430000   0.945813   2.152130 -41.753353
  0.440000   0.967334   1.734596 -44.653943
  0.450000   0.984680   1.288057 -43.329193
  0.460000   0.997561   0.854765 -38.464791
  0.470000   1.006109   0.470117 -30.526312
  0.480000   1.010810   0.164854 -20.598382
  0.490000   1.012458  -0.041130 -11.403064
  0.500000   1.012047  -0.155161  -4.828707