  0.000000   0.000000   0.000000 -35.978842
  0.010000   0.000000  -0.359788  31.781052
  0.020000  -0.003598  -0.041978  49.024753
  0.030000  -0.004018   0.448270  50.117857
  0.040000   0.000465   0.949448  51.987979
  0.050000   0.009960   1.469328  51.520401
  0.060000   0.024653   1.984532  44.178700
  0.070000   0.044498   2.426319  32.397943
  0.080000   0.068761   2.750298  21.499557
  0.090000   0.096264   2.965294  14.656350
  0.100000   0.125917   3.111858  10.182365
  0.110000   0.157036   3.213681   5.585980
  0.120000   0.189173   3.269541   0.510941
  0.130000   0.221868   3.274650  -5.409804
  0.140000   0.254615   3.220552 -13.850003
  0.150000   0.286820   3.082052 -24.696037
  0.160000   0.317641   2.835092 -34.424853
  0.170000   0.345991   2.490843 -40.684239
  0.180000   0.370900   2.084001 -43.649437
  0.190000   0.391740   1.647507 -43.516885
  0.200000   0.408215   1.212338 -39.487629
  0.210000   0.420338   0.817461 -32.337565
  0.220000   0.428513   0.494086 -24.925076
  0.230000   0.433454   0.244835 -18.627652
  0.240000   0.435902   0.058559 -11.252983
  0.250000   0.436488  -0.053971   2.130611
  0.260000   0.435948  -0.032665  21.942245
  0.270000   0.435621   0.186757  40.376097
  0.280000   0.437489   0.590518  51.795918
  0.290000   0.443394   1.108477  56.836945
  0.300000   0.454479   1.676847  57.852169
  0.310000   0.471247   2.255369  55.606849
  0.320000   0.493801   2.811437  50.065082
  0.330000   0.521915   3.312088  42.727028
  0.340000   0.555036   3.739358  35.377909
  0.350000   0.592430   4.093137  27.734709
  0.360000   0.633361   4.370484  16.790494
  0.370000   0.677066   4.538389   0.883000
  0.380000   0.722450   4.547219 -15.531595
  0.390000   0.767922   4.391903 -27.529018
  0.400000   0.811841   4.116613 -34.917477
  0.410000   0.853007   3.767438 -40.871928
  0.420000   0.890682   3.358719 -48.393013
  0.430000   0.924269   2.874789 -55.703217
  0.440000   0.953017   2.317757 -58.658372
  0.450000   0.976194   1.731173 -56.372223
  0.460000   0.993506   1.167451 -49.962205
  0.470000   1.005181   0.667829 -40.021658
  0.480000   1.011859   0.267612 -27.642924
  0.490000   1.014535  -0.008817 -15.954088
  0.500000   1.014447  -0.168358  -7.349982