  0.000000
-23.857147
-40.763182
-52.533370
-60.532534
-65.790530
-69.087415
-71.016157
-72.028726
-72.469856
-72.601685
-72.621644
-72.675332
-72.865694
-73.259454
-73.891510
-74.767830
-75.867221
-77.142251
-78.519533
-79.899486
-81.155659
-82.133645
-82.649542
-82.487885
-81.398884
-73.307508
-64.237955
-54.470178
-44.283704
-33.952284
-23.739037
-13.892270
 -4.642177
  3.801365
 11.249732
 17.535077
 22.508493
 26.037134
 28.001091
 28.291662
 26.813857
 23.497984
 18.328020
 11.398843
  3.020701
 -6.101521
-14.573590
-19.842385
-17.465872
  0.000114
  0.000000
-22.310843
-37.494388
-47.421608
-53.513575
-56.855836
-58.282470
-58.437695
-57.820853
-56.819070
-55.730795
-54.782586
-54.140884
-53.920096
-54.187922
-54.968650
-56.244942
-57.958476
-60.009724
-62.257047
-64.515207
-66.553343
-68.092380
-68.801768
-68.295350
-66.126034
-59.554497
-52.187493
-44.252664
-35.977259
-27.583802
-19.286149
-11.286105
 -3.770743
  3.089383
  9.140993
 14.247695
 18.288491
 21.155433
 22.751089
 22.987133
 21.786383
 19.092210
 14.891595
  9.261623
  2.454371
 -4.957444
-11.841006
-16.121908
-14.190996
  0.000114
  0.000000
-20.764538
-34.225594
-42.309845
-46.494616
-47.921142
-47.477525
-45.859232
-43.612979
-41.168283
-38.859905
-36.943527
-35.606437
-34.974499
-35.116390
-36.045791
-37.722054
-40.049731
-42.877197
-45.994561
-49.130928
-51.951026
-54.051114
-54.953995
-54.102815
-50.853185
-45.801486
-40.137030
-34.035149
-27.670814
-21.215320
-14.833262
 -8.679940
 -2.899309
  2.377401
  7.032255
 10.960314
 14.068489
 16.273732
 17.501087
 17.682604
 16.758908
 14.686436
 11.455169
  7.124403
  1.888041
 -3.813366
 -9.108423
-12.401431
-10.916120
  0.000114
  0.000000
-19.218234
-30.956800
-37.198082
-39.475656
-38.986448
-36.672580
-33.280770
-29.405105
-25.517497
-21.989015
-19.104469
-17.071989
-16.028901
-16.044858
-17.122931
-19.199166
-22.140986
-25.744670
-29.732075
-33.746649
-37.348709
-40.009848
-41.106221
-39.910280
-35.580335
-32.048475
-28.086567
-23.817634
-19.364369
-14.846838
-10.380374
 -6.073776
 -2.027875
  1.665419
  4.923516
  7.672933
  9.848487
 11.392031
 12.251084
 12.378075
 11.731434
 10.280662
  8.018744
  4.987183
  1.321711
 -2.669289
 -6.375840
 -8.680955
 -7.641244
  0.000114
  0.000000
-17.671930
-27.688006
-32.086319
-32.456697
-30.051754
-25.867635
-20.702308
-15.197232
 -9.866711
 -5.118125
 -1.265411
  1.462459
  2.916697
  3.026674
  1.799929
 -0.676278
 -4.232241
 -8.612142
-13.469589
-18.362370
-22.746392
-25.968583
-27.258448
-25.717745
-20.307485
-18.295463
-16.036104
-13.600119
-11.057925
 -8.478356
 -5.927486
 -3.467611
 -1.156440
  0.953437
  2.814777
  4.385552
  5.628485
  6.510330
  7.001082
  7.073546
  6.703959
  5.874888
  4.582318
  2.849963
  0.755381
 -1.525211
 -3.643257
 -4.960478
 -4.366368
  0.000114