135.847042 135.847042 135.847042 135.847042
134.350170 134.350170 134.350170 134.350170
132.853297 132.853297 132.853297 132.853297
131.356424 131.356424 131.356424 131.356424
129.859552 129.859552 129.859552 129.859552
128.362679 128.362679 128.362679 128.362679
126.865807 126.865807 126.865807 126.865807
125.368934 125.368934 125.368934 125.368934
123.872061 123.872061 123.872061 123.872061
122.375189 122.375189 122.375189 122.375189
120.878316 120.878316 120.878316 120.878316
119.381443 119.381443 119.381443 119.381443
117.884571 117.884571 117.884571 117.884571
116.387698 116.387698 116.387698 116.387698
114.890826 114.890826 114.890826 114.890826
113.393953 113.393953 113.393953 113.393953
111.897080 111.897080 111.897080 111.897080
110.400208 110.400208 110.400208 110.400208
108.903335 108.903335 108.903335 108.903335
107.406462 107.406462 107.406462 107.406462
105.909590 105.909590 105.909590 105.909590
104.412717 104.412717 104.412717 104.412717
102.915845 102.915845 102.915845 102.915845
101.418972 101.418972 101.418972 101.418972
 99.922099  99.922099  99.922099  99.922099
 98.425227  98.425227  98.425227  98.425227
 96.928354  96.928354  96.928354  96.928354
 95.431481  95.431481  95.431481  95.431481
 93.934609  93.934609  93.934609  93.934609
 92.437736  92.437736  92.437736  92.437736
 90.940864  90.940864  90.940864  90.940864
 89.443991  89.443991  89.443991  89.443991
 87.947118  87.947118  87.947118  87.947118
 86.450246  86.450246  86.450246  86.450246
 84.953373  84.953373  84.953373  84.953373
 83.456500  83.456500  83.456500  83.456500
 81.959628  81.959628  81.959628  81.959628
 80.462755  80.462755  80.462755  80.462755
 78.965883  78.965883  78.965883  78.965883
 77.469010  77.469010  77.469010  77.469010
 75.972137  75.972137  75.972137  75.972137
 74.475265  74.475265  74.475265  74.475265
 72.978392  72.978392  72.978392  72.978392
 71.481519  71.481519  71.481519  71.481519
 69.984647  69.984647  69.984647  69.984647
 68.487774  68.487774  68.487774  68.487774
 66.990902  66.990902  66.990902  66.990902
 65.494029  65.494029  65.494029  65.494029
 63.997156  63.997156  63.997156  63.997156
 62.500284  62.500284  62.500284  62.500284
 61.003411  61.003411  61.003411  61.003411
 59.506538  59.506538  59.506538  59.506538
 58.009666  58.009666  58.009666  58.009666
 56.512793  56.512793  56.512793  56.512793
 55.015921  55.015921  55.015921  55.015921
 53.519048  53.519048  53.519048  53.519048
 52.022175  52.022175  52.022175  52.022175
 50.525303  50.525303  50.525303  50.525303
 49.028430  49.028430  49.028430  49.028430
 47.531558  47.531558  47.531558  47.531558
 46.034685  46.034685  46.034685  46.034685
 44.537812  44.537812  44.537812  44.537812
 43.040940  43.040940  43.040940  43.040940
 41.544067  41.544067  41.544067  41.544067
 40.047194  40.047194  40.047194  40.047194
 38.550322  38.550322  38.550322  38.550322
 37.053449  37.053449  37.053449  37.053449
 35.556577  35.556577  35.556577  35.556577
 34.059704  34.059704  34.059704  34.059704
 32.562831  32.562831  32.562831  32.562831
 31.065959  31.065959  31.065959  31.065959
 29.569086  29.569086  29.569086  29.569086
 28.072213  28.072213  28.072213  28.072213
 26.575341  26.575341  26.575341  26.575341
 25.078468  25.078468  25.078468  25.078468
 23.581596  23.581596  23.581596  23.581596
 22.084723  22.084723  22.084723  22.084723
 20.587850  20.587850  20.587850  20.587850
 19.090978  19.090978  19.090978  19.090978
 17.594105  17.594105  17.594105  17.594105
 16.097232  16.097232  16.097232  16.097232
 14.600360  14.600360  14.600360  14.600360
 13.103487  13.103487  13.103487  13.103487
 11.606615  11.606615  11.606615  11.606615
 10.109742  10.109742  10.109742  10.109742
  8.612869   8.612869   8.612869   8.612869
  7.115997   7.115997   7.115997   7.115997
  5.619124   5.619124   5.619124   5.619124
  4.122251   4.122251   4.122251   4.122251
  2.625379   2.625379   2.625379   2.625379
  1.128506   1.128506   1.128506   1.128506
 -0.368366  -0.368366  -0.368366  -0.368366
 -1.865239  -1.865239  -1.865239  -1.865239
 -3.362112  -3.362112  -3.362112  -3.362112
 -4.858984  -4.858984  -4.858984  -4.858984
 -6.355857  -6.355857  -6.355857  -6.355857
 -7.852730  -7.852730  -7.852730  -7.852730
 -9.349602  -9.349602  -9.349602  -9.349602
-10.846475 -10.846475 -10.846475 -10.846475
-12.343347 -12.343347 -12.343347 -12.343347