0.000000 1.666667 0.000000
0.006667 1.666667 0.004000
0.013333 1.666667 0.008000
0.020000 1.666667 0.012000
0.026667 1.666667 0.016000
0.033333 1.666667 0.020000
0.040000 1.666667 0.024000
0.046667 1.666667 0.028000
0.053333 1.666667 0.032000
0.060000 1.666667 0.036000
0.066667 1.666667 0.040000
0.073333 1.666667 0.044000
0.080000 1.666667 0.048000
0.086667 1.666667 0.052000
0.093333 1.666667 0.056000
0.100000 1.666667 0.060000
0.106667 1.666667 0.064000
0.113333 1.666667 0.068000
0.120000 1.666667 0.072000
0.126667 1.666667 0.076000
0.133333 1.666667 0.080000
0.140000 1.666667 0.084000
0.146667 1.666667 0.088000
0.153333 1.666667 0.092000
0.160000 1.666667 0.096000
0.166667 1.666667 0.100000
0.173333 1.666667 0.104000
0.180000 1.666667 0.108000
0.186667 1.666667 0.112000
0.193333 1.666667 0.116000
0.200000 1.666667 0.120000
0.206667 1.666667 0.124000
0.213333 1.666667 0.128000
0.220000 1.666667 0.132000
0.226667 1.666667 0.136000
0.233333 1.666667 0.140000
0.240000 1.666667 0.144000
0.246667 1.666667 0.148000
0.253333 1.666667 0.152000
0.260000 1.666667 0.156000
0.266667 1.666667 0.160000
0.273333 1.666667 0.164000
0.280000 1.666667 0.168000
0.286667 1.666667 0.172000
0.293333 1.666667 0.176000
0.300000 1.666667 0.180000
0.306667 1.666667 0.184000
0.313333 1.666667 0.188000
0.320000 1.666667 0.192000
0.326667 1.666667 0.196000
0.333333 1.666667 0.200000
0.340000 1.666667 0.204000
0.346667 1.666667 0.208000
0.353333 1.666667 0.212000
0.360000 1.666667 0.216000
0.366667 1.666667 0.220000
0.373333 1.666667 0.224000
0.380000 1.666667 0.228000
0.386667 1.666667 0.232000
0.393333 1.666667 0.236000
0.400000 1.666667 0.240000
0.406667 1.666667 0.244000
0.413333 1.666667 0.248000
0.420000 1.666667 0.252000
0.426667 1.666667 0.256000
0.433333 1.666667 0.260000
0.440000 1.666667 0.264000
0.446667 1.666667 0.268000
0.453333 1.666667 0.272000
0.460000 1.666667 0.276000
0.466667 1.666667 0.280000
0.473333 1.666667 0.284000
0.480000 1.666667 0.288000
0.486667 1.666667 0.292000
0.493333 1.666667 0.296000
0.500000 1.666667 0.300000
0.506667 1.666667 0.304000
0.513333 1.666667 0.308000
0.520000 1.666667 0.312000
0.526667 1.666667 0.316000
0.533333 1.666667 0.320000
0.540000 1.666667 0.324000
0.546667 1.666667 0.328000
0.553333 1.666667 0.332000
0.560000 1.666667 0.336000
0.566667 1.666667 0.340000
0.573333 1.666667 0.344000
0.580000 1.666667 0.348000
0.586667 1.666667 0.352000
0.593333 1.666667 0.356000
0.600000 1.666667 0.360000
0.606667 1.666667 0.364000
0.613333 1.666667 0.368000
0.620000 1.666667 0.372000
0.626667 1.666667 0.376000
0.633333 1.666667 0.380000
0.640000 1.666667 0.384000
0.646667 1.666667 0.388000
0.653333 1.666667 0.392000
0.660000 1.666667 0.396000
0.666667 1.666667 0.400000
0.673333 1.666667 0.404000
0.680000 1.666667 0.408000
0.686667 1.666667 0.412000
0.693333 1.666667 0.416000
0.700000 1.666667 0.420000
0.706667 1.666667 0.424000
0.713333 1.666667 0.428000
0.720000 1.666667 0.432000
0.726667 1.666667 0.436000
0.733333 1.666667 0.440000
0.740000 1.666667 0.444000
0.746667 1.666667 0.448000
0.753333 1.666667 0.452000
0.760000 1.666667 0.456000
0.766667 1.666667 0.460000
0.773333 1.666667 0.464000
0.780000 1.666667 0.468000
0.786667 1.666667 0.472000
0.793333 1.666667 0.476000
0.800000 1.666667 0.480000
0.806667 1.666667 0.484000
0.813333 1.666667 0.488000
0.820000 1.666667 0.492000
0.826667 1.666667 0.496000
0.833333 1.666667 0.500000
0.840000 1.666667 0.504000
0.846667 1.666667 0.508000
0.853333 1.666667 0.512000
0.860000 1.666667 0.516000
0.866667 1.666667 0.520000
0.873333 1.666667 0.524000
0.880000 1.666667 0.528000
0.886667 1.666667 0.532000
0.893333 1.666667 0.536000
0.900000 1.666667 0.540000
0.906667 1.666667 0.544000
0.913333 1.666667 0.548000
0.920000 1.666667 0.552000
0.926667 1.666667 0.556000
0.933333 1.666667 0.560000
0.940000 1.666667 0.564000
0.946667 1.666667 0.568000
0.953333 1.666667 0.572000
0.960000 1.666667 0.576000
0.966667 1.666667 0.580000
0.973333 1.666667 0.584000
0.980000 1.666667 0.588000
0.986667 1.666667 0.592000
0.993333 1.666667 0.596000
0.998889 1.666667 0.600000
1.002222 0.000000 0.604000
1.002222 0.000000 0.608000
1.002222 0.000000 0.612000
1.002222 0.000000 0.616000
1.002222 0.000000 0.620000
1.002222 0.000000 0.624000
1.002222 0.000000 0.628000
1.002222 0.000000 0.632000
1.002222 0.000000 0.636000
1.002222 0.000000 0.640000
1.002222 0.000000 0.644000
1.002222 0.000000 0.648000
1.002222 0.000000 0.652000
1.002222 0.000000 0.656000
1.002222 0.000000 0.660000
1.002222 0.000000 0.664000
1.002222 0.000000 0.668000
1.002222 0.000000 0.672000
1.002222 0.000000 0.676000
1.002222 0.000000 0.680000
1.002222 0.000000 0.684000
1.002222 0.000000 0.688000
1.002222 0.000000 0.692000
1.002222 0.000000 0.696000
1.002222 0.000000 0.700000
1.002222 0.000000 0.704000
1.002222 0.000000 0.708000
1.002222 0.000000 0.712000
1.002222 0.000000 0.716000
1.002222 0.000000 0.720000
1.002222 0.000000 0.724000
1.002222 0.000000 0.728000
1.002222 0.000000 0.732000
1.002222 0.000000 0.736000
1.002222 0.000000 0.740000
1.002222 0.000000 0.744000
1.002222 0.000000 0.748000
1.002222 0.000000 0.752000
1.002222 0.000000 0.756000
1.002222 0.000000 0.760000
1.002222 0.000000 0.764000
1.002222 0.000000 0.768000
1.002222 0.000000 0.772000
1.002222 0.000000 0.776000
1.002222 0.000000 0.780000
1.002222 0.000000 0.784000
1.002222 0.000000 0.788000
1.002222 0.000000 0.792000
1.002222 0.000000 0.796000
1.002222 0.000000 0.800000
1.002222 0.000000 0.804000
1.002222 0.000000 0.808000
1.002222 0.000000 0.812000
1.002222 0.000000 0.816000
1.002222 0.000000 0.820000
1.002222 0.000000 0.824000
1.002222 0.000000 0.828000
1.002222 0.000000 0.832000
1.002222 0.000000 0.836000
1.002222 0.000000 0.840000
1.002222 0.000000 0.844000
1.002222 0.000000 0.848000
1.002222 0.000000 0.852000
1.002222 0.000000 0.856000
1.002222 0.000000 0.860000
1.002222 0.000000 0.864000
1.002222 0.000000 0.868000
1.002222 0.000000 0.872000
1.002222 0.000000 0.876000
1.002222 0.000000 0.880000
1.002222 0.000000 0.884000
1.002222 0.000000 0.888000
1.002222 0.000000 0.892000
1.002222 0.000000 0.896000
1.002222 0.000000 0.900000