0.543190 0.155066 0.388124 0.000000
0.583521 0.209580 0.373941 0.000000
0.566792 0.171207 0.395585 0.000000
0.547302 0.149707 0.397595 0.000000
0.561028 0.156234 0.404794 0.000000
0.446570 0.066059 0.380511 0.000000
0.443786 0.029943 0.413844 0.000000
0.531490 0.148807 0.382682 0.000000
0.522351 0.162649 0.359702 0.000000
0.494377 0.120505 0.373871 0.000000
0.423565 0.016383 0.407182 0.000000
0.460233 0.052046 0.408187 0.000000
0.448333 0.064732 0.383601 0.000000
0.427365 0.033852 0.393513 0.000000
0.490207 0.120756 0.369451 0.000000