 55.093152  55.093152  55.093152  55.093152
 57.249931  57.249931  57.249931  57.249931
 59.406711  59.406711  59.406711  59.406711
 61.563491  61.563491  61.563491  61.563491
 63.720270  63.720270  63.720270  63.720270
 65.877050  65.877050  65.877050  65.877050
 68.033830  68.033830  68.033830  68.033830
 70.190609  70.190609  70.190609  70.190609
 72.347389  72.347389  72.347389  72.347389
 74.504169  74.504169  74.504169  74.504169
 76.660948  76.660948  76.660948  76.660948
 78.817728  78.817728  78.817728  78.817728
 80.974507  80.974507  80.974507  80.974507
 83.131287  83.131287  83.131287  83.131287
 85.288067  85.288067  85.288067  85.288067
 87.444846  87.444846  87.444846  87.444846
 89.601626  89.601626  89.601626  89.601626
 91.758406  91.758406  91.758406  91.758406
 93.915185  93.915185  93.915185  93.915185
 96.071965  96.071965  96.071965  96.071965
 98.228745  98.228745  98.228745  98.228745
100.385524 100.385524 100.385524 100.385524
102.542304 102.542304 102.542304 102.542304
104.699084 104.699084 104.699084 104.699084
106.855863 106.855863 106.855863 106.855863
109.012643 109.012643 109.012643 109.012643
111.169423 111.169423 111.169423 111.169423
113.326202 113.326202 113.326202 113.326202
115.482982 115.482982 115.482982 115.482982
117.639762 117.639762 117.639762 117.639762
119.796541 119.796541 119.796541 119.796541
121.953321 121.953321 121.953321 121.953321
124.110101 124.110101 124.110101 124.110101
126.266880 126.266880 126.266880 126.266880
128.423660 128.423660 128.423660 128.423660
130.580440 130.580440 130.580440 130.580440
132.737219 132.737219 132.737219 132.737219
134.893999 134.893999 134.893999 134.893999
137.050779 137.050779 137.050779 137.050779
139.207558 139.207558 139.207558 139.207558
141.364338 141.364338 141.364338 141.364338
143.521118 143.521118 143.521118 143.521118
145.677897 145.677897 145.677897 145.677897
147.834677 147.834677 147.834677 147.834677
149.991456 149.991456 149.991456 149.991456
152.148236 152.148236 152.148236 152.148236
154.305016 154.305016 154.305016 154.305016
156.461795 156.461795 156.461795 156.461795
158.618575 158.618575 158.618575 158.618575
160.775355 160.775355 160.775355 160.775355
162.932134 162.932134 162.932134 162.932134
165.088914 165.088914 165.088914 165.088914
167.245694 167.245694 167.245694 167.245694
169.402473 169.402473 169.402473 169.402473
171.559253 171.559253 171.559253 171.559253
173.716033 173.716033 173.716033 173.716033
175.872812 175.872812 175.872812 175.872812
178.029592 178.029592 178.029592 178.029592
180.186372 180.186372 180.186372 180.186372
182.343151 182.343151 182.343151 182.343151
184.499931 184.499931 184.499931 184.499931
186.656711 186.656711 186.656711 186.656711
188.813490 188.813490 188.813490 188.813490
190.970270 190.970270 190.970270 190.970270
193.127050 193.127050 193.127050 193.127050
195.283829 195.283829 195.283829 195.283829
197.440609 197.440609 197.440609 197.440609
199.597389 199.597389 199.597389 199.597389
201.754168 201.754168 201.754168 201.754168
203.910948 203.910948 203.910948 203.910948
206.067728 206.067728 206.067728 206.067728
208.224507 208.224507 208.224507 208.224507
210.381287 210.381287 210.381287 210.381287
212.538067 212.538067 212.538067 212.538067
214.694846 214.694846 214.694846 214.694846
216.851626 216.851626 216.851626 216.851626
219.008405 219.008405 219.008405 219.008405
221.165185 221.165185 221.165185 221.165185
223.321965 223.321965 223.321965 223.321965
225.478744 225.478744 225.478744 225.478744
227.635524 227.635524 227.635524 227.635524
229.792304 229.792304 229.792304 229.792304
231.949083 231.949083 231.949083 231.949083
234.105863 234.105863 234.105863 234.105863
236.262643 236.262643 236.262643 236.262643
238.419422 238.419422 238.419422 238.419422
240.576202 240.576202 240.576202 240.576202
242.732982 242.732982 242.732982 242.732982
244.889761 244.889761 244.889761 244.889761
247.046541 247.046541 247.046541 247.046541
249.203321 249.203321 249.203321 249.203321
251.360100 251.360100 251.360100 251.360100
253.516880 253.516880 253.516880 253.516880
255.673660 255.673660 255.673660 255.673660
257.830439 257.830439 257.830439 257.830439
259.987219 259.987219 259.987219 259.987219
262.143999 262.143999 262.143999 262.143999
264.300778 264.300778 264.300778 264.300778
266.457558 266.457558 266.457558 266.457558
268.614338 268.614338 268.614338 268.614338