0.060346 0.000504 0.059841 0.000000
0.060154 0.000310 0.059844 0.000000
0.060244 0.000417 0.059828 0.000000
0.059926 0.000106 0.059820 0.000000
0.060681 0.000842 0.059839 0.000000
0.060132 0.000305 0.059827 0.000000
0.060238 0.000420 0.059817 0.000000
0.060026 0.000174 0.059851 0.000000
0.060435 0.000585 0.059850 0.000000
0.060748 0.000908 0.059840 0.000000
0.060091 0.000264 0.059827 0.000000
0.059925 0.000103 0.059822 0.000000
0.060509 0.000663 0.059847 0.000000
0.060727 0.000891 0.059836 0.000000
0.060103 0.000273 0.059830 0.000000