0.200000
0.206061
0.212121
0.218182
0.224242
0.230303
0.236364
0.242424
0.248485
0.254545
0.260606
0.266667
0.272727
0.278788
0.284848
0.290909
0.296970
0.303030
0.309091
0.315152
0.321212
0.327273
0.333333
0.339394
0.345455
0.351515
0.357576
0.363636
0.369697
0.375758
0.381818
0.387879
0.393939
0.400000
0.406061
0.412121
0.418182
0.424242
0.430303
0.436364
0.442424
0.448485
0.454545
0.460606
0.466667
0.472727
0.478788
0.484848
0.490909
0.496970
0.503030
0.509091
0.515152
0.521212
0.527273
0.533333
0.539394
0.545455
0.551515
0.557576
0.563636
0.569697
0.575758
0.581818
0.587879
0.593939
0.600000
0.606061
0.612121
0.618182
0.624242
0.630303
0.636364
0.642424
0.648485
0.654545
0.660606
0.666667
0.672727
0.678788
0.684848
0.690909
0.696970
0.703030
0.709091
0.715152
0.721212
0.727273
0.733333
0.739394
0.745455
0.751515
0.757576
0.763636
0.769697
0.775758
0.781818
0.787879
0.793939
0.800000