-31.307673
-31.186738
-31.065803
-30.944867
-30.823932
-30.702997
-30.582062
-30.461127
-30.340192
-30.219256
-30.098321
-29.977386
-29.856451
-29.735516
-29.614580
-29.493645
-29.372710
-29.251775
-29.130840
-29.009905
-28.888969
-28.768034
-28.647099
-28.526164
-28.405229
-28.284293
-28.163358
-28.042423
-27.921488
-27.800553
-27.679618
-27.558682
-27.437747
-27.316812
-27.195877
-27.074942
-26.954006
-26.833071
-26.712136
-26.591201
-26.470266
-26.349331
-26.228395
-26.107460
-25.986525
-25.865590
-25.744655
-25.623719
-25.502784
-25.381849
-25.260914
-25.139979
-25.019044
-24.898108
-24.777173
-24.656238
-24.535303
-24.414368
-24.293432
-24.172497
-24.051562
-23.930627
-23.809692
-23.688757
-23.567821
-23.446886
-23.325951
-23.205016
-23.084081
-22.963145
-22.842210
-22.721275
-22.600340
-22.479405
-22.358470
-22.237534
-22.116599
-21.995664
-21.874729
-21.753794
-21.632858
-21.511923
-21.390988
-21.270053
-21.149118
-21.028183
-20.907247
-20.786312
-20.665377
-20.544442
-20.423507
-20.302572
-20.181636
-20.060701
-19.939766
-19.818831
-19.697896
-19.576960
-19.456025
-19.335090