0.060757 0.001005 0.059752 0.000000
0.060356 0.000564 0.059792 0.000000
0.060455 0.000608 0.059847 0.000000
0.060093 0.000253 0.059840 0.000000
0.060690 0.000872 0.059819 0.000000
0.059985 0.000161 0.059824 0.000000
0.060284 0.000417 0.059868 0.000000
0.060384 0.000569 0.059815 0.000000
0.061332 0.001550 0.059782 0.000000
0.060144 0.000327 0.059817 0.000000
0.060221 0.000401 0.059820 0.000000
0.061083 0.001216 0.059867 0.000000
0.060971 0.001177 0.059795 0.000000
0.061130 0.001336 0.059795 0.000000
0.060587 0.000813 0.059774 0.000000