-90.811316 -90.811316 -90.811316 -90.811316
-89.876106 -89.876106 -89.876106 -89.876106
-88.940896 -88.940896 -88.940896 -88.940896
-88.005686 -88.005686 -88.005686 -88.005686
-87.070476 -87.070476 -87.070476 -87.070476
-86.135266 -86.135266 -86.135266 -86.135266
-85.200056 -85.200056 -85.200056 -85.200056
-84.264846 -84.264846 -84.264846 -84.264846
-83.329636 -83.329636 -83.329636 -83.329636
-82.394426 -82.394426 -82.394426 -82.394426
-81.459216 -81.459216 -81.459216 -81.459216
-80.524006 -80.524006 -80.524006 -80.524006
-79.588796 -79.588796 -79.588796 -79.588796
-78.653585 -78.653585 -78.653585 -78.653585
-77.718375 -77.718375 -77.718375 -77.718375
-76.783165 -76.783165 -76.783165 -76.783165
-75.847955 -75.847955 -75.847955 -75.847955
-74.912745 -74.912745 -74.912745 -74.912745
-73.977535 -73.977535 -73.977535 -73.977535
-73.042325 -73.042325 -73.042325 -73.042325
-72.107115 -72.107115 -72.107115 -72.107115
-71.171905 -71.171905 -71.171905 -71.171905
-70.236695 -70.236695 -70.236695 -70.236695
-69.301485 -69.301485 -69.301485 -69.301485
-68.366275 -68.366275 -68.366275 -68.366275
-67.431065 -67.431065 -67.431065 -67.431065
-66.495855 -66.495855 -66.495855 -66.495855
-65.560645 -65.560645 -65.560645 -65.560645
-64.625435 -64.625435 -64.625435 -64.625435
-63.690225 -63.690225 -63.690225 -63.690225
-62.755015 -62.755015 -62.755015 -62.755015
-61.819805 -61.819805 -61.819805 -61.819805
-60.884595 -60.884595 -60.884595 -60.884595
-59.949385 -59.949385 -59.949385 -59.949385
-59.014175 -59.014175 -59.014175 -59.014175
-58.078965 -58.078965 -58.078965 -58.078965
-57.143755 -57.143755 -57.143755 -57.143755
-56.208545 -56.208545 -56.208545 -56.208545
-55.273335 -55.273335 -55.273335 -55.273335
-54.338125 -54.338125 -54.338125 -54.338125
-53.402915 -53.402915 -53.402915 -53.402915
-52.467705 -52.467705 -52.467705 -52.467705
-51.532495 -51.532495 -51.532495 -51.532495
-50.597285 -50.597285 -50.597285 -50.597285
-49.662074 -49.662074 -49.662074 -49.662074
-48.726864 -48.726864 -48.726864 -48.726864
-47.791654 -47.791654 -47.791654 -47.791654
-46.856444 -46.856444 -46.856444 -46.856444
-45.921234 -45.921234 -45.921234 -45.921234
-44.986024 -44.986024 -44.986024 -44.986024
-44.050814 -44.050814 -44.050814 -44.050814
-43.115604 -43.115604 -43.115604 -43.115604
-42.180394 -42.180394 -42.180394 -42.180394
-41.245184 -41.245184 -41.245184 -41.245184
-40.309974 -40.309974 -40.309974 -40.309974
-39.374764 -39.374764 -39.374764 -39.374764
-38.439554 -38.439554 -38.439554 -38.439554
-37.504344 -37.504344 -37.504344 -37.504344
-36.569134 -36.569134 -36.569134 -36.569134
-35.633924 -35.633924 -35.633924 -35.633924
-34.698714 -34.698714 -34.698714 -34.698714
-33.763504 -33.763504 -33.763504 -33.763504
-32.828294 -32.828294 -32.828294 -32.828294
-31.893084 -31.893084 -31.893084 -31.893084
-30.957874 -30.957874 -30.957874 -30.957874
-30.022664 -30.022664 -30.022664 -30.022664
-29.087454 -29.087454 -29.087454 -29.087454
-28.152244 -28.152244 -28.152244 -28.152244
-27.217034 -27.217034 -27.217034 -27.217034
-26.281824 -26.281824 -26.281824 -26.281824
-25.346614 -25.346614 -25.346614 -25.346614
-24.411404 -24.411404 -24.411404 -24.411404
-23.476194 -23.476194 -23.476194 -23.476194
-22.540984 -22.540984 -22.540984 -22.540984
-21.605774 -21.605774 -21.605774 -21.605774
-20.670563 -20.670563 -20.670563 -20.670563
-19.735353 -19.735353 -19.735353 -19.735353
-18.800143 -18.800143 -18.800143 -18.800143
-17.864933 -17.864933 -17.864933 -17.864933
-16.929723 -16.929723 -16.929723 -16.929723
-15.994513 -15.994513 -15.994513 -15.994513
-15.059303 -15.059303 -15.059303 -15.059303
-14.124093 -14.124093 -14.124093 -14.124093
-13.188883 -13.188883 -13.188883 -13.188883
-12.253673 -12.253673 -12.253673 -12.253673
-11.318463 -11.318463 -11.318463 -11.318463
-10.383253 -10.383253 -10.383253 -10.383253
 -9.448043  -9.448043  -9.448043  -9.448043
 -8.512833  -8.512833  -8.512833  -8.512833
 -7.577623  -7.577623  -7.577623  -7.577623
 -6.642413  -6.642413  -6.642413  -6.642413
 -5.707203  -5.707203  -5.707203  -5.707203
 -4.771993  -4.771993  -4.771993  -4.771993
 -3.836783  -3.836783  -3.836783  -3.836783
 -2.901573  -2.901573  -2.901573  -2.901573
 -1.966363  -1.966363  -1.966363  -1.966363
 -1.031153  -1.031153  -1.031153  -1.031153
 -0.095943  -0.095943  -0.095943  -0.095943
  0.839267   0.839267   0.839267   0.839267
  1.774477   1.774477   1.774477   1.774477