0.080501 0.021274 0.059227 0.000000
0.071313 0.011647 0.059666 0.000000
0.071800 0.012154 0.059645 0.000000
0.073497 0.014031 0.059465 0.000000
0.062973 0.003044 0.059929 0.000000
0.062472 0.002527 0.059945 0.000000
0.067525 0.008638 0.058887 0.000000
0.065754 0.005249 0.060506 0.000000
0.073377 0.014384 0.058994 0.000000
0.082637 0.023225 0.059412 0.000000
0.065385 0.005975 0.059410 0.000000
0.071441 0.012725 0.058716 0.000000
0.089049 0.028599 0.060450 0.000000
0.065331 0.005671 0.059660 0.000000
0.076735 0.017928 0.058808 0.000000