0.390181 0.013990 0.376191 0.000000
0.393068 0.020629 0.372439 0.000000
0.400739 0.021499 0.379240 0.000000
0.399377 0.029241 0.370136 0.000000
0.414084 0.030797 0.383286 0.000000
0.389384 0.010745 0.378639 0.000000
0.395048 0.018029 0.377019 0.000000
0.402027 0.029344 0.372684 0.000000
0.403396 0.032618 0.370778 0.000000
0.383358 0.006152 0.377206 0.000000
0.399460 0.032010 0.367450 0.000000
0.401128 0.030828 0.370300 0.000000
0.389918 0.014764 0.375154 0.000000
0.386251 0.014642 0.371609 0.000000
0.417880 0.039986 0.377894 0.000000