 -1.105428
-15.223245
-21.898060
-25.801886
-22.853781
-18.337886
-11.486949
 -3.914905
  3.613256
 11.082860
 17.243712
 22.565990
 26.112402
 28.134328
 28.486592
 26.897536
 24.117673
 19.477297
 14.312675
  8.111289
  2.092098
 -3.167539
 -7.519041
 -7.648137
 -6.028152
 -2.156668
  0.488068
  0.290077
  0.055825
  0.022014
  0.013148
  0.009752
  0.007216
  0.005482
  0.004109
  0.003121
  0.002374
  0.001807
  0.001398
  0.001071
  0.000844
  0.000654
  0.000525
  0.000413
  0.000339
  0.000272
  0.000227
  0.000186
  0.000158
  0.000133
  0.000113