 -0.000000
-15.610191
-23.329614
-25.270635
-23.098085
-18.138829
-11.461042
 -3.931025
  3.746600
 11.001004
 17.376395
 22.520000
 26.175056
 28.177494
 28.455383
 27.030408
 24.020906
 19.646086
 14.231227
  8.213726
  2.150001
 -3.276637
 -7.246895
 -8.794750
 -6.794365
  0.056314
  0.041885
  0.031179
  0.023234
  0.017335
  0.012954
  0.009697
  0.007275
  0.005472
  0.004128
  0.003126
  0.002377
  0.001816
  0.001395
  0.001079
  0.000840
  0.000660
  0.000522
  0.000417
  0.000337
  0.000274
  0.000226
  0.000187
  0.000157
  0.000133
  0.000114