   0.442325   11.706303   37.018272   53.908431   53.979857   34.696392   -2.007707  -49.419119  -95.153359 -120.027815  -96.724066   10.743384   75.417868    0.530004   -0.162808   -0.093523   -0.053713   -0.030914   -0.017886   -0.010446   -0.006192   -0.003749   -0.002334   -0.001506   -0.001145
   7.355867   14.066936   35.123969   50.308379   50.344068   32.085203   -3.006399  -48.649027  -92.899800 -117.055352  -94.332670   10.670081   73.934278    0.519676   -0.160285   -0.092162   -0.052977   -0.030514   -0.017667   -0.010325   -0.006124   -0.003710   -0.002311   -0.001492   -0.001134
  14.269408   16.427569   33.229666   46.708327   46.708278   29.474014   -4.005092  -47.878935  -90.646242 -114.082890  -91.941275   10.596779   72.450687    0.509348   -0.157762   -0.090802   -0.052241   -0.030114   -0.017448   -0.010204   -0.006056   -0.003670   -0.002288   -0.001478   -0.001124
  21.182949   18.788201   31.335363   43.108276   43.072489   26.862825   -5.003784  -47.108844  -88.392683 -111.110427  -89.549880   10.523477   70.967096    0.499020   -0.155239   -0.089441   -0.051505   -0.029714   -0.017229   -0.010083   -0.005988   -0.003631   -0.002264   -0.001464   -0.001113
  28.096490   21.148834   29.441060   39.508224   39.436699   24.251636   -6.002477  -46.338752  -86.139124 -108.137964  -87.158485   10.450174   69.483506    0.488692   -0.152715   -0.088080   -0.050769   -0.029314   -0.017010   -0.009962   -0.005920   -0.003592   -0.002241   -0.001450   -0.001103
  35.010031   23.509467   27.546757   35.908173   35.800910   21.640447   -7.001169  -45.568660  -83.885565 -105.165502  -84.767090   10.376872   67.999915    0.478364   -0.150192   -0.086720   -0.050034   -0.028915   -0.016792   -0.009841   -0.005852   -0.003553   -0.002218   -0.001435   -0.001093
  41.923573   25.870100   25.652454   32.308121   32.165120   19.029258   -7.999862  -44.798568  -81.632007 -102.193039  -82.375694   10.303569   66.516324    0.468037   -0.147669   -0.085359   -0.049298   -0.028515   -0.016573   -0.009720   -0.005784   -0.003514   -0.002195   -0.001421   -0.001082
  48.837114   28.230732   23.758151   28.708070   28.529331   16.418069   -8.998555  -44.028476  -79.378448  -99.220577  -79.984299   10.230267   65.032734    0.457709   -0.145146   -0.083998   -0.048562   -0.028115   -0.016354   -0.009599   -0.005716   -0.003475   -0.002172   -0.001407   -0.001072
  55.750655   30.591365   21.863848   25.108018   24.893541   13.806880   -9.997247  -43.258385  -77.124889  -96.248114  -77.592904   10.156964   63.549143    0.447381   -0.142622   -0.082638   -0.047826   -0.027715   -0.016135   -0.009478   -0.005648   -0.003436   -0.002149   -0.001393   -0.001061
  62.664196   32.951998   19.969545   21.507967   21.257752   11.195691  -10.995940  -42.488293  -74.871331  -93.275652  -75.201509   10.083662   62.065553    0.437053   -0.140099   -0.081277   -0.047090   -0.027315   -0.015916   -0.009357   -0.005580   -0.003397   -0.002126   -0.001379   -0.001051
  69.577737   35.312631   18.075242   17.907915   17.621962    8.584502  -11.994632  -41.718201  -72.617772  -90.303189  -72.810113   10.010359   60.581962    0.426725   -0.137576   -0.079916   -0.046354   -0.026915   -0.015697   -0.009236   -0.005512   -0.003358   -0.002103   -0.001365   -0.001040
  76.491279   37.673263   16.180940   14.307863   13.986173    5.973313  -12.993325  -40.948109  -70.364213  -87.330727  -70.418718    9.937057   59.098371    0.416397   -0.135053   -0.078556   -0.045618   -0.026516   -0.015479   -0.009115   -0.005444   -0.003319   -0.002080   -0.001350   -0.001030
  83.404820   40.033896   14.286637   10.707812   10.350383    3.362124  -13.992017  -40.178017  -68.110655  -84.358264  -68.027323    9.863755   57.614781    0.406069   -0.132529   -0.077195   -0.044883   -0.026116   -0.015260   -0.008994   -0.005375   -0.003280   -0.002056   -0.001336   -0.001020
  90.318361   42.394529   12.392334    7.107760    6.714594    0.750935  -14.990710  -39.407926  -65.857096  -81.385802  -65.635928    9.790452   56.131190    0.395741   -0.130006   -0.075834   -0.044147   -0.025716   -0.015041   -0.008872   -0.005307   -0.003241   -0.002033   -0.001322   -0.001009
  97.231902   44.755162   10.498031    3.507709    3.078805   -1.860254  -15.989402  -38.637834  -63.603537  -78.413339  -63.244533    9.717150   54.647599    0.385414   -0.127483   -0.074474   -0.043411   -0.025316   -0.014822   -0.008751   -0.005239   -0.003201   -0.002010   -0.001308   -0.000999
 104.145443   47.115794    8.603728   -0.092343   -0.556985   -4.471443  -16.988095  -37.867742  -61.349979  -75.440877  -60.853137    9.643847   53.164009    0.375086   -0.124960   -0.073113   -0.042675   -0.024916   -0.014603   -0.008630   -0.005171   -0.003162   -0.001987   -0.001294   -0.000988
 111.058984   49.476427    6.709425   -3.692394   -4.192774   -7.082632  -17.986787  -37.097650  -59.096420  -72.468414  -58.461742    9.570545   51.680418    0.364758   -0.122437   -0.071753   -0.041939   -0.024517   -0.014385   -0.008509   -0.005103   -0.003123   -0.001964   -0.001280   -0.000978
 117.972526   51.837060    4.815122   -7.292446   -7.828564   -9.693821  -18.985480  -36.327558  -56.842861  -69.495952  -56.070347    9.497242   50.196827    0.354430   -0.119913   -0.070392   -0.041203   -0.024117   -0.014166   -0.008388   -0.005035   -0.003084   -0.001941   -0.001265   -0.000968
 124.886067   54.197692    2.920819  -10.892498  -11.464353  -12.305010  -19.984172  -35.557466  -54.589302  -66.523489  -53.678952    9.423940   48.713237    0.344102   -0.117390   -0.069031   -0.040467   -0.023717   -0.013947   -0.008267   -0.004967   -0.003045   -0.001918   -0.001251   -0.000957
 131.799608   56.558325    1.026516  -14.492549  -15.100143  -14.916199  -20.982865  -34.787375  -52.335744  -63.551027  -51.287556    9.350638   47.229646    0.333774   -0.114867   -0.067671   -0.039731   -0.023317   -0.013728   -0.008146   -0.004899   -0.003006   -0.001895   -0.001237   -0.000947
 138.713149   58.918958   -0.867787  -18.092601  -18.735932  -17.527388  -21.981557  -34.017283  -50.082185  -60.578564  -48.896161    9.277335   45.746056    0.323446   -0.112344   -0.066310   -0.038996   -0.022917   -0.013509   -0.008025   -0.004831   -0.002967   -0.001872   -0.001223   -0.000936
 145.626690   61.279591   -2.762090  -21.692652  -22.371722  -20.138577  -22.980250  -33.247191  -47.828626  -57.606102  -46.504766    9.204033   44.262465    0.313119   -0.109820   -0.064949   -0.038260   -0.022517   -0.013291   -0.007904   -0.004763   -0.002928   -0.001849   -0.001209   -0.000926
 152.540232   63.640223   -4.656393  -25.292704  -26.007511  -22.749765  -23.978942  -32.477099  -45.575068  -54.633639  -44.113371    9.130730   42.778874    0.302791   -0.107297   -0.063589   -0.037524   -0.022118   -0.013072   -0.007783   -0.004695   -0.002889   -0.001825   -0.001195   -0.000915
 159.453773   66.000856   -6.550696  -28.892755  -29.643301  -25.360954  -24.977635  -31.707007  -43.321509  -51.661177  -41.721976    9.057428   41.295284    0.292463   -0.104774   -0.062228   -0.036788   -0.021718   -0.012853   -0.007662   -0.004627   -0.002850   -0.001802   -0.001180   -0.000905
 166.367314   68.361489   -8.444999  -32.492807  -33.279090  -27.972143  -25.976327  -30.936916  -41.067950  -48.688714  -39.330580    8.984125   39.811693    0.282135   -0.102251   -0.060867   -0.036052   -0.021318   -0.012634   -0.007541   -0.004559   -0.002811   -0.001779   -0.001166   -0.000895
 173.280855   70.722122  -10.339302  -36.092858  -36.914880  -30.583332  -26.975020  -30.166824  -38.814392  -45.716252  -36.939185    8.910823   38.328102    0.271807   -0.099728   -0.059507   -0.035316   -0.020918   -0.012415   -0.007420   -0.004491   -0.002771   -0.001756   -0.001152   -0.000884
 180.194396   73.082754  -12.233605  -39.692910  -40.550669  -33.194521  -27.973712  -29.396732  -36.560833  -42.743789  -34.547790    8.837521   36.844512    0.261479   -0.097204   -0.058146   -0.034580   -0.020518   -0.012196   -0.007299   -0.004423   -0.002732   -0.001733   -0.001138   -0.000874
 187.107938   75.443387  -14.127908  -43.292962  -44.186459  -35.805710  -28.972405  -28.626640  -34.307274  -39.771327  -32.156395    8.764218   35.360921    0.251151   -0.094681   -0.056785   -0.033845   -0.020119   -0.011978   -0.007178   -0.004355   -0.002693   -0.001710   -0.001124   -0.000863
 194.021479   77.804020  -16.022210  -46.893013  -47.822248  -38.416899  -29.971098  -27.856548  -32.053716  -36.798864  -29.764999    8.690916   33.877330    0.240823   -0.092158   -0.055425   -0.033109   -0.019719   -0.011759   -0.007056   -0.004287   -0.002654   -0.001687   -0.001109   -0.000853
 200.935020   80.164652  -17.916513  -50.493065  -51.458037  -41.028088  -30.969790  -27.086456  -29.800157  -33.826401  -27.373604    8.617613   32.393740    0.230496   -0.089635   -0.054064   -0.032373   -0.019319   -0.011540   -0.006935   -0.004219   -0.002615   -0.001664   -0.001095   -0.000843
 207.848561   82.525285  -19.810816  -54.093116  -55.093827  -43.639277  -31.968483  -26.316365  -27.546598  -30.853939  -24.982209    8.544311   30.910149    0.220168   -0.087111   -0.052704   -0.031637   -0.018919   -0.011321   -0.006814   -0.004151   -0.002576   -0.001641   -0.001081   -0.000832
 214.762102   84.885918  -21.705119  -57.693168  -58.729616  -46.250466  -32.967175  -25.546273  -25.293039  -27.881476  -22.590814    8.471008   29.426559    0.209840   -0.084588   -0.051343   -0.030901   -0.018519   -0.011102   -0.006693   -0.004083   -0.002537   -0.001618   -0.001067   -0.000822
 221.675643   87.246551  -23.599422  -61.293219  -62.365406  -48.861655  -33.965868  -24.776181  -23.039481  -24.909014  -20.199419    8.397706   27.942968    0.199512   -0.082065   -0.049982   -0.030165   -0.018119   -0.010884   -0.006572   -0.004015   -0.002498   -0.001594   -0.001053   -0.000811
 228.589185   89.607183  -25.493725  -64.893271  -66.001195  -51.472844  -34.964560  -24.006089  -20.785922  -21.936551  -17.808023    8.324403   26.459377    0.189184   -0.079542   -0.048622   -0.029429   -0.017720   -0.010665   -0.006451   -0.003946   -0.002459   -0.001571   -0.001039   -0.000801
 235.502726   91.967816  -27.388028  -68.493322  -69.636985  -54.084033  -35.963253  -23.235997  -18.532363  -18.964089  -15.416628    8.251101   24.975787    0.178856   -0.077018   -0.047261   -0.028693   -0.017320   -0.010446   -0.006330   -0.003878   -0.002420   -0.001548   -0.001024   -0.000790
 242.416267   94.328449  -29.282331  -72.093374  -73.272774  -56.695222  -36.961945  -22.465906  -16.278805  -15.991626  -13.025233    8.177799   23.492196    0.168528   -0.074495   -0.045900   -0.027958   -0.016920   -0.010227   -0.006209   -0.003810   -0.002381   -0.001525   -0.001010   -0.000780
 249.329808   96.689082  -31.176634  -75.693426  -76.908564  -59.306411  -37.960638  -21.695814  -14.025246  -13.019164  -10.633838    8.104496   22.008605    0.158200   -0.071972   -0.044540   -0.027222   -0.016520   -0.010008   -0.006088   -0.003742   -0.002341   -0.001502   -0.000996   -0.000770
 256.243349   99.049714  -33.070937  -79.293477  -80.544353  -61.917600  -38.959330  -20.925722  -11.771687  -10.046701   -8.242442    8.031194   20.525015    0.147873   -0.069449   -0.043179   -0.026486   -0.016120   -0.009790   -0.005967   -0.003674   -0.002302   -0.001479   -0.000982   -0.000759
 263.156891  101.410347  -34.965240  -82.893529  -84.180143  -64.528789  -39.958023  -20.155630   -9.518129   -7.074239   -5.851047    7.957891   19.041424    0.137545   -0.066926   -0.041818   -0.025750   -0.015720   -0.009571   -0.005846   -0.003606   -0.002263   -0.001456   -0.000968   -0.000749
 270.070432  103.770980  -36.859543  -86.493580  -87.815932  -67.139978  -40.956715  -19.385538   -7.264570   -4.101776   -3.459652    7.884589   17.557834    0.127217   -0.064402   -0.040458   -0.025014   -0.015321   -0.009352   -0.005725   -0.003538   -0.002224   -0.001433   -0.000954   -0.000738
 276.983973  106.131613  -38.753846  -90.093632  -91.451722  -69.751167  -41.955408  -18.615447   -5.011011   -1.129314   -1.068257    7.811286   16.074243    0.116889   -0.061879   -0.039097   -0.024278   -0.014921   -0.009133   -0.005604   -0.003470   -0.002185   -0.001410   -0.000939   -0.000728
 283.897514  108.492245  -40.648149  -93.693683  -95.087511  -72.362356  -42.954100  -17.845355   -2.757453    1.843149    1.323138    7.737984   14.590652    0.106561   -0.059356   -0.037737   -0.023542   -0.014521   -0.008914   -0.005483   -0.003402   -0.002146   -0.001387   -0.000925   -0.000718
 290.811055  110.852878  -42.542452  -97.293735  -98.723301  -74.973545  -43.952793  -17.075263   -0.503894    4.815611    3.714534    7.664682   13.107062    0.096233   -0.056833   -0.036376   -0.022806   -0.014121   -0.008695   -0.005362   -0.003334   -0.002107   -0.001363   -0.000911   -0.000707
 297.724597  113.213511  -44.436755 -100.893787 -102.359090  -77.584734  -44.951485  -16.305171    1.749665    7.788074    6.105929    7.591379   11.623471    0.085905   -0.054309   -0.035015   -0.022071   -0.013721   -0.008477   -0.005240   -0.003266   -0.002068   -0.001340   -0.000897   -0.000697
 304.638138  115.574143  -46.331058 -104.493838 -105.994879  -80.195923  -45.950178  -15.535079    4.003224   10.760536    8.497324    7.518077   10.139880    0.075577   -0.051786   -0.033655   -0.021335   -0.013322   -0.008258   -0.005119   -0.003198   -0.002029   -0.001317   -0.000883   -0.000686
 311.551679  117.934776  -48.225360 -108.093890 -109.630669  -82.807112  -46.948870  -14.764987    6.256782   13.732999   10.888719    7.444774    8.656290    0.065250   -0.049263   -0.032294   -0.020599   -0.012922   -0.008039   -0.004998   -0.003130   -0.001990   -0.001294   -0.000869   -0.000676
 318.465220  120.295409  -50.119663 -111.693941 -113.266458  -85.418301  -47.947563  -13.994896    8.510341   16.705461   13.280115    7.371472    7.172699    0.054922   -0.046740   -0.030933   -0.019863   -0.012522   -0.007820   -0.004877   -0.003062   -0.001951   -0.001271   -0.000854   -0.000665
 325.378761  122.656042  -52.013966 -115.293993 -116.902248  -88.029490  -48.946255  -13.224804   10.763900   19.677924   15.671510    7.298169    5.689108    0.044594   -0.044217   -0.029573   -0.019127   -0.012122   -0.007601   -0.004756   -0.002994   -0.001912   -0.001248   -0.000840   -0.000655
 332.292302  125.016674  -53.908269 -118.894044 -120.538037  -90.640679  -49.944948  -12.454712   13.017458   22.650386   18.062905    7.224867    4.205518    0.034266   -0.041693   -0.028212   -0.018391   -0.011722   -0.007383   -0.004635   -0.002926   -0.001872   -0.001225   -0.000826   -0.000645
 339.205844  127.377307  -55.802572 -122.494096 -124.173827  -93.251868  -50.943641  -11.684620   15.271017   25.622849   20.454300    7.151565    2.721927    0.023938   -0.039170   -0.026851   -0.017655   -0.011322   -0.007164   -0.004514   -0.002858   -0.001833   -0.001202   -0.000812   -0.000634
 346.119385  129.737940  -57.696875 -126.094147 -127.809616  -95.863057  -51.942333  -10.914528   17.524576   28.595311   22.845695    7.078262    1.238337    0.013610   -0.036647   -0.025491   -0.016920   -0.010923   -0.006945   -0.004393   -0.002790   -0.001794   -0.001179   -0.000798   -0.000624
 353.032926  132.098573  -59.591178 -129.694199 -131.445406  -98.474245  -52.941026  -10.144437   19.778134   31.567774   25.237091    7.004960   -0.245254    0.003282   -0.034124   -0.024130   -0.016184   -0.010523   -0.006726   -0.004272   -0.002722   -0.001755   -0.001156   -0.000784   -0.000613
 359.946467  134.459205  -61.485481 -133.294251 -135.081195 -101.085434  -53.939718   -9.374345   22.031693   34.540236   27.628486    6.931657   -1.728845   -0.007046   -0.031600   -0.022769   -0.015448   -0.010123   -0.006507   -0.004151   -0.002654   -0.001716   -0.001132   -0.000769   -0.000603
 366.860008  136.819838  -63.379784 -136.894302 -138.716985 -103.696623  -54.938411   -8.604253   24.285252   37.512699   30.019881    6.858355   -3.212435   -0.017373   -0.029077   -0.021409   -0.014712   -0.009723   -0.006289   -0.004030   -0.002586   -0.001677   -0.001109   -0.000755   -0.000593
 373.773550  139.180471  -65.274087 -140.494354 -142.352774 -106.307812  -55.937103   -7.834161   26.538810   40.485161   32.411276    6.785052   -4.696026   -0.027701   -0.026554   -0.020048   -0.013976   -0.009323   -0.006070   -0.003909   -0.002517   -0.001638   -0.001086   -0.000741   -0.000582
 380.687091  141.541104  -67.168390 -144.094405 -145.988564 -108.919001  -56.935796   -7.064069   28.792369   43.457624   34.802672    6.711750   -6.179617   -0.038029   -0.024031   -0.018688   -0.013240   -0.008924   -0.005851   -0.003788   -0.002449   -0.001599   -0.001063   -0.000727   -0.000572
 387.600632  143.901736  -69.062693 -147.694457 -149.624353 -111.530190  -57.934488   -6.293977   31.045928   46.430087   37.194067    6.638448   -7.663207   -0.048357   -0.021508   -0.017327   -0.012504   -0.008524   -0.005632   -0.003667   -0.002381   -0.001560   -0.001040   -0.000713   -0.000561
 394.514173  146.262369  -70.956996 -151.294508 -153.260143 -114.141379  -58.933181   -5.523886   33.299487   49.402549   39.585462    6.565145   -9.146798   -0.058685   -0.018984   -0.015966   -0.011768   -0.008124   -0.005413   -0.003546   -0.002313   -0.001521   -0.001017   -0.000699   -0.000551
 401.427714  148.623002  -72.851299 -154.894560 -156.895932 -116.752568  -59.931873   -4.753794   35.553045   52.375012   41.976857    6.491843  -10.630389   -0.069013   -0.016461   -0.014606   -0.011033   -0.007724   -0.005194   -0.003424   -0.002245   -0.001482   -0.000994   -0.000684   -0.000540
 408.341256  150.983634  -74.745602 -158.494612 -160.531722 -119.363757  -60.930566   -3.983702   37.806604   55.347474   44.368252    6.418540  -12.113979   -0.079341   -0.013938   -0.013245   -0.010297   -0.007324   -0.004976   -0.003303   -0.002177   -0.001442   -0.000971   -0.000670   -0.000530
 415.254797  153.344267  -76.639905 -162.094663 -164.167511 -121.974946  -61.929258   -3.213610   40.060163   58.319937   46.759648    6.345238  -13.597570   -0.089669   -0.011415   -0.011884   -0.009561   -0.006924   -0.004757   -0.003182   -0.002109   -0.001403   -0.000948   -0.000656   -0.000520
 422.168338  155.704900  -78.534208 -165.694715 -167.803300 -124.586135  -62.927951   -2.443518   42.313721   61.292399   49.151043    6.271935  -15.081160   -0.099996   -0.008891   -0.010524   -0.008825   -0.006525   -0.004538   -0.003061   -0.002041   -0.001364   -0.000925   -0.000642   -0.000509
 429.081879  158.065533  -80.428511 -169.294766 -171.439090 -127.197324  -63.926643   -1.673427   44.567280   64.264862   51.542438    6.198633  -16.564751   -0.110324   -0.006368   -0.009163   -0.008089   -0.006125   -0.004319   -0.002940   -0.001973   -0.001325   -0.000901   -0.000628   -0.000499
 435.995420  160.426165  -82.322813 -172.894818 -175.074879 -129.808513  -64.925336   -0.903335   46.820839   67.237324   53.933833    6.125330  -18.048342   -0.120652   -0.003845   -0.007802   -0.007353   -0.005725   -0.004100   -0.002819   -0.001905   -0.001286   -0.000878   -0.000614   -0.000488
 442.908961  162.786798  -84.217116 -176.494869 -178.710669 -132.419702  -65.924028   -0.133243   49.074397   70.209787   56.325229    6.052028  -19.531932   -0.130980   -0.001322   -0.006442   -0.006617   -0.005325   -0.003882   -0.002698   -0.001837   -0.001247   -0.000855   -0.000599   -0.000478
 449.822503  165.147431  -86.111419 -180.094921 -182.346458 -135.030891  -66.922721    0.636849   51.327956   73.182249   58.716624    5.978726  -21.015523   -0.141308    0.001202   -0.005081   -0.005882   -0.004925   -0.003663   -0.002577   -0.001769   -0.001208   -0.000832   -0.000585   -0.000468
 456.736044  167.508064  -88.005722 -183.694972 -185.982248 -137.642080  -67.921413    1.406941   53.581515   76.154712   61.108019    5.905423  -22.499114   -0.151636    0.003725   -0.003720   -0.005146   -0.004526   -0.003444   -0.002456   -0.001701   -0.001169   -0.000809   -0.000571   -0.000457
 463.649585  169.868696  -89.900025 -187.295024 -189.618037 -140.253269  -68.920106    2.177032   55.835073   79.127174   63.499414    5.832121  -23.982704   -0.161964    0.006248   -0.002360   -0.004410   -0.004126   -0.003225   -0.002335   -0.001633   -0.001130   -0.000786   -0.000557   -0.000447
 470.563126  172.229329  -91.794328 -190.895076 -193.253827 -142.864458  -69.918799    2.947124   58.088632   82.099637   65.890809    5.758818  -25.466295   -0.172291    0.008771   -0.000999   -0.003674   -0.003726   -0.003006   -0.002214   -0.001565   -0.001091   -0.000763   -0.000543   -0.000436
 477.476667  174.589962  -93.688631 -194.495127 -196.889616 -145.475647  -70.917491    3.717216   60.342191   85.072099   68.282205    5.685516  -26.949886   -0.182619    0.011294    0.000361   -0.002938   -0.003326   -0.002788   -0.002093   -0.001497   -0.001052   -0.000740   -0.000529   -0.000426
 484.390209  176.950594  -95.582934 -198.095179 -200.525406 -148.086836  -71.916184    4.487308   62.595750   88.044562   70.673600    5.612213  -28.433476   -0.192947    0.013818    0.001722   -0.002202   -0.002926   -0.002569   -0.001972   -0.001429   -0.001012   -0.000717   -0.000514   -0.000416
 491.303750  179.311227  -97.477237 -201.695230 -204.161195 -150.698025  -72.914876    5.257400   64.849308   91.017024   73.064995    5.538911  -29.917067   -0.203275    0.016341    0.003083   -0.001466   -0.002526   -0.002350   -0.001851   -0.001361   -0.000973   -0.000694   -0.000500   -0.000405
 498.217291  181.671860  -99.371540 -205.295282 -207.796985 -153.309214  -73.913569    6.027492   67.102867   93.989487   75.456390    5.465609  -31.400657   -0.213603    0.018864    0.004443   -0.000730   -0.002127   -0.002131   -0.001730   -0.001293   -0.000934   -0.000670   -0.000486   -0.000395
 505.130832  184.032493 -101.265843 -208.895333 -211.432774 -155.920403  -74.912261    6.797583   69.356426   96.961949   77.847786    5.392306  -32.884248   -0.223931    0.021387    0.005804    0.000005   -0.001727   -0.001912   -0.001608   -0.001225   -0.000895   -0.000647   -0.000472   -0.000384
 512.044373  186.393125 -103.160146 -212.495385 -215.068564 -158.531592  -75.910954    7.567675   71.609984   99.934412   80.239181    5.319004  -34.367839   -0.234259    0.023911    0.007165    0.000741   -0.001327   -0.001693   -0.001487   -0.001157   -0.000856   -0.000624   -0.000458   -0.000374
 518.957915  188.753758 -105.054449 -216.095437 -218.704353 -161.142781  -76.909646    8.337767   73.863543  102.906874   82.630576    5.245701  -35.851429   -0.244587    0.026434    0.008525    0.001477   -0.000927   -0.001475   -0.001366   -0.001088   -0.000817   -0.000601   -0.000444   -0.000363
 525.871456  191.114391 -106.948752 -219.695488 -222.340142 -163.753970  -77.908339    9.107859   76.117102  105.879337   85.021971    5.172399  -37.335020   -0.254914    0.028957    0.009886    0.002213   -0.000527   -0.001256   -0.001245   -0.001020   -0.000778   -0.000578   -0.000429   -0.000353
 532.784997  193.475024 -108.843055 -223.295540 -225.975932 -166.365159  -78.907031    9.877951   78.370660  108.851799   87.413366    5.099096  -38.818611   -0.265242    0.031480    0.011247    0.002949   -0.000127   -0.001037   -0.001124   -0.000952   -0.000739   -0.000555   -0.000415   -0.000343
 539.698538  195.835656 -110.737358 -226.895591 -229.611721 -168.976348  -79.905724   10.648042   80.624219  111.824262   89.804762    5.025794  -40.302201   -0.275570    0.034003    0.012607    0.003685    0.000272   -0.000818   -0.001003   -0.000884   -0.000700   -0.000532   -0.000401   -0.000332
 546.612079  198.196289 -112.631661 -230.495643 -233.247511 -171.587537  -80.904416   11.418134   82.877778  114.796724   92.196157    4.952492  -41.785792   -0.285898    0.036527    0.013968    0.004421    0.000672   -0.000599   -0.000882   -0.000816   -0.000661   -0.000509   -0.000387   -0.000322
 553.525620  200.556922 -114.525963 -234.095694 -236.883300 -174.198726  -81.903109   12.188226   85.131336  117.769187   94.587552    4.879189  -43.269383   -0.296226    0.039050    0.015329    0.005157    0.001072   -0.000381   -0.000761   -0.000748   -0.000622   -0.000486   -0.000373   -0.000311
 560.439162  202.917555 -116.420266 -237.695746 -240.519090 -176.809914  -82.901801   12.958318   87.384895  120.741649   96.978947    4.805887  -44.752973   -0.306554    0.041573    0.016689    0.005892    0.001472   -0.000162   -0.000640   -0.000680   -0.000582   -0.000462   -0.000359   -0.000301
 567.352703  205.278187 -118.314569 -241.295797 -244.154879 -179.421103  -83.900494   13.728410   89.638454  123.714112   99.370343    4.732584  -46.236564   -0.316882    0.044096    0.018050    0.006628    0.001872    0.000057   -0.000519   -0.000612   -0.000543   -0.000439   -0.000344   -0.000291
 574.266244  207.638820 -120.208872 -244.895849 -247.790669 -182.032292  -84.899186   14.498502   91.892013  126.686575  101.761738    4.659282  -47.720154   -0.327210    0.046620    0.019410    0.007364    0.002271    0.000276   -0.000398   -0.000544   -0.000504   -0.000416   -0.000330   -0.000280
 581.179785  209.999453 -122.103175 -248.495901 -251.426458 -184.643481  -85.897879   15.268593   94.145571  129.659037  104.153133    4.585979  -49.203745   -0.337537    0.049143    0.020771    0.008100    0.002671    0.000495   -0.000277   -0.000476   -0.000465   -0.000393   -0.000316   -0.000270
 588.093326  212.360085 -123.997478 -252.095952 -255.062248 -187.254670  -86.896571   16.038685   96.399130  132.631500  106.544528    4.512677  -50.687336   -0.347865    0.051666    0.022132    0.008836    0.003071    0.000714   -0.000156   -0.000408   -0.000426   -0.000370   -0.000302   -0.000259
 595.006868  214.720718 -125.891781 -255.696004 -258.698037 -189.865859  -87.895264   16.808777   98.652689  135.603962  108.935923    4.439374  -52.170926   -0.358193    0.054189    0.023492    0.009572    0.003471    0.000932   -0.000035   -0.000340   -0.000387   -0.000347   -0.000288   -0.000249
 601.920409  217.081351 -127.786084 -259.296055 -262.333827 -192.477048  -88.893956   17.578869  100.906247  138.576425  111.327319    4.366072  -53.654517   -0.368521    0.056712    0.024853    0.010308    0.003871    0.001151    0.000086   -0.000272   -0.000348   -0.000324   -0.000274   -0.000238
 608.833950  219.441984 -129.680387 -262.896107 -265.969616 -195.088237  -89.892649   18.348961  103.159806  141.548887  113.718714    4.292770  -55.138108   -0.378849    0.059236    0.026214    0.011043    0.004271    0.001370    0.000208   -0.000204   -0.000309   -0.000301   -0.000259   -0.000228
 615.747491  221.802616 -131.574690 -266.496158 -269.605406 -197.699426  -90.891342   19.119052  105.413365  144.521350  116.110109    4.219467  -56.621698   -0.389177    0.061759    0.027574    0.011779    0.004670    0.001589    0.000329   -0.000136   -0.000270   -0.000278   -0.000245   -0.000218
 622.661032  224.163249 -133.468993 -270.096210 -273.241195 -200.310615  -91.890034   19.889144  107.666923  147.493812  118.501504    4.146165  -58.105289   -0.399505    0.064282    0.028935    0.012515    0.005070    0.001808    0.000450   -0.000068   -0.000231   -0.000255   -0.000231   -0.000207
 629.574574  226.523882 -135.363296 -273.696261 -276.876984 -202.921804  -92.888727   20.659236  109.920482  150.466275  120.892900    4.072862  -59.588880   -0.409833    0.066805    0.030296    0.013251    0.005470    0.002026    0.000571    0.000000   -0.000192   -0.000231   -0.000217   -0.000197
 636.488115  228.884515 -137.257599 -277.296313 -280.512774 -205.532993  -93.887419   21.429328  112.174041  153.438737  123.284295    3.999560  -61.072470   -0.420160    0.069329    0.031656    0.013987    0.005870    0.002245    0.000692    0.000068   -0.000153   -0.000208   -0.000203   -0.000186
 643.401656  231.245147 -139.151902 -280.896365 -284.148563 -208.144182  -94.886112   22.199420  114.427599  156.411200  125.675690    3.926257  -62.556061   -0.430488    0.071852    0.033017    0.014723    0.006270    0.002464    0.000813    0.000136   -0.000113   -0.000185   -0.000189   -0.000176
 650.315197  233.605780 -141.046205 -284.496416 -287.784353 -210.755371  -95.884804   22.969512  116.681158  159.383662  128.067085    3.852955  -64.039651   -0.440816    0.074375    0.034377    0.015459    0.006669    0.002683    0.000934    0.000204   -0.000074   -0.000162   -0.000174   -0.000166
 657.228738  235.966413 -142.940508 -288.096468 -291.420142 -213.366560  -96.883497   23.739603  118.934717  162.356125  130.458480    3.779653  -65.523242   -0.451144    0.076898    0.035738    0.016195    0.007069    0.002902    0.001055    0.000272   -0.000035   -0.000139   -0.000160   -0.000155
 664.142279  238.327046 -144.834811 -291.696519 -295.055932 -215.977749  -97.882189   24.509695  121.188276  165.328587  132.849876    3.706350  -67.006833   -0.461472    0.079422    0.037099    0.016930    0.007469    0.003120    0.001176    0.000341    0.000004   -0.000116   -0.000146   -0.000145
 671.055821  240.687678 -146.729113 -295.296571 -298.691721 -218.588938  -98.880882   25.279787  123.441834  168.301050  135.241271    3.633048  -68.490423   -0.471800    0.081945    0.038459    0.017666    0.007869    0.003339    0.001297    0.000409    0.000043   -0.000093   -0.000132   -0.000134
 677.969362  243.048311 -148.623416 -298.896622 -302.327511 -221.200127  -99.879574   26.049879  125.695393  171.273512  137.632666    3.559745  -69.974014   -0.482128    0.084468    0.039820    0.018402    0.008269    0.003558    0.001418    0.000477    0.000082   -0.000070   -0.000118   -0.000124
 684.882903  245.408944 -150.517719 -302.496674 -305.963300 -223.811316 -100.878267   26.819971  127.948952  174.245975  140.024061    3.486443  -71.457605   -0.492456    0.086991    0.041181    0.019138    0.008669    0.003777    0.001539    0.000545    0.000121   -0.000047   -0.000104   -0.000113