  1.105428
  8.658332
 15.333971
 19.444886
 21.993706
 24.361944
 25.829038
 24.922536
 22.666979
 20.438316
 18.070316
 14.844018
 11.021489
  7.180476
  3.382682
 -0.426159
 -4.219104
 -8.012043
-11.732999
-15.008498
-17.779337
-20.470566
-23.123422
-25.157686
-26.358053
-27.364321
-28.375886
-28.802715
-28.274773
-27.446861
-26.646312
-25.432723
-23.397079
-21.028889
-18.675217
-16.149849
-13.215790
-10.075322
 -6.908009
 -3.815186
 -1.008008
  1.616343
  4.303049
  6.703799
  7.813970
  7.797278
  7.482443
  6.758735
  5.148746
  3.117916
  1.269933
 -0.125419
 -0.613365
 -0.411954
 -0.181990
 -0.077028
 -0.039830
 -0.025497
 -0.018464
 -0.014334
 -0.011776
 -0.010238
 -0.008962
 -0.007662
 -0.006522
 -0.005715
 -0.005032
 -0.004329
 -0.003692
 -0.003235
 -0.002862
 -0.002480
 -0.002124
 -0.001863
 -0.001657
 -0.001449
 -0.001249
 -0.001098
 -0.000982
 -0.000867
 -0.000755
 -0.000667
 -0.000600
 -0.000536
 -0.000471
 -0.000419
 -0.000380
 -0.000343
 -0.000306
 -0.000274
 -0.000251
 -0.000229
 -0.000206
 -0.000187
 -0.000172
 -0.000159
 -0.000145
 -0.000133
 -0.000123
 -0.000113