-81.185381
-79.271633
-77.357886
-75.444138
-73.530391
-71.616643
-69.702896
-67.789148
-65.875401
-63.961653
-62.047906
-60.134158
-58.220411
-56.306663
-54.392916
-52.479168
-50.565421
-48.651673
-46.737926
-44.824178
-42.910431
-40.996683
-39.082936
-37.169188
-35.255441
-33.341693
-31.427946
-29.514198
-27.600451
-25.686704
-23.772956
-21.859209
-19.945461
-18.031714
-16.117966
-14.204219
-12.290471
-10.376724
 -8.462976
 -6.549229
 -4.635481
 -2.721734
 -0.807986
  1.105761
  3.019509
  4.933256
  6.847004
  8.760751
 10.674499
 12.588246
 14.501994
 16.415741
 18.329489
 20.243236
 22.156984
 24.070731
 25.984479
 27.898226
 29.811974
 31.725721
 33.639469
 35.553216
 37.466964
 39.380711
 41.294459
 43.208206
 45.121953
 47.035701
 48.949448
 50.863196
 52.776943
 54.690691
 56.604438
 58.518186
 60.431933
 62.345681
 64.259428
 66.173176
 68.086923
 70.000671
 71.914418
 73.828166
 75.741913
 77.655661
 79.569408
 81.483156
 83.396903
 85.310651
 87.224398
 89.138146
 91.051893
 92.965641
 94.879388
 96.793136
 98.706883
100.620631
102.534378
104.448126
106.361873
108.275621