-451.029543
-446.057493
-441.085443
-436.113393
-431.141343
-426.169293
-421.197243
-416.225193
-411.253143
-406.281093
-401.309043
-396.336993
-391.364943
-386.392893
-381.420843
-376.448793
-371.476743
-366.504693
-361.532643
-356.560593
-351.588544
-346.616494
-341.644444
-336.672394
-331.700344
-326.728294
-321.756244
-316.784194
-311.812144
-306.840094
-301.868044
-296.895994
-291.923944
-286.951894
-281.979844
-277.007794
-272.035744
-267.063694
-262.091644
-257.119594
-252.147544
-247.175494
-242.203444
-237.231394
-232.259344
-227.287294
-222.315244
-217.343194
-212.371144
-207.399094
-202.427044
-197.454994
-192.482944
-187.510894
-182.538844
-177.566794
-172.594744
-167.622694
-162.650644
-157.678594
-152.706544
-147.734494
-142.762444
-137.790394
-132.818344
-127.846294
-122.874244
-117.902194
-112.930144
-107.958094
-102.986044
 -98.013994
 -93.041944
 -88.069894
 -83.097844
 -78.125794
 -73.153744
 -68.181694
 -63.209644
 -58.237594
 -53.265544
 -48.293494
 -43.321444
 -38.349394
 -33.377344
 -28.405295
 -23.433245
 -18.461195
 -13.489145
  -8.517095
  -3.545045
   1.427005
   6.399055
  11.371105
  16.343155
  21.315205
  26.287255
  31.259305
  36.231355
  41.203405