0.098573
0.099950
0.101327
0.102705
0.104082
0.105460
0.106837
0.108214
0.109592
0.110969
0.112347
0.113724
0.115102
0.116479
0.117856
0.119234
0.120611
0.121989
0.123366
0.124743
0.126121
0.127498
0.128876
0.130253
0.131630
0.133008
0.134385
0.135763
0.137140
0.138518
0.139895
0.141272
0.142650
0.144027
0.145405
0.146782
0.148159
0.149537
0.150914
0.152292
0.153669
0.155046
0.156424
0.157801
0.159179
0.160556
0.161933
0.163311
0.164688
0.166066
0.167443
0.168821
0.170198
0.171575
0.172953
0.174330
0.175708
0.177085
0.178462
0.179840
0.181217
0.182595
0.183972
0.185349
0.186727
0.188104
0.189482
0.190859
0.192237
0.193614
0.194991
0.196369
0.197746
0.199124
0.200501
0.201878
0.203256
0.204633
0.206011
0.207388
0.208765
0.210143
0.211520
0.212898
0.214275
0.215652
0.217030
0.218407
0.219785
0.221162
0.222540
0.223917
0.225294
0.226672
0.228049
0.229427
0.230804
0.232181
0.233559
0.234936
0.236314
0.237691
0.239068
0.240446
0.241823
0.243201
0.244578
0.245956
0.247333
0.248710
0.250088
0.251465
0.252843
0.254220
0.255597
0.256975
0.258352
0.259730
0.261107
0.262484
0.263862
0.265239
0.266617
0.267994
0.269371
0.270749
0.272126
0.273504
0.274881
0.276259
0.277636
0.279013
0.280391
0.281768
0.283146
0.284523
0.285900
0.287278
0.288655
0.290033
0.291410
0.292787
0.294165
0.295542
0.296920
0.298297
0.299675
0.301052
0.302429
0.303807
0.305184
0.306562
0.307939
0.309316
0.310694
0.312071
0.313449
0.314826
0.316203
0.317581
0.318958
0.320336
0.321713
0.323091
0.324468
0.325845
0.327223
0.328600
0.329978
0.331355
0.332732
0.334110
0.335487
0.336865
0.338242
0.339619
0.340997
0.342374
0.343752
0.345129
0.346506
0.347884
0.349261
0.350639
0.352016
0.353394
0.354771
0.356148
0.357526
0.358903
0.360281
0.361658
0.363035
0.364413
0.365790
0.367168
0.368545
0.369922
0.371300
0.372677
0.374055
0.375432
0.376810
0.378187
0.379564
0.380942
0.382319
0.383697
0.385074
0.386451
0.387829
0.389206
0.390584
0.391961
0.393338
0.394716
0.396093
0.397471
0.398848
0.400225
0.401603
0.402980
0.404358
0.405735
0.407113
0.408490
0.409867
0.411245
0.412622
0.414000
0.415377
0.416754
0.418132
0.419509
0.420887
0.422264
0.423641
0.425019
0.426396
0.427774
0.429151
0.430529
0.431906
0.433283
0.434661
0.436038
0.437416
0.438793
0.440170
0.441548
0.442925
0.444303
0.445680
0.447057
0.448435
0.449812
0.451190
0.452567
0.453944
0.455322
0.456699
0.458077
0.459454
0.460832
0.462209
0.463586
0.464964
0.466341
0.467719
0.469096
0.470473
0.471851
0.473228
0.474606
0.475983
0.477360
0.478738
0.480115
0.481493
0.482870
0.484248
0.485625
0.487002
0.488380
0.489757
0.491135
0.492512
0.493889
0.495267
0.496644
0.498022
0.499399
0.500776
0.502154
0.503531
0.504909
0.506286
0.507664
0.509041
0.510418
0.511796
0.513173
0.514551
0.515928
0.517305
0.518683
0.520060
0.521438
0.522815
0.524192
0.525570
0.526947
0.528325
0.529702
0.531079
0.532457
0.533834
0.535212
0.536589
0.537967
0.539344
0.540721
0.542099
0.543476
0.544854
0.546231
0.547608
0.548986
0.550363
0.551741
0.553118
0.554495
0.555873
0.557250
0.558628
0.560005
0.561383
0.562760
0.564137
0.565515
0.566892
0.568270
0.569647
0.571024
0.572402
0.573779
0.575157
0.576534
0.577911
0.579289
0.580666
0.582044
0.583421
0.584798
0.586176
0.587553
0.588931
0.590308
0.591686
0.593063
0.594440
0.595818
0.597195
0.598573
0.599950
0.601327
0.602705
0.604082
0.605460
0.606837
0.608214
0.609592
0.610969
0.612347
0.613724
0.615102
0.616479
0.617856
0.619234
0.620611
0.621989
0.623366
0.624743
0.626121
0.627498
0.628876
0.630253
0.631630
0.633008
0.634385
0.635763
0.637140
0.638518
0.639895
0.641272
0.642650
0.644027
0.645405
0.646782
0.648159
0.649537
0.650914
0.652292
0.653669
0.655046
0.656424
0.657801
0.659179
0.660556
0.661933
0.663311
0.664688
0.666066
0.667443
0.668821
0.670198
0.671575
0.672953
0.674330
0.675708
0.677085
0.678462
0.679840
0.681217
0.682595
0.683972
0.685349
0.686727
0.688104
0.689482
0.690859
0.692237
0.693614
0.694991
0.696369
0.697746
0.699124
0.700501
0.701878
0.703256
0.704633
0.706011
0.707388
0.708765
0.710143
0.711520
0.712898
0.714275
0.715652
0.717030
0.718407
0.719785
0.721162
0.722540
0.723917
0.725294
0.726672
0.728049
0.729427
0.730804
0.732181
0.733559
0.734936
0.736314
0.737691
0.739068
0.740446
0.741823
0.743201
0.744578
0.745956
0.747333
0.748710
0.750088
0.751465
0.752843
0.754220
0.755597
0.756975
0.758352
0.759730
0.761107
0.762484
0.763862
0.765239
0.766617
0.767994
0.769371
0.770749
0.772126
0.773504
0.774881
0.776259
0.777636
0.779013
0.780391
0.781768
0.783146
0.784523
0.785900
0.787278
0.788655
0.790033
0.791410
0.792787
0.794165
0.795542
0.796920
0.798297
0.799675
0.801052
0.802429
0.803807
0.805184
0.806562
0.807939
0.809316
0.810694
0.812071
0.813449
0.814826
0.816203
0.817581
0.818958
0.820336
0.821713
0.823091
0.824468
0.825845
0.827223
0.828600
0.829978
0.831355
0.832732
0.834110
0.835487
0.836865
0.838242
0.839619
0.840997
0.842374
0.843752
0.845129
0.846506
0.847884
0.849261
0.850639
0.852016
0.853394
0.854771
0.856148
0.857526
0.858903
0.860281
0.861658
0.863035
0.864413
0.865790
0.867168
0.868545
0.869922
0.871300
0.872677
0.874055
0.875432
0.876810
0.878187
0.879564
0.880942
0.882319
0.883697
0.885074
0.886451
0.887829
0.889206
0.890584
0.891961
0.893338
0.894716
0.896093
0.897471
0.898848
0.900225
0.901603
0.902980
0.904358
0.905735
0.907113
0.908490
0.909867
0.911245
0.912622
0.914000
0.915377
0.916754
0.918132
0.919509
0.920887
0.922264
0.923641
0.925019
0.926396
0.927774
0.929151
0.930529
0.931906
0.933283
0.934661
0.936038
0.937416
0.938793
0.940170
0.941548
0.942925
0.944303
0.945680
0.947057
0.948435
0.949812
0.951190
0.952567
0.953944
0.955322
0.956699
0.958077
0.959454
0.960832
0.962209
0.963586
0.964964
0.966341
0.967719
0.969096
0.970473
0.971851
0.973228
0.974606
0.975983
0.977360
0.978738
0.980115
0.981493
0.982870
0.984248
0.985625
0.987002
0.988380
0.989757
0.991135
0.992512
0.993889
0.995267
0.996644
0.998022
0.999399
1.000000
1.000000
1.000000
1.000000
1.000000
1.000000
1.000000
1.000000
1.000000
1.000000
1.000000
1.000000
1.000000
1.000000
1.000000
1.000000
1.000000
1.000000
1.000000
1.000000
1.000000
1.000000
1.000000
1.000000
1.000000
1.000000
1.000000
1.000000
1.000000
1.000000
1.000000
1.000000
1.000000
1.000000
1.000000
1.000000
1.000000
1.000000
1.000000
1.000000
1.000000
1.000000
1.000000
1.000000
1.000000
1.000000
1.000000
1.000000
1.000000
1.000000
1.000000
1.000000
1.000000
1.000000
1.000000
1.000000
1.000000
1.000000
1.000000
1.000000
1.000000
1.000000
1.000000
1.000000
1.000000
1.000000
1.000000
1.000000
1.000000
1.000000
1.000000
1.000000