0.098573
0.107678
0.116783
0.125889
0.134994
0.144099
0.153205
0.162310
0.171415
0.180521
0.189626
0.198731
0.207837
0.216942
0.226047
0.235153
0.244258
0.253363
0.262468
0.271574
0.280679
0.289784
0.298890
0.307995
0.317100
0.326206
0.335311
0.344416
0.353522
0.362627
0.371732
0.380838
0.389943
0.399048
0.408154
0.417259
0.426364
0.435470
0.444575
0.453680
0.462786
0.471891
0.480996
0.490102
0.499207
0.508312
0.517418
0.526523
0.535628
0.544734
0.553839
0.562944
0.572050
0.581155
0.590260
0.599366
0.608471
0.617576
0.626682
0.635787
0.644892
0.653998
0.663103
0.672208
0.681314
0.690419
0.699524
0.708630
0.717735
0.726840
0.735946
0.745051
0.754156
0.763261
0.772367
0.781472
0.790577
0.799683
0.808788
0.817893
0.826999
0.836104
0.845209
0.854315
0.863420
0.872525
0.881631
0.890736
0.899841
0.908947
0.918052
0.927157
0.936263
0.945368
0.954473
0.963579
0.972684
0.981789
0.990895
1.000000