 -55.707475  -61.190447  -72.580531 -135.640981  -70.789740  -92.145764  -97.416001   11.739074  -79.637063  -15.141359 -110.844612
 -57.248764  -61.870471  -72.511136 -132.959325  -69.988312  -90.859721  -96.074973   11.457756  -78.718722  -14.962337 -109.656946
 -58.790052  -62.550496  -72.441740 -130.277668  -69.186884  -89.573678  -94.733945   11.176438  -77.800381  -14.783316 -108.469281
 -60.331340  -63.230520  -72.372345 -127.596012  -68.385456  -88.287635  -93.392916   10.895121  -76.882040  -14.604295 -107.281616
 -61.872629  -63.910545  -72.302949 -124.914355  -67.584028  -87.001592  -92.051888   10.613803  -75.963698  -14.425273 -106.093951
 -63.413917  -64.590569  -72.233554 -122.232698  -66.782600  -85.715550  -90.710860   10.332485  -75.045357  -14.246252 -104.906285
 -64.955206  -65.270594  -72.164158 -119.551042  -65.981172  -84.429507  -89.369831   10.051167  -74.127016  -14.067231 -103.718620
 -66.496494  -65.950618  -72.094763 -116.869385  -65.179744  -83.143464  -88.028803    9.769850  -73.208675  -13.888209 -102.530955
 -68.037783  -66.630643  -72.025367 -114.187728  -64.378316  -81.857421  -86.687775    9.488532  -72.290334  -13.709188 -101.343290
 -69.579071  -67.310667  -71.955972 -111.506072  -63.576889  -80.571378  -85.346746    9.207214  -71.371993  -13.530167 -100.155625
 -71.120360  -67.990691  -71.886576 -108.824415  -62.775461  -79.285335  -84.005718    8.925897  -70.453652  -13.351145  -98.967959
 -72.661648  -68.670716  -71.817181 -106.142758  -61.974033  -77.999292  -82.664689    8.644579  -69.535311  -13.172124  -97.780294
 -74.202936  -69.350740  -71.747785 -103.461102  -61.172605  -76.713249  -81.323661    8.363261  -68.616970  -12.993102  -96.592629
 -75.744225  -70.030765  -71.678390 -100.779445  -60.371177  -75.427207  -79.982633    8.081943  -67.698629  -12.814081  -95.404964
 -77.285513  -70.710789  -71.608994  -98.097789  -59.569749  -74.141164  -78.641604    7.800626  -66.780288  -12.635060  -94.217299
 -78.826802  -71.390814  -71.539599  -95.416132  -58.768321  -72.855121  -77.300576    7.519308  -65.861947  -12.456038  -93.029633
 -80.368090  -72.070838  -71.470203  -92.734475  -57.966893  -71.569078  -75.959548    7.237990  -64.943606  -12.277017  -91.841968
 -81.909379  -72.750862  -71.400808  -90.052819  -57.165465  -70.283035  -74.618519    6.956672  -64.025265  -12.097996  -90.654303
 -83.450667  -73.430887  -71.331412  -87.371162  -56.364037  -68.996992  -73.277491    6.675355  -63.106924  -11.918974  -89.466638
 -84.991956  -74.110911  -71.262016  -84.689505  -55.562609  -67.710949  -71.936463    6.394037  -62.188583  -11.739953  -88.278972
 -86.533244  -74.790936  -71.192621  -82.007849  -54.761181  -66.424906  -70.595434    6.112719  -61.270242  -11.560932  -87.091307
 -88.074532  -75.470960  -71.123225  -79.326192  -53.959754  -65.138864  -69.254406    5.831401  -60.351901  -11.381910  -85.903642
 -89.615821  -76.150985  -71.053830  -76.644535  -53.158326  -63.852821  -67.913378    5.550084  -59.433560  -11.202889  -84.715977
 -91.157109  -76.831009  -70.984434  -73.962879  -52.356898  -62.566778  -66.572349    5.268766  -58.515218  -11.023868  -83.528312
 -92.698398  -77.511034  -70.915039  -71.281222  -51.555470  -61.280735  -65.231321    4.987448  -57.596877  -10.844846  -82.340646
 -94.239686  -78.191058  -70.845643  -68.599565  -50.754042  -59.994692  -63.890292    4.706130  -56.678536  -10.665825  -81.152981
 -95.780975  -78.871082  -70.776248  -65.917909  -49.952614  -58.708649  -62.549264    4.424813  -55.760195  -10.486803  -79.965316
 -97.322263  -79.551107  -70.706852  -63.236252  -49.151186  -57.422606  -61.208236    4.143495  -54.841854  -10.307782  -78.777651
 -98.863551  -80.231131  -70.637457  -60.554596  -48.349758  -56.136563  -59.867207    3.862177  -53.923513  -10.128761  -77.589986
-100.404840  -80.911156  -70.568061  -57.872939  -47.548330  -54.850521  -58.526179    3.580859  -53.005172   -9.949739  -76.402320
-101.946128  -81.591180  -70.498666  -55.191282  -46.746902  -53.564478  -57.185151    3.299542  -52.086831   -9.770718  -75.214655
-103.487417  -82.271205  -70.429270  -52.509626  -45.945474  -52.278435  -55.844122    3.018224  -51.168490   -9.591697  -74.026990
-105.028705  -82.951229  -70.359875  -49.827969  -45.144047  -50.992392  -54.503094    2.736906  -50.250149   -9.412675  -72.839325
-106.569994  -83.631254  -70.290479  -47.146312  -44.342619  -49.706349  -53.162066    2.455588  -49.331808   -9.233654  -71.651659
-108.111282  -84.311278  -70.221084  -44.464656  -43.541191  -48.420306  -51.821037    2.174271  -48.413467   -9.054633  -70.463994
-109.652571  -84.991302  -70.151688  -41.782999  -42.739763  -47.134263  -50.480009    1.892953  -47.495126   -8.875611  -69.276329
-111.193859  -85.671327  -70.082293  -39.101342  -41.938335  -45.848220  -49.138980    1.611635  -46.576785   -8.696590  -68.088664
-112.735147  -86.351351  -70.012897  -36.419686  -41.136907  -44.562177  -47.797952    1.330317  -45.658444   -8.517569  -66.900999
-114.276436  -87.031376  -69.943502  -33.738029  -40.335479  -43.276135  -46.456924    1.049000  -44.740103   -8.338547  -65.713333
-115.817724  -87.711400  -69.874106  -31.056373  -39.534051  -41.990092  -45.115895    0.767682  -43.821762   -8.159526  -64.525668
-117.359013  -88.391425  -69.804711  -28.374716  -38.732623  -40.704049  -43.774867    0.486364  -42.903421   -7.980505  -63.338003
-118.900301  -89.071449  -69.735315  -25.693059  -37.931195  -39.418006  -42.433839    0.205047  -41.985080   -7.801483  -62.150338
-120.441590  -89.751473  -69.665920  -23.011403  -37.129767  -38.131963  -41.092810   -0.076271  -41.066738   -7.622462  -60.962673
-121.982878  -90.431498  -69.596524  -20.329746  -36.328340  -36.845920  -39.751782   -0.357589  -40.148397   -7.443440  -59.775007
-123.524167  -91.111522  -69.527129  -17.648089  -35.526912  -35.559877  -38.410754   -0.638907  -39.230056   -7.264419  -58.587342
-125.065455  -91.791547  -69.457733  -14.966433  -34.725484  -34.273834  -37.069725   -0.920224  -38.311715   -7.085398  -57.399677
-126.606743  -92.471571  -69.388338  -12.284776  -33.924056  -32.987792  -35.728697   -1.201542  -37.393374   -6.906376  -56.212012
-128.148032  -93.151596  -69.318942   -9.603119  -33.122628  -31.701749  -34.387668   -1.482860  -36.475033   -6.727355  -55.024346
-129.689320  -93.831620  -69.249546   -6.921463  -32.321200  -30.415706  -33.046640   -1.764178  -35.556692   -6.548334  -53.836681
-131.230609  -94.511645  -69.180151   -4.239806  -31.519772  -29.129663  -31.705612   -2.045495  -34.638351   -6.369312  -52.649016
-132.771897  -95.191669  -69.110755   -1.558149  -30.718344  -27.843620  -30.364583   -2.326813  -33.720010   -6.190291  -51.461351
-134.313186  -95.871693  -69.041360    1.123507  -29.916916  -26.557577  -29.023555   -2.608131  -32.801669   -6.011270  -50.273686
-135.854474  -96.551718  -68.971964    3.805164  -29.115488  -25.271534  -27.682527   -2.889449  -31.883328   -5.832248  -49.086020
-137.395762  -97.231742  -68.902569    6.486820  -28.314060  -23.985491  -26.341498   -3.170766  -30.964987   -5.653227  -47.898355
-138.937051  -97.911767  -68.833173    9.168477  -27.512632  -22.699449  -25.000470   -3.452084  -30.046646   -5.474206  -46.710690
-140.478339  -98.591791  -68.763778   11.850134  -26.711205  -21.413406  -23.659442   -3.733402  -29.128305   -5.295184  -45.523025
-142.019628  -99.271816  -68.694382   14.531790  -25.909777  -20.127363  -22.318413   -4.014720  -28.209964   -5.116163  -44.335360
-143.560916  -99.951840  -68.624987   17.213447  -25.108349  -18.841320  -20.977385   -4.296037  -27.291623   -4.937141  -43.147694
-145.102205 -100.631865  -68.555591   19.895104  -24.306921  -17.555277  -19.636357   -4.577355  -26.373282   -4.758120  -41.960029
-146.643493 -101.311889  -68.486196   22.576760  -23.505493  -16.269234  -18.295328   -4.858673  -25.454941   -4.579099  -40.772364
-148.184782 -101.991913  -68.416800   25.258417  -22.704065  -14.983191  -16.954300   -5.139991  -24.536600   -4.400077  -39.584699
-149.726070 -102.671938  -68.347405   27.940074  -21.902637  -13.697148  -15.613271   -5.421308  -23.618258   -4.221056  -38.397033
-151.267358 -103.351962  -68.278009   30.621730  -21.101209  -12.411106  -14.272243   -5.702626  -22.699917   -4.042035  -37.209368
-152.808647 -104.031987  -68.208614   33.303387  -20.299781  -11.125063  -12.931215   -5.983944  -21.781576   -3.863013  -36.021703
-154.349935 -104.712011  -68.139218   35.985043  -19.498353   -9.839020  -11.590186   -6.265262  -20.863235   -3.683992  -34.834038
-155.891224 -105.392036  -68.069823   38.666700  -18.696925   -8.552977  -10.249158   -6.546579  -19.944894   -3.504971  -33.646373
-157.432512 -106.072060  -68.000427   41.348357  -17.895498   -7.266934   -8.908130   -6.827897  -19.026553   -3.325949  -32.458707
-158.973801 -106.752084  -67.931032   44.030013  -17.094070   -5.980891   -7.567101   -7.109215  -18.108212   -3.146928  -31.271042
-160.515089 -107.432109  -67.861636   46.711670  -16.292642   -4.694848   -6.226073   -7.390533  -17.189871   -2.967907  -30.083377
-162.056378 -108.112133  -67.792241   49.393327  -15.491214   -3.408805   -4.885045   -7.671850  -16.271530   -2.788885  -28.895712
-163.597666 -108.792158  -67.722845   52.074983  -14.689786   -2.122763   -3.544016   -7.953168  -15.353189   -2.609864  -27.708047
-165.138954 -109.472182  -67.653450   54.756640  -13.888358   -0.836720   -2.202988   -8.234486  -14.434848   -2.430843  -26.520381
-166.680243 -110.152207  -67.584054   57.438297  -13.086930    0.449323   -0.861959   -8.515804  -13.516507   -2.251821  -25.332716
-168.221531 -110.832231  -67.514659   60.119953  -12.285502    1.735366    0.479069   -8.797121  -12.598166   -2.072800  -24.145051
-169.762820 -111.512256  -67.445263   62.801610  -11.484074    3.021409    1.820097   -9.078439  -11.679825   -1.893778  -22.957386
-171.304108 -112.192280  -67.375867   65.483267  -10.682646    4.307452    3.161126   -9.359757  -10.761484   -1.714757  -21.769720
-172.845397 -112.872304  -67.306472   68.164923   -9.881218    5.593495    4.502154   -9.641074   -9.843143   -1.535736  -20.582055
-174.386685 -113.552329  -67.237076   70.846580   -9.079791    6.879538    5.843182   -9.922392   -8.924802   -1.356714  -19.394390
-175.927973 -114.232353  -67.167681   73.528236   -8.278363    8.165581    7.184211  -10.203710   -8.006461   -1.177693  -18.206725
-177.469262 -114.912378  -67.098285   76.209893   -7.476935    9.451623    8.525239  -10.485028   -7.088120   -0.998672  -17.019060
-179.010550 -115.592402  -67.028890   78.891550   -6.675507   10.737666    9.866267  -10.766345   -6.169778   -0.819650  -15.831394
-180.551839 -116.272427  -66.959494   81.573206   -5.874079   12.023709   11.207296  -11.047663   -5.251437   -0.640629  -14.643729
-182.093127 -116.952451  -66.890099   84.254863   -5.072651   13.309752   12.548324  -11.328981   -4.333096   -0.461608  -13.456064
-183.634416 -117.632476  -66.820703   86.936520   -4.271223   14.595795   13.889353  -11.610299   -3.414755   -0.282586  -12.268399
-185.175704 -118.312500  -66.751308   89.618176   -3.469795   15.881838   15.230381  -11.891616   -2.496414   -0.103565  -11.080734
-186.716993 -118.992524  -66.681912   92.299833   -2.668367   17.167881   16.571409  -12.172934   -1.578073    0.075456   -9.893068
-188.258281 -119.672549  -66.612517   94.981490   -1.866939   18.453924   17.912438  -12.454252   -0.659732    0.254478   -8.705403
-189.799569 -120.352573  -66.543121   97.663146   -1.065511   19.739966   19.253466  -12.735570    0.258609    0.433499   -7.517738
-191.340858 -121.032598  -66.473726  100.344803   -0.264083   21.026009   20.594494  -13.016887    1.176950    0.612520   -6.330073
-192.882146 -121.712622  -66.404330  103.026459    0.537344   22.312052   21.935523  -13.298205    2.095291    0.791542   -5.142407
-194.423435 -122.392647  -66.334935  105.708116    1.338772   23.598095   23.276551  -13.579523    3.013632    0.970563   -3.954742
-195.964723 -123.072671  -66.265539  108.389773    2.140200   24.884138   24.617579  -13.860841    3.931973    1.149585   -2.767077
-197.506012 -123.752695  -66.196144  111.071429    2.941628   26.170181   25.958608  -14.142158    4.850314    1.328606   -1.579412
-199.047300 -124.432720  -66.126748  113.753086    3.743056   27.456224   27.299636  -14.423476    5.768655    1.507627   -0.391747
-200.588589 -125.112744  -66.057353  116.434743    4.544484   28.742267   28.640664  -14.704794    6.686996    1.686649    0.795919
-202.129877 -125.792769  -65.987957  119.116399    5.345912   30.028309   29.981693  -14.986112    7.605337    1.865670    1.983584
-203.671165 -126.472793  -65.918562  121.798056    6.147340   31.314352   31.322721  -15.267429    8.523678    2.044691    3.171249
-205.212454 -127.152818  -65.849166  124.479713    6.948768   32.600395   32.663750  -15.548747    9.442019    2.223713    4.358914
-206.753742 -127.832842  -65.779771  127.161369    7.750196   33.886438   34.004778  -15.830065   10.360360    2.402734    5.546579
-208.295031 -128.512867  -65.710375  129.843026    8.551624   35.172481   35.345806  -16.111383   11.278701    2.581755    6.734245