-56.030241
-56.281842
-56.534132
-56.787085
-57.040668
-57.294837
-57.549537
-57.804701
-58.060247
-58.316082
-58.572093
-58.828154
-59.084120
-59.339827
-59.595094
-59.849721
-60.103488
-60.356159
-60.607477
-60.857173
-61.104962
-61.350547
-61.593622
-61.833876
-62.070995
-62.304668
-62.534591
-62.760470
-62.982030
-63.199014
-63.411192
-63.618363
-63.820359
-64.017051
-64.208344
-64.394187
-64.574569
-64.749519
-64.919106
-65.083436
-65.242652
-65.396927
-65.546464
-65.691490
-65.832252
-65.969012
-66.102045
-66.231633
-66.358062
-66.481617
-66.602581
-66.721231
-66.837833
-66.952646
-67.065914
-67.177868
-67.288725
-67.398686
-67.507937
-67.616645
-67.724965
-67.833031
-67.940964
-68.048868
-68.156829
-68.264920
-68.373196
-68.481697
-68.590447
-68.699455
-68.808712
-68.918196
-69.027868
-69.137670
-69.247532
-69.357364
-69.467061
-69.576502
-69.685546
-69.794040
-69.901812
-70.008677
-70.114436
-70.218874
-70.321769
-70.422887
-70.521989
-70.618830
-70.713167
-70.804758
-70.893365
-70.978764
-71.060743
-71.139107
-71.213684
-71.284326
-71.350914
-71.413360
-71.471609
-71.525638
-71.575464
-71.621134
-71.662732
-71.700375
-71.734210
-71.764411
-71.791179
-71.814734
-71.835316
-71.853176
-71.868578
-71.881790
-71.893080
-71.902720
-71.910972
-71.918095
-71.924335
-71.929928
-71.935094
-71.940038
-71.944946
-71.949988
-71.955311
-71.961042
-71.967288
-71.974130
-71.981626
-71.989810
-71.998688
-72.008241
-72.018420
-72.029144
-72.040304
-72.051753
-72.063313
-72.074764
-72.085851
-72.096274
-72.105691
-72.113716
-72.119916
-72.123808
-72.124864
-72.122504
-72.116101
-72.104982
-72.088428
-72.065677
-72.035933
-71.998367
-71.952126
-71.896340
-71.830133
-71.752634
-71.662986
-71.560361
-71.443974
-71.313092
-71.167052
-71.005268
-70.827249
-70.632603
-70.421049
-70.192421
-69.946674
-69.683883
-69.404242
-69.108063
-68.795764
-68.467867
-68.124982
-67.767799
-67.397073
-67.013613
-66.618264
-66.211896
-65.795393
-65.369637
-64.935499
-64.493830
-64.045450
-63.591145
-63.131658
-62.667687
-62.199885
-61.728851
-61.255140
-60.779254
-60.301651
-59.822745
-59.342908
-58.862475
-58.381746
-57.900992
-57.420460
-56.940376
-56.460949
-55.982377
-55.504853
-55.028566
-54.553708
-54.080478
-53.609084
-53.139751
-52.672721
-52.208259
-51.746653
-51.288220
-50.833306
-50.382286
-49.935569
-49.493594
-49.056832
-48.625781
-48.200969
-47.782942
-47.372266
-46.969521
-46.575289
-46.190150
-45.814676
-45.449415
-45.094888
-44.751577
-44.419915
-44.100276
-43.792972
-43.498241
-43.216240
-42.947047
-42.690653
-42.446964
-42.215800
-41.996903
-41.789934
-41.594486
-41.410088
-41.236216
-41.072300
-40.917734
-40.771886
-40.634110
-40.503749
-40.380150
-40.262670
-40.150679
-40.043569
-39.940760
-39.841701
-39.745874
-39.652794
-39.562014
-39.473121
-39.385740
-39.299529
-39.214178
-39.129411
-39.044980
-38.960665
-38.876271
-38.791624
-38.706571
-38.620977
-38.534721
-38.447694
-38.359798
-38.270944
-38.181045
-38.090023
-37.997797
-37.904291
-37.809424
-37.713114
-37.615277
-37.515821
-37.414652
-37.311668
-37.206764
-37.099827
-36.990739
-36.879379
-36.765621
-36.649338
-36.530401
-36.408684
-36.284064
-36.156422
-36.025649
-35.891645
-35.754323
-35.613612
-35.469455
-35.321819
-35.170686
-35.016064
-34.857980
-34.696485
-34.531651
-34.363572
-34.192362
-34.018153
-33.841093
-33.661346
-33.479086
-33.294498
-33.107772
-32.919103
-32.728690
-32.536730
-32.343417
-32.148942
-31.953493
-31.757248
-31.560379
-31.363050
-31.165418
-30.967628
-30.769820
-30.572122
-30.374656
-30.177536
-29.980869
-29.784753
-29.589281
-29.394542
-29.200618
-29.007586
-28.815520
-28.624489
-28.434560
-28.245796
-28.058257
-27.872000
-27.687080
-27.503547
-27.321449
-27.140831
-26.961730
-26.784182
-26.608215
-26.433851
-26.261105
-26.089982
-25.920478
-25.752579
-25.586259
-25.421477
-25.258180
-25.096302
-24.935757
-24.776448
-24.618258
-24.461058
-24.304701
-24.149027
-23.993859
-23.839013
-23.684291
-23.529489
-23.374394
-23.218793
-23.062470
-22.905210
-22.746804
-22.587047
-22.425744
-22.262710
-22.097771
-21.930766
-21.761549
-21.589986
-21.415961
-21.239368
-21.060118
-20.878132
-20.693345
-20.505702
-20.315157
-20.121674
-19.925223
-19.725780
-19.523328
-19.317850
-19.109335
-18.897774
-18.683161
-18.465490
-18.244756
-18.020960
-17.794100
-17.564180
-17.331208
-17.095195
-16.856161
-16.614130
-16.369139
-16.121234
-15.870479
-15.616949
-15.360743
-15.101978
-14.840799
-14.577377
-14.311913
-14.044643
-13.775838
-13.505809
-13.234907
-12.963526
-12.692102
-12.421117
-12.151094
-11.882599
-11.616237
-11.352650
-11.092508
-10.836508
-10.585364
-10.339801
-10.100543
 -9.868306
 -9.643787
 -9.427654
 -9.220535
 -9.023009
 -8.835597
 -8.658754
 -8.492862
 -8.338227
 -8.195073
 -8.063542
 -7.943693
 -7.835507
 -7.738885
 -7.653661
 -7.579598
 -7.516406
 -7.463741
 -7.421218
 -7.388417
 -7.364893
 -7.350182
 -7.343810
 -7.345300
 -7.354176
 -7.369970
 -7.392226
 -7.420505
 -7.454386
 -7.493467
 -7.537371
 -7.585743
 -7.638252
 -7.694588
 -7.754464
 -7.817614
 -7.883792
 -7.952767
 -8.024325
 -8.098264
 -8.174393
 -8.252526
 -8.332485
 -8.414091
 -8.497166
 -8.581527
 -8.666983
 -8.753333
 -8.840366
 -8.927853
 -9.015547
 -9.103184
 -9.190475
 -9.277110
 -9.362755
 -9.447051
 -9.529616
 -9.610044
 -9.687908
 -9.762763
 -9.834150
 -9.901595
 -9.964622
-10.022752
-10.075511
-10.122439
-10.163092
-10.197055
-10.223941
-10.243404
-10.255143
-10.258902
-10.254482
-10.241737
-10.220579
-10.190979
-10.152961
-10.106608
-10.052051
 -9.989471
 -9.919089
 -9.841165
 -9.755990
 -9.663880
 -9.565169
 -9.460207
 -9.349348
 -9.232953
 -9.111376
 -8.984968
 -8.854068
 -8.719004
 -8.580085
 -8.437607
 -8.291844
 -8.143053
 -7.991470
 -7.837312
 -7.680777
 -7.522045
 -7.361278
 -7.198623
 -7.034210
 -6.868160
 -6.700579
 -6.531566
 -6.361211
 -6.189602
 -6.016819
 -5.842944
 -5.668060
 -5.492251
 -5.315609
 -5.138233
 -4.960229
 -4.781718
 -4.602831
 -4.423717
 -4.244539
 -4.065480
 -3.886739
 -3.708534
 -3.531105
 -3.354707
 -3.179613
 -3.006115
 -2.834515
 -2.665129
 -2.498280
 -2.334297
 -2.173507
 -2.016236
 -1.862798
 -1.713497
 -1.568617
 -1.428421
 -1.293143
 -1.162991
 -1.038135
 -0.918714
 -0.804827
 -0.696538
 -0.593870
 -0.496815
 -0.405324
 -0.319319
 -0.238691
 -0.163307
 -0.093007
 -0.027614
  0.033064
  0.089231
  0.141101
  0.188890
  0.232818
  0.273104
  0.309961
  0.343601
  0.374227
  0.402033
  0.427208
  0.449927
  0.470361
  0.488667
  0.504998
  0.519496
  0.532296
  0.543529
  0.553320
  0.561791
  0.569061
  0.575251
  0.580482
  0.584879
  0.588571
  0.591695
  0.594395
  0.596828
  0.599160
  0.601574
  0.604264
  0.607442
  0.611340
  0.616202
  0.622296
  0.629902
  0.639323
  0.650874
  0.664886
  0.681703
  0.701677
  0.725166
  0.752531
  0.784129
  0.820313
  0.861420
  0.907770
  0.959662
  1.017365
  1.081115
  1.151111
  1.227513
  1.310434
  1.399943
  1.496062
  1.598766
  1.707983
  1.823598
  1.945455
  2.073359
  2.207083
  2.346369
  2.490937
  2.640486
  2.794701
  2.953260
  3.115835
  3.282097
  3.451721
  3.624392
  3.799800
  3.977651
  4.157664
  4.339574
  4.523133
  4.708109
  4.894290
  5.081479
  5.269499
  5.458187
  5.647398
  5.837002
  6.026883
  6.216941
  6.407084
  6.490049
  6.490049
  6.490049
  6.490049
  6.490049
  6.490049
  6.490049
  6.490049
  6.490049
  6.490049
  6.490049
  6.490049
  6.490049
  6.490049
  6.490049
  6.490049
  6.490049
  6.490049
  6.490049
  6.490049
  6.490049
  6.490049
  6.490049
  6.490049
  6.490049
  6.490049
  6.490049
  6.490049
  6.490049
  6.490049
  6.490049
  6.490049
  6.490049
  6.490049
  6.490049
  6.490049
  6.490049
  6.490049
  6.490049
  6.490049
  6.490049
  6.490049
  6.490049
  6.490049
  6.490049
  6.490049
  6.490049
  6.490049
  6.490049
  6.490049
  6.490049
  6.490049
  6.490049
  6.490049
  6.490049
  6.490049
  6.490049
  6.490049
  6.490049
  6.490049
  6.490049
  6.490049
  6.490049
  6.490049
  6.490049
  6.490049
  6.490049
  6.490049
  6.490049
  6.490049
  6.490049
  6.490049