-56.030241
-57.705256
-59.396269
-61.063332
-62.634916
-64.027197
-65.189527
-66.137788
-66.939382
-67.670218
-68.384543
-69.106383
-69.829220
-70.515719
-71.104032
-71.533739
-71.785250
-71.896903
-71.939981
-71.978538
-72.042682
-72.112392
-72.098569
-71.827201
-71.063515
-69.612321
-67.445195
-64.723227
-61.684857
-58.524267
-55.355143
-52.243231
-49.259262
-46.518698
-44.177173
-42.360831
-41.075989
-40.196272
-39.544296
-38.976834
-38.411003
-37.806635
-37.138604
-36.377793
-35.489762
-34.452876
-33.279355
-32.013789
-30.710009
-29.411470
-28.147485
-26.937875
-25.795357
-24.720203
-23.689668
-22.655007
-21.557775
-20.354140
-19.023572
-17.560108
-15.964074
-14.248316
-12.461989
-10.720471
 -9.206404
 -8.104311
 -7.500019
 -7.344817
 -7.515357
 -7.892079
 -8.392130
 -8.957939
 -9.525835
 -9.998048
-10.246018
-10.161839
 -9.720368
 -8.984195
 -8.049921
 -6.996666
 -5.871285
 -4.701636
 -3.520782
 -2.388269
 -1.390136
 -0.604914
 -0.059695
  0.277348
  0.464883
  0.556270
  0.591527
  0.609492
  0.667427
  0.851661
  1.258575
  1.944758
  2.890114
  4.016245
  5.236698
  6.490049