 -56.412158
  94.339022
-496.365562
 266.397581
  14.120005
-289.688908
 183.994767
-329.279816
 430.231426
-601.956399
 338.121306
-205.095153
  -3.658056
-265.214441
 239.914867
-500.983629
 552.079614
-777.486894
 466.680109
-230.828582
  77.712474
-353.871129
 128.283059
-482.392574
 713.301271
-399.369543
-133.135352
-281.818618
 448.982413
-422.151975
-102.660068
 157.556908
-165.748308
 289.166495
-618.840413
 182.031044
  92.631597
-382.301930
 165.226672
-216.607499
 -57.366150
  19.140650
  18.591490
-137.075901
  93.173393
-363.478743
-245.020286
 -18.606652
 314.068870
-278.616088
  25.567456
 -14.658854
-217.755825
 406.677761
-836.015922
  33.318965
 293.558537
 -89.249263
-240.104707
 112.139950
-328.288893
 -32.086207
 -10.498795
 324.970958
-674.083093
 188.191634
 107.565050
-219.096805
-103.683419
-192.062866
 -25.423509
 153.690824
-415.311406
 148.957818
 167.806890
-230.105056
-171.795653
 124.768105
-240.195379
-372.442797
 544.841214
-421.047119
-176.312342
 356.150522
-636.910639
 307.332733
-106.366244
  59.533864
-373.070697
 -45.925318
  94.637359
-269.648295
 160.104586
-150.675435
  74.154349
-131.943606
-299.448267
 -84.851717
 183.074080
-170.689016
-171.659764
 -83.776610
 170.260834
  32.934865
-555.746913
 147.094152
 239.160575
-466.774996
  44.088411
  20.141371
-512.446580
 179.832810
 -47.108688
 -31.897661
 -21.750045
   7.951385
-165.018051
 134.063455
 -85.330862
-495.511808
 108.309693
  43.003026
-204.435548
  56.382021
 -88.747347
-161.338737
 130.607062
-323.825384
 -99.103024
-107.554404
 319.482200
-268.100152
-391.280298
 640.154560
-505.698880
-262.227843
 -42.171702
 183.222605
-156.396781
 -48.731523
 -98.769129
 143.028088
-570.180499
   7.368280
 515.945811
-429.028262
 -59.404108
-214.819726
 127.915385
-345.225266
 214.575474
-114.710536
   3.875930
-363.013333
 -53.409348
 164.976403
  83.022013
-566.887957
 210.865063
 212.984985
-448.254214
-201.904954
 129.881978
 -71.823466
-370.113255
 412.266961
-232.740084
-124.262521
-386.323558
 232.876452
-105.829229
-399.917917
 408.987373
-174.454074
  60.130790
-559.445031
 166.096012
-187.019880
 190.289307
 -84.416156
  64.304333
-447.901809
 -56.921556
 128.634436
 -67.326903
-195.743068
 336.391721
-548.766963
 246.692647
-177.603718
  56.264770
 165.341801
-339.410836
-181.061977
  40.312542
  26.330181
  -0.332497
-150.871310
-164.547895
 142.128943
 -45.503322
-216.064642
 114.713593
-197.105202
 -26.178924
-158.603420
 305.325813
 -18.011594
-246.500514
-126.592186
 -89.764036
 -47.734857
  13.828220
  34.115491
  35.545111
-235.718914
 102.795272
 -10.939740
-249.066683
 179.361713
-275.660483
-275.707299
 515.396159
-576.008702
 231.909030
 318.849143
-418.058794
-389.297505
 273.317995
-118.791028
   3.264808
 -31.531313
 -89.723834
 398.272185
-442.185023
-464.659421
 676.788493
 -85.212234
-310.461813
-216.014037
 291.961656
 158.413585
-567.414778
 129.517894
 247.915709
-218.659949
-139.932922
 314.125300
-343.975301
-131.537688
 162.791397
 -68.420588
   1.238450
 164.728598
-112.313048
-242.885110
 -16.062749
   9.682251
 -67.993256
 146.902747
-258.951154
  65.398051
-224.948523
 118.088624
 155.600604
-298.384711
  84.066031
-223.661545
 -43.779995
 201.467226
 -61.771887
-315.134622
 330.011433
-358.576074
-357.825384
 209.221843
  61.273741
 -32.061469
-270.138979
 -71.169079
 267.219005
-115.064232
-241.116845
 188.229842
-110.953881
  43.214354
  69.514970
-447.181333
 103.962905
 196.671709
-167.939101
 -56.153661
  64.195166
 141.850801
 -44.915018
 -89.203892
  -5.619335
-155.438455
  58.557000
  78.807447
-379.929076
  76.682727
  64.971311
-241.711957
 356.355280
 -31.219599
 -88.568851
 -36.460387
-276.011652
-140.598686
 177.022615
  99.043250
-219.186725
-349.472414
 338.403400
 -60.760622
-167.857401
 209.859284
-474.240933
 171.402817
 285.637172
-257.690574
-255.650630
  27.379974
 -30.802174
 256.068936
 -85.834196
-578.767488
 249.345555
 192.677063
  27.755647
-210.031419
   9.240753
  52.073487
 -42.360825
 -29.700109
  27.588538
 128.971644
-371.440724
 134.975979
  86.944233
-212.059694
  59.545433
 -28.641342
 162.602207
  19.273357
-297.860945
-269.431059
 102.800134
 337.482531
-120.698486
 -24.834289
-152.176817
-113.303741
 285.339289
 113.782056
 -12.255516
-164.858586
-348.172461
  31.328133
 261.399226
 -15.325483
-110.626174
-122.638332
-154.091669
  45.577214
 249.015892
-230.548262
-178.021754
 185.517328
  37.254573
-168.255336
-102.595099
-179.839460
 294.347392
  12.096937
-261.628454
  26.416805
 136.978083
-145.821385
-116.220498
 -52.190632
 135.975336
 152.431616
-157.679352
-151.910715
 114.777160
-232.557953
 102.990516
  45.185983
  74.798794
 170.403073
-260.854926
 -30.830773
-152.315578
  85.804626
  65.912325
-123.280867
 187.799298
-103.133528
 -88.811396
  79.629355
-271.848905
  56.806029
 480.003854
-226.712601
-384.330170
 275.524119
-290.727778
  83.483966
 220.680692
-236.258830
 128.541452
-155.941088
  30.607921
-242.987676
 144.722037
 225.289089
-120.481661
-167.610446
 184.316878
-188.600588
-154.771035
-169.651550
  87.538627
 511.774046
-305.015173
 145.483171
  72.052000
-447.500641
  15.720671
  87.338939
 331.132649
-144.827951
-301.553057
 -98.027657
 403.701801
 344.207531
-618.993607
  42.156563
 129.909165
-221.131920
 240.700800
 145.935162
-404.905228
 331.724026
-347.092136
 -79.948097
 385.184839
  58.659633
-225.252336
  80.561289
 170.322387
-172.456838
  59.521200
-218.174065
 510.542610
-131.496180
-100.841313
 -16.845351
 159.931682
-172.118427
 176.999238
  75.202974
  52.531894
 -97.010965
-189.836163
-175.479827
 315.703730
-171.738944
-305.500005
 438.887935
  32.789379
-228.965907
-301.503195
   1.775928
 343.417123
-170.025055
-407.734451
 184.143598
-116.887697
 276.990720
-422.622061
 336.063852
   6.021640
-280.521583
 139.685482
  20.539189
-221.439762
  49.474280
-184.460179
 299.503685
 -35.418011
 145.053216
 239.365933
-208.827978
-332.925473
 555.884958
 -34.631989
-188.692700
-228.950319
  76.465805
-395.881432
 404.229302
 308.311441
 -93.948826
-235.971167
 -52.738257
  69.688167
 -46.396975
 265.154973
-277.428097
  73.921462
-116.646662
  97.352229
-251.509626
 236.626089
   3.103790
  31.027387
 -92.784790
-404.703250
 515.107032
  40.626863
-191.730112
-219.456238
 432.126444
-614.594603
  83.507060
 188.837693
 -17.810977
-224.309787
 486.196031
  34.626887
-818.294902
 352.152344
-175.328714
 266.052933
  -2.336972
 -74.068384
 -66.561996
  51.497872
  45.293677
 -40.544426
 685.706961
-805.009473
-125.580638
 131.534435
 280.962610
-130.494237
 -94.125633
-248.662426
 314.770389
 229.852802
-190.651674
 397.701728
-676.603056
 245.479115
 -27.412756
 462.159213
-593.874683
 258.552157
-113.778567
 185.564692
  50.496364
-600.273628
 540.845841
 320.935135
-560.748569
 287.904391
-193.744883
 121.058393
 620.260015
-933.784125
 193.870414
 163.166726
-369.767763
 172.332281
 556.555430
-509.458144
  97.617371
 102.858396
-478.416336
 358.625132
 283.677571
-433.063887
 364.578171
-545.058503
 655.930304
-418.964801
  96.926304
  -7.335809
 -60.041102
 333.634705
-221.453116
 -94.755157
-106.573324
 327.200980
-269.387246
  50.624933
 151.189139
 -81.322895
 -82.191940
  69.085144
 -51.926436
 339.463116
-209.090961
-141.908702
 441.122700
-641.423543
 112.865771
 -86.201470
 404.656518
-158.025261
-285.864768
 618.234930
-441.526568
 -75.632566
 232.276354
 -67.623150
-171.737851
 298.605056
 -39.119572
  -4.001804
 -41.196274
-236.538975
  27.718319
  32.856656
 336.963796
 155.926359
-317.431671
-608.750848
 388.133079
 225.491899
 119.574196
 -30.898247
-149.714103
  69.435899
   1.208303
 125.394082
-970.239889
 948.526026
 297.204431
-233.633515
-385.051211
-306.731568
 868.118709
-637.981187
  87.797673
 525.297648
-298.372747
-243.813319
 104.531363
 374.207584
-256.350823
 417.236511
-405.417799
-280.242885
 495.585142
-194.199121
 245.438187
-438.371317
  34.303476
 528.699821
-423.157506
   2.139351
 325.688362
-110.488580
-282.571838
 324.612961
 -81.824703
  94.940578
-175.704474
 246.534917
-272.577891
 299.706949
-272.034504
 397.857203
-451.489855
 721.720389
-495.255238
-349.550515
 343.161981
  -8.221099
  95.909857
 117.475501
-243.651232
 539.888213
-833.690031
 362.087669
 660.934709
-312.764918
-944.978982
1359.279915
-468.439645
-286.478336
 358.594174
-142.343392
 114.052964
-215.507750
 -15.352821
 349.374714
 183.660559
 -64.216814
-335.315643
-320.691417
 867.686565
-443.675301
 294.139291
-230.348586
 168.801265
 297.083457
-919.304152
1092.323601
-644.158336
-207.390002
 966.464013
-353.267108
-763.340583
 415.964282
 146.400587
 174.630071
 141.872547
-290.998947
 154.046864
-365.347104
 403.740591
-571.329431