623.644971 623.644971 623.644971 623.644971
616.768428 616.768428 616.768428 616.768428
609.891886 609.891886 609.891886 609.891886
603.015344 603.015344 603.015344 603.015344
596.138802 596.138802 596.138802 596.138802
589.262259 589.262259 589.262259 589.262259
582.385717 582.385717 582.385717 582.385717
575.509175 575.509175 575.509175 575.509175
568.632633 568.632633 568.632633 568.632633
561.756091 561.756091 561.756091 561.756091
554.879548 554.879548 554.879548 554.879548
548.003006 548.003006 548.003006 548.003006
541.126464 541.126464 541.126464 541.126464
534.249922 534.249922 534.249922 534.249922
527.373379 527.373379 527.373379 527.373379
520.496837 520.496837 520.496837 520.496837
513.620295 513.620295 513.620295 513.620295
506.743753 506.743753 506.743753 506.743753
499.867210 499.867210 499.867210 499.867210
492.990668 492.990668 492.990668 492.990668
486.114126 486.114126 486.114126 486.114126
479.237584 479.237584 479.237584 479.237584
472.361041 472.361041 472.361041 472.361041
465.484499 465.484499 465.484499 465.484499
458.607957 458.607957 458.607957 458.607957
451.731415 451.731415 451.731415 451.731415
444.854872 444.854872 444.854872 444.854872
437.978330 437.978330 437.978330 437.978330
431.101788 431.101788 431.101788 431.101788
424.225246 424.225246 424.225246 424.225246
417.348703 417.348703 417.348703 417.348703
410.472161 410.472161 410.472161 410.472161
403.595619 403.595619 403.595619 403.595619
396.719077 396.719077 396.719077 396.719077
389.842534 389.842534 389.842534 389.842534
382.965992 382.965992 382.965992 382.965992
376.089450 376.089450 376.089450 376.089450
369.212908 369.212908 369.212908 369.212908
362.336366 362.336366 362.336366 362.336366
355.459823 355.459823 355.459823 355.459823
348.583281 348.583281 348.583281 348.583281
341.706739 341.706739 341.706739 341.706739
334.830197 334.830197 334.830197 334.830197
327.953654 327.953654 327.953654 327.953654
321.077112 321.077112 321.077112 321.077112
314.200570 314.200570 314.200570 314.200570
307.324028 307.324028 307.324028 307.324028
300.447485 300.447485 300.447485 300.447485
293.570943 293.570943 293.570943 293.570943
286.694401 286.694401 286.694401 286.694401
279.817859 279.817859 279.817859 279.817859
272.941316 272.941316 272.941316 272.941316
266.064774 266.064774 266.064774 266.064774
259.188232 259.188232 259.188232 259.188232
252.311690 252.311690 252.311690 252.311690
245.435147 245.435147 245.435147 245.435147
238.558605 238.558605 238.558605 238.558605
231.682063 231.682063 231.682063 231.682063
224.805521 224.805521 224.805521 224.805521
217.928978 217.928978 217.928978 217.928978
211.052436 211.052436 211.052436 211.052436
204.175894 204.175894 204.175894 204.175894
197.299352 197.299352 197.299352 197.299352
190.422810 190.422810 190.422810 190.422810
183.546267 183.546267 183.546267 183.546267
176.669725 176.669725 176.669725 176.669725
169.793183 169.793183 169.793183 169.793183
162.916641 162.916641 162.916641 162.916641
156.040098 156.040098 156.040098 156.040098
149.163556 149.163556 149.163556 149.163556
142.287014 142.287014 142.287014 142.287014
135.410472 135.410472 135.410472 135.410472
128.533929 128.533929 128.533929 128.533929
121.657387 121.657387 121.657387 121.657387
114.780845 114.780845 114.780845 114.780845
107.904303 107.904303 107.904303 107.904303
101.027760 101.027760 101.027760 101.027760
 94.151218  94.151218  94.151218  94.151218
 87.274676  87.274676  87.274676  87.274676
 80.398134  80.398134  80.398134  80.398134
 73.521591  73.521591  73.521591  73.521591
 66.645049  66.645049  66.645049  66.645049
 59.768507  59.768507  59.768507  59.768507
 52.891965  52.891965  52.891965  52.891965
 46.015422  46.015422  46.015422  46.015422
 39.138880  39.138880  39.138880  39.138880
 32.262338  32.262338  32.262338  32.262338
 25.385796  25.385796  25.385796  25.385796
 18.509253  18.509253  18.509253  18.509253
 11.632711  11.632711  11.632711  11.632711
  4.756169   4.756169   4.756169   4.756169
 -2.120373  -2.120373  -2.120373  -2.120373
 -8.996915  -8.996915  -8.996915  -8.996915
-15.873458 -15.873458 -15.873458 -15.873458
-22.750000 -22.750000 -22.750000 -22.750000
-29.626542 -29.626542 -29.626542 -29.626542
-36.503084 -36.503084 -36.503084 -36.503084
-43.379627 -43.379627 -43.379627 -43.379627
-50.256169 -50.256169 -50.256169 -50.256169
-57.132711 -57.132711 -57.132711 -57.132711