-38.189614
-38.184083
-38.178551
-38.173020
-38.167489
-38.161958
-38.156427
-38.150896
-38.145365
-38.139834
-38.134302
-38.128771
-38.123240
-38.117709
-38.112178
-38.106647
-38.101116
-38.095585
-38.090054
-38.084522
-38.078991
-38.073460
-38.067929
-38.062398
-38.056867
-38.051336
-38.045805
-38.040273
-38.034742
-38.029211
-38.023680
-38.018149
-38.012618
-38.007087
-38.001556
-37.996024
-37.990493
-37.984962
-37.979431
-37.973900
-37.968369
-37.962838
-37.957307
-37.951776
-37.946244
-37.940713
-37.935182
-37.929651
-37.924120
-37.918589
-37.913058
-37.907527
-37.901995
-37.896464
-37.890933
-37.885402
-37.879871
-37.874340
-37.868809
-37.863278
-37.857747
-37.852215
-37.846684
-37.841153
-37.835622
-37.830091
-37.824560
-37.819029
-37.813498
-37.807966
-37.802435
-37.796904
-37.791373
-37.785842
-37.780311
-37.774780
-37.769249
-37.763718
-37.758186
-37.752655
-37.747124
-37.741593
-37.736062
-37.730531
-37.725000
-37.719469
-37.713937
-37.708406
-37.702875
-37.697344
-37.691813
-37.686282
-37.680751
-37.675220
-37.669689
-37.664157
-37.658626
-37.653095
-37.647564
-37.642033