-223.571075 -223.571075 -223.571075 -223.571075
-220.063585 -220.063585 -220.063585 -220.063585
-216.556096 -216.556096 -216.556096 -216.556096
-213.048607 -213.048607 -213.048607 -213.048607
-209.541118 -209.541118 -209.541118 -209.541118
-206.033628 -206.033628 -206.033628 -206.033628
-202.526139 -202.526139 -202.526139 -202.526139
-199.018650 -199.018650 -199.018650 -199.018650
-195.511160 -195.511160 -195.511160 -195.511160
-192.003671 -192.003671 -192.003671 -192.003671
-188.496182 -188.496182 -188.496182 -188.496182
-184.988693 -184.988693 -184.988693 -184.988693
-181.481203 -181.481203 -181.481203 -181.481203
-177.973714 -177.973714 -177.973714 -177.973714
-174.466225 -174.466225 -174.466225 -174.466225
-170.958736 -170.958736 -170.958736 -170.958736
-167.451246 -167.451246 -167.451246 -167.451246
-163.943757 -163.943757 -163.943757 -163.943757
-160.436268 -160.436268 -160.436268 -160.436268
-156.928778 -156.928778 -156.928778 -156.928778
-153.421289 -153.421289 -153.421289 -153.421289
-149.913800 -149.913800 -149.913800 -149.913800
-146.406311 -146.406311 -146.406311 -146.406311
-142.898821 -142.898821 -142.898821 -142.898821
-139.391332 -139.391332 -139.391332 -139.391332
-135.883843 -135.883843 -135.883843 -135.883843
-132.376353 -132.376353 -132.376353 -132.376353
-128.868864 -128.868864 -128.868864 -128.868864
-125.361375 -125.361375 -125.361375 -125.361375
-121.853886 -121.853886 -121.853886 -121.853886
-118.346396 -118.346396 -118.346396 -118.346396
-114.838907 -114.838907 -114.838907 -114.838907
-111.331418 -111.331418 -111.331418 -111.331418
-107.823928 -107.823928 -107.823928 -107.823928
-104.316439 -104.316439 -104.316439 -104.316439
-100.808950 -100.808950 -100.808950 -100.808950
 -97.301461  -97.301461  -97.301461  -97.301461
 -93.793971  -93.793971  -93.793971  -93.793971
 -90.286482  -90.286482  -90.286482  -90.286482
 -86.778993  -86.778993  -86.778993  -86.778993
 -83.271504  -83.271504  -83.271504  -83.271504
 -79.764014  -79.764014  -79.764014  -79.764014
 -76.256525  -76.256525  -76.256525  -76.256525
 -72.749036  -72.749036  -72.749036  -72.749036
 -69.241546  -69.241546  -69.241546  -69.241546
 -65.734057  -65.734057  -65.734057  -65.734057
 -62.226568  -62.226568  -62.226568  -62.226568
 -58.719079  -58.719079  -58.719079  -58.719079
 -55.211589  -55.211589  -55.211589  -55.211589
 -51.704100  -51.704100  -51.704100  -51.704100
 -48.196611  -48.196611  -48.196611  -48.196611
 -44.689121  -44.689121  -44.689121  -44.689121
 -41.181632  -41.181632  -41.181632  -41.181632
 -37.674143  -37.674143  -37.674143  -37.674143
 -34.166654  -34.166654  -34.166654  -34.166654
 -30.659164  -30.659164  -30.659164  -30.659164
 -27.151675  -27.151675  -27.151675  -27.151675
 -23.644186  -23.644186  -23.644186  -23.644186
 -20.136697  -20.136697  -20.136697  -20.136697
 -16.629207  -16.629207  -16.629207  -16.629207
 -13.121718  -13.121718  -13.121718  -13.121718
  -9.614229   -9.614229   -9.614229   -9.614229
  -6.106739   -6.106739   -6.106739   -6.106739
  -2.599250   -2.599250   -2.599250   -2.599250
   0.908239    0.908239    0.908239    0.908239
   4.415728    4.415728    4.415728    4.415728
   7.923218    7.923218    7.923218    7.923218
  11.430707   11.430707   11.430707   11.430707
  14.938196   14.938196   14.938196   14.938196
  18.445686   18.445686   18.445686   18.445686
  21.953175   21.953175   21.953175   21.953175
  25.460664   25.460664   25.460664   25.460664
  28.968153   28.968153   28.968153   28.968153
  32.475643   32.475643   32.475643   32.475643
  35.983132   35.983132   35.983132   35.983132
  39.490621   39.490621   39.490621   39.490621
  42.998111   42.998111   42.998111   42.998111
  46.505600   46.505600   46.505600   46.505600
  50.013089   50.013089   50.013089   50.013089
  53.520578   53.520578   53.520578   53.520578
  57.028068   57.028068   57.028068   57.028068
  60.535557   60.535557   60.535557   60.535557
  64.043046   64.043046   64.043046   64.043046
  67.550535   67.550535   67.550535   67.550535
  71.058025   71.058025   71.058025   71.058025
  74.565514   74.565514   74.565514   74.565514
  78.073003   78.073003   78.073003   78.073003
  81.580493   81.580493   81.580493   81.580493
  85.087982   85.087982   85.087982   85.087982
  88.595471   88.595471   88.595471   88.595471
  92.102960   92.102960   92.102960   92.102960
  95.610450   95.610450   95.610450   95.610450
  99.117939   99.117939   99.117939   99.117939
 102.625428  102.625428  102.625428  102.625428
 106.132918  106.132918  106.132918  106.132918
 109.640407  109.640407  109.640407  109.640407
 113.147896  113.147896  113.147896  113.147896
 116.655385  116.655385  116.655385  116.655385
 120.162875  120.162875  120.162875  120.162875
 123.670364  123.670364  123.670364  123.670364