-223.571075
-220.063585
-216.556096
-213.048607
-209.541118
-206.033628
-202.526139
-199.018650
-195.511160
-192.003671
-188.496182
-184.988693
-181.481203
-177.973714
-174.466225
-170.958736
-167.451246
-163.943757
-160.436268
-156.928778
-153.421289
-149.913800
-146.406311
-142.898821
-139.391332
-135.883843
-132.376353
-128.868864
-125.361375
-121.853886
-118.346396
-114.838907
-111.331418
-107.823928
-104.316439
-100.808950
 -97.301461
 -93.793971
 -90.286482
 -86.778993
 -83.271504
 -79.764014
 -76.256525
 -72.749036
 -69.241546
 -65.734057
 -62.226568
 -58.719079
 -55.211589
 -51.704100
 -48.196611
 -44.689121
 -41.181632
 -37.674143
 -34.166654
 -30.659164
 -27.151675
 -23.644186
 -20.136697
 -16.629207
 -13.121718
  -9.614229
  -6.106739
  -2.599250
   0.908239
   4.415728
   7.923218
  11.430707
  14.938196
  18.445686
  21.953175
  25.460664
  28.968153
  32.475643
  35.983132
  39.490621
  42.998111
  46.505600
  50.013089
  53.520578
  57.028068
  60.535557
  64.043046
  67.550535
  71.058025
  74.565514
  78.073003
  81.580493
  85.087982
  88.595471
  92.102960
  95.610450
  99.117939
 102.625428
 106.132918
 109.640407
 113.147896
 116.655385
 120.162875
 123.670364