54.064092 54.064092 54.064092 54.064092
53.654381 53.654381 53.654381 53.654381
53.244670 53.244670 53.244670 53.244670
52.834959 52.834959 52.834959 52.834959
52.425248 52.425248 52.425248 52.425248
52.015537 52.015537 52.015537 52.015537
51.605826 51.605826 51.605826 51.605826
51.196115 51.196115 51.196115 51.196115
50.786404 50.786404 50.786404 50.786404
50.376693 50.376693 50.376693 50.376693
49.966982 49.966982 49.966982 49.966982
49.557271 49.557271 49.557271 49.557271
49.147560 49.147560 49.147560 49.147560
48.737849 48.737849 48.737849 48.737849
48.328138 48.328138 48.328138 48.328138
47.918427 47.918427 47.918427 47.918427
47.508716 47.508716 47.508716 47.508716
47.099005 47.099005 47.099005 47.099005
46.689294 46.689294 46.689294 46.689294
46.279583 46.279583 46.279583 46.279583
45.869872 45.869872 45.869872 45.869872
45.460161 45.460161 45.460161 45.460161
45.050450 45.050450 45.050450 45.050450
44.640739 44.640739 44.640739 44.640739
44.231028 44.231028 44.231028 44.231028
43.821317 43.821317 43.821317 43.821317
43.411606 43.411606 43.411606 43.411606
43.001895 43.001895 43.001895 43.001895
42.592184 42.592184 42.592184 42.592184
42.182473 42.182473 42.182473 42.182473
41.772762 41.772762 41.772762 41.772762
41.363051 41.363051 41.363051 41.363051
40.953340 40.953340 40.953340 40.953340
40.543629 40.543629 40.543629 40.543629
40.133918 40.133918 40.133918 40.133918
39.724207 39.724207 39.724207 39.724207
39.314496 39.314496 39.314496 39.314496
38.904785 38.904785 38.904785 38.904785
38.495074 38.495074 38.495074 38.495074
38.085363 38.085363 38.085363 38.085363
37.675652 37.675652 37.675652 37.675652
37.265941 37.265941 37.265941 37.265941
36.856230 36.856230 36.856230 36.856230
36.446519 36.446519 36.446519 36.446519
36.036808 36.036808 36.036808 36.036808
35.627097 35.627097 35.627097 35.627097
35.217386 35.217386 35.217386 35.217386
34.807675 34.807675 34.807675 34.807675
34.397964 34.397964 34.397964 34.397964
33.988253 33.988253 33.988253 33.988253
33.578542 33.578542 33.578542 33.578542
33.168831 33.168831 33.168831 33.168831
32.759120 32.759120 32.759120 32.759120
32.349409 32.349409 32.349409 32.349409
31.939698 31.939698 31.939698 31.939698
31.529987 31.529987 31.529987 31.529987
31.120276 31.120276 31.120276 31.120276
30.710565 30.710565 30.710565 30.710565
30.300854 30.300854 30.300854 30.300854
29.891143 29.891143 29.891143 29.891143
29.481432 29.481432 29.481432 29.481432
29.071721 29.071721 29.071721 29.071721
28.662010 28.662010 28.662010 28.662010
28.252299 28.252299 28.252299 28.252299
27.842588 27.842588 27.842588 27.842588
27.432877 27.432877 27.432877 27.432877
27.023166 27.023166 27.023166 27.023166
26.613455 26.613455 26.613455 26.613455
26.203744 26.203744 26.203744 26.203744
25.794033 25.794033 25.794033 25.794033
25.384322 25.384322 25.384322 25.384322
24.974611 24.974611 24.974611 24.974611
24.564900 24.564900 24.564900 24.564900
24.155189 24.155189 24.155189 24.155189
23.745478 23.745478 23.745478 23.745478
23.335767 23.335767 23.335767 23.335767
22.926056 22.926056 22.926056 22.926056
22.516345 22.516345 22.516345 22.516345
22.106634 22.106634 22.106634 22.106634
21.696923 21.696923 21.696923 21.696923
21.287212 21.287212 21.287212 21.287212
20.877501 20.877501 20.877501 20.877501
20.467790 20.467790 20.467790 20.467790
20.058079 20.058079 20.058079 20.058079
19.648368 19.648368 19.648368 19.648368
19.238657 19.238657 19.238657 19.238657
18.828946 18.828946 18.828946 18.828946
18.419235 18.419235 18.419235 18.419235
18.009524 18.009524 18.009524 18.009524
17.599813 17.599813 17.599813 17.599813
17.190102 17.190102 17.190102 17.190102
16.780391 16.780391 16.780391 16.780391
16.370680 16.370680 16.370680 16.370680
15.960969 15.960969 15.960969 15.960969
15.551258 15.551258 15.551258 15.551258
15.141547 15.141547 15.141547 15.141547
14.731836 14.731836 14.731836 14.731836
14.322125 14.322125 14.322125 14.322125
13.912414 13.912414 13.912414 13.912414
13.502703 13.502703 13.502703 13.502703