54.064092
53.654381
53.244670
52.834959
52.425248
52.015537
51.605826
51.196115
50.786404
50.376693
49.966982
49.557271
49.147560
48.737849
48.328138
47.918427
47.508716
47.099005
46.689294
46.279583
45.869872
45.460161
45.050450
44.640739
44.231028
43.821317
43.411606
43.001895
42.592184
42.182473
41.772762
41.363051
40.953340
40.543629
40.133918
39.724207
39.314496
38.904785
38.495074
38.085363
37.675652
37.265941
36.856230
36.446519
36.036808
35.627097
35.217386
34.807675
34.397964
33.988253
33.578542
33.168831
32.759120
32.349409
31.939698
31.529987
31.120276
30.710565
30.300854
29.891143
29.481432
29.071721
28.662010
28.252299
27.842588
27.432877
27.023166
26.613455
26.203744
25.794033
25.384322
24.974611
24.564900
24.155189
23.745478
23.335767
22.926056
22.516345
22.106634
21.696923
21.287212
20.877501
20.467790
20.058079
19.648368
19.238657
18.828946
18.419235
18.009524
17.599813
17.190102
16.780391
16.370680
15.960969
15.551258
15.141547
14.731836
14.322125
13.912414
13.502703