  0.000000   0.000000   0.000000   0.000000   0.000000   0.059870  -3.537370
  0.010000   0.000302   0.000447   0.088588   0.146926  16.973650  28.163092
  0.020000   0.002264   0.003723   0.324895   0.549893  29.630204  50.816569
  0.030000   0.007160   0.011915   0.669350   1.103787  38.654001  58.412259
  0.040000   0.015885   0.026056   1.084058   1.746367  43.717250  70.209743
  0.050000   0.028964   0.047103   1.536185   2.468050  46.305093  72.357023
  0.060000   0.046638   0.075399   1.996727   3.192558  45.238142  72.486486
  0.070000   0.068831   0.110894   2.437953   3.899655  42.885121  67.939926
  0.080000   0.095278   0.153158   2.841913   4.539828  37.251723  59.664518
  0.090000   0.125456   0.201379   3.183503   5.088303  31.269396  49.848376
  0.100000   0.158733   0.254552   3.457397   5.523854  22.737492  36.425266
  0.110000   0.194292   0.311377   3.640490   5.818642  14.384878  23.037450
  0.120000   0.231277   0.370484   3.739685   5.976498   4.635749   7.456602
  0.130000   0.268731   0.430348   3.735381   5.971079  -4.785993  -7.570445
  0.140000   0.305710   0.489458   3.644227   5.825237 -14.153591 -22.609326
  0.150000   0.341275   0.546312   3.453504   5.521150 -23.218357 -37.057188
  0.160000   0.374535   0.599486   3.185602   5.092860 -30.765211 -49.190307
  0.170000   0.404719   0.647742   2.839093   4.539173 -37.865686 -60.510344
  0.180000   0.431142   0.689987   2.437652   3.897316 -42.353612 -67.733229
  0.190000   0.453336   0.725470   1.995302   3.190019 -45.683906 -73.042988
  0.200000   0.470983   0.753684   1.533495   2.451557 -46.068856 -73.678637
  0.210000   0.484052   0.774575   1.084298   1.733020 -43.623454 -69.793296
  0.220000   0.492765   0.788497   0.666526   1.064189 -38.800571 -62.226232
  0.230000   0.497679   0.796316   0.336791   0.530039 -26.671994 -44.230797
  0.240000   0.499923   0.799691   0.131892   0.175672 -14.868466 -26.149909
  0.250000   0.500589   0.800474   0.006095   0.012113 -11.812663  -7.629291
  0.260000   0.500035   0.800417  -0.125520  -0.008241 -16.685058   1.559525
  0.270000   0.497650   0.800410  -0.382486   0.004902 -34.943131   0.446391
  0.280000   0.491856   0.800463  -0.795784   0.004519 -46.378848  -0.265057
  0.290000   0.481455   0.800494  -1.295787   0.001781 -53.011437  -0.254645
  0.300000   0.465787   0.800501  -1.842297  -0.000410 -55.640251  -0.183290
  0.310000   0.444586   0.800488  -2.396217  -0.001909 -54.614997  -0.118899
  0.320000   0.417939   0.800464  -2.928102  -0.002849 -51.453487  -0.071965
  0.330000   0.386179   0.800433  -3.412893  -0.003388 -44.897273  -0.037589
  0.340000   0.349930   0.800397  -3.824479  -0.003636 -37.480039  -0.013630
  0.350000   0.309960   0.800361  -4.152361  -0.003684 -27.385664   0.003043
  0.360000   0.267245   0.800324  -4.373487  -0.003594 -17.242311   0.014044
  0.370000   0.222822   0.800289  -4.491339  -0.003417  -5.566876   0.020972
  0.380000   0.177834   0.800256  -4.487267  -0.003185   5.701073   0.024939
  0.390000   0.133416   0.800226  -4.376940  -0.002925  17.076205   0.026751
  0.400000   0.090699   0.800198  -4.148268  -0.002654  27.786952   0.027117
  0.410000   0.050744   0.800172  -3.826754  -0.002386  37.052922   0.026440
  0.420000   0.014492   0.800150  -3.409456  -0.002127  45.458021   0.025145
  0.430000  -0.017246   0.800130  -2.928710  -0.001884  50.885815   0.023427
  0.440000  -0.043898   0.800112  -2.394502  -0.001660  55.115686   0.021524
  0.450000  -0.065078   0.800097  -1.841037  -0.001454  55.186401   0.019527
  0.460000  -0.080755   0.800083  -1.297970  -0.001269  52.983527   0.017557
  0.470000  -0.091159   0.800071  -0.793864  -0.001103  46.539911   0.015652
  0.480000  -0.096984   0.800061  -0.393199  -0.000955  33.487968   0.013866
  0.490000  -0.099446   0.800052  -0.122505  -0.000825  19.718943   0.012210
  0.500000  -0.099996   0.800044  -0.017114  -0.000711   4.325743   0.010702
  0.510000  -0.100061   0.800038  -0.017025  -0.000611  -1.524007   0.009341
  0.520000  -0.100292   0.800032  -0.027756  -0.000523  -0.678151   0.008124
  0.530000  -0.100594   0.800027  -0.031536  -0.000448  -0.119115   0.007038
  0.540000  -0.100908   0.800023  -0.030831  -0.000382   0.230277   0.006077
  0.550000  -0.101201   0.800020  -0.027426  -0.000326   0.429434   0.005232
  0.560000  -0.101452   0.800017  -0.022588  -0.000277   0.523621   0.004493
  0.570000  -0.101651   0.800014  -0.017187  -0.000236   0.546896   0.003850
  0.580000  -0.101796   0.800012  -0.011800  -0.000200   0.524492   0.003292
  0.590000  -0.101889   0.800010  -0.006787  -0.000170   0.474760   0.002810
  0.600000  -0.101934   0.800008  -0.002351  -0.000144   0.410743   0.002394
  0.610000  -0.101938   0.800007   0.001412  -0.000121   0.341444   0.002037
  0.620000  -0.101908   0.800006   0.004481  -0.000103   0.272837   0.001731
  0.630000  -0.101851   0.800005   0.006884  -0.000087   0.208666   0.001469
  0.640000  -0.101772   0.800004   0.008677  -0.000073   0.151066   0.001245
  0.650000  -0.101679   0.800004   0.009931  -0.000062   0.101038   0.001054
  0.660000  -0.101575   0.800003   0.010724  -0.000052   0.058815   0.000892
  0.670000  -0.101466   0.800003   0.011132  -0.000044   0.024124   0.000754
  0.680000  -0.101354   0.800002   0.011229  -0.000037  -0.003610   0.000637
  0.690000  -0.101242   0.800002   0.011081  -0.000031  -0.025127   0.000537
  0.700000  -0.101133   0.800001   0.010745  -0.000026  -0.041236   0.000453