  0.000000   0.000000   0.000000   0.000000   0.000000   0.029935  -1.768685
  0.010000   0.000000   0.000000   0.000299  -0.017687  10.306711  17.820032
  0.020000   0.000003  -0.000177   0.103366   0.160513  17.629440  30.805577
  0.030000   0.001037   0.001428   0.279661   0.468569  22.544306  34.355949
  0.040000   0.003833   0.006114   0.505104   0.812129  24.978690  40.317674
  0.050000   0.008884   0.014235   0.754891   1.215305  25.919201  40.658460
  0.060000   0.016433   0.026388   1.014083   1.621890  24.744116  39.747398
  0.070000   0.026574   0.042607   1.261524   2.019364  22.876829  36.328042
  0.080000   0.039189   0.062801   1.490292   2.382644  19.232004  30.837404
  0.090000   0.054092   0.086627   1.682612   2.691018  15.454183  24.676998
  0.100000   0.070918   0.113537   1.837154   2.937788  10.409458  16.675747
  0.110000   0.089290   0.142915   1.941249   3.104546   5.494610   8.820579
  0.120000   0.108702   0.173961   1.996195   3.192752   0.037970   0.062043
  0.130000   0.128664   0.205888   1.996575   3.193372  -5.267952  -8.383126
  0.140000   0.148630   0.237822   1.943895   3.109541 -10.258276 -16.417901
  0.150000   0.168069   0.268917   1.841312   2.945362 -15.164273 -24.223957
  0.160000   0.186482   0.298371   1.689670   2.703122 -18.943180 -30.313536
  0.170000   0.203379   0.325402   1.500238   2.399987 -22.568207 -36.083187
  0.180000   0.218381   0.349402   1.274556   2.039155 -24.530132 -39.249599
  0.190000   0.231127   0.369794   1.029254   1.646659 -25.889736 -41.410756
  0.200000   0.241419   0.386260   0.770357   1.232552 -25.549930 -40.877424
  0.210000   0.249123   0.398586   0.514858   0.823777 -23.558827 -37.706547
  0.220000   0.254271   0.406824   0.279269   0.446712 -20.396088 -32.727784
  0.230000   0.257064   0.411291   0.075309   0.119434 -12.902380 -21.544990
  0.240000   0.257817   0.412485  -0.053715  -0.096016  -5.790094 -10.776562
  0.250000   0.257280   0.411525  -0.111616  -0.203782  -4.114214   0.063784
  0.260000   0.256164   0.409487  -0.152758  -0.203144  -7.201389   5.029271
  0.270000   0.254636   0.407456  -0.224772  -0.152851 -18.455078   3.535046
  0.280000   0.252389   0.405927  -0.409323  -0.117501 -25.316670   2.379632
  0.290000   0.248295   0.404752  -0.662490  -0.093704 -28.949282   1.854507
  0.300000   0.241670   0.403815  -0.951983  -0.075159 -30.097717   1.480624
  0.310000   0.232151   0.403064  -1.252960  -0.060353 -29.056564   1.188797
  0.320000   0.219621   0.402460  -1.543525  -0.048465 -26.808540   0.954519
  0.330000   0.204186   0.401975  -1.811611  -0.038920 -22.680708   0.766673
  0.340000   0.186070   0.401586  -2.038418  -0.031253 -18.134803   0.615641
  0.350000   0.165686   0.401274  -2.219766  -0.025097 -12.231524   0.494417
  0.360000   0.143488   0.401023  -2.342081  -0.020152  -6.353488   0.397040
  0.370000   0.120067   0.400821  -2.405616  -0.016182   0.152334   0.318826
  0.380000   0.096011   0.400659  -2.404093  -0.012994   6.431766   0.256039
  0.390000   0.071970   0.400529  -2.339775  -0.010433  12.486006   0.205585
  0.400000   0.048572   0.400425  -2.214915  -0.008378  18.236266   0.165098
  0.410000   0.026423   0.400341  -2.032552  -0.006727  22.873784   0.132558
  0.420000   0.006098   0.400274  -1.803814  -0.005401  27.152451   0.106451
  0.430000  -0.011941   0.400220  -1.532290  -0.004336  29.487862   0.085467
  0.440000  -0.027263   0.400177  -1.237411  -0.003482  31.290286   0.068632
  0.450000  -0.039638   0.400142  -0.924508  -0.002795  30.592433   0.055102
  0.460000  -0.048883   0.400114  -0.618584  -0.002244  28.677699   0.044246
  0.470000  -0.055069   0.400091  -0.331807  -0.001802  24.460118   0.035523
  0.480000  -0.058387   0.400073  -0.087206  -0.001447  16.325538   0.028524
  0.490000  -0.059259   0.400059   0.076049  -0.001161   8.181287   0.022900
  0.500000  -0.058498   0.400047   0.157862  -0.000932  -2.153576   0.018386
  0.510000  -0.056920   0.400038   0.136327  -0.000749  -2.029701   0.014767
  0.520000  -0.055556   0.400030   0.116030  -0.000601  -1.858451   0.011858
  0.530000  -0.054396   0.400024   0.097445  -0.000482  -1.663681   0.009520
  0.540000  -0.053422   0.400020   0.080808  -0.000387  -1.461991   0.007642
  0.550000  -0.052613   0.400016   0.066188  -0.000311  -1.264568   0.006134
  0.560000  -0.051952   0.400013   0.053543  -0.000249  -1.078584   0.004923
  0.570000  -0.051416   0.400010   0.042757  -0.000200  -0.908270   0.003950
  0.580000  -0.050989   0.400008   0.033674  -0.000161  -0.755734   0.003170
  0.590000  -0.050652   0.400007   0.026117  -0.000129  -0.621595   0.002544
  0.600000  -0.050391   0.400005   0.019901  -0.000104  -0.505456   0.002041
  0.610000  -0.050192   0.400004   0.014846  -0.000083  -0.406270   0.001638
  0.620000  -0.050043   0.400003   0.010784  -0.000067  -0.322604   0.001315
  0.630000  -0.049935   0.400003   0.007558  -0.000054  -0.252835   0.001055
  0.640000  -0.049860   0.400002   0.005029  -0.000043  -0.195286   0.000847
  0.650000  -0.049809   0.400002   0.003076  -0.000035  -0.148319   0.000680
  0.660000  -0.049779   0.400001   0.001593  -0.000028  -0.110394   0.000546
  0.670000  -0.049763   0.400001   0.000489  -0.000022  -0.080101   0.000438
  0.680000  -0.049758   0.400001  -0.000312  -0.000018  -0.056182   0.000352
  0.690000  -0.049761   0.400001  -0.000874  -0.000014  -0.037529   0.000283
  0.700000  -0.049770   0.400001  -0.001249  -0.000012  -0.023185   0.000227