   0.000000    0.000000    0.000000    0.000000    0.000000   -0.089806    5.306055
   0.010000    0.000000    0.000000   -0.000898    0.053061  -30.920134  -53.460095
   0.020000   -0.000009    0.000531   -0.310099   -0.481540  -52.888320  -92.416730
   0.030000   -0.003110   -0.004285   -0.838983   -1.405708  -67.632918 -103.067846
   0.040000   -0.011500   -0.018342   -1.515312   -2.436386  -74.936070 -120.953021
   0.050000   -0.026653   -0.042706   -2.264672   -3.645916  -77.757604 -121.975381
   0.060000   -0.049300   -0.079165   -3.042249   -4.865670  -74.232349 -119.242193
   0.070000   -0.079722   -0.127822   -3.784572   -6.058092  -68.630488 -108.984127
   0.080000   -0.117568   -0.188403   -4.470877   -7.147933  -57.696012  -92.512211
   0.090000   -0.162277   -0.259882   -5.047837   -8.073055  -46.362550  -74.030993
   0.100000   -0.212755   -0.340612   -5.511463   -8.813365  -31.228375  -50.027240
   0.110000   -0.267870   -0.428746   -5.823746   -9.313638  -16.483830  -26.461738
   0.120000   -0.326107   -0.521882   -5.988585   -9.578255   -0.113910   -0.186129
   0.130000   -0.385993   -0.617665   -5.989724   -9.580116   15.803856   25.149378
   0.140000   -0.445890   -0.713466   -5.831685   -9.328623   30.774828   49.253703
   0.150000   -0.504207   -0.806752   -5.523937   -8.836086   45.492818   72.671871
   0.160000   -0.559446   -0.895113   -5.069009   -8.109367   56.829541   90.940609
   0.170000   -0.610136   -0.976207   -4.500713   -7.199961   67.704620  108.249562
   0.180000   -0.655144   -1.048207   -3.823667   -6.117465   73.590395  117.748797
   0.190000   -0.693380   -1.109381   -3.087763   -4.939977   77.669208  124.232267
   0.200000   -0.724258   -1.158781   -2.311071   -3.697655   76.649789  122.632273
   0.210000   -0.747369   -1.195757   -1.544573   -2.471332   70.676481  113.119642
   0.220000   -0.762814   -1.220471   -0.837808   -1.340135   61.188263   98.183352
   0.230000   -0.771192   -1.233872   -0.225926   -0.358302   38.707140   64.634969
   0.240000   -0.773452   -1.237455    0.161146    0.288048   17.370282   32.329687
   0.250000   -0.771840   -1.234575    0.334849    0.611345   12.342643   -0.191352
   0.260000   -0.768492   -1.228461    0.458275    0.609431   21.604166  -15.087812
   0.270000   -0.763909   -1.222367    0.674317    0.458553   55.365234  -10.605139
   0.280000   -0.757166   -1.217781    1.227969    0.352502   75.950010   -7.138895
   0.290000   -0.744886   -1.214256    1.987469    0.281113   86.847847   -5.563522
   0.300000   -0.725011   -1.211445    2.855948    0.225477   90.293152   -4.441871
   0.310000   -0.696452   -1.209191    3.758879    0.181059   87.169692   -3.566392
   0.320000   -0.658863   -1.207380    4.630576    0.145395   80.425619   -2.863558
   0.330000   -0.612557   -1.205926    5.434832    0.116759   68.042125   -2.300020
   0.340000   -0.558209   -1.204758    6.115253    0.093759   54.404409   -1.846924
   0.350000   -0.497057   -1.203821    6.659298    0.075290   36.694571   -1.483251
   0.360000   -0.430464   -1.203068    7.026243    0.060457   19.060464   -1.191120
   0.370000   -0.360201   -1.202463    7.216848    0.048546   -0.457003   -0.956477
   0.380000   -0.288033   -1.201978    7.212278    0.038981  -19.295298   -0.768116
   0.390000   -0.215910   -1.201588    7.019325    0.031300  -37.458019   -0.616755
   0.400000   -0.145717   -1.201275    6.644745    0.025133  -54.708799   -0.495295
   0.410000   -0.079269   -1.201024    6.097657    0.020180  -68.621351   -0.397675
   0.420000   -0.018293   -1.200822    5.411443    0.016203  -81.457352   -0.319352
   0.430000    0.035822   -1.200660    4.596870    0.013009  -88.463585   -0.256402
   0.440000    0.081790   -1.200530    3.712234    0.010445  -93.870857   -0.205896
   0.450000    0.118913   -1.200425    2.773525    0.008386  -91.777299   -0.165307
   0.460000    0.146648   -1.200341    1.855752    0.006733  -86.033097   -0.132739
   0.470000    0.165206   -1.200274    0.995421    0.005406  -73.380354   -0.106570
   0.480000    0.175160   -1.200220    0.261618    0.004340  -48.976614   -0.085571
   0.490000    0.177776   -1.200177   -0.228148    0.003484  -24.543860   -0.068701
   0.500000    0.175495   -1.200142   -0.473587    0.002797    6.460729   -0.055158
   0.510000    0.170759   -1.200114   -0.408980    0.002246    6.089103   -0.044302
   0.520000    0.166669   -1.200091   -0.348089    0.001803    5.575352   -0.035575
   0.530000    0.163188   -1.200073   -0.292335    0.001447    4.991043   -0.028561
   0.540000    0.160265   -1.200059   -0.242425    0.001162    4.385974   -0.022927
   0.550000    0.157840   -1.200047   -0.198565    0.000932    3.793704   -0.018401
   0.560000    0.155855   -1.200038   -0.160628    0.000748    3.235751   -0.014768
   0.570000    0.154248   -1.200030   -0.128270    0.000601    2.724809   -0.011851
   0.580000    0.152966   -1.200024   -0.101022    0.000482    2.267203   -0.009510
   0.590000    0.151956   -1.200020   -0.078350    0.000387    1.864786   -0.007631
   0.600000    0.151172   -1.200016   -0.059703    0.000311    1.516369   -0.006124
   0.610000    0.150575   -1.200013   -0.044539    0.000249    1.218810   -0.004914
   0.620000    0.150130   -1.200010   -0.032351    0.000200    0.967811   -0.003944
   0.630000    0.149806   -1.200008   -0.022673    0.000161    0.758504   -0.003165
   0.640000    0.149579   -1.200007   -0.015088    0.000129    0.585858   -0.002541
   0.650000    0.149428   -1.200005   -0.009229    0.000104    0.444957   -0.002040
   0.660000    0.149336   -1.200004   -0.004779    0.000083    0.331181   -0.001637
   0.670000    0.149288   -1.200003   -0.001468    0.000067    0.240303   -0.001315
   0.680000    0.149274   -1.200003    0.000935    0.000054    0.168545   -0.001056
   0.690000    0.149283   -1.200002    0.002621    0.000043    0.112587   -0.000848
   0.700000    0.149309   -1.200002    0.003747    0.000035    0.069555   -0.000681