   0.000000    0.000000    0.000000    0.000000    0.000000   -0.089806    5.306055
   0.010000   -0.000454   -0.000671   -0.132883   -0.220389  -25.460475  -42.244638
   0.020000   -0.003397   -0.005585   -0.487342   -0.824840  -44.445306  -76.224854
   0.030000   -0.010740   -0.017873   -1.004024   -1.655681  -57.981002  -87.618389
   0.040000   -0.023827   -0.039084   -1.626087   -2.619550  -65.575876 -105.314614
   0.050000   -0.043447   -0.070655   -2.304278   -3.702075  -69.457639 -108.535534
   0.060000   -0.069957   -0.113098   -2.995090   -4.788838  -67.857213 -108.729728
   0.070000   -0.103247   -0.166341   -3.656929   -5.849482  -64.327681 -101.909889
   0.080000   -0.142917   -0.229738   -4.262870   -6.809742  -55.877584  -89.496777
   0.090000   -0.188183   -0.302069   -4.775254   -7.632454  -46.904094  -74.772564
   0.100000   -0.238099   -0.381829   -5.186095   -8.285781  -34.106238  -54.637899
   0.110000   -0.291439   -0.467065   -5.460735   -8.727963  -21.577318  -34.556176
   0.120000   -0.346915   -0.555726   -5.609528   -8.964747   -6.953623  -11.184902
   0.130000   -0.403097   -0.645522   -5.603071   -8.956618    7.178990   11.355668
   0.140000   -0.458564   -0.734187   -5.466340   -8.737856   21.230387   33.913989
   0.150000   -0.511913   -0.819468   -5.180256   -8.281725   34.827536   55.585783
   0.160000   -0.561803   -0.899229   -4.778403   -7.639289   46.147816   73.785461
   0.170000   -0.607079   -0.971614   -4.258639   -6.808760   56.798529   90.765515
   0.180000   -0.646713   -1.034981   -3.656479   -5.845973   63.530419  101.599843
   0.190000   -0.680003   -1.088205   -2.992953   -4.785028   68.525858  109.564482
   0.200000   -0.706475   -1.130526   -2.300242   -3.677335   69.103284  110.517956
   0.210000   -0.726078   -1.161862   -1.626447   -2.599530   65.435180  104.689945
   0.220000   -0.739148   -1.182745   -0.999790   -1.596283   58.200856   93.339348
   0.230000   -0.746519   -1.194474   -0.505186   -0.795058   40.007991   66.346195
   0.240000   -0.749885   -1.199537   -0.197838   -0.263508   22.302699   39.224864
   0.250000   -0.750883   -1.200711   -0.009142   -0.018169   17.718994   11.443937
   0.260000   -0.750052   -1.200625    0.188280    0.012361   25.027587   -2.339287
   0.270000   -0.746475   -1.200615    0.573730   -0.007353   52.414696   -0.669586
   0.280000   -0.737783   -1.200694    1.193676   -0.006778   69.568272    0.397586
   0.290000   -0.722182   -1.200742    1.943681   -0.002672   79.517156    0.381968
   0.300000   -0.698680   -1.200751    2.763446    0.000615   83.460376    0.274935
   0.310000   -0.666880   -1.200733    3.594325    0.002863   81.922496    0.178349
   0.320000   -0.626908   -1.200696    4.392153    0.004273   77.180230    0.107948
   0.330000   -0.579268   -1.200649    5.119339    0.005082   67.345909    0.056384
   0.340000   -0.524894   -1.200596    5.736718    0.005454   56.220058    0.020445
   0.350000   -0.464940   -1.200541    6.228542    0.005526   41.078496   -0.004565
   0.360000   -0.400868   -1.200486    6.560230    0.005391   25.863466   -0.021065
   0.370000   -0.334233   -1.200434    6.737009    0.005125    8.350314   -0.031459
   0.380000   -0.266751   -1.200384    6.730901    0.004777   -8.551610   -0.037409
   0.390000   -0.200123   -1.200338    6.565411    0.004387  -25.614308   -0.040126
   0.400000   -0.136048   -1.200296    6.222401    0.003981  -41.680428   -0.040676
   0.410000   -0.076116   -1.200259    5.740131    0.003579  -55.579384   -0.039660
   0.420000   -0.021738   -1.200225    5.114184    0.003191  -68.187031   -0.037718
   0.430000    0.025869   -1.200195    4.393065    0.002827  -76.328722   -0.035141
   0.440000    0.065848   -1.200168    3.591753    0.002489  -82.673529   -0.032286
   0.450000    0.097616   -1.200145    2.761555    0.002181  -82.779602   -0.029290
   0.460000    0.121132   -1.200124    1.946955    0.001903  -79.475291   -0.026335
   0.470000    0.136739   -1.200107    1.190795    0.001654  -69.809867   -0.023478
   0.480000    0.145476   -1.200091    0.589798    0.001433  -50.231952   -0.020799
   0.490000    0.149169   -1.200078    0.183758    0.001238  -29.578414   -0.018314
   0.500000    0.149994   -1.200066    0.025672    0.001066   -6.488615   -0.016053
   0.510000    0.150092   -1.200057    0.025537    0.000916    2.286010   -0.014011
   0.520000    0.150439   -1.200048    0.041634    0.000785    1.017227   -0.012186
   0.530000    0.150890   -1.200041    0.047304    0.000672    0.178672   -0.010557
   0.540000    0.151363   -1.200035    0.046246    0.000573   -0.345416   -0.009116
   0.550000    0.151802   -1.200029    0.041140    0.000489   -0.644151   -0.007848
   0.560000    0.152178   -1.200025    0.033882    0.000416   -0.785432   -0.006740
   0.570000    0.152477   -1.200021    0.025781    0.000353   -0.820345   -0.005775
   0.580000    0.152694   -1.200018    0.017700    0.000300   -0.786738   -0.004938
   0.590000    0.152833   -1.200015    0.010180    0.000254   -0.712140   -0.004214
   0.600000    0.152901   -1.200013    0.003527    0.000215   -0.616114   -0.003591
   0.610000    0.152907   -1.200011   -0.002118    0.000182   -0.512165   -0.003055
   0.620000    0.152862   -1.200009   -0.006721    0.000154   -0.409255   -0.002596
   0.630000    0.152776   -1.200008   -0.010326    0.000130   -0.313000   -0.002203
   0.640000    0.152658   -1.200006   -0.013015    0.000110   -0.226599   -0.001868
   0.650000    0.152518   -1.200005   -0.014896    0.000093   -0.151558   -0.001581
   0.660000    0.152363   -1.200004   -0.016085    0.000078   -0.088222   -0.001338
   0.670000    0.152198   -1.200004   -0.016698    0.000066   -0.036186   -0.001131
   0.680000    0.152030   -1.200003   -0.016844    0.000055    0.005414   -0.000955
   0.690000    0.151863   -1.200003   -0.016621    0.000046    0.037690   -0.000806
   0.700000    0.151699   -1.200002   -0.016117    0.000039    0.061854   -0.000679