  0.000000   0.000000   0.000000   0.000000   0.000000  -0.029935   1.768685
  0.010000  -0.000151  -0.000224  -0.044294  -0.073463  -8.486825 -14.081546
  0.020000  -0.001132  -0.001862  -0.162447  -0.274947 -14.815102 -25.408285
  0.030000  -0.003580  -0.005958  -0.334675  -0.551894 -19.327001 -29.206130
  0.040000  -0.007942  -0.013028  -0.542029  -0.873183 -21.858625 -35.104871
  0.050000  -0.014482  -0.023552  -0.768093  -1.234025 -23.152546 -36.178511
  0.060000  -0.023319  -0.037699  -0.998363  -1.596279 -22.619071 -36.243243
  0.070000  -0.034416  -0.055447  -1.218976  -1.949827 -21.442560 -33.969963
  0.080000  -0.047639  -0.076579  -1.420957  -2.269914 -18.625861 -29.832259
  0.090000  -0.062728  -0.100690  -1.591751  -2.544151 -15.634698 -24.924188
  0.100000  -0.079366  -0.127276  -1.728698  -2.761927 -11.368746 -18.212633
  0.110000  -0.097146  -0.155688  -1.820245  -2.909321  -7.192439 -11.518725
  0.120000  -0.115638  -0.185242  -1.869843  -2.988249  -2.317874  -3.728301
  0.130000  -0.134366  -0.215174  -1.867690  -2.985539   2.392997   3.785223
  0.140000  -0.152855  -0.244729  -1.822113  -2.912619   7.076796  11.304663
  0.150000  -0.170638  -0.273156  -1.726752  -2.760575  11.609179  18.528594
  0.160000  -0.187268  -0.299743  -1.592801  -2.546430  15.382605  24.595154
  0.170000  -0.202360  -0.323871  -1.419546  -2.269587  18.932843  30.255172
  0.180000  -0.215571  -0.344994  -1.218826  -1.948658  21.176806  33.866614
  0.190000  -0.226668  -0.362735  -0.997651  -1.595009  22.841953  36.521494
  0.200000  -0.235492  -0.376842  -0.766747  -1.225778  23.034428  36.839319
  0.210000  -0.242026  -0.387287  -0.542149  -0.866510  21.811727  34.896648
  0.220000  -0.246383  -0.394248  -0.333263  -0.532094  19.400285  31.113116
  0.230000  -0.248840  -0.398158  -0.168395  -0.265019  13.335997  22.115398
  0.240000  -0.249962  -0.399846  -0.065946  -0.087836   7.434233  13.074955
  0.250000  -0.250294  -0.400237  -0.003047  -0.006056   5.906331   3.814646
  0.260000  -0.250017  -0.400208   0.062760   0.004120   8.342529  -0.779762
  0.270000  -0.248825  -0.400205   0.191243  -0.002451  17.471565  -0.223195
  0.280000  -0.245928  -0.400231   0.397892  -0.002259  23.189424   0.132529
  0.290000  -0.240727  -0.400247   0.647894  -0.000891  26.505719   0.127323
  0.300000  -0.232893  -0.400250   0.921149   0.000205  27.820125   0.091645
  0.310000  -0.222293  -0.400244   1.198108   0.000954  27.307499   0.059450
  0.320000  -0.208969  -0.400232   1.464051   0.001424  25.726743   0.035983
  0.330000  -0.193089  -0.400216   1.706446   0.001694  22.448636   0.018795
  0.340000  -0.174965  -0.400199   1.912239   0.001818  18.740019   0.006815
  0.350000  -0.154980  -0.400180   2.076181   0.001842  13.692832  -0.001522
  0.360000  -0.133623  -0.400162   2.186743   0.001797   8.621155  -0.007022
  0.370000  -0.111411  -0.400145   2.245670   0.001708   2.783438  -0.010486
  0.380000  -0.088917  -0.400128   2.243634   0.001592  -2.850537  -0.012470
  0.390000  -0.066708  -0.400113   2.188470   0.001462  -8.538103  -0.013375
  0.400000  -0.045349  -0.400099   2.074134   0.001327 -13.893476  -0.013559
  0.410000  -0.025372  -0.400086   1.913377   0.001193 -18.526461  -0.013220
  0.420000  -0.007246  -0.400075   1.704728   0.001064 -22.729010  -0.012573
  0.430000   0.008623  -0.400065   1.464355   0.000942 -25.442907  -0.011714
  0.440000   0.021949  -0.400056   1.197251   0.000830 -27.557843  -0.010762
  0.450000   0.032539  -0.400048   0.920518   0.000727 -27.593201  -0.009763
  0.460000   0.040377  -0.400041   0.648985   0.000634 -26.491764  -0.008778
  0.470000   0.045580  -0.400036   0.396932   0.000551 -23.269956  -0.007826
  0.480000   0.048492  -0.400030   0.196599   0.000478 -16.743984  -0.006933
  0.490000   0.049723  -0.400026   0.061253   0.000413  -9.859471  -0.006105
  0.500000   0.049998  -0.400022   0.008557   0.000355  -2.162872  -0.005351
  0.510000   0.050031  -0.400019   0.008512   0.000305   0.762003  -0.004670
  0.520000   0.050146  -0.400016   0.013878   0.000262   0.339076  -0.004062
  0.530000   0.050297  -0.400014   0.015768   0.000224   0.059557  -0.003519
  0.540000   0.050454  -0.400012   0.015415   0.000191  -0.115139  -0.003039
  0.550000   0.050601  -0.400010   0.013713   0.000163  -0.214717  -0.002616
  0.560000   0.050726  -0.400008   0.011294   0.000139  -0.261811  -0.002247
  0.570000   0.050826  -0.400007   0.008594   0.000118  -0.273448  -0.001925
  0.580000   0.050898  -0.400006   0.005900   0.000100  -0.262246  -0.001646
  0.590000   0.050944  -0.400005   0.003393   0.000085  -0.237380  -0.001405
  0.600000   0.050967  -0.400004   0.001176   0.000072  -0.205371  -0.001197
  0.610000   0.050969  -0.400004  -0.000706   0.000061  -0.170722  -0.001018
  0.620000   0.050954  -0.400003  -0.002240   0.000051  -0.136418  -0.000865
  0.630000   0.050925  -0.400003  -0.003442   0.000043  -0.104333  -0.000734
  0.640000   0.050886  -0.400002  -0.004338   0.000037  -0.075533  -0.000623
  0.650000   0.050839  -0.400002  -0.004965   0.000031  -0.050519  -0.000527
  0.660000   0.050788  -0.400001  -0.005362   0.000026  -0.029407  -0.000446
  0.670000   0.050733  -0.400001  -0.005566   0.000022  -0.012062  -0.000377
  0.680000   0.050677  -0.400001  -0.005615   0.000018   0.001805  -0.000318
  0.690000   0.050621  -0.400001  -0.005540   0.000015   0.012563  -0.000269
  0.700000   0.050566  -0.400001  -0.005372   0.000013   0.020618  -0.000226