-216.338143
-213.954069
-211.569994
-209.185920
-206.801845
-204.417771
-202.033696
-199.649621
-197.265547
-194.881472
-192.497398
-190.113323
-187.729249
-185.345174
-182.961099
-180.577025
-178.192950
-175.808876
-173.424801
-171.040727
-168.656652
-166.272577
-163.888503
-161.504428
-159.120354
-156.736279
-154.352205
-151.968130
-149.584055
-147.199981
-144.815906
-142.431832
-140.047757
-137.663683
-135.279608
-132.895533
-130.511459
-128.127384
-125.743310
-123.359235
-120.975161
-118.591086
-116.207011
-113.822937
-111.438862
-109.054788
-106.670713
-104.286639
-101.902564
 -99.518489
 -97.134415
 -94.750340
 -92.366266
 -89.982191
 -87.598116
 -85.214042
 -82.829967
 -80.445893
 -78.061818
 -75.677744
 -73.293669
 -70.909594
 -68.525520
 -66.141445
 -63.757371
 -61.373296
 -58.989222
 -56.605147
 -54.221072
 -51.836998
 -49.452923
 -47.068849
 -44.684774
 -42.300700
 -39.916625
 -37.532550
 -35.148476
 -32.764401
 -30.380327
 -27.996252
 -25.612178
 -23.228103
 -20.844028
 -18.459954
 -16.075879
 -13.691805
 -11.307730
  -8.923656
  -6.539581
  -4.155506
  -1.771432
   0.612643
   2.996717
   5.380792
   7.764866
  10.148941
  12.533016
  14.917090
  17.301165
  19.685239