1.000000 0.062500 0.000015 0.000000 0.000000 0.000000 0.000000 0.000000 0.000000 0.000000 0.000000
0.972108 0.106378 0.000045 0.000000 0.000000 0.000000 0.000000 0.000000 0.000000 0.000000 0.000000
0.893012 0.171100 0.000128 0.000000 0.000000 0.000000 0.000000 0.000000 0.000000 0.000000 0.000000
0.775227 0.260063 0.000341 0.000000 0.000000 0.000000 0.000000 0.000000 0.000000 0.000000 0.000000
0.635959 0.373538 0.000857 0.000000 0.000000 0.000000 0.000000 0.000000 0.000000 0.000000 0.000000
0.493012 0.507015 0.002037 0.000000 0.000000 0.000000 0.000000 0.000000 0.000000 0.000000 0.000000
0.361173 0.650331 0.004574 0.000000 0.000000 0.000000 0.000000 0.000000 0.000000 0.000000 0.000000
0.250035 0.788274 0.009708 0.000000 0.000000 0.000000 0.000000 0.000000 0.000000 0.000000 0.000000
0.163575 0.902919 0.019469 0.000002 0.000000 0.000000 0.000000 0.000000 0.000000 0.000000 0.000000
0.101125 0.977347 0.036898 0.000005 0.000000 0.000000 0.000000 0.000000 0.000000 0.000000 0.000000
0.059079 0.999717 0.066082 0.000017 0.000000 0.000000 0.000000 0.000000 0.000000 0.000000 0.000000
0.032616 0.966350 0.111840 0.000051 0.000000 0.000000 0.000000 0.000000 0.000000 0.000000 0.000000
0.017016 0.882714 0.178871 0.000142 0.000000 0.000000 0.000000 0.000000 0.000000 0.000000 0.000000
0.008389 0.761964 0.270340 0.000375 0.000000 0.000000 0.000000 0.000000 0.000000 0.000000 0.000000
0.003908 0.621552 0.386109 0.000937 0.000000 0.000000 0.000000 0.000000 0.000000 0.000000 0.000000
0.001721 0.479126 0.521120 0.002214 0.000000 0.000000 0.000000 0.000000 0.000000 0.000000 0.000000
0.000716 0.349019 0.664653 0.004944 0.000000 0.000000 0.000000 0.000000 0.000000 0.000000 0.000000
0.000281 0.240258 0.801088 0.010434 0.000001 0.000000 0.000000 0.000000 0.000000 0.000000 0.000000
0.000105 0.156292 0.912419 0.020807 0.000002 0.000000 0.000000 0.000000 0.000000 0.000000 0.000000
0.000037 0.096078 0.982058 0.039211 0.000006 0.000000 0.000000 0.000000 0.000000 0.000000 0.000000
0.000012 0.055813 0.998869 0.069830 0.000019 0.000000 0.000000 0.000000 0.000000 0.000000 0.000000
0.000004 0.030639 0.960083 0.117516 0.000056 0.000000 0.000000 0.000000 0.000000 0.000000 0.000000
0.000001 0.015895 0.872042 0.186888 0.000156 0.000000 0.000000 0.000000 0.000000 0.000000 0.000000
0.000000 0.007792 0.748505 0.280864 0.000412 0.000000 0.000000 0.000000 0.000000 0.000000 0.000000
0.000000 0.003610 0.607128 0.398876 0.001024 0.000000 0.000000 0.000000 0.000000 0.000000 0.000000
0.000000 0.001580 0.465366 0.535315 0.002405 0.000000 0.000000 0.000000 0.000000 0.000000 0.000000
0.000000 0.000654 0.337084 0.678905 0.005341 0.000000 0.000000 0.000000 0.000000 0.000000 0.000000
0.000000 0.000256 0.230733 0.813649 0.011208 0.000001 0.000000 0.000000 0.000000 0.000000 0.000000
0.000000 0.000094 0.149249 0.921498 0.022225 0.000002 0.000000 0.000000 0.000000 0.000000 0.000000
0.000000 0.000033 0.091230 0.986234 0.041647 0.000007 0.000000 0.000000 0.000000 0.000000 0.000000
0.000000 0.000011 0.052698 0.997457 0.073748 0.000021 0.000000 0.000000 0.000000 0.000000 0.000000
0.000000 0.000003 0.028766 0.953317 0.123410 0.000062 0.000000 0.000000 0.000000 0.000000 0.000000
0.000000 0.000001 0.014839 0.861011 0.195155 0.000173 0.000000 0.000000 0.000000 0.000000 0.000000
0.000000 0.000000 0.007233 0.734867 0.291632 0.000452 0.000000 0.000000 0.000000 0.000000 0.000000
0.000000 0.000000 0.003332 0.592704 0.411833 0.001118 0.000000 0.000000 0.000000 0.000000 0.000000
0.000000 0.000000 0.001450 0.451747 0.549585 0.002612 0.000000 0.000000 0.000000 0.000000 0.000000
0.000000 0.000000 0.000597 0.325373 0.693071 0.005767 0.000000 0.000000 0.000000 0.000000 0.000000
0.000000 0.000000 0.000232 0.221460 0.825941 0.012033 0.000001 0.000000 0.000000 0.000000 0.000000
0.000000 0.000000 0.000085 0.142442 0.930141 0.023726 0.000002 0.000000 0.000000 0.000000 0.000000
0.000000 0.000000 0.000030 0.086579 0.989868 0.044208 0.000008 0.000000 0.000000 0.000000 0.000000
0.000000 0.000000 0.000010 0.049729 0.995484 0.077843 0.000024 0.000000 0.000000 0.000000 0.000000
0.000000 0.000000 0.000003 0.026992 0.946063 0.129527 0.000069 0.000000 0.000000 0.000000 0.000000
0.000000 0.000000 0.000001 0.013845 0.849639 0.203671 0.000191 0.000000 0.000000 0.000000 0.000000
0.000000 0.000000 0.000000 0.006711 0.721070 0.302642 0.000496 0.000000 0.000000 0.000000 0.000000
0.000000 0.000000 0.000000 0.003074 0.578295 0.424970 0.001220 0.000000 0.000000 0.000000 0.000000
0.000000 0.000000 0.000000 0.001331 0.438278 0.563917 0.002834 0.000000 0.000000 0.000000 0.000000
0.000000 0.000000 0.000000 0.000544 0.313891 0.707132 0.006223 0.000000 0.000000 0.000000 0.000000
0.000000 0.000000 0.000000 0.000210 0.212440 0.837943 0.012911 0.000001 0.000000 0.000000 0.000000
0.000000 0.000000 0.000000 0.000077 0.135870 0.938333 0.025314 0.000003 0.000000 0.000000 0.000000
0.000000 0.000000 0.000000 0.000027 0.082118 0.992953 0.046901 0.000009 0.000000 0.000000 0.000000
0.000000 0.000000 0.000000 0.000009 0.046901 0.992953 0.082118 0.000027 0.000000 0.000000 0.000000
0.000000 0.000000 0.000000 0.000003 0.025314 0.938333 0.135870 0.000077 0.000000 0.000000 0.000000
0.000000 0.000000 0.000000 0.000001 0.012911 0.837943 0.212440 0.000210 0.000000 0.000000 0.000000
0.000000 0.000000 0.000000 0.000000 0.006223 0.707132 0.313891 0.000544 0.000000 0.000000 0.000000
0.000000 0.000000 0.000000 0.000000 0.002834 0.563917 0.438278 0.001331 0.000000 0.000000 0.000000
0.000000 0.000000 0.000000 0.000000 0.001220 0.424970 0.578295 0.003074 0.000000 0.000000 0.000000
0.000000 0.000000 0.000000 0.000000 0.000496 0.302642 0.721070 0.006711 0.000000 0.000000 0.000000
0.000000 0.000000 0.000000 0.000000 0.000191 0.203671 0.849639 0.013845 0.000001 0.000000 0.000000
0.000000 0.000000 0.000000 0.000000 0.000069 0.129527 0.946063 0.026992 0.000003 0.000000 0.000000
0.000000 0.000000 0.000000 0.000000 0.000024 0.077843 0.995484 0.049729 0.000010 0.000000 0.000000
0.000000 0.000000 0.000000 0.000000 0.000008 0.044208 0.989868 0.086579 0.000030 0.000000 0.000000
0.000000 0.000000 0.000000 0.000000 0.000002 0.023726 0.930141 0.142442 0.000085 0.000000 0.000000
0.000000 0.000000 0.000000 0.000000 0.000001 0.012033 0.825941 0.221460 0.000232 0.000000 0.000000
0.000000 0.000000 0.000000 0.000000 0.000000 0.005767 0.693071 0.325373 0.000597 0.000000 0.000000
0.000000 0.000000 0.000000 0.000000 0.000000 0.002612 0.549585 0.451747 0.001450 0.000000 0.000000
0.000000 0.000000 0.000000 0.000000 0.000000 0.001118 0.411833 0.592704 0.003332 0.000000 0.000000
0.000000 0.000000 0.000000 0.000000 0.000000 0.000452 0.291632 0.734867 0.007233 0.000000 0.000000
0.000000 0.000000 0.000000 0.000000 0.000000 0.000173 0.195155 0.861011 0.014839 0.000001 0.000000
0.000000 0.000000 0.000000 0.000000 0.000000 0.000062 0.123410 0.953317 0.028766 0.000003 0.000000
0.000000 0.000000 0.000000 0.000000 0.000000 0.000021 0.073748 0.997457 0.052698 0.000011 0.000000
0.000000 0.000000 0.000000 0.000000 0.000000 0.000007 0.041647 0.986234 0.091230 0.000033 0.000000
0.000000 0.000000 0.000000 0.000000 0.000000 0.000002 0.022225 0.921498 0.149249 0.000094 0.000000
0.000000 0.000000 0.000000 0.000000 0.000000 0.000001 0.011208 0.813649 0.230733 0.000256 0.000000
0.000000 0.000000 0.000000 0.000000 0.000000 0.000000 0.005341 0.678905 0.337084 0.000654 0.000000
0.000000 0.000000 0.000000 0.000000 0.000000 0.000000 0.002405 0.535315 0.465366 0.001580 0.000000
0.000000 0.000000 0.000000 0.000000 0.000000 0.000000 0.001024 0.398876 0.607128 0.003610 0.000000
0.000000 0.000000 0.000000 0.000000 0.000000 0.000000 0.000412 0.280864 0.748505 0.007792 0.000000
0.000000 0.000000 0.000000 0.000000 0.000000 0.000000 0.000156 0.186888 0.872042 0.015895 0.000001
0.000000 0.000000 0.000000 0.000000 0.000000 0.000000 0.000056 0.117516 0.960083 0.030639 0.000004
0.000000 0.000000 0.000000 0.000000 0.000000 0.000000 0.000019 0.069830 0.998869 0.055813 0.000012
0.000000 0.000000 0.000000 0.000000 0.000000 0.000000 0.000006 0.039211 0.982058 0.096078 0.000037
0.000000 0.000000 0.000000 0.000000 0.000000 0.000000 0.000002 0.020807 0.912419 0.156292 0.000105
0.000000 0.000000 0.000000 0.000000 0.000000 0.000000 0.000001 0.010434 0.801088 0.240258 0.000281
0.000000 0.000000 0.000000 0.000000 0.000000 0.000000 0.000000 0.004944 0.664653 0.349019 0.000716
0.000000 0.000000 0.000000 0.000000 0.000000 0.000000 0.000000 0.002214 0.521120 0.479126 0.001721
0.000000 0.000000 0.000000 0.000000 0.000000 0.000000 0.000000 0.000937 0.386109 0.621552 0.003908
0.000000 0.000000 0.000000 0.000000 0.000000 0.000000 0.000000 0.000375 0.270340 0.761964 0.008389
0.000000 0.000000 0.000000 0.000000 0.000000 0.000000 0.000000 0.000142 0.178871 0.882714 0.017016
0.000000 0.000000 0.000000 0.000000 0.000000 0.000000 0.000000 0.000051 0.111840 0.966350 0.032616
0.000000 0.000000 0.000000 0.000000 0.000000 0.000000 0.000000 0.000017 0.066082 0.999717 0.059079
0.000000 0.000000 0.000000 0.000000 0.000000 0.000000 0.000000 0.000005 0.036898 0.977347 0.101125
0.000000 0.000000 0.000000 0.000000 0.000000 0.000000 0.000000 0.000002 0.019469 0.902919 0.163575
0.000000 0.000000 0.000000 0.000000 0.000000 0.000000 0.000000 0.000000 0.009708 0.788274 0.250035
0.000000 0.000000 0.000000 0.000000 0.000000 0.000000 0.000000 0.000000 0.004574 0.650331 0.361173
0.000000 0.000000 0.000000 0.000000 0.000000 0.000000 0.000000 0.000000 0.002037 0.507015 0.493012
0.000000 0.000000 0.000000 0.000000 0.000000 0.000000 0.000000 0.000000 0.000857 0.373538 0.635959
0.000000 0.000000 0.000000 0.000000 0.000000 0.000000 0.000000 0.000000 0.000341 0.260063 0.775227
0.000000 0.000000 0.000000 0.000000 0.000000 0.000000 0.000000 0.000000 0.000128 0.171100 0.893012
0.000000 0.000000 0.000000 0.000000 0.000000 0.000000 0.000000 0.000000 0.000045 0.106378 0.972108
0.000000 0.000000 0.000000 0.000000 0.000000 0.000000 0.000000 0.000000 0.000015 0.062500 1.000000