 -0.735192  -1.324849  -1.500417  -0.862208  -2.084814   0.266615 -17.381595  15.437153  -5.835781   1.021050 -19.064093
 -0.829779  -1.304140  -1.481183  -0.872585  -2.060441   0.241117 -17.073802  15.197372  -5.774011   1.006918 -18.871601
 -0.924365  -1.283430  -1.461948  -0.882961  -2.036068   0.215619 -16.766010  14.957590  -5.712240   0.992785 -18.679109
 -1.018951  -1.262721  -1.442714  -0.893337  -2.011696   0.190121 -16.458218  14.717809  -5.650470   0.978653 -18.486618
 -1.113538  -1.242011  -1.423480  -0.903714  -1.987323   0.164623 -16.150425  14.478028  -5.588700   0.964520 -18.294126
 -1.208124  -1.221302  -1.404245  -0.914090  -1.962950   0.139126 -15.842633  14.238246  -5.526930   0.950388 -18.101634
 -1.302710  -1.200593  -1.385011  -0.924466  -1.938577   0.113628 -15.534841  13.998465  -5.465159   0.936255 -17.909143
 -1.397296  -1.179883  -1.365776  -0.934842  -1.914205   0.088130 -15.227048  13.758683  -5.403389   0.922123 -17.716651
 -1.491883  -1.159174  -1.346542  -0.945219  -1.889832   0.062632 -14.919256  13.518902  -5.341619   0.907990 -17.524159
 -1.586469  -1.138464  -1.327307  -0.955595  -1.865459   0.037134 -14.611464  13.279121  -5.279849   0.893857 -17.331668
 -1.681055  -1.117755  -1.308073  -0.965971  -1.841087   0.011636 -14.303671  13.039339  -5.218078   0.879725 -17.139176
 -1.775642  -1.097046  -1.288838  -0.976348  -1.816714  -0.013862 -13.995879  12.799558  -5.156308   0.865592 -16.946684
 -1.870228  -1.076336  -1.269604  -0.986724  -1.792341  -0.039359 -13.688087  12.559777  -5.094538   0.851460 -16.754193
 -1.964814  -1.055627  -1.250369  -0.997100  -1.767968  -0.064857 -13.380294  12.319995  -5.032768   0.837327 -16.561701
 -2.059401  -1.034917  -1.231135  -1.007477  -1.743596  -0.090355 -13.072502  12.080214  -4.970997   0.823195 -16.369209
 -2.153987  -1.014208  -1.211900  -1.017853  -1.719223  -0.115853 -12.764710  11.840432  -4.909227   0.809062 -16.176717
 -2.248573  -0.993499  -1.192666  -1.028229  -1.694850  -0.141351 -12.456917  11.600651  -4.847457   0.794930 -15.984226
 -2.343160  -0.972789  -1.173431  -1.038605  -1.670478  -0.166849 -12.149125  11.360870  -4.785687   0.780797 -15.791734
 -2.437746  -0.952080  -1.154197  -1.048982  -1.646105  -0.192347 -11.841333  11.121088  -4.723917   0.766665 -15.599242
 -2.532332  -0.931370  -1.134962  -1.059358  -1.621732  -0.217844 -11.533541  10.881307  -4.662146   0.752532 -15.406751
 -2.626918  -0.910661  -1.115728  -1.069734  -1.597359  -0.243342 -11.225748  10.641526  -4.600376   0.738400 -15.214259
 -2.721505  -0.889952  -1.096494  -1.080111  -1.572987  -0.268840 -10.917956  10.401744  -4.538606   0.724267 -15.021767
 -2.816091  -0.869242  -1.077259  -1.090487  -1.548614  -0.294338 -10.610164  10.161963  -4.476836   0.710135 -14.829276
 -2.910677  -0.848533  -1.058025  -1.100863  -1.524241  -0.319836 -10.302371   9.922181  -4.415065   0.696002 -14.636784
 -3.005264  -0.827823  -1.038790  -1.111240  -1.499869  -0.345334  -9.994579   9.682400  -4.353295   0.681870 -14.444292
 -3.099850  -0.807114  -1.019556  -1.121616  -1.475496  -0.370832  -9.686787   9.442619  -4.291525   0.667737 -14.251800
 -3.194436  -0.786405  -1.000321  -1.131992  -1.451123  -0.396329  -9.378994   9.202837  -4.229755   0.653604 -14.059309
 -3.289023  -0.765695  -0.981087  -1.142368  -1.426750  -0.421827  -9.071202   8.963056  -4.167984   0.639472 -13.866817
 -3.383609  -0.744986  -0.961852  -1.152745  -1.402378  -0.447325  -8.763410   8.723275  -4.106214   0.625339 -13.674325
 -3.478195  -0.724276  -0.942618  -1.163121  -1.378005  -0.472823  -8.455617   8.483493  -4.044444   0.611207 -13.481834
 -3.572781  -0.703567  -0.923383  -1.173497  -1.353632  -0.498321  -8.147825   8.243712  -3.982674   0.597074 -13.289342
 -3.667368  -0.682858  -0.904149  -1.183874  -1.329260  -0.523819  -7.840033   8.003930  -3.920903   0.582942 -13.096850
 -3.761954  -0.662148  -0.884914  -1.194250  -1.304887  -0.549317  -7.532240   7.764149  -3.859133   0.568809 -12.904359
 -3.856540  -0.641439  -0.865680  -1.204626  -1.280514  -0.574814  -7.224448   7.524368  -3.797363   0.554677 -12.711867
 -3.951127  -0.620730  -0.846445  -1.215003  -1.256141  -0.600312  -6.916656   7.284586  -3.735593   0.540544 -12.519375
 -4.045713  -0.600020  -0.827211  -1.225379  -1.231769  -0.625810  -6.608864   7.044805  -3.673822   0.526412 -12.326883
 -4.140299  -0.579311  -0.807976  -1.235755  -1.207396  -0.651308  -6.301071   6.805023  -3.612052   0.512279 -12.134392
 -4.234886  -0.558601  -0.788742  -1.246132  -1.183023  -0.676806  -5.993279   6.565242  -3.550282   0.498147 -11.941900
 -4.329472  -0.537892  -0.769508  -1.256508  -1.158651  -0.702304  -5.685487   6.325461  -3.488512   0.484014 -11.749408
 -4.424058  -0.517183  -0.750273  -1.266884  -1.134278  -0.727802  -5.377694   6.085679  -3.426741   0.469882 -11.556917
 -4.518644  -0.496473  -0.731039  -1.277260  -1.109905  -0.753299  -5.069902   5.845898  -3.364971   0.455749 -11.364425
 -4.613231  -0.475764  -0.711804  -1.287637  -1.085532  -0.778797  -4.762110   5.606117  -3.303201   0.441617 -11.171933
 -4.707817  -0.455054  -0.692570  -1.298013  -1.061160  -0.804295  -4.454317   5.366335  -3.241431   0.427484 -10.979442
 -4.802403  -0.434345  -0.673335  -1.308389  -1.036787  -0.829793  -4.146525   5.126554  -3.179660   0.413351 -10.786950
 -4.896990  -0.413636  -0.654101  -1.318766  -1.012414  -0.855291  -3.838733   4.886772  -3.117890   0.399219 -10.594458
 -4.991576  -0.392926  -0.634866  -1.329142  -0.988042  -0.880789  -3.530940   4.646991  -3.056120   0.385086 -10.401967
 -5.086162  -0.372217  -0.615632  -1.339518  -0.963669  -0.906287  -3.223148   4.407210  -2.994350   0.370954 -10.209475
 -5.180749  -0.351507  -0.596397  -1.349895  -0.939296  -0.931784  -2.915356   4.167428  -2.932579   0.356821 -10.016983
 -5.275335  -0.330798  -0.577163  -1.360271  -0.914923  -0.957282  -2.607563   3.927647  -2.870809   0.342689  -9.824491
 -5.369921  -0.310089  -0.557928  -1.370647  -0.890551  -0.982780  -2.299771   3.687866  -2.809039   0.328556  -9.632000
 -5.464507  -0.289379  -0.538694  -1.381023  -0.866178  -1.008278  -1.991979   3.448084  -2.747269   0.314424  -9.439508
 -5.559094  -0.268670  -0.519459  -1.391400  -0.841805  -1.033776  -1.684187   3.208303  -2.685499   0.300291  -9.247016
 -5.653680  -0.247960  -0.500225  -1.401776  -0.817433  -1.059274  -1.376394   2.968521  -2.623728   0.286159  -9.054525
 -5.748266  -0.227251  -0.480991  -1.412152  -0.793060  -1.084772  -1.068602   2.728740  -2.561958   0.272026  -8.862033
 -5.842853  -0.206542  -0.461756  -1.422529  -0.768687  -1.110269  -0.760810   2.488959  -2.500188   0.257894  -8.669541
 -5.937439  -0.185832  -0.442522  -1.432905  -0.744314  -1.135767  -0.453017   2.249177  -2.438418   0.243761  -8.477050
 -6.032025  -0.165123  -0.423287  -1.443281  -0.719942  -1.161265  -0.145225   2.009396  -2.376647   0.229629  -8.284558
 -6.126612  -0.144413  -0.404053  -1.453658  -0.695569  -1.186763   0.162567   1.769614  -2.314877   0.215496  -8.092066
 -6.221198  -0.123704  -0.384818  -1.464034  -0.671196  -1.212261   0.470360   1.529833  -2.253107   0.201364  -7.899574
 -6.315784  -0.102995  -0.365584  -1.474410  -0.646824  -1.237759   0.778152   1.290052  -2.191337   0.187231  -7.707083
 -6.410371  -0.082285  -0.346349  -1.484786  -0.622451  -1.263257   1.085944   1.050270  -2.129566   0.173098  -7.514591
 -6.504957  -0.061576  -0.327115  -1.495163  -0.598078  -1.288754   1.393737   0.810489  -2.067796   0.158966  -7.322099
 -6.599543  -0.040866  -0.307880  -1.505539  -0.573705  -1.314252   1.701529   0.570708  -2.006026   0.144833  -7.129608
 -6.694129  -0.020157  -0.288646  -1.515915  -0.549333  -1.339750   2.009321   0.330926  -1.944256   0.130701  -6.937116
 -6.788716   0.000552  -0.269411  -1.526292  -0.524960  -1.365248   2.317114   0.091145  -1.882485   0.116568  -6.744624
 -6.883302   0.021262  -0.250177  -1.536668  -0.500587  -1.390746   2.624906  -0.148637  -1.820715   0.102436  -6.552133
 -6.977888   0.041971  -0.230942  -1.547044  -0.476215  -1.416244   2.932698  -0.388418  -1.758945   0.088303  -6.359641
 -7.072475   0.062681  -0.211708  -1.557421  -0.451842  -1.441742   3.240490  -0.628199  -1.697175   0.074171  -6.167149
 -7.167061   0.083390  -0.192473  -1.567797  -0.427469  -1.467239   3.548283  -0.867981  -1.635404   0.060038  -5.974658
 -7.261647   0.104099  -0.173239  -1.578173  -0.403096  -1.492737   3.856075  -1.107762  -1.573634   0.045906  -5.782166
 -7.356234   0.124809  -0.154005  -1.588549  -0.378724  -1.518235   4.163867  -1.347543  -1.511864   0.031773  -5.589674
 -7.450820   0.145518  -0.134770  -1.598926  -0.354351  -1.543733   4.471660  -1.587325  -1.450094   0.017641  -5.397182
 -7.545406   0.166228  -0.115536  -1.609302  -0.329978  -1.569231   4.779452  -1.827106  -1.388323   0.003508  -5.204691
 -7.639992   0.186937  -0.096301  -1.619678  -0.305606  -1.594729   5.087244  -2.066888  -1.326553  -0.010624  -5.012199
 -7.734579   0.207646  -0.077067  -1.630055  -0.281233  -1.620227   5.395037  -2.306669  -1.264783  -0.024757  -4.819707
 -7.829165   0.228356  -0.057832  -1.640431  -0.256860  -1.645724   5.702829  -2.546450  -1.203013  -0.038889  -4.627216
 -7.923751   0.249065  -0.038598  -1.650807  -0.232487  -1.671222   6.010621  -2.786232  -1.141242  -0.053022  -4.434724
 -8.018338   0.269775  -0.019363  -1.661184  -0.208115  -1.696720   6.318414  -3.026013  -1.079472  -0.067155  -4.242232
 -8.112924   0.290484  -0.000129  -1.671560  -0.183742  -1.722218   6.626206  -3.265795  -1.017702  -0.081287  -4.049741
 -8.207510   0.311193   0.019106  -1.681936  -0.159369  -1.747716   6.933998  -3.505576  -0.955932  -0.095420  -3.857249
 -8.302097   0.331903   0.038340  -1.692312  -0.134997  -1.773214   7.241791  -3.745357  -0.894162  -0.109552  -3.664757
 -8.396683   0.352612   0.057575  -1.702689  -0.110624  -1.798711   7.549583  -3.985139  -0.832391  -0.123685  -3.472265
 -8.491269   0.373322   0.076809  -1.713065  -0.086251  -1.824209   7.857375  -4.224920  -0.770621  -0.137817  -3.279774
 -8.585855   0.394031   0.096044  -1.723441  -0.061878  -1.849707   8.165167  -4.464701  -0.708851  -0.151950  -3.087282
 -8.680442   0.414740   0.115278  -1.733818  -0.037506  -1.875205   8.472960  -4.704483  -0.647081  -0.166082  -2.894790
 -8.775028   0.435450   0.134513  -1.744194  -0.013133  -1.900703   8.780752  -4.944264  -0.585310  -0.180215  -2.702299
 -8.869614   0.456159   0.153747  -1.754570   0.011240  -1.926201   9.088544  -5.184046  -0.523540  -0.194347  -2.509807
 -8.964201   0.476869   0.172981  -1.764947   0.035612  -1.951699   9.396337  -5.423827  -0.461770  -0.208480  -2.317315
 -9.058787   0.497578   0.192216  -1.775323   0.059985  -1.977196   9.704129  -5.663608  -0.400000  -0.222612  -2.124824
 -9.153373   0.518287   0.211450  -1.785699   0.084358  -2.002694  10.011921  -5.903390  -0.338229  -0.236745  -1.932332
 -9.247960   0.538997   0.230685  -1.796075   0.108731  -2.028192  10.319714  -6.143171  -0.276459  -0.250877  -1.739840
 -9.342546   0.559706   0.249919  -1.806452   0.133103  -2.053690  10.627506  -6.382952  -0.214689  -0.265010  -1.547349
 -9.437132   0.580416   0.269154  -1.816828   0.157476  -2.079188  10.935298  -6.622734  -0.152919  -0.279142  -1.354857
 -9.531719   0.601125   0.288388  -1.827204   0.181849  -2.104686  11.243091  -6.862515  -0.091148  -0.293275  -1.162365
 -9.626305   0.621834   0.307623  -1.837581   0.206222  -2.130184  11.550883  -7.102297  -0.029378  -0.307408  -0.969873
 -9.720891   0.642544   0.326857  -1.847957   0.230594  -2.155681  11.858675  -7.342078   0.032392  -0.321540  -0.777382
 -9.815477   0.663253   0.346092  -1.858333   0.254967  -2.181179  12.166468  -7.581859   0.094162  -0.335673  -0.584890
 -9.910064   0.683963   0.365326  -1.868710   0.279340  -2.206677  12.474260  -7.821641   0.155933  -0.349805  -0.392398
-10.004650   0.704672   0.384561  -1.879086   0.303712  -2.232175  12.782052  -8.061422   0.217703  -0.363938  -0.199907
-10.099236   0.725381   0.403795  -1.889462   0.328085  -2.257673  13.089845  -8.301204   0.279473  -0.378070  -0.007415