-0.769889
-0.843907
-0.918011
-0.990693
-1.059543
-1.121302
-1.172328
-1.209536
-1.231458
-1.238820
-1.234267
-1.221425
-1.203889
-1.184602
-1.165688
-1.148580
-1.134236
-1.123307
-1.116198
-1.112997
-1.113335
-1.116287
-1.120456
-1.124276
-1.126417
-1.126070
-1.122999
-1.117422
-1.109840
-1.100913
-1.091405
-1.082193
-1.074271
-1.068714
-1.066538
-1.068458
-1.074636
-1.084586
-1.097328
-1.111717
-1.126764
-1.141804
-1.156489
-1.170682
-1.184311
-1.197221
-1.209038
-1.219092
-1.226421
-1.229937
-1.228724
-1.222359
-1.211055
-1.195541
-1.176757
-1.155564
-1.132585
-1.108191
-1.082604
-1.056065
-1.029040
-1.002430
-0.977705
-0.956842
-0.941981
-0.934864
-0.936336
-0.946198
-0.963434
-0.986600
-1.014062
-1.043954
-1.073826
-1.100077
-1.117305
-1.117891
-1.092269
-1.030398
-0.924465
-0.771835
-0.576530
-0.348136
-0.098822
 0.159656
 0.417496
 0.666713
 0.899893
 1.108548
 1.281696
 1.405298
 1.463320
 1.441051
 1.330277
 1.134115
 0.868270
 0.557139
 0.226748
-0.101459
-0.413357
-0.701509
-0.962767
-1.195614
-1.398031
-1.566233
-1.694521
-1.776495
-1.807566
-1.787862
-1.723835
-1.627238
-1.511838
-1.389821
-1.269614
-1.155563
-1.048788
-0.948426
-0.852780
-0.760265
-0.670169
-0.583213
-0.501738
-0.429287
-0.369584
-0.325324
-0.297449
-0.285263
-0.287128
-0.301250
-0.326148
-0.360702
-0.403823
-0.453815
-0.507564
-0.559853
-0.603259
-0.629171
-0.629897
-0.600972
-0.542345
-0.457792
-0.353141
-0.234448
-0.106828
-0.029214
-0.029214
-0.029214
-0.029214
-0.029214
-0.029214
-0.029214
-0.029214
-0.029214
-0.029214
-0.029214
-0.029214
-0.029214
-0.029214
-0.029214
-0.029214
-0.029214
-0.029214
-0.029214
-0.029214
-0.029214
-0.029214
-0.029214
-0.029214
-0.029214
-0.029214
-0.029214
-0.029214
-0.029214
-0.029214
-0.029214
-0.029214
-0.029214
-0.029214
-0.029214
-0.029214
-0.029214
-0.029214
-0.029214
-0.029214
-0.029214
-0.029214
-0.029214
-0.029214
-0.029214
-0.029214
-0.029214
-0.029214
-0.029214
-0.029214
-0.029214
-0.029214
-0.029214
-0.029214
-0.029214
-0.029214
-0.029214
-0.029214
-0.029214
-0.029214
-0.029214
-0.029214
-0.029214