-0.769889
-0.876593
-0.982157
-1.080305
-1.161299
-1.215190
-1.237721
-1.233475
-1.212647
-1.185329
-1.158517
-1.136274
-1.120894
-1.113502
-1.113672
-1.118762
-1.124415
-1.126587
-1.123321
-1.114852
-1.102719
-1.089076
-1.076553
-1.068233
-1.067098
-1.074694
-1.090009
-1.110051
-1.131719
-1.153125
-1.173573
-1.192786
-1.210017
-1.223380
-1.229896
-1.226740
-1.213039
-1.190381
-1.161468
-1.128507
-1.092679
-1.054678
-1.015823
-0.979285
-0.950499
-0.935554
-0.938067
-0.957444
-0.990055
-1.031054
-1.074231
-1.109428
-1.118887
-1.076048
-0.952356
-0.733097
-0.429750
-0.074222
 0.298562
 0.661038
 0.990422
 1.259640
 1.430140
 1.455288
 1.301310
 0.976528
 0.538076
 0.061686
-0.395006
-0.803895
-1.155804
-1.445254
-1.660647
-1.783996
-1.802034
-1.722085
-1.575521
-1.401841
-1.229809
-1.071443
-0.926798
-0.791180
-0.661033
-0.538055
-0.430379
-0.348838
-0.300285
-0.284428
-0.296570
-0.331844
-0.386749
-0.457271
-0.534619
-0.601291
-0.632774
-0.608166
-0.522084
-0.385485
-0.216068
-0.029214