 -1.100789
 -1.101605
-18.148972
 30.697703
-15.253785
 31.577807
-62.554799
 25.187808
 17.503478
-31.787324
 11.851192
 -0.046272
 -1.107544
 -1.107883
 -1.108198
 -1.108491
-17.022593
 43.213176
-55.883297
 51.171673
-21.606517
-20.433212
 -4.601047
 27.812859
  4.950950
-14.840481
-33.388642
 35.968869
 -7.337795
 11.095426
-40.643835
 31.558042
 -6.215980
 10.639240
-39.785639
 30.014782
-19.142625
 19.533700
  6.596814
-27.280136
 18.374615
-20.326059
 17.917990
-46.842491
 47.081447
 20.417284
-77.807362
 62.034444
-34.297086
 14.563302
 -0.170545
-18.267820
 31.771700
-36.162128
  3.353002
 33.100291
-26.284584
 -4.219086
 -8.818996
  4.857132
  3.668714
 -1.150565
 -1.150574
 10.832412
 -6.274818
 -6.334414
-24.599739
 31.276262
  1.183805
-23.868307
  3.055186
 15.859329
-16.286120
 19.067407
 -2.262673
 -2.079459
-36.861372
 22.944299
 23.091586
-48.014273
 10.300071
 15.904826
 -7.621272
 -1.112322
  9.119455
-13.061584
 13.836382
 -7.033201
-13.717286
 25.516320
 -2.897445
 13.443446
 16.146390
-14.493116
-15.870692
 19.417438
  8.650995
 -5.302749
 -7.718314
 -7.221811
 17.861737
-33.294392
-36.854437
 30.438086
 16.895686
 -8.820725
 -0.575450
 -8.935877
 -2.359378
 16.055127
  1.565035
 -9.279309
  7.304700
-13.266014
 -7.990973
 13.247196
-12.999398
 -6.315083
-14.941315
 21.449935
 12.604159
-10.188483
 -0.690502
  6.201675
 -9.740356
 -6.479739
 28.861197
-20.631686
-13.483610
 -5.163366
 31.601206
-11.630164
 14.326248
 14.701418
-89.277761
 47.156871
 51.201450
-36.592648
-48.357622
 42.087362
 19.985966
-47.650519
 26.765218
  1.681747
 -9.444396
 26.704900
-23.526973
  4.435048
  2.791538
-20.661979
 20.482458
 26.075091
-19.423574
-42.931162
 53.899640
-28.803038
-10.100424
 20.035483
 15.183518
-39.181991
  9.530960
 29.201539
-32.889794
 23.134777
-16.088476
 -5.926796
 35.686567
-26.516302
  5.779935
 23.316500
-17.974420
 30.220852
-54.125860
 76.623198
-54.478033
  5.041049
 25.505908
-25.111740
 12.974867
-11.625534
 17.814405
 11.191394
-36.347654
 54.417856
-54.946157
 27.040935
-25.528346
 42.356702
-42.196960
 31.189592
  0.489579
-14.583691
  0.268234
 -0.817070
-15.389180
 15.359576
  0.229885
 -1.344073
-32.222745
 30.454405
-15.468623
 48.448339
-65.629165
 14.338560
 -1.324891
 -1.519464