-612.916153 -612.916153 -612.916153 -612.916153
-606.162275 -606.162275 -606.162275 -606.162275
-599.408396 -599.408396 -599.408396 -599.408396
-592.654518 -592.654518 -592.654518 -592.654518
-585.900640 -585.900640 -585.900640 -585.900640
-579.146761 -579.146761 -579.146761 -579.146761
-572.392883 -572.392883 -572.392883 -572.392883
-565.639005 -565.639005 -565.639005 -565.639005
-558.885126 -558.885126 -558.885126 -558.885126
-552.131248 -552.131248 -552.131248 -552.131248
-545.377370 -545.377370 -545.377370 -545.377370
-538.623492 -538.623492 -538.623492 -538.623492
-531.869613 -531.869613 -531.869613 -531.869613
-525.115735 -525.115735 -525.115735 -525.115735
-518.361857 -518.361857 -518.361857 -518.361857
-511.607978 -511.607978 -511.607978 -511.607978
-504.854100 -504.854100 -504.854100 -504.854100
-498.100222 -498.100222 -498.100222 -498.100222
-491.346344 -491.346344 -491.346344 -491.346344
-484.592465 -484.592465 -484.592465 -484.592465
-477.838587 -477.838587 -477.838587 -477.838587
-471.084709 -471.084709 -471.084709 -471.084709
-464.330830 -464.330830 -464.330830 -464.330830
-457.576952 -457.576952 -457.576952 -457.576952
-450.823074 -450.823074 -450.823074 -450.823074
-444.069195 -444.069195 -444.069195 -444.069195
-437.315317 -437.315317 -437.315317 -437.315317
-430.561439 -430.561439 -430.561439 -430.561439
-423.807561 -423.807561 -423.807561 -423.807561
-417.053682 -417.053682 -417.053682 -417.053682
-410.299804 -410.299804 -410.299804 -410.299804
-403.545926 -403.545926 -403.545926 -403.545926
-396.792047 -396.792047 -396.792047 -396.792047
-390.038169 -390.038169 -390.038169 -390.038169
-383.284291 -383.284291 -383.284291 -383.284291
-376.530413 -376.530413 -376.530413 -376.530413
-369.776534 -369.776534 -369.776534 -369.776534
-363.022656 -363.022656 -363.022656 -363.022656
-356.268778 -356.268778 -356.268778 -356.268778
-349.514899 -349.514899 -349.514899 -349.514899
-342.761021 -342.761021 -342.761021 -342.761021
-336.007143 -336.007143 -336.007143 -336.007143
-329.253264 -329.253264 -329.253264 -329.253264
-322.499386 -322.499386 -322.499386 -322.499386
-315.745508 -315.745508 -315.745508 -315.745508
-308.991630 -308.991630 -308.991630 -308.991630
-302.237751 -302.237751 -302.237751 -302.237751
-295.483873 -295.483873 -295.483873 -295.483873
-288.729995 -288.729995 -288.729995 -288.729995
-281.976116 -281.976116 -281.976116 -281.976116
-275.222238 -275.222238 -275.222238 -275.222238
-268.468360 -268.468360 -268.468360 -268.468360
-261.714482 -261.714482 -261.714482 -261.714482
-254.960603 -254.960603 -254.960603 -254.960603
-248.206725 -248.206725 -248.206725 -248.206725
-241.452847 -241.452847 -241.452847 -241.452847
-234.698968 -234.698968 -234.698968 -234.698968
-227.945090 -227.945090 -227.945090 -227.945090
-221.191212 -221.191212 -221.191212 -221.191212
-214.437333 -214.437333 -214.437333 -214.437333
-207.683455 -207.683455 -207.683455 -207.683455
-200.929577 -200.929577 -200.929577 -200.929577
-194.175699 -194.175699 -194.175699 -194.175699
-187.421820 -187.421820 -187.421820 -187.421820
-180.667942 -180.667942 -180.667942 -180.667942
-173.914064 -173.914064 -173.914064 -173.914064
-167.160185 -167.160185 -167.160185 -167.160185
-160.406307 -160.406307 -160.406307 -160.406307
-153.652429 -153.652429 -153.652429 -153.652429
-146.898551 -146.898551 -146.898551 -146.898551
-140.144672 -140.144672 -140.144672 -140.144672
-133.390794 -133.390794 -133.390794 -133.390794
-126.636916 -126.636916 -126.636916 -126.636916
-119.883037 -119.883037 -119.883037 -119.883037
-113.129159 -113.129159 -113.129159 -113.129159
-106.375281 -106.375281 -106.375281 -106.375281
 -99.621402  -99.621402  -99.621402  -99.621402
 -92.867524  -92.867524  -92.867524  -92.867524
 -86.113646  -86.113646  -86.113646  -86.113646
 -79.359768  -79.359768  -79.359768  -79.359768
 -72.605889  -72.605889  -72.605889  -72.605889
 -65.852011  -65.852011  -65.852011  -65.852011
 -59.098133  -59.098133  -59.098133  -59.098133
 -52.344254  -52.344254  -52.344254  -52.344254
 -45.590376  -45.590376  -45.590376  -45.590376
 -38.836498  -38.836498  -38.836498  -38.836498
 -32.082620  -32.082620  -32.082620  -32.082620
 -25.328741  -25.328741  -25.328741  -25.328741
 -18.574863  -18.574863  -18.574863  -18.574863
 -11.820985  -11.820985  -11.820985  -11.820985
  -5.067106   -5.067106   -5.067106   -5.067106
   1.686772    1.686772    1.686772    1.686772
   8.440650    8.440650    8.440650    8.440650
  15.194529   15.194529   15.194529   15.194529
  21.948407   21.948407   21.948407   21.948407
  28.702285   28.702285   28.702285   28.702285
  35.456163   35.456163   35.456163   35.456163
  42.210042   42.210042   42.210042   42.210042
  48.963920   48.963920   48.963920   48.963920
  55.717798   55.717798   55.717798   55.717798