-612.916153
-606.162275
-599.408396
-592.654518
-585.900640
-579.146761
-572.392883
-565.639005
-558.885126
-552.131248
-545.377370
-538.623492
-531.869613
-525.115735
-518.361857
-511.607978
-504.854100
-498.100222
-491.346344
-484.592465
-477.838587
-471.084709
-464.330830
-457.576952
-450.823074
-444.069195
-437.315317
-430.561439
-423.807561
-417.053682
-410.299804
-403.545926
-396.792047
-390.038169
-383.284291
-376.530413
-369.776534
-363.022656
-356.268778
-349.514899
-342.761021
-336.007143
-329.253264
-322.499386
-315.745508
-308.991630
-302.237751
-295.483873
-288.729995
-281.976116
-275.222238
-268.468360
-261.714482
-254.960603
-248.206725
-241.452847
-234.698968
-227.945090
-221.191212
-214.437333
-207.683455
-200.929577
-194.175699
-187.421820
-180.667942
-173.914064
-167.160185
-160.406307
-153.652429
-146.898551
-140.144672
-133.390794
-126.636916
-119.883037
-113.129159
-106.375281
 -99.621402
 -92.867524
 -86.113646
 -79.359768
 -72.605889
 -65.852011
 -59.098133
 -52.344254
 -45.590376
 -38.836498
 -32.082620
 -25.328741
 -18.574863
 -11.820985
  -5.067106
   1.686772
   8.440650
  15.194529
  21.948407
  28.702285
  35.456163
  42.210042
  48.963920
  55.717798