-99.277849 -99.277849 -99.277849 -99.277849
-97.959663 -97.959663 -97.959663 -97.959663
-96.641478 -96.641478 -96.641478 -96.641478
-95.323292 -95.323292 -95.323292 -95.323292
-94.005107 -94.005107 -94.005107 -94.005107
-92.686921 -92.686921 -92.686921 -92.686921
-91.368735 -91.368735 -91.368735 -91.368735
-90.050550 -90.050550 -90.050550 -90.050550
-88.732364 -88.732364 -88.732364 -88.732364
-87.414179 -87.414179 -87.414179 -87.414179
-86.095993 -86.095993 -86.095993 -86.095993
-84.777807 -84.777807 -84.777807 -84.777807
-83.459622 -83.459622 -83.459622 -83.459622
-82.141436 -82.141436 -82.141436 -82.141436
-80.823250 -80.823250 -80.823250 -80.823250
-79.505065 -79.505065 -79.505065 -79.505065
-78.186879 -78.186879 -78.186879 -78.186879
-76.868694 -76.868694 -76.868694 -76.868694
-75.550508 -75.550508 -75.550508 -75.550508
-74.232322 -74.232322 -74.232322 -74.232322
-72.914137 -72.914137 -72.914137 -72.914137
-71.595951 -71.595951 -71.595951 -71.595951
-70.277765 -70.277765 -70.277765 -70.277765
-68.959580 -68.959580 -68.959580 -68.959580
-67.641394 -67.641394 -67.641394 -67.641394
-66.323209 -66.323209 -66.323209 -66.323209
-65.005023 -65.005023 -65.005023 -65.005023
-63.686837 -63.686837 -63.686837 -63.686837
-62.368652 -62.368652 -62.368652 -62.368652
-61.050466 -61.050466 -61.050466 -61.050466
-59.732280 -59.732280 -59.732280 -59.732280
-58.414095 -58.414095 -58.414095 -58.414095
-57.095909 -57.095909 -57.095909 -57.095909
-55.777724 -55.777724 -55.777724 -55.777724
-54.459538 -54.459538 -54.459538 -54.459538
-53.141352 -53.141352 -53.141352 -53.141352
-51.823167 -51.823167 -51.823167 -51.823167
-50.504981 -50.504981 -50.504981 -50.504981
-49.186796 -49.186796 -49.186796 -49.186796
-47.868610 -47.868610 -47.868610 -47.868610
-46.550424 -46.550424 -46.550424 -46.550424
-45.232239 -45.232239 -45.232239 -45.232239
-43.914053 -43.914053 -43.914053 -43.914053
-42.595867 -42.595867 -42.595867 -42.595867
-41.277682 -41.277682 -41.277682 -41.277682
-39.959496 -39.959496 -39.959496 -39.959496
-38.641311 -38.641311 -38.641311 -38.641311
-37.323125 -37.323125 -37.323125 -37.323125
-36.004939 -36.004939 -36.004939 -36.004939
-34.686754 -34.686754 -34.686754 -34.686754
-33.368568 -33.368568 -33.368568 -33.368568
-32.050382 -32.050382 -32.050382 -32.050382
-30.732197 -30.732197 -30.732197 -30.732197
-29.414011 -29.414011 -29.414011 -29.414011
-28.095826 -28.095826 -28.095826 -28.095826
-26.777640 -26.777640 -26.777640 -26.777640
-25.459454 -25.459454 -25.459454 -25.459454
-24.141269 -24.141269 -24.141269 -24.141269
-22.823083 -22.823083 -22.823083 -22.823083
-21.504897 -21.504897 -21.504897 -21.504897
-20.186712 -20.186712 -20.186712 -20.186712
-18.868526 -18.868526 -18.868526 -18.868526
-17.550341 -17.550341 -17.550341 -17.550341
-16.232155 -16.232155 -16.232155 -16.232155
-14.913969 -14.913969 -14.913969 -14.913969
-13.595784 -13.595784 -13.595784 -13.595784
-12.277598 -12.277598 -12.277598 -12.277598
-10.959413 -10.959413 -10.959413 -10.959413
 -9.641227  -9.641227  -9.641227  -9.641227
 -8.323041  -8.323041  -8.323041  -8.323041
 -7.004856  -7.004856  -7.004856  -7.004856
 -5.686670  -5.686670  -5.686670  -5.686670
 -4.368484  -4.368484  -4.368484  -4.368484
 -3.050299  -3.050299  -3.050299  -3.050299
 -1.732113  -1.732113  -1.732113  -1.732113
 -0.413928  -0.413928  -0.413928  -0.413928
  0.904258   0.904258   0.904258   0.904258
  2.222444   2.222444   2.222444   2.222444
  3.540629   3.540629   3.540629   3.540629
  4.858815   4.858815   4.858815   4.858815
  6.177001   6.177001   6.177001   6.177001
  7.495186   7.495186   7.495186   7.495186
  8.813372   8.813372   8.813372   8.813372
 10.131557  10.131557  10.131557  10.131557
 11.449743  11.449743  11.449743  11.449743
 12.767929  12.767929  12.767929  12.767929
 14.086114  14.086114  14.086114  14.086114
 15.404300  15.404300  15.404300  15.404300
 16.722486  16.722486  16.722486  16.722486
 18.040671  18.040671  18.040671  18.040671
 19.358857  19.358857  19.358857  19.358857
 20.677042  20.677042  20.677042  20.677042
 21.995228  21.995228  21.995228  21.995228
 23.313414  23.313414  23.313414  23.313414
 24.631599  24.631599  24.631599  24.631599
 25.949785  25.949785  25.949785  25.949785
 27.267970  27.267970  27.267970  27.267970
 28.586156  28.586156  28.586156  28.586156
 29.904342  29.904342  29.904342  29.904342
 31.222527  31.222527  31.222527  31.222527