-99.277849
-97.959663
-96.641478
-95.323292
-94.005107
-92.686921
-91.368735
-90.050550
-88.732364
-87.414179
-86.095993
-84.777807
-83.459622
-82.141436
-80.823250
-79.505065
-78.186879
-76.868694
-75.550508
-74.232322
-72.914137
-71.595951
-70.277765
-68.959580
-67.641394
-66.323209
-65.005023
-63.686837
-62.368652
-61.050466
-59.732280
-58.414095
-57.095909
-55.777724
-54.459538
-53.141352
-51.823167
-50.504981
-49.186796
-47.868610
-46.550424
-45.232239
-43.914053
-42.595867
-41.277682
-39.959496
-38.641311
-37.323125
-36.004939
-34.686754
-33.368568
-32.050382
-30.732197
-29.414011
-28.095826
-26.777640
-25.459454
-24.141269
-22.823083
-21.504897
-20.186712
-18.868526
-17.550341
-16.232155
-14.913969
-13.595784
-12.277598
-10.959413
 -9.641227
 -8.323041
 -7.004856
 -5.686670
 -4.368484
 -3.050299
 -1.732113
 -0.413928
  0.904258
  2.222444
  3.540629
  4.858815
  6.177001
  7.495186
  8.813372
 10.131557
 11.449743
 12.767929
 14.086114
 15.404300
 16.722486
 18.040671
 19.358857
 20.677042
 21.995228
 23.313414
 24.631599
 25.949785
 27.267970
 28.586156
 29.904342
 31.222527