0.390694 0.012233 0.378462 0.000000
0.387476 0.012074 0.375403 0.000000
0.381020 0.005421 0.375599 0.000000
0.380430 0.005297 0.375133 0.000000
0.380547 0.005034 0.375513 0.000000
0.390583 0.012685 0.377898 0.000000
0.389031 0.016896 0.372136 0.000000
0.387128 0.010660 0.376468 0.000000
0.384078 0.008480 0.375598 0.000000
0.387269 0.013694 0.373575 0.000000
0.384082 0.009407 0.374675 0.000000
0.389870 0.014737 0.375133 0.000000
0.385410 0.010807 0.374603 0.000000
0.397400 0.019719 0.377681 0.000000
0.391127 0.017676 0.373451 0.000000