-81.700173 -81.700173 -81.700173 -81.700173
-81.274672 -81.274672 -81.274672 -81.274672
-80.849171 -80.849171 -80.849171 -80.849171
-80.423671 -80.423671 -80.423671 -80.423671
-79.998170 -79.998170 -79.998170 -79.998170
-79.572669 -79.572669 -79.572669 -79.572669
-79.147168 -79.147168 -79.147168 -79.147168
-78.721667 -78.721667 -78.721667 -78.721667
-78.296166 -78.296166 -78.296166 -78.296166
-77.870665 -77.870665 -77.870665 -77.870665
-77.445165 -77.445165 -77.445165 -77.445165
-77.019664 -77.019664 -77.019664 -77.019664
-76.594163 -76.594163 -76.594163 -76.594163
-76.168662 -76.168662 -76.168662 -76.168662
-75.743161 -75.743161 -75.743161 -75.743161
-75.317660 -75.317660 -75.317660 -75.317660
-74.892159 -74.892159 -74.892159 -74.892159
-74.466659 -74.466659 -74.466659 -74.466659
-74.041158 -74.041158 -74.041158 -74.041158
-73.615657 -73.615657 -73.615657 -73.615657
-73.190156 -73.190156 -73.190156 -73.190156
-72.764655 -72.764655 -72.764655 -72.764655
-72.339154 -72.339154 -72.339154 -72.339154
-71.913653 -71.913653 -71.913653 -71.913653
-71.488153 -71.488153 -71.488153 -71.488153
-71.062652 -71.062652 -71.062652 -71.062652
-70.637151 -70.637151 -70.637151 -70.637151
-70.211650 -70.211650 -70.211650 -70.211650
-69.786149 -69.786149 -69.786149 -69.786149
-69.360648 -69.360648 -69.360648 -69.360648
-68.935147 -68.935147 -68.935147 -68.935147
-68.509647 -68.509647 -68.509647 -68.509647
-68.084146 -68.084146 -68.084146 -68.084146
-67.658645 -67.658645 -67.658645 -67.658645
-67.233144 -67.233144 -67.233144 -67.233144
-66.807643 -66.807643 -66.807643 -66.807643
-66.382142 -66.382142 -66.382142 -66.382142
-65.956641 -65.956641 -65.956641 -65.956641
-65.531141 -65.531141 -65.531141 -65.531141
-65.105640 -65.105640 -65.105640 -65.105640
-64.680139 -64.680139 -64.680139 -64.680139
-64.254638 -64.254638 -64.254638 -64.254638
-63.829137 -63.829137 -63.829137 -63.829137
-63.403636 -63.403636 -63.403636 -63.403636
-62.978135 -62.978135 -62.978135 -62.978135
-62.552635 -62.552635 -62.552635 -62.552635
-62.127134 -62.127134 -62.127134 -62.127134
-61.701633 -61.701633 -61.701633 -61.701633
-61.276132 -61.276132 -61.276132 -61.276132
-60.850631 -60.850631 -60.850631 -60.850631
-60.425130 -60.425130 -60.425130 -60.425130
-59.999629 -59.999629 -59.999629 -59.999629
-59.574129 -59.574129 -59.574129 -59.574129
-59.148628 -59.148628 -59.148628 -59.148628
-58.723127 -58.723127 -58.723127 -58.723127
-58.297626 -58.297626 -58.297626 -58.297626
-57.872125 -57.872125 -57.872125 -57.872125
-57.446624 -57.446624 -57.446624 -57.446624
-57.021123 -57.021123 -57.021123 -57.021123
-56.595623 -56.595623 -56.595623 -56.595623
-56.170122 -56.170122 -56.170122 -56.170122
-55.744621 -55.744621 -55.744621 -55.744621
-55.319120 -55.319120 -55.319120 -55.319120
-54.893619 -54.893619 -54.893619 -54.893619
-54.468118 -54.468118 -54.468118 -54.468118
-54.042617 -54.042617 -54.042617 -54.042617
-53.617117 -53.617117 -53.617117 -53.617117
-53.191616 -53.191616 -53.191616 -53.191616
-52.766115 -52.766115 -52.766115 -52.766115
-52.340614 -52.340614 -52.340614 -52.340614
-51.915113 -51.915113 -51.915113 -51.915113
-51.489612 -51.489612 -51.489612 -51.489612
-51.064111 -51.064111 -51.064111 -51.064111
-50.638611 -50.638611 -50.638611 -50.638611
-50.213110 -50.213110 -50.213110 -50.213110
-49.787609 -49.787609 -49.787609 -49.787609
-49.362108 -49.362108 -49.362108 -49.362108
-48.936607 -48.936607 -48.936607 -48.936607
-48.511106 -48.511106 -48.511106 -48.511106
-48.085605 -48.085605 -48.085605 -48.085605
-47.660105 -47.660105 -47.660105 -47.660105
-47.234604 -47.234604 -47.234604 -47.234604
-46.809103 -46.809103 -46.809103 -46.809103
-46.383602 -46.383602 -46.383602 -46.383602
-45.958101 -45.958101 -45.958101 -45.958101
-45.532600 -45.532600 -45.532600 -45.532600
-45.107099 -45.107099 -45.107099 -45.107099
-44.681599 -44.681599 -44.681599 -44.681599
-44.256098 -44.256098 -44.256098 -44.256098
-43.830597 -43.830597 -43.830597 -43.830597
-43.405096 -43.405096 -43.405096 -43.405096
-42.979595 -42.979595 -42.979595 -42.979595
-42.554094 -42.554094 -42.554094 -42.554094
-42.128593 -42.128593 -42.128593 -42.128593
-41.703093 -41.703093 -41.703093 -41.703093
-41.277592 -41.277592 -41.277592 -41.277592
-40.852091 -40.852091 -40.852091 -40.852091
-40.426590 -40.426590 -40.426590 -40.426590
-40.001089 -40.001089 -40.001089 -40.001089
-39.575588 -39.575588 -39.575588 -39.575588