-936.127678
-927.581241
-919.034803
-910.488366
-901.941929
-893.395491
-884.849054
-876.302617
-867.756179
-859.209742
-850.663305
-842.116867
-833.570430
-825.023993
-816.477555
-807.931118
-799.384681
-790.838243
-782.291806
-773.745369
-765.198931
-756.652494
-748.106057
-739.559619
-731.013182
-722.466745
-713.920307
-705.373870
-696.827432
-688.280995
-679.734558
-671.188120
-662.641683
-654.095246
-645.548808
-637.002371
-628.455934
-619.909496
-611.363059
-602.816622
-594.270184
-585.723747
-577.177310
-568.630872
-560.084435
-551.537998
-542.991560
-534.445123
-525.898686
-517.352248
-508.805811
-500.259374
-491.712936
-483.166499
-474.620062
-466.073624
-457.527187
-448.980750
-440.434312
-431.887875
-423.341438
-414.795000
-406.248563
-397.702126
-389.155688
-380.609251
-372.062814
-363.516376
-354.969939
-346.423501
-337.877064
-329.330627
-320.784189
-312.237752
-303.691315
-295.144877
-286.598440
-278.052003
-269.505565
-260.959128
-252.412691
-243.866253
-235.319816
-226.773379
-218.226941
-209.680504
-201.134067
-192.587629
-184.041192
-175.494755
-166.948317
-158.401880
-149.855443
-141.309005
-132.762568
-124.216131
-115.669693
-107.123256
 -98.576819
 -90.030381