0.060984 0.001140 0.059844 0.000000
0.060411 0.000598 0.059813 0.000000
0.060266 0.000426 0.059840 0.000000
0.060127 0.000299 0.059827 0.000000
0.060142 0.000319 0.059823 0.000000
0.059919 0.000090 0.059829 0.000000
0.060116 0.000298 0.059817 0.000000
0.059884 0.000053 0.059831 0.000000
0.059967 0.000139 0.059827 0.000000
0.059860 0.000049 0.059811 0.000000
0.060158 0.000343 0.059814 0.000000
0.060443 0.000635 0.059808 0.000000
0.060350 0.000527 0.059822 0.000000
0.060319 0.000500 0.059819 0.000000
0.060237 0.000417 0.059820 0.000000