  -6.672024  -37.778928  -42.400490   18.368500  -21.371971 -135.487099 -119.491989   -8.210958  120.691977  -17.654755
 -11.142203  -37.406605  -41.428729   17.118379  -21.709388 -133.463873 -117.708692   -7.972139  119.351171  -17.519521
 -15.612382  -37.034282  -40.456968   15.868258  -22.046805 -131.440646 -115.925395   -7.733320  118.010365  -17.384287
 -20.082561  -36.661958  -39.485206   14.618137  -22.384222 -129.417420 -114.142097   -7.494502  116.669559  -17.249053
 -24.552740  -36.289635  -38.513445   13.368016  -22.721639 -127.394194 -112.358800   -7.255683  115.328753  -17.113818
 -29.022920  -35.917312  -37.541684   12.117895  -23.059056 -125.370968 -110.575503   -7.016864  113.987947  -16.978584
 -33.493099  -35.544988  -36.569922   10.867774  -23.396473 -123.347742 -108.792206   -6.778046  112.647141  -16.843350
 -37.963278  -35.172665  -35.598161    9.617653  -23.733890 -121.324516 -107.008909   -6.539227  111.306335  -16.708116
 -42.433457  -34.800342  -34.626400    8.367532  -24.071307 -119.301290 -105.225612   -6.300408  109.965529  -16.572881
 -46.903636  -34.428019  -33.654638    7.117411  -24.408725 -117.278064 -103.442315   -6.061590  108.624723  -16.437647
 -51.373815  -34.055695  -32.682877    5.867290  -24.746142 -115.254838 -101.659017   -5.822771  107.283917  -16.302413
 -55.843994  -33.683372  -31.711116    4.617169  -25.083559 -113.231612  -99.875720   -5.583952  105.943111  -16.167179
 -60.314173  -33.311049  -30.739354    3.367048  -25.420976 -111.208386  -98.092423   -5.345133  104.602305  -16.031945
 -64.784352  -32.938726  -29.767593    2.116927  -25.758393 -109.185160  -96.309126   -5.106315  103.261499  -15.896710
 -69.254532  -32.566402  -28.795832    0.866806  -26.095810 -107.161934  -94.525829   -4.867496  101.920693  -15.761476
 -73.724711  -32.194079  -27.824070   -0.383315  -26.433227 -105.138708  -92.742532   -4.628677  100.579887  -15.626242
 -78.194890  -31.821756  -26.852309   -1.633436  -26.770644 -103.115482  -90.959235   -4.389859   99.239081  -15.491008
 -82.665069  -31.449432  -25.880547   -2.883557  -27.108061 -101.092256  -89.175938   -4.151040   97.898275  -15.355773
 -87.135248  -31.077109  -24.908786   -4.133678  -27.445478  -99.069030  -87.392640   -3.912221   96.557469  -15.220539
 -91.605427  -30.704786  -23.937025   -5.383799  -27.782895  -97.045804  -85.609343   -3.673403   95.216663  -15.085305
 -96.075606  -30.332463  -22.965263   -6.633920  -28.120312  -95.022578  -83.826046   -3.434584   93.875857  -14.950071
-100.545785  -29.960139  -21.993502   -7.884041  -28.457729  -92.999351  -82.042749   -3.195765   92.535051  -14.814836
-105.015965  -29.587816  -21.021741   -9.134162  -28.795146  -90.976125  -80.259452   -2.956947   91.194245  -14.679602
-109.486144  -29.215493  -20.049979  -10.384283  -29.132563  -88.952899  -78.476155   -2.718128   89.853439  -14.544368
-113.956323  -28.843169  -19.078218  -11.634404  -29.469980  -86.929673  -76.692858   -2.479309   88.512633  -14.409134
-118.426502  -28.470846  -18.106457  -12.884525  -29.807397  -84.906447  -74.909561   -2.240490   87.171827  -14.273900
-122.896681  -28.098523  -17.134695  -14.134646  -30.144814  -82.883221  -73.126263   -2.001672   85.831021  -14.138665
-127.366860  -27.726200  -16.162934  -15.384767  -30.482232  -80.859995  -71.342966   -1.762853   84.490215  -14.003431
-131.837039  -27.353876  -15.191173  -16.634888  -30.819649  -78.836769  -69.559669   -1.524034   83.149409  -13.868197
-136.307218  -26.981553  -14.219411  -17.885009  -31.157066  -76.813543  -67.776372   -1.285216   81.808603  -13.732963
-140.777397  -26.609230  -13.247650  -19.135130  -31.494483  -74.790317  -65.993075   -1.046397   80.467797  -13.597728
-145.247577  -26.236907  -12.275889  -20.385251  -31.831900  -72.767091  -64.209778   -0.807578   79.126991  -13.462494
-149.717756  -25.864583  -11.304127  -21.635372  -32.169317  -70.743865  -62.426481   -0.568760   77.786185  -13.327260
-154.187935  -25.492260  -10.332366  -22.885493  -32.506734  -68.720639  -60.643183   -0.329941   76.445379  -13.192026
-158.658114  -25.119937   -9.360604  -24.135614  -32.844151  -66.697413  -58.859886   -0.091122   75.104573  -13.056791
-163.128293  -24.747613   -8.388843  -25.385735  -33.181568  -64.674187  -57.076589    0.147696   73.763767  -12.921557
-167.598472  -24.375290   -7.417082  -26.635856  -33.518985  -62.650961  -55.293292    0.386515   72.422961  -12.786323
-172.068651  -24.002967   -6.445320  -27.885977  -33.856402  -60.627735  -53.509995    0.625334   71.082155  -12.651089
-176.538830  -23.630644   -5.473559  -29.136098  -34.193819  -58.604509  -51.726698    0.864152   69.741349  -12.515855
-181.009009  -23.258320   -4.501798  -30.386219  -34.531236  -56.581282  -49.943401    1.102971   68.400543  -12.380620
-185.479189  -22.885997   -3.530036  -31.636340  -34.868653  -54.558056  -48.160104    1.341790   67.059737  -12.245386
-189.949368  -22.513674   -2.558275  -32.886461  -35.206070  -52.534830  -46.376806    1.580609   65.718931  -12.110152
-194.419547  -22.141351   -1.586514  -34.136582  -35.543487  -50.511604  -44.593509    1.819427   64.378125  -11.974918
-198.889726  -21.769027   -0.614752  -35.386703  -35.880904  -48.488378  -42.810212    2.058246   63.037319  -11.839683
-203.359905  -21.396704    0.357009  -36.636824  -36.218321  -46.465152  -41.026915    2.297065   61.696513  -11.704449
-207.830084  -21.024381    1.328770  -37.886945  -36.555739  -44.441926  -39.243618    2.535883   60.355707  -11.569215
-212.300263  -20.652057    2.300532  -39.137066  -36.893156  -42.418700  -37.460321    2.774702   59.014901  -11.433981
-216.770442  -20.279734    3.272293  -40.387187  -37.230573  -40.395474  -35.677024    3.013521   57.674095  -11.298746
-221.240622  -19.907411    4.244054  -41.637308  -37.567990  -38.372248  -33.893727    3.252339   56.333289  -11.163512
-225.710801  -19.535088    5.215816  -42.887429  -37.905407  -36.349022  -32.110429    3.491158   54.992483  -11.028278
-230.180980  -19.162764    6.187577  -44.137550  -38.242824  -34.325796  -30.327132    3.729977   53.651677  -10.893044
-234.651159  -18.790441    7.159338  -45.387671  -38.580241  -32.302570  -28.543835    3.968795   52.310871  -10.757810
-239.121338  -18.418118    8.131100  -46.637792  -38.917658  -30.279344  -26.760538    4.207614   50.970065  -10.622575
-243.591517  -18.045794    9.102861  -47.887913  -39.255075  -28.256118  -24.977241    4.446433   49.629259  -10.487341
-248.061696  -17.673471   10.074623  -49.138034  -39.592492  -26.232892  -23.193944    4.685252   48.288453  -10.352107
-252.531875  -17.301148   11.046384  -50.388155  -39.929909  -24.209666  -21.410647    4.924070   46.947647  -10.216873
-257.002054  -16.928825   12.018145  -51.638276  -40.267326  -22.186440  -19.627349    5.162889   45.606841  -10.081638
-261.472234  -16.556501   12.989907  -52.888397  -40.604743  -20.163214  -17.844052    5.401708   44.266035   -9.946404
-265.942413  -16.184178   13.961668  -54.138518  -40.942160  -18.139987  -16.060755    5.640526   42.925229   -9.811170
-270.412592  -15.811855   14.933429  -55.388639  -41.279577  -16.116761  -14.277458    5.879345   41.584423   -9.675936
-274.882771  -15.439532   15.905191  -56.638760  -41.616994  -14.093535  -12.494161    6.118164   40.243617   -9.540701
-279.352950  -15.067208   16.876952  -57.888881  -41.954411  -12.070309  -10.710864    6.356982   38.902811   -9.405467
-283.823129  -14.694885   17.848713  -59.139002  -42.291829  -10.047083   -8.927567    6.595801   37.562005   -9.270233
-288.293308  -14.322562   18.820475  -60.389123  -42.629246   -8.023857   -7.144270    6.834620   36.221199   -9.134999
-292.763487  -13.950238   19.792236  -61.639244  -42.966663   -6.000631   -5.360972    7.073438   34.880393   -8.999765
-297.233667  -13.577915   20.763997  -62.889365  -43.304080   -3.977405   -3.577675    7.312257   33.539587   -8.864530
-301.703846  -13.205592   21.735759  -64.139487  -43.641497   -1.954179   -1.794378    7.551076   32.198781   -8.729296
-306.174025  -12.833269   22.707520  -65.389608  -43.978914    0.069047   -0.011081    7.789894   30.857975   -8.594062
-310.644204  -12.460945   23.679281  -66.639729  -44.316331    2.092273    1.772216    8.028713   29.517169   -8.458828
-315.114383  -12.088622   24.651043  -67.889850  -44.653748    4.115499    3.555513    8.267532   28.176363   -8.323593
-319.584562  -11.716299   25.622804  -69.139971  -44.991165    6.138725    5.338810    8.506351   26.835557   -8.188359
-324.054741  -11.343976   26.594566  -70.390092  -45.328582    8.161951    7.122108    8.745169   25.494751   -8.053125
-328.524920  -10.971652   27.566327  -71.640213  -45.665999   10.185177    8.905405    8.983988   24.153945   -7.917891
-332.995099  -10.599329   28.538088  -72.890334  -46.003416   12.208403   10.688702    9.222807   22.813139   -7.782656
-337.465279  -10.227006   29.509850  -74.140455  -46.340833   14.231629   12.471999    9.461625   21.472333   -7.647422
-341.935458   -9.854682   30.481611  -75.390576  -46.678250   16.254855   14.255296    9.700444   20.131527   -7.512188
-346.405637   -9.482359   31.453372  -76.640697  -47.015667   18.278081   16.038593    9.939263   18.790721   -7.376954
-350.875816   -9.110036   32.425134  -77.890818  -47.353084   20.301308   17.821890   10.178081   17.449915   -7.241720
-355.345995   -8.737713   33.396895  -79.140939  -47.690501   22.324534   19.605187   10.416900   16.109109   -7.106485
-359.816174   -8.365389   34.368656  -80.391060  -48.027918   24.347760   21.388485   10.655719   14.768303   -6.971251
-364.286353   -7.993066   35.340418  -81.641181  -48.365336   26.370986   23.171782   10.894537   13.427497   -6.836017
-368.756532   -7.620743   36.312179  -82.891302  -48.702753   28.394212   24.955079   11.133356   12.086691   -6.700783
-373.226711   -7.248419   37.283940  -84.141423  -49.040170   30.417438   26.738376   11.372175   10.745885   -6.565548
-377.696891   -6.876096   38.255702  -85.391544  -49.377587   32.440664   28.521673   11.610994    9.405079   -6.430314
-382.167070   -6.503773   39.227463  -86.641665  -49.715004   34.463890   30.304970   11.849812    8.064273   -6.295080
-386.637249   -6.131450   40.199224  -87.891786  -50.052421   36.487116   32.088267   12.088631    6.723467   -6.159846
-391.107428   -5.759126   41.170986  -89.141907  -50.389838   38.510342   33.871564   12.327450    5.382661   -6.024611
-395.577607   -5.386803   42.142747  -90.392028  -50.727255   40.533568   35.654862   12.566268    4.041855   -5.889377
-400.047786   -5.014480   43.114508  -91.642149  -51.064672   42.556794   37.438159   12.805087    2.701049   -5.754143
-404.517965   -4.642157   44.086270  -92.892270  -51.402089   44.580020   39.221456   13.043906    1.360243   -5.618909
-408.988144   -4.269833   45.058031  -94.142391  -51.739506   46.603246   41.004753   13.282724    0.019437   -5.483674
-413.458324   -3.897510   46.029793  -95.392512  -52.076923   48.626472   42.788050   13.521543   -1.321369   -5.348440
-417.928503   -3.525187   47.001554  -96.642633  -52.414340   50.649698   44.571347   13.760362   -2.662175   -5.213206
-422.398682   -3.152863   47.973315  -97.892754  -52.751757   52.672924   46.354644   13.999180   -4.002981   -5.077972
-426.868861   -2.780540   48.945077  -99.142875  -53.089174   54.696150   48.137942   14.237999   -5.343787   -4.942738
-431.339040   -2.408217   49.916838 -100.392996  -53.426591   56.719376   49.921239   14.476818   -6.684593   -4.807503
-435.809219   -2.035894   50.888599 -101.643117  -53.764008   58.742603   51.704536   14.715636   -8.025399   -4.672269
-440.279398   -1.663570   51.860361 -102.893238  -54.101425   60.765829   53.487833   14.954455   -9.366205   -4.537035
-444.749577   -1.291247   52.832122 -104.143359  -54.438843   62.789055   55.271130   15.193274  -10.707011   -4.401801
-449.219756   -0.918924   53.803883 -105.393480  -54.776260   64.812281   57.054427   15.432093  -12.047817   -4.266566