 -8.502329
-18.645056
-28.139310
-34.531146
-36.463770
-35.651834
-34.072079
-32.265925
-29.963638
-27.065539
-24.016768
-21.145200
-18.494574
-16.429268
-15.949853
-17.590884
-20.523454
-23.851262
-27.310562
-30.709466
-33.491596
-35.328375
-36.571178
-37.554095
-37.950430
-36.708327
-33.288747
-28.657942
-23.876584
-19.249737
-14.769605
-10.497069
 -6.481370
 -2.586373
  1.335250
  5.147814
  8.212860
  9.915241
 10.612770
 11.056628
 11.483942
 11.460461
 10.186357
  7.548689
  4.284178
  0.948250
 -2.159285
 -4.472116
 -5.400930
 -5.236847
 -4.723998