 -8.502329
-13.605996
-18.747316
-23.749262
-28.308427
-32.045259
-34.653078
-36.061579
-36.466932
-36.202808
-35.580230
-34.804413
-33.969808
-33.088620
-32.123777
-31.021795
-29.748209
-28.316155
-26.786533
-25.235416
-23.717155
-22.251943
-20.838462
-19.477634
-18.198132
-17.078222
-16.251480
-15.875542
-16.060265
-16.801186
-17.981581
-19.441306
-21.047580
-22.723272
-24.437955
-26.183143
-27.944728
-29.679979
-31.311098
-32.748444
-33.934957
-34.875218
-35.624269
-36.251892
-36.810393
-37.314661
-37.728557
-37.955304
-37.844091
-37.233954
-36.033402
-34.282170
-32.133654
-29.772985
-27.344254
-24.927452
-22.551680
-20.218509
-17.921926
-15.661585
-13.447788
-11.296152
 -9.215074
 -7.196663
 -5.218820
 -3.254955
 -1.284184
  0.699734
  2.678322
  4.597103
  6.361502
  7.856182
  8.994075
  9.766434
 10.248119
 10.553564
 10.785261
 11.006607
 11.236325
 11.448894
 11.574104
 11.503434
 11.118981
 10.346451
  9.198316
  7.765294
  6.163702
  4.487330
  2.793121
  1.114170
 -0.516619
 -2.043992
 -3.380115
 -4.420998
 -5.092458
 -5.395554
 -5.408144
 -5.241292
 -4.992257
 -4.723998