  0.000000
-19.218234
-30.956800
-37.198082
-39.475656
-38.986448
-36.672580
-33.280770
-29.405105
-25.517497
-21.989015
-19.104469
-17.071989
-16.028901
-16.044858
-17.122931
-19.199166
-22.140986
-25.744670
-29.732075
-33.746649
-37.348709
-40.009848
-41.106221
-39.910280
-35.580335
-32.048475
-28.086567
-23.817634
-19.364369
-14.846838
-10.380374
 -6.073776
 -2.027875
  1.665419
  4.923516
  7.672933
  9.848487
 11.392031
 12.251084
 12.378075
 11.731434
 10.280662
  8.018744
  4.987183
  1.321711
 -2.669289
 -6.375840
 -8.680955
 -7.641244
  0.000114