  0.079133   2.125708   7.142685  11.951684  15.830046  18.723633  20.743028  21.998658  22.558509  22.452199  21.689139  20.277905  18.242792  15.635932  12.543719   9.085195   5.399052   1.617335  -2.166733  -5.903433  -9.460982 -12.114373 -11.057334   2.086830  23.975561
  2.385561   3.607544   7.788919  12.122449  15.728495  18.464557  20.394144  21.602514  22.144008  22.040552  21.296834  19.918087  17.925810  15.369470  12.332773   8.932078   5.303605   1.577472  -2.154158  -5.841878  -9.355177 -11.977110 -10.931721   2.071526  23.733628
  4.691989   5.089379   8.435153  12.293213  15.626944  18.205480  20.045260  21.206371  21.729507  21.628905  20.904528  19.558268  17.608827  15.103007  12.121826   8.778960   5.208158   1.537608  -2.141583  -5.780324  -9.249372 -11.839847 -10.806107   2.056221  23.491695
  6.998417   6.571215   9.081387  12.463977  15.525393  17.946404  19.696377  20.810227  21.315006  21.217258  20.512222  19.198450  17.291844  14.836545  11.910879   8.625843   5.112711   1.497745  -2.129008  -5.718769  -9.143567 -11.702583 -10.680494   2.040916  23.249762
  9.304845   8.053050   9.727621  12.634742  15.423842  17.687327  19.347493  20.414083  20.900505  20.805610  20.119917  18.838631  16.974861  14.570082  11.699932   8.472725   5.017263   1.457882  -2.116433  -5.657214  -9.037762 -11.565320 -10.554881   2.025611  23.007828
 11.611273   9.534886  10.373855  12.805506  15.322291  17.428251  18.998609  20.017940  20.486004  20.393963  19.727611  18.478812  16.657879  14.303620  11.488986   8.319608   4.921816   1.418018  -2.103858  -5.595660  -8.931958 -11.428056 -10.429267   2.010307  22.765895
 13.917700  11.016721  11.020090  12.976271  15.220740  17.169174  18.649725  19.621796  20.071503  19.982316  19.335306  18.118994  16.340896  14.037158  11.278039   8.166490   4.826369   1.378155  -2.091283  -5.534105  -8.826153 -11.290793 -10.303654   1.995002  22.523962
 16.224128  12.498557  11.666324  13.147035  15.119189  16.910098  18.300841  19.225653  19.657002  19.570669  18.943000  17.759175  16.023913  13.770695  11.067092   8.013373   4.730922   1.338291  -2.078708  -5.472550  -8.720348 -11.153530 -10.178041   1.979697  22.282029
 18.530556  13.980392  12.312558  13.317800  15.017638  16.651021  17.951957  18.829509  19.242501  19.159022  18.550694  17.399357  15.706930  13.504233  10.856145   7.860255   4.635474   1.298428  -2.066133  -5.410995  -8.614543 -11.016266 -10.052427   1.964393  22.040096
 20.836984  15.462228  12.958792  13.488564  14.916088  16.391944  17.603073  18.433365  18.828000  18.747374  18.158389  17.039538  15.389948  13.237771  10.645199   7.707138   4.540027   1.258565  -2.053558  -5.349441  -8.508738 -10.879003  -9.926814   1.949088  21.798163
 23.143412  16.944063  13.605026  13.659329  14.814537  16.132868  17.254189  18.037222  18.413499  18.335727  17.766083  16.679719  15.072965  12.971308  10.434252   7.554020   4.444580   1.218701  -2.040983  -5.287886  -8.402933 -10.741740  -9.801201   1.933783  21.556230
 25.449840  18.425899  14.251260  13.830093  14.712986  15.873791  16.905305  17.641078  17.998998  17.924080  17.373778  16.319901  14.755982  12.704846  10.223305   7.400903   4.349133   1.178838  -2.028408  -5.226331  -8.297128 -10.604476  -9.675587   1.918479  21.314297
 27.756268  19.907734  14.897494  14.000858  14.611435  15.614715  16.556421  17.244934  17.584497  17.512433  16.981472  15.960082  14.438999  12.438383  10.012358   7.247786   4.253686   1.138975  -2.015833  -5.164777  -8.191323 -10.467213  -9.549974   1.903174  21.072363
 30.062695  21.389570  15.543729  14.171622  14.509884  15.355638  16.207537  16.848791  17.169996  17.100786  16.589166  15.600263  14.122017  12.171921   9.801412   7.094668   4.158238   1.099111  -2.003258  -5.103222  -8.085518 -10.329950  -9.424361   1.887869  20.830430
 32.369123  22.871405  16.189963  14.342387  14.408333  15.096562  15.858653  16.452647  16.755495  16.689138  16.196861  15.240445  13.805034  11.905459   9.590465   6.941551   4.062791   1.059248  -1.990683  -5.041667  -7.979713 -10.192686  -9.298747   1.872565  20.588497
 34.675551  24.353241  16.836197  14.513151  14.306782  14.837485  15.509770  16.056504  16.340994  16.277491  15.804555  14.880626  13.488051  11.638996   9.379518   6.788433   3.967344   1.019384  -1.978108  -4.980113  -7.873908 -10.055423  -9.173134   1.857260  20.346564
 36.981979  25.835076  17.482431  14.683915  14.205231  14.578409  15.160886  15.660360  15.926493  15.865844  15.412250  14.520808  13.171068  11.372534   9.168571   6.635316   3.871897   0.979521  -1.965533  -4.918558  -7.768104  -9.918159  -9.047521   1.841955  20.104631
 39.288407  27.316912  18.128665  14.854680  14.103680  14.319332  14.812002  15.264216  15.511992  15.454197  15.019944  14.160989  12.854085  11.106072   8.957625   6.482198   3.776449   0.939658  -1.952958  -4.857003  -7.662299  -9.780896  -8.921907   1.826650  19.862698
 41.594835  28.798747  18.774899  15.025444  14.002129  14.060256  14.463118  14.868073  15.097491  15.042550  14.627638  13.801170  12.537103  10.839609   8.746678   6.329081   3.681002   0.899794  -1.940383  -4.795448  -7.556494  -9.643633  -8.796294   1.811346  19.620765
 43.901263  30.280583  19.421133  15.196209  13.900578  13.801179  14.114234  14.471929  14.682990  14.630902  14.235333  13.441352  12.220120  10.573147   8.535731   6.175963   3.585555   0.859931  -1.927808  -4.733894  -7.450689  -9.506369  -8.670681   1.796041  19.378831
 46.207690  31.762418  20.067368  15.366973  13.799027  13.542103  13.765350  14.075785  14.268489  14.219255  13.843027  13.081533  11.903137  10.306684   8.324784   6.022846   3.490108   0.820067  -1.915233  -4.672339  -7.344884  -9.369106  -8.545067   1.780736  19.136898
 48.514118  33.244254  20.713602  15.537738  13.697476  13.283026  13.416466  13.679642  13.853988  13.807608  13.450722  12.721715  11.586154  10.040222   8.113838   5.869729   3.394660   0.780204  -1.902659  -4.610784  -7.239079  -9.231843  -8.419454   1.765432  18.894965
 50.820546  34.726089  21.359836  15.708502  13.595925  13.023950  13.067582  13.283498  13.439487  13.395961  13.058416  12.361896  11.269172   9.773760   7.902891   5.716611   3.299213   0.740341  -1.890084  -4.549230  -7.133274  -9.094579  -8.293841   1.750127  18.653032
 53.126974  36.207925  22.006070  15.879267  13.494375  12.764873  12.718698  12.887355  13.024986  12.984314  12.666110  12.002077  10.952189   9.507297   7.691944   5.563494   3.203766   0.700477  -1.877509  -4.487675  -7.027469  -8.957316  -8.168227   1.734822  18.411099
 55.433402  37.689760  22.652304  16.050031  13.392824  12.505797  12.369814  12.491211  12.610485  12.572666  12.273805  11.642259  10.635206   9.240835   7.480998   5.410376   3.108319   0.660614  -1.864934  -4.426120  -6.921664  -8.820052  -8.042614   1.719518  18.169166
 57.739830  39.171596  23.298538  16.220796  13.291273  12.246720  12.020930  12.095067  12.195984  12.161019  11.881499  11.282440  10.318223   8.974373   7.270051   5.257259   3.012872   0.620750  -1.852359  -4.364565  -6.815859  -8.682789  -7.917001   1.704213  17.927233
 60.046258  40.653431  23.944772  16.391560  13.189722  11.987644  11.672046  11.698924  11.781483  11.749372  11.489194  10.922621  10.001241   8.707910   7.059104   5.104141   2.917424   0.580887  -1.839784  -4.303011  -6.710055  -8.545526  -7.791388   1.688908  17.685299
 62.352685  42.135267  24.591007  16.562325  13.088171  11.728567  11.323162  11.302780  11.366982  11.337725  11.096888  10.562803   9.684258   8.441448   6.848157   4.951024   2.821977   0.541024  -1.827209  -4.241456  -6.604250  -8.408262  -7.665774   1.673604  17.443366
 64.659113  43.617102  25.237241  16.733089  12.986620  11.469491  10.974279  10.906636  10.952481  10.926077  10.704582  10.202984   9.367275   8.174985   6.637211   4.797906   2.726530   0.501160  -1.814634  -4.179901  -6.498445  -8.270999  -7.540161   1.658299  17.201433
 66.965541  45.098938  25.883475  16.903853  12.885069  11.210414  10.625395  10.510493  10.537980  10.514430  10.312277   9.843166   9.050292   7.908523   6.426264   4.644789   2.631083   0.461297  -1.802059  -4.118347  -6.392640  -8.133736  -7.414548   1.642994  16.959500
 69.271969  46.580773  26.529709  17.074618  12.783518  10.951337  10.276511  10.114349  10.123479  10.102783   9.919971   9.483347   8.733309   7.642061   6.215317   4.491671   2.535635   0.421434  -1.789484  -4.056792  -6.286835  -7.996472  -7.288934   1.627689  16.717567
 71.578397  48.062609  27.175943  17.245382  12.681967  10.692261   9.927627   9.718206   9.708978   9.691136   9.527666   9.123528   8.416327   7.375598   6.004370   4.338554   2.440188   0.381570  -1.776909  -3.995237  -6.181030  -7.859209  -7.163321   1.612385  16.475634
 73.884825  49.544444  27.822177  17.416147  12.580416  10.433184   9.578743   9.322062   9.294477   9.279489   9.135360   8.763710   8.099344   7.109136   5.793424   4.185437   2.344741   0.341707  -1.764334  -3.933683  -6.075225  -7.721945  -7.037708   1.597080  16.233701
 76.191253  51.026280  28.468411  17.586911  12.478865  10.174108   9.229859   8.925918   8.879976   8.867841   8.743054   8.403891   7.782361   6.842674   5.582477   4.032319   2.249294   0.301843  -1.751759  -3.872128  -5.969420  -7.584682  -6.912094   1.581775  15.991767
 78.497680  52.508115  29.114646  17.757676  12.377314   9.915031   8.880975   8.529775   8.465475   8.456194   8.350749   8.044073   7.465378   6.576211   5.371530   3.879202   2.153847   0.261980  -1.739184  -3.810573  -5.863615  -7.447419  -6.786481   1.566471  15.749834
 80.804108  53.989951  29.760880  17.928440  12.275763   9.655955   8.532091   8.133631   8.050974   8.044547   7.958443   7.684254   7.148396   6.309749   5.160583   3.726084   2.058399   0.222117  -1.726609  -3.749018  -5.757810  -7.310155  -6.660868   1.551166  15.507901
 83.110536  55.471787  30.407114  18.099205  12.174213   9.396878   8.183207   7.737487   7.636473   7.632900   7.566138   7.324435   6.831413   6.043286   4.949637   3.572967   1.962952   0.182253  -1.714034  -3.687464  -5.652005  -7.172892  -6.535254   1.535861  15.265968
 85.416964  56.953622  31.053348  18.269969  12.072662   9.137802   7.834323   7.341344   7.221972   7.221253   7.173832   6.964617   6.514430   5.776824   4.738690   3.419849   1.867505   0.142390  -1.701459  -3.625909  -5.546201  -7.035629  -6.409641   1.520557  15.024035
 87.723392  58.435458  31.699582  18.440734  11.971111   8.878725   7.485439   6.945200   6.807471   6.809605   6.781526   6.604798   6.197447   5.510362   4.527743   3.266732   1.772058   0.102526  -1.688884  -3.564354  -5.440396  -6.898365  -6.284028   1.505252  14.782102
 90.029820  59.917293  32.345816  18.611498  11.869560   8.619649   7.136555   6.549057   6.392970   6.397958   6.389221   6.244979   5.880465   5.243899   4.316796   3.113614   1.676610   0.062663  -1.676309  -3.502800  -5.334591  -6.761102  -6.158414   1.489947  14.540169
 92.336248  61.399129  32.992050  18.782263  11.768009   8.360572   6.787671   6.152913   5.978469   5.986311   5.996915   5.885161   5.563482   4.977437   4.105850   2.960497   1.581163   0.022800  -1.663734  -3.441245  -5.228786  -6.623839  -6.032801   1.474643  14.298235
 94.642676  62.880964  33.638285  18.953027  11.666458   8.101496   6.438788   5.756769   5.563968   5.574664   5.604610   5.525342   5.246499   4.710975   3.894903   2.807380   1.485716  -0.017064  -1.651159  -3.379690  -5.122981  -6.486575  -5.907188   1.459338  14.056302
 96.949103  64.362800  34.284519  19.123791  11.564907   7.842419   6.089904   5.360626   5.149467   5.163017   5.212304   5.165524   4.929516   4.444512   3.683956   2.654262   1.390269  -0.056927  -1.638584  -3.318136  -5.017176  -6.349312  -5.781574   1.444033  13.814369
 99.255531  65.844635  34.930753  19.294556  11.463356   7.583343   5.741020   4.964482   4.734966   4.751369   4.819998   4.805705   4.612534   4.178050   3.473009   2.501145   1.294821  -0.096791  -1.626009  -3.256581  -4.911371  -6.212048  -5.655961   1.428728  13.572436
101.561959  67.326471  35.576987  19.465320  11.361805   7.324266   5.392136   4.568338   4.320465   4.339722   4.427693   4.445886   4.295551   3.911587   3.262063   2.348027   1.199374  -0.136654  -1.613434  -3.195026  -4.805566  -6.074785  -5.530348   1.413424  13.330503
103.868387  68.808306  36.223221  19.636085  11.260254   7.065190   5.043252   4.172195   3.905964   3.928075   4.035387   4.086068   3.978568   3.645125   3.051116   2.194910   1.103927  -0.176517  -1.600860  -3.133471  -4.699761  -5.937522  -5.404734   1.398119  13.088570
106.174815  70.290142  36.869455  19.806849  11.158703   6.806113   4.694368   3.776051   3.491463   3.516428   3.643082   3.726249   3.661585   3.378663   2.840169   2.041792   1.008480  -0.216381  -1.588285  -3.071917  -4.593956  -5.800258  -5.279121   1.382814  12.846637
108.481243  71.771977  37.515689  19.977614  11.057152   6.547037   4.345484   3.379908   3.076962   3.104781   3.250776   3.366430   3.344602   3.112200   2.629222   1.888675   0.913033  -0.256244  -1.575710  -3.010362  -4.488152  -5.662995  -5.153508   1.367510  12.604704
110.787671  73.253813  38.161924  20.148378  10.955601   6.287960   3.996600   2.983764   2.662461   2.693133   2.858470   3.006612   3.027620   2.845738   2.418276   1.735557   0.817585  -0.296107  -1.563135  -2.948807  -4.382347  -5.525732  -5.027894   1.352205  12.362770
113.094098  74.735648  38.808158  20.319143  10.854051   6.028884   3.647716   2.587620   2.247960   2.281486   2.466165   2.646793   2.710637   2.579276   2.207329   1.582440   0.722138  -0.335971  -1.550560  -2.887253  -4.276542  -5.388468  -4.902281   1.336900  12.120837
115.400526  76.217484  39.454392  20.489907  10.752500   5.769807   3.298832   2.191477   1.833459   1.869839   2.073859   2.286975   2.393654   2.312813   1.996382   1.429322   0.626691  -0.375834  -1.537985  -2.825698  -4.170737  -5.251205  -4.776668   1.321596  11.878904
117.706954  77.699319  40.100626  20.660672  10.650949   5.510730   2.949948   1.795333   1.418958   1.458192   1.681554   1.927156   2.076671   2.046351   1.785435   1.276205   0.531244  -0.415698  -1.525410  -2.764143  -4.064932  -5.113941  -4.651055   1.306291  11.636971
120.013382  79.181155  40.746860  20.831436  10.549398   5.251654   2.601064   1.399189   1.004457   1.046545   1.289248   1.567337   1.759689   1.779888   1.574489   1.123088   0.435796  -0.455561  -1.512835  -2.702588  -3.959127  -4.976678  -4.525441   1.290986  11.395038
122.319810  80.662990  41.393094  21.002201  10.447847   4.992577   2.252181   1.003046   0.589956   0.634897   0.896942   1.207519   1.442706   1.513426   1.363542   0.969970   0.340349  -0.495424  -1.500260  -2.641034  -3.853322  -4.839415  -4.399828   1.275682  11.153105
124.626238  82.144826  42.039328  21.172965  10.346296   4.733501   1.903297   0.606902   0.175455   0.223250   0.504637   0.847700   1.125723   1.246964   1.152595   0.816853   0.244902  -0.535288  -1.487685  -2.579479  -3.747517  -4.702151  -4.274215   1.260377  10.911172
126.932666  83.626661  42.685563  21.343730  10.244745   4.474424   1.554413   0.210759  -0.239046  -0.188397   0.112331   0.487882   0.808740   0.980501   0.941648   0.663735   0.149455  -0.575151  -1.475110  -2.517924  -3.641712  -4.564888  -4.148601   1.245072  10.669238
129.239093  85.108497  43.331797  21.514494  10.143194   4.215348   1.205529  -0.185385  -0.653547  -0.600044  -0.279974   0.128063   0.491758   0.714039   0.730702   0.510618   0.054007  -0.615015  -1.462535  -2.456370  -3.535907  -4.427625  -4.022988   1.229768  10.427305
131.545521  86.590332  43.978031  21.685258  10.041643   3.956271   0.856645  -0.581529  -1.068048  -1.011691  -0.672280  -0.231756   0.174775   0.447577   0.519755   0.357500  -0.041440  -0.654878  -1.449960  -2.394815  -3.430102  -4.290361  -3.897375   1.214463  10.185372
133.851949  88.072168  44.624265  21.856023   9.940092   3.697195   0.507761  -0.977672  -1.482549  -1.423339  -1.064586  -0.591574  -0.142208   0.181114   0.308808   0.204383  -0.136887  -0.694741  -1.437385  -2.333260  -3.324298  -4.153098  -3.771761   1.199158   9.943439
136.158377  89.554003  45.270499  22.026787   9.838541   3.438118   0.158877  -1.373816  -1.897050  -1.834986  -1.456891  -0.951393  -0.459191  -0.085348   0.097861   0.051265  -0.232334  -0.734605  -1.424810  -2.271706  -3.218493  -4.015835  -3.646148   1.183853   9.701506
138.464805  91.035839  45.916733  22.197552   9.736990   3.179042  -0.190007  -1.769960  -2.311551  -2.246633  -1.849197  -1.311212  -0.776174  -0.351811  -0.113085  -0.101852  -0.327781  -0.774468  -1.412235  -2.210151  -3.112688  -3.878571  -3.520535   1.168549   9.459573
140.771233  92.517674  46.562967  22.368316   9.635439   2.919965  -0.538891  -2.166103  -2.726052  -2.658280  -2.241502  -1.671030  -1.093156  -0.618273  -0.324032  -0.254969  -0.423229  -0.814332  -1.399660  -2.148596  -3.006883  -3.741308  -3.394921   1.153244   9.217640
143.077661  93.999510  47.209202  22.539081   9.533888   2.660889  -0.887775  -2.562247  -3.140553  -3.069927  -2.633808  -2.030849  -1.410139  -0.884735  -0.534979  -0.408087  -0.518676  -0.854195  -1.387085  -2.087041  -2.901078  -3.604044  -3.269308   1.137939   8.975706
145.384088  95.481345  47.855436  22.709845   9.432338   2.401812  -1.236659  -2.958390  -3.555054  -3.481575  -3.026114  -2.390667  -1.727122  -1.151198  -0.745926  -0.561204  -0.614123  -0.894058  -1.374510  -2.025487  -2.795273  -3.466781  -3.143695   1.122635   8.733773
147.690516  96.963181  48.501670  22.880610   9.330787   2.142736  -1.585543  -3.354534  -3.969555  -3.893222  -3.418419  -2.750486  -2.044105  -1.417660  -0.956872  -0.714322  -0.709570  -0.933922  -1.361935  -1.963932  -2.689468  -3.329518  -3.018081   1.107330   8.491840
149.996944  98.445016  49.147904  23.051374   9.229236   1.883659  -1.934427  -3.750678  -4.384056  -4.304869  -3.810725  -3.110305  -2.361087  -1.684122  -1.167819  -0.867439  -0.805018  -0.973785  -1.349360  -1.902377  -2.583663  -3.192254  -2.892468   1.092025   8.249907
152.303372  99.926852  49.794138  23.222139   9.127685   1.624583  -2.283310  -4.146821  -4.798557  -4.716516  -4.203030  -3.470123  -2.678070  -1.950585  -1.378766  -1.020557  -0.900465  -1.013648  -1.336785  -1.840823  -2.477858  -3.054991  -2.766855   1.076721   8.007974
154.609800 101.408687  50.440372  23.392903   9.026134   1.365506  -2.632194  -4.542965  -5.213058  -5.128163  -4.595336  -3.829942  -2.995053  -2.217047  -1.589713  -1.173674  -0.995912  -1.053512  -1.324210  -1.779268  -2.372053  -2.917728  -2.641241   1.061416   7.766041
156.916228 102.890523  51.086606  23.563668   8.924583   1.106430  -2.981078  -4.939109  -5.627559  -5.539811  -4.987642  -4.189760  -3.312036  -2.483510  -1.800659  -1.326792  -1.091359  -1.093375  -1.311636  -1.717713  -2.266249  -2.780464  -2.515628   1.046111   7.524108
159.222656 104.372358  51.732841  23.734432   8.823032   0.847353  -3.329962  -5.335252  -6.042060  -5.951458  -5.379947  -4.549579  -3.629018  -2.749972  -2.011606  -1.479909  -1.186806  -1.133239  -1.299061  -1.656158  -2.160444  -2.643201  -2.390015   1.030807   7.282174
161.529083 105.854194  52.379075  23.905196   8.721481   0.588277  -3.678846  -5.731396  -6.456561  -6.363105  -5.772253  -4.909398  -3.946001  -3.016434  -2.222553  -1.633027  -1.282254  -1.173102  -1.286486  -1.594604  -2.054639  -2.505937  -2.264401   1.015502   7.040241
163.835511 107.336029  53.025309  24.075961   8.619930   0.329200  -4.027730  -6.127539  -6.871062  -6.774752  -6.164558  -5.269216  -4.262984  -3.282897  -2.433500  -1.786144  -1.377701  -1.212965  -1.273911  -1.533049  -1.948834  -2.368674  -2.138788   1.000197   6.798308
166.141939 108.817865  53.671543  24.246725   8.518379   0.070123  -4.376614  -6.523683  -7.285563  -7.186399  -6.556864  -5.629035  -4.579967  -3.549359  -2.644446  -1.939261  -1.473148  -1.252829  -1.261336  -1.471494  -1.843029  -2.231411  -2.013175   0.984892   6.556375
168.448367 110.299700  54.317777  24.417490   8.416828  -0.188953  -4.725498  -6.919827  -7.700064  -7.598047  -6.949170  -5.988854  -4.896949  -3.815821  -2.855393  -2.092379  -1.568595  -1.292692  -1.248761  -1.409940  -1.737224  -2.094147  -1.887562   0.969588   6.314442
170.754795 111.781536  54.964011  24.588254   8.315277  -0.448030  -5.074382  -7.315970  -8.114565  -8.009694  -7.341475  -6.348672  -5.213932  -4.082284  -3.066340  -2.245496  -1.664043  -1.332556  -1.236186  -1.348385  -1.631419  -1.956884  -1.761948   0.954283   6.072509
173.061223 113.263372  55.610245  24.759019   8.213726  -0.707106  -5.423266  -7.712114  -8.529066  -8.421341  -7.733781  -6.708491  -5.530915  -4.348746  -3.277287  -2.398614  -1.759490  -1.372419  -1.223611  -1.286830  -1.525614  -1.819621  -1.636335   0.938978   5.830576
175.367651 114.745207  56.256480  24.929783   8.112176  -0.966183  -5.772150  -8.108258  -8.943567  -8.832988  -8.126086  -7.068309  -5.847898  -4.615209  -3.488233  -2.551731  -1.854937  -1.412282  -1.211036  -1.225276  -1.419809  -1.682357  -1.510722   0.923674   5.588642
177.674079 116.227043  56.902714  25.100548   8.010625  -1.225259  -6.121034  -8.504401  -9.358068  -9.244635  -8.518392  -7.428128  -6.164881  -4.881671  -3.699180  -2.704849  -1.950384  -1.452146  -1.198461  -1.163721  -1.314004  -1.545094  -1.385108   0.908369   5.346709
179.980506 117.708878  57.548948  25.271312   7.909074  -1.484336  -6.469917  -8.900545  -9.772569  -9.656283  -8.910698  -7.787947  -6.481863  -5.148133  -3.910127  -2.857966  -2.045832  -1.492009  -1.185886  -1.102166  -1.208199  -1.407830  -1.259495   0.893064   5.104776
182.286934 119.190714  58.195182  25.442077   7.807523  -1.743412  -6.818801  -9.296688 -10.187070 -10.067930  -9.303003  -8.147765  -6.798846  -5.414596  -4.121074  -3.011084  -2.141279  -1.531873  -1.173311  -1.040611  -1.102395  -1.270567  -1.133882   0.877760   4.862843
184.593362 120.672549  58.841416  25.612841   7.705972  -2.002489  -7.167685  -9.692832 -10.601571 -10.479577  -9.695309  -8.507584  -7.115829  -5.681058  -4.332020  -3.164201  -2.236726  -1.571736  -1.160736  -0.979057  -0.996590  -1.133304  -1.008268   0.862455   4.620910
186.899790 122.154385  59.487650  25.783606   7.604421  -2.261565  -7.516569 -10.088976 -11.016072 -10.891224 -10.087614  -8.867402  -7.432812  -5.947520  -4.542967  -3.317318  -2.332173  -1.611599  -1.148161  -0.917502  -0.890785  -0.996040  -0.882655   0.847150   4.378977
189.206218 123.636220  60.133884  25.954370   7.502870  -2.520642  -7.865453 -10.485119 -11.430573 -11.302872 -10.479920  -9.227221  -7.749794  -6.213983  -4.753914  -3.470436  -2.427620  -1.651463  -1.135586  -0.855947  -0.784980  -0.858777  -0.757042   0.831846   4.137044
191.512646 125.118056  60.780119  26.125134   7.401319  -2.779718  -8.214337 -10.881263 -11.845074 -11.714519 -10.872226  -9.587040  -8.066777  -6.480445  -4.964860  -3.623553  -2.523068  -1.691326  -1.123011  -0.794393  -0.679175  -0.721514  -0.631428   0.816541   3.895111
193.819074 126.599891  61.426353  26.295899   7.299768  -3.038795  -8.563221 -11.277407 -12.259575 -12.126166 -11.264531  -9.946858  -8.383760  -6.746908  -5.175807  -3.776671  -2.618515  -1.731189  -1.110436  -0.732838  -0.573370  -0.584250  -0.505815   0.801236   3.653177
196.125501 128.081727  62.072587  26.466663   7.198217  -3.297871  -8.912105 -11.673550 -12.674076 -12.537813 -11.656837 -10.306677  -8.700743  -7.013370  -5.386754  -3.929788  -2.713962  -1.771053  -1.097861  -0.671283  -0.467565  -0.446987  -0.380202   0.785931   3.411244
198.431929 129.563562  62.718821  26.637428   7.096666  -3.556948  -9.260989 -12.069694 -13.088577 -12.949460 -12.049142 -10.666496  -9.017725  -7.279832  -5.597701  -4.082906  -2.809409  -1.810916  -1.085286  -0.609728  -0.361760  -0.309724  -0.254588   0.770627   3.169311
200.738357 131.045398  63.365055  26.808192   6.995115  -3.816024  -9.609873 -12.465837 -13.503078 -13.361108 -12.441448 -11.026314  -9.334708  -7.546295  -5.808647  -4.236023  -2.904857  -1.850780  -1.072711  -0.548174  -0.255955  -0.172460  -0.128975   0.755322   2.927378
203.044785 132.527233  64.011289  26.978957   6.893564  -4.075101  -9.958757 -12.861981 -13.917579 -13.772755 -12.833754 -11.386133  -9.651691  -7.812757  -6.019594  -4.389141  -3.000304  -1.890643  -1.060136  -0.486619  -0.150150  -0.035197  -0.003362   0.740017   2.685445
205.351213 134.009069  64.657523  27.149721   6.792014  -4.334177 -10.307641 -13.258125 -14.332080 -14.184402 -13.226059 -11.745951  -9.968674  -8.079219  -6.230541  -4.542258  -3.095751  -1.930506  -1.047561  -0.425064  -0.044346   0.102067   0.122252   0.724713   2.443512
207.657641 135.490904  65.303758  27.320486   6.690463  -4.593254 -10.656525 -13.654268 -14.746581 -14.596049 -13.618365 -12.105770 -10.285657  -8.345682  -6.441488  -4.695376  -3.191198  -1.970370  -1.034986  -0.363510   0.061459   0.239330   0.247865   0.709408   2.201579
209.964069 136.972740  65.949992  27.491250   6.588912  -4.852330 -11.005408 -14.050412 -15.161082 -15.007696 -14.010670 -12.465589 -10.602639  -8.612144  -6.652434  -4.848493  -3.286646  -2.010233  -1.022411  -0.301955   0.167264   0.376593   0.373478   0.694103   1.959645
212.270496 138.454575  66.596226  27.662015   6.487361  -5.111407 -11.354292 -14.446556 -15.575583 -15.419344 -14.402976 -12.825407 -10.919622  -8.878607  -6.863381  -5.001610  -3.382093  -2.050097  -1.009837  -0.240400   0.273069   0.513857   0.499092   0.678799   1.717712
214.576924 139.936411  67.242460  27.832779   6.385810  -5.370484 -11.703176 -14.842699 -15.990084 -15.830991 -14.795282 -13.185226 -11.236605  -9.145069  -7.074328  -5.154728  -3.477540  -2.089960  -0.997262  -0.178846   0.378874   0.651120   0.624705   0.663494   1.475779
216.883352 141.418246  67.888694  28.003544   6.284259  -5.629560 -12.052060 -15.238843 -16.404585 -16.242638 -15.187587 -13.545045 -11.553588  -9.411531  -7.285275  -5.307845  -3.572987  -2.129823  -0.984687  -0.117291   0.484679   0.788383   0.750318   0.648189   1.233846
219.189780 142.900082  68.534928  28.174308   6.182708  -5.888637 -12.400944 -15.634986 -16.819086 -16.654285 -15.579893 -13.904863 -11.870570  -9.677994  -7.496221  -5.460963  -3.668434  -2.169687  -0.972112  -0.055736   0.590484   0.925647   0.875932   0.632885   0.991913
221.496208 144.381917  69.181162  28.345072   6.081157  -6.147713 -12.749828 -16.031130 -17.233587 -17.065932 -15.972198 -14.264682 -12.187553  -9.944456  -7.707168  -5.614080  -3.763882  -2.209550  -0.959537   0.005819   0.696289   1.062910   1.001545   0.617580   0.749980
223.802636 145.863753  69.827397  28.515837   5.979606  -6.406790 -13.098712 -16.427274 -17.648088 -17.477580 -16.364504 -14.624500 -12.504536 -10.210918  -7.918115  -5.767198  -3.859329  -2.249414  -0.946962   0.067373   0.802094   1.200174   1.127158   0.602275   0.508047
226.109064 147.345588  70.473631  28.686601   5.878055  -6.665866 -13.447596 -16.823417 -18.062589 -17.889227 -16.756810 -14.984319 -12.821519 -10.477381  -8.129062  -5.920315  -3.954776  -2.289277  -0.934387   0.128928   0.907899   1.337437   1.252771   0.586970   0.266113
228.415491 148.827424  71.119865  28.857366   5.776504  -6.924943 -13.796480 -17.219561 -18.477090 -18.300874 -17.149115 -15.344138 -13.138501 -10.743843  -8.340008  -6.073433  -4.050223  -2.329140  -0.921812   0.190483   1.013704   1.474700   1.378385   0.571666   0.024180