 0.199620
 2.622783
 4.888444
 6.691249
 8.213751
 9.707181
11.028949
11.887788
12.481243
13.082787
13.639610
13.957044
14.102570
14.245106
14.374703
14.376763
14.266473
14.147358
14.026612
13.838967
13.579117
13.308859
13.040368
12.738311
12.391736
12.035578
11.681501
11.312401
10.918649
10.517691
10.118063
 9.713716
 9.299597
 8.881857
 8.464518
 8.047931
 7.632997
 7.219076
 6.804889
 6.393937
 5.993303
 5.599166
 5.204626
 4.813902
 4.439658
 4.077909
 3.716320
 3.357961
 3.019828
 2.700222
 2.382112
 2.066034
 1.771626
 1.501215
 1.234380
 0.968205
 0.723097
 0.506269
 0.295689
 0.084570
-0.107711
-0.269123
-0.421306
-0.574810
-0.712756
-0.819183
-0.913437
-1.009268
-1.093218
-1.146789
-1.185593
-1.225712
-1.257443
-1.261195
-1.248071
-1.235550
-1.217586
-1.174695
-1.113280
-1.051318
-0.986220
-0.900010
-0.794563
-0.686849
-0.577683
-0.454168
-0.314902
-0.171248
-0.026685
 0.116268
 0.255440
 0.398411
 0.544354
 0.648872
 0.674380
 0.667842
 0.650597
 0.554169
 0.328323
 0.056404