 0.000000
 4.910326
 8.411350
10.853003
12.495577
13.533066
14.110448
14.336473
14.293127
14.042628
13.632598
13.099881
12.473363
11.776041
11.026551
10.240280
 9.430181
 8.607362
 7.781511
 6.961192
 6.154059
 5.366991
 4.606192
 3.877238
 3.185111
 2.534212
 1.928356
 1.370767
 0.864073
 0.410293
 0.010845
-0.333445
-0.622318
-0.856036
-1.035316
-1.161249
-1.235193
-1.258664
-1.233225
-1.160425
-1.041817
-0.879152
-0.674876
-0.433106
-0.161393
 0.126330
 0.404995
 0.630999
 0.730900
 0.584515
-0.000023