 -52.472510  -52.472510  -52.472510  -52.472510
 -53.540368  -53.540368  -53.540368  -53.540368
 -54.608226  -54.608226  -54.608226  -54.608226
 -55.676083  -55.676083  -55.676083  -55.676083
 -56.743941  -56.743941  -56.743941  -56.743941
 -57.811799  -57.811799  -57.811799  -57.811799
 -58.879657  -58.879657  -58.879657  -58.879657
 -59.947514  -59.947514  -59.947514  -59.947514
 -61.015372  -61.015372  -61.015372  -61.015372
 -62.083230  -62.083230  -62.083230  -62.083230
 -63.151087  -63.151087  -63.151087  -63.151087
 -64.218945  -64.218945  -64.218945  -64.218945
 -65.286803  -65.286803  -65.286803  -65.286803
 -66.354661  -66.354661  -66.354661  -66.354661
 -67.422518  -67.422518  -67.422518  -67.422518
 -68.490376  -68.490376  -68.490376  -68.490376
 -69.558234  -69.558234  -69.558234  -69.558234
 -70.626092  -70.626092  -70.626092  -70.626092
 -71.693949  -71.693949  -71.693949  -71.693949
 -72.761807  -72.761807  -72.761807  -72.761807
 -73.829665  -73.829665  -73.829665  -73.829665
 -74.897522  -74.897522  -74.897522  -74.897522
 -75.965380  -75.965380  -75.965380  -75.965380
 -77.033238  -77.033238  -77.033238  -77.033238
 -78.101096  -78.101096  -78.101096  -78.101096
 -79.168953  -79.168953  -79.168953  -79.168953
 -80.236811  -80.236811  -80.236811  -80.236811
 -81.304669  -81.304669  -81.304669  -81.304669
 -82.372526  -82.372526  -82.372526  -82.372526
 -83.440384  -83.440384  -83.440384  -83.440384
 -84.508242  -84.508242  -84.508242  -84.508242
 -85.576100  -85.576100  -85.576100  -85.576100
 -86.643957  -86.643957  -86.643957  -86.643957
 -87.711815  -87.711815  -87.711815  -87.711815
 -88.779673  -88.779673  -88.779673  -88.779673
 -89.847531  -89.847531  -89.847531  -89.847531
 -90.915388  -90.915388  -90.915388  -90.915388
 -91.983246  -91.983246  -91.983246  -91.983246
 -93.051104  -93.051104  -93.051104  -93.051104
 -94.118961  -94.118961  -94.118961  -94.118961
 -95.186819  -95.186819  -95.186819  -95.186819
 -96.254677  -96.254677  -96.254677  -96.254677
 -97.322535  -97.322535  -97.322535  -97.322535
 -98.390392  -98.390392  -98.390392  -98.390392
 -99.458250  -99.458250  -99.458250  -99.458250
-100.526108 -100.526108 -100.526108 -100.526108
-101.593966 -101.593966 -101.593966 -101.593966
-102.661823 -102.661823 -102.661823 -102.661823
-103.729681 -103.729681 -103.729681 -103.729681
-104.797539 -104.797539 -104.797539 -104.797539
-105.865396 -105.865396 -105.865396 -105.865396
-106.933254 -106.933254 -106.933254 -106.933254
-108.001112 -108.001112 -108.001112 -108.001112
-109.068970 -109.068970 -109.068970 -109.068970
-110.136827 -110.136827 -110.136827 -110.136827
-111.204685 -111.204685 -111.204685 -111.204685
-112.272543 -112.272543 -112.272543 -112.272543
-113.340401 -113.340401 -113.340401 -113.340401
-114.408258 -114.408258 -114.408258 -114.408258
-115.476116 -115.476116 -115.476116 -115.476116
-116.543974 -116.543974 -116.543974 -116.543974
-117.611831 -117.611831 -117.611831 -117.611831
-118.679689 -118.679689 -118.679689 -118.679689
-119.747547 -119.747547 -119.747547 -119.747547
-120.815405 -120.815405 -120.815405 -120.815405
-121.883262 -121.883262 -121.883262 -121.883262
-122.951120 -122.951120 -122.951120 -122.951120
-124.018978 -124.018978 -124.018978 -124.018978
-125.086836 -125.086836 -125.086836 -125.086836
-126.154693 -126.154693 -126.154693 -126.154693
-127.222551 -127.222551 -127.222551 -127.222551
-128.290409 -128.290409 -128.290409 -128.290409
-129.358266 -129.358266 -129.358266 -129.358266
-130.426124 -130.426124 -130.426124 -130.426124
-131.493982 -131.493982 -131.493982 -131.493982
-132.561840 -132.561840 -132.561840 -132.561840
-133.629697 -133.629697 -133.629697 -133.629697
-134.697555 -134.697555 -134.697555 -134.697555
-135.765413 -135.765413 -135.765413 -135.765413
-136.833271 -136.833271 -136.833271 -136.833271
-137.901128 -137.901128 -137.901128 -137.901128
-138.968986 -138.968986 -138.968986 -138.968986
-140.036844 -140.036844 -140.036844 -140.036844
-141.104701 -141.104701 -141.104701 -141.104701
-142.172559 -142.172559 -142.172559 -142.172559
-143.240417 -143.240417 -143.240417 -143.240417
-144.308275 -144.308275 -144.308275 -144.308275
-145.376132 -145.376132 -145.376132 -145.376132
-146.443990 -146.443990 -146.443990 -146.443990
-147.511848 -147.511848 -147.511848 -147.511848
-148.579706 -148.579706 -148.579706 -148.579706
-149.647563 -149.647563 -149.647563 -149.647563
-150.715421 -150.715421 -150.715421 -150.715421
-151.783279 -151.783279 -151.783279 -151.783279
-152.851136 -152.851136 -152.851136 -152.851136
-153.918994 -153.918994 -153.918994 -153.918994
-154.986852 -154.986852 -154.986852 -154.986852
-156.054710 -156.054710 -156.054710 -156.054710
-157.122567 -157.122567 -157.122567 -157.122567
-158.190425 -158.190425 -158.190425 -158.190425