   0.353860    9.365043   29.614618   43.126744   43.183886   27.757113   -1.606165  -39.535295  -76.122687  -96.022252  -77.379253    8.594707   60.334295    0.424003   -0.130247   -0.074818   -0.042970   -0.024731   -0.014309   -0.008357   -0.004954   -0.002999   -0.001867   -0.001205   -0.000916
   5.884693   11.253549   28.099175   40.246703   40.275254   25.668162   -2.405119  -38.919222  -74.319840  -93.644282  -75.466136    8.536065   59.147422    0.415741   -0.128228   -0.073730   -0.042382   -0.024411   -0.014133   -0.008260   -0.004899   -0.002968   -0.001848   -0.001194   -0.000907
  11.415526   13.142055   26.583733   37.366662   37.366623   23.579211   -3.204074  -38.303148  -72.516993  -91.266312  -73.553020    8.477423   57.960550    0.407478   -0.126209   -0.072641   -0.041793   -0.024091   -0.013958   -0.008163   -0.004845   -0.002936   -0.001830   -0.001182   -0.000899
  16.946359   15.030561   25.068290   34.486621   34.457991   21.490260   -4.003028  -37.687075  -70.714146  -88.888342  -71.639904    8.418781   56.773677    0.399216   -0.124191   -0.071553   -0.041204   -0.023771   -0.013783   -0.008066   -0.004790   -0.002905   -0.001812   -0.001171   -0.000891
  22.477192   16.919067   23.552848   31.606579   31.549359   19.401309   -4.801982  -37.071001  -68.911299  -86.510372  -69.726788    8.360139   55.586805    0.390954   -0.122172   -0.070464   -0.040616   -0.023451   -0.013608   -0.007970   -0.004736   -0.002874   -0.001793   -0.001160   -0.000882
  28.008025   18.807574   22.037406   28.726538   28.640728   17.312358   -5.600936  -36.454928  -67.108452  -84.132402  -67.813672    8.301497   54.399932    0.382692   -0.120154   -0.069376   -0.040027   -0.023132   -0.013433   -0.007873   -0.004681   -0.002843   -0.001775   -0.001148   -0.000874
  33.538858   20.696080   20.521963   25.846497   25.732096   15.223406   -6.399890  -35.838855  -65.305605  -81.754432  -65.900555    8.242855   53.213060    0.374429   -0.118135   -0.068287   -0.039438   -0.022812   -0.013258   -0.007776   -0.004627   -0.002811   -0.001756   -0.001137   -0.000866
  39.069691   22.584586   19.006521   22.966456   22.823465   13.134455   -7.198844  -35.222781  -63.502758  -79.376462  -63.987439    8.184213   52.026187    0.366167   -0.116116   -0.067199   -0.038849   -0.022492   -0.013083   -0.007679   -0.004573   -0.002780   -0.001738   -0.001126   -0.000857
  44.600524   24.473092   17.491079   20.086414   19.914833   11.045504   -7.997798  -34.606708  -61.699912  -76.998492  -62.074323    8.125571   50.839315    0.357905   -0.114098   -0.066110   -0.038261   -0.022172   -0.012908   -0.007582   -0.004518   -0.002749   -0.001719   -0.001114   -0.000849
  50.131357   26.361598   15.975636   17.206373   17.006201    8.956553   -8.796752  -33.990634  -59.897065  -74.620521  -60.161207    8.066930   49.652442    0.349642   -0.112079   -0.065022   -0.037672   -0.021852   -0.012733   -0.007485   -0.004464   -0.002718   -0.001701   -0.001103   -0.000841
  55.662190   28.250104   14.460194   14.326332   14.097570    6.867602   -9.595706  -33.374561  -58.094218  -72.242551  -58.248091    8.008288   48.465570    0.341380   -0.110061   -0.063933   -0.037083   -0.021532   -0.012558   -0.007389   -0.004409   -0.002686   -0.001682   -0.001092   -0.000832
  61.193023   30.138611   12.944752   11.446291   11.188938    4.778651  -10.394660  -32.758487  -56.291371  -69.864581  -56.334975    7.949646   47.278697    0.333118   -0.108042   -0.062845   -0.036495   -0.021213   -0.012383   -0.007292   -0.004355   -0.002655   -0.001664   -0.001080   -0.000824
  66.723856   32.027117   11.429309    8.566249    8.280307    2.689699  -11.193614  -32.142414  -54.488524  -67.486611  -54.421858    7.891004   46.091825    0.324855   -0.106024   -0.061756   -0.035906   -0.020893   -0.012208   -0.007195   -0.004300   -0.002624   -0.001645   -0.001069   -0.000816
  72.254689   33.915623    9.913867    5.686208    5.371675    0.600748  -11.992568  -31.526340  -52.685677  -65.108641  -52.508742    7.832362   44.904952    0.316593   -0.104005   -0.060668   -0.035317   -0.020573   -0.012033   -0.007098   -0.004246   -0.002592   -0.001627   -0.001058   -0.000807
  77.785522   35.804129    8.398425    2.806167    2.463044   -1.488203  -12.791522  -30.910267  -50.882830  -62.730671  -50.595626    7.773720   43.718080    0.308331   -0.101986   -0.059579   -0.034729   -0.020253   -0.011858   -0.007001   -0.004192   -0.002561   -0.001608   -0.001046   -0.000799
  83.316355   37.692635    6.882982   -0.073874   -0.445588   -3.577154  -13.590476  -30.294194  -49.079983  -60.352701  -48.682510    7.715078   42.531207    0.300069   -0.099968   -0.058491   -0.034140   -0.019933   -0.011683   -0.006904   -0.004137   -0.002530   -0.001590   -0.001035   -0.000791
  88.847188   39.581142    5.367540   -2.953916   -3.354220   -5.666105  -14.389430  -29.678120  -47.277136  -57.974731  -46.769394    7.656436   41.344334    0.291806   -0.097949   -0.057402   -0.033551   -0.019613   -0.011508   -0.006807   -0.004083   -0.002499   -0.001571   -0.001024   -0.000782
  94.378021   41.469648    3.852098   -5.833957   -6.262851   -7.755057  -15.188384  -29.062047  -45.474289  -55.596761  -44.856278    7.597794   40.157462    0.283544   -0.095931   -0.056314   -0.032963   -0.019293   -0.011333   -0.006711   -0.004028   -0.002467   -0.001553   -0.001012   -0.000774
  99.908853   43.358154    2.336655   -8.713998   -9.171483   -9.844008  -15.987338  -28.445973  -43.671442  -53.218791  -42.943161    7.539152   38.970589    0.275282   -0.093912   -0.055225   -0.032374   -0.018974   -0.011158   -0.006614   -0.003974   -0.002436   -0.001534   -0.001001   -0.000766
 105.439686   45.246660    0.821213  -11.594039  -12.080114  -11.932959  -16.786292  -27.829900  -41.868595  -50.840821  -41.030045    7.480510   37.783717    0.267019   -0.091894   -0.054136   -0.031785   -0.018654   -0.010983   -0.006517   -0.003919   -0.002405   -0.001516   -0.000990   -0.000757
 110.970519   47.135166   -0.694230  -14.474081  -14.988746  -14.021910  -17.585246  -27.213826  -40.065748  -48.462851  -39.116929    7.421868   36.596844    0.258757   -0.089875   -0.053048   -0.031196   -0.018334   -0.010807   -0.006420   -0.003865   -0.002374   -0.001497   -0.000978   -0.000749
 116.501352   49.023673   -2.209672  -17.354122  -17.897377  -16.110861  -18.384200  -26.597753  -38.262901  -46.084881  -37.203813    7.363226   35.409972    0.250495   -0.087856   -0.051959   -0.030608   -0.018014   -0.010632   -0.006323   -0.003810   -0.002342   -0.001479   -0.000967   -0.000741
 122.032185   50.912179   -3.725114  -20.234163  -20.806009  -18.199812  -19.183154  -25.981679  -36.460054  -43.706911  -35.290697    7.304584   34.223099    0.242233   -0.085838   -0.050871   -0.030019   -0.017694   -0.010457   -0.006226   -0.003756   -0.002311   -0.001460   -0.000956   -0.000732
 127.563018   52.800685   -5.240557  -23.114204  -23.714641  -20.288764  -19.982108  -25.365606  -34.657207  -41.328941  -33.377580    7.245942   33.036227    0.233970   -0.083819   -0.049782   -0.029430   -0.017374   -0.010282   -0.006129   -0.003702   -0.002280   -0.001442   -0.000944   -0.000724
 133.093851   54.689191   -6.755999  -25.994246  -26.623272  -22.377715  -20.781062  -24.749532  -32.854360  -38.950971  -31.464464    7.187300   31.849354    0.225708   -0.081801   -0.048694   -0.028842   -0.017054   -0.010107   -0.006033   -0.003647   -0.002248   -0.001423   -0.000933   -0.000716
 138.624684   56.577697   -8.271441  -28.874287  -29.531904  -24.466666  -21.580016  -24.133459  -31.051513  -36.573001  -29.551348    7.128658   30.662482    0.217446   -0.079782   -0.047605   -0.028253   -0.016735   -0.009932   -0.005936   -0.003593   -0.002217   -0.001405   -0.000922   -0.000707
 144.155517   58.466203   -9.786884  -31.754328  -32.440535  -26.555617  -22.378970  -23.517386  -29.248666  -34.195031  -27.638232    7.070016   29.475609    0.209183   -0.077763   -0.046517   -0.027664   -0.016415   -0.009757   -0.005839   -0.003538   -0.002186   -0.001386   -0.000910   -0.000699
 149.686350   60.354710  -11.302326  -34.634369  -35.349167  -28.644568  -23.177924  -22.901312  -27.445819  -31.817061  -25.725116    7.011374   28.288737    0.200921   -0.075745   -0.045428   -0.027076   -0.016095   -0.009582   -0.005742   -0.003484   -0.002155   -0.001368   -0.000899   -0.000691
 155.217183   62.243216  -12.817768  -37.514411  -38.257798  -30.733519  -23.976878  -22.285239  -25.642972  -29.439091  -23.812000    6.952733   27.101864    0.192659   -0.073726   -0.044340   -0.026487   -0.015775   -0.009407   -0.005645   -0.003429   -0.002123   -0.001349   -0.000888   -0.000682
 160.748016   64.131722  -14.333211  -40.394452  -41.166430  -32.822471  -24.775832  -21.669165  -23.840125  -27.061121  -21.898883    6.894091   25.914992    0.184396   -0.071708   -0.043251   -0.025898   -0.015455   -0.009232   -0.005548   -0.003375   -0.002092   -0.001331   -0.000876   -0.000674
 166.278849   66.020228  -15.848653  -43.274493  -44.075062  -34.911422  -25.574786  -21.053092  -22.037279  -24.683151  -19.985767    6.835449   24.728119    0.176134   -0.069689   -0.042163   -0.025310   -0.015135   -0.009057   -0.005451   -0.003320   -0.002061   -0.001313   -0.000865   -0.000666
 171.809682   67.908734  -17.364095  -46.154534  -46.983693  -37.000373  -26.373740  -20.437018  -20.234432  -22.305181  -18.072651    6.776807   23.541247    0.167872   -0.067671   -0.041074   -0.024721   -0.014815   -0.008882   -0.005355   -0.003266   -0.002030   -0.001294   -0.000854   -0.000657
 177.340515   69.797241  -18.879538  -49.034575  -49.892325  -39.089324  -27.172694  -19.820945  -18.431585  -19.927211  -16.159535    6.718165   22.354374    0.159610   -0.065652   -0.039986   -0.024132   -0.014496   -0.008707   -0.005258   -0.003212   -0.001998   -0.001276   -0.000842   -0.000649
 182.871348   71.685747  -20.394980  -51.914617  -52.800956  -41.178275  -27.971648  -19.204871  -16.628738  -17.549241  -14.246419    6.659523   21.167502    0.151347   -0.063633   -0.038897   -0.023543   -0.014176   -0.008532   -0.005161   -0.003157   -0.001967   -0.001257   -0.000831   -0.000641
 188.402181   73.574253  -21.910423  -54.794658  -55.709588  -43.267226  -28.770602  -18.588798  -14.825891  -15.171271  -12.333302    6.600881   19.980629    0.143085   -0.061615   -0.037809   -0.022955   -0.013856   -0.008357   -0.005064   -0.003103   -0.001936   -0.001239   -0.000820   -0.000632
 193.933014   75.462759  -23.425865  -57.674699  -58.618219  -45.356178  -29.569556  -17.972724  -13.023044  -12.793301  -10.420186    6.542239   18.793757    0.134823   -0.059596   -0.036720   -0.022366   -0.013536   -0.008182   -0.004967   -0.003048   -0.001904   -0.001220   -0.000808   -0.000624
 199.463847   77.351265  -24.941307  -60.554740  -61.526851  -47.445129  -30.368510  -17.356651  -11.220197  -10.415331   -8.507070    6.483597   17.606884    0.126560   -0.057578   -0.035632   -0.021777   -0.013216   -0.008007   -0.004870   -0.002994   -0.001873   -0.001202   -0.000797   -0.000616
 204.994680   79.239771  -26.456750  -63.434782  -64.435483  -49.534080  -31.167464  -16.740578   -9.417350   -8.037361   -6.593954    6.424955   16.420012    0.118298   -0.055559   -0.034543   -0.021189   -0.012896   -0.007832   -0.004773   -0.002939   -0.001842   -0.001183   -0.000786   -0.000607
 210.525512   81.128278  -27.972192  -66.314823  -67.344114  -51.623031  -31.966418  -16.124504   -7.614503   -5.659391   -4.680838    6.366313   15.233139    0.110036   -0.053540   -0.033455   -0.020600   -0.012576   -0.007657   -0.004677   -0.002885   -0.001811   -0.001165   -0.000774   -0.000599
 216.056345   83.016784  -29.487634  -69.194864  -70.252746  -53.711982  -32.765372  -15.508431   -5.811656   -3.281421   -2.767722    6.307671   14.046267    0.101773   -0.051522   -0.032366   -0.020011   -0.012257   -0.007482   -0.004580   -0.002831   -0.001779   -0.001146   -0.000763   -0.000591
 221.587178   84.905290  -31.003077  -72.074905  -73.161377  -55.800933  -33.564326  -14.892357   -4.008809   -0.903451   -0.854605    6.249029   12.859394    0.093511   -0.049503   -0.031278   -0.019423   -0.011937   -0.007306   -0.004483   -0.002776   -0.001748   -0.001128   -0.000752   -0.000582
 227.118011   86.793796  -32.518519  -74.954947  -76.070009  -57.889885  -34.363280  -14.276284   -2.205962    1.474519    1.058511    6.190387   11.672522    0.085249   -0.047485   -0.030189   -0.018834   -0.011617   -0.007131   -0.004386   -0.002722   -0.001717   -0.001109   -0.000740   -0.000574
 232.648844   88.682302  -34.033961  -77.834988  -78.978640  -59.978836  -35.162234  -13.660210   -0.403115    3.852489    2.971627    6.131745   10.485649    0.076987   -0.045466   -0.029101   -0.018245   -0.011297   -0.006956   -0.004289   -0.002667   -0.001686   -0.001091   -0.000729   -0.000566
 238.179677   90.570809  -35.549404  -80.715029  -81.887272  -62.067787  -35.961188  -13.044137    1.399732    6.230459    4.884743    6.073103    9.298777    0.068724   -0.043448   -0.028012   -0.017656   -0.010977   -0.006781   -0.004192   -0.002613   -0.001654   -0.001072   -0.000718   -0.000557
 243.710510   92.459315  -37.064846  -83.595070  -84.795904  -64.156738  -36.760142  -12.428063    3.202579    8.608429    6.797859    6.014461    8.111904    0.060462   -0.041429   -0.026924   -0.017068   -0.010657   -0.006606   -0.004096   -0.002558   -0.001623   -0.001054   -0.000706   -0.000549
 249.241343   94.347821  -38.580288  -86.475112  -87.704535  -66.245689  -37.559096  -11.811990    5.005426   10.986399    8.710975    5.955819    6.925032    0.052200   -0.039410   -0.025835   -0.016479   -0.010337   -0.006431   -0.003999   -0.002504   -0.001592   -0.001035   -0.000695   -0.000541
 254.772176   96.236327  -40.095731  -89.355153  -90.613167  -68.334641  -38.358050  -11.195916    6.808273   13.364369   10.624092    5.897177    5.738159    0.043937   -0.037392   -0.024747   -0.015890   -0.010018   -0.006256   -0.003902   -0.002449   -0.001560   -0.001017   -0.000684   -0.000532
 260.303009   98.124833  -41.611173  -92.235194  -93.521798  -70.423592  -39.157004  -10.579843    8.611120   15.742339   12.537208    5.838536    4.551287    0.035675   -0.035373   -0.023658   -0.015302   -0.009698   -0.006081   -0.003805   -0.002395   -0.001529   -0.000998   -0.000672   -0.000524
 265.833842  100.013340  -43.126615  -95.115235  -96.430430  -72.512543  -39.955958   -9.963770   10.413967   18.120309   14.450324    5.779894    3.364414    0.027413   -0.033355   -0.022570   -0.014713   -0.009378   -0.005906   -0.003708   -0.002341   -0.001498   -0.000980   -0.000661   -0.000516
 271.364675  101.901846  -44.642058  -97.995277  -99.339061  -74.601494  -40.754912   -9.347696   12.216814   20.498279   16.363440    5.721252    2.177542    0.019150   -0.031336   -0.021481   -0.014124   -0.009058   -0.005731   -0.003611   -0.002286   -0.001467   -0.000961   -0.000650   -0.000507
 276.895508  103.790352  -46.157500 -100.875318 -102.247693  -76.690445  -41.553866   -8.731623   14.019661   22.876249   18.276556    5.662610    0.990669    0.010888   -0.029318   -0.020393   -0.013536   -0.008738   -0.005556   -0.003514   -0.002232   -0.001435   -0.000943   -0.000638   -0.000499
 282.426341  105.678858  -47.672943 -103.755359 -105.156325  -78.779396  -42.352820   -8.115549   15.822508   25.254219   20.189673    5.603968   -0.196203    0.002626   -0.027299   -0.019304   -0.012947   -0.008418   -0.005381   -0.003418   -0.002177   -0.001404   -0.000924   -0.000627   -0.000491
 287.957174  107.567364  -49.188385 -106.635400 -108.064956  -80.868348  -43.151774   -7.499476   17.625354   27.632189   22.102789    5.545326   -1.383076   -0.005636   -0.025280   -0.018216   -0.012358   -0.008098   -0.005206   -0.003321   -0.002123   -0.001373   -0.000906   -0.000616   -0.000482
 293.488007  109.455870  -50.703827 -109.515442 -110.973588  -82.957299  -43.950729   -6.883402   19.428201   30.010159   24.015905    5.486684   -2.569948   -0.013899   -0.023262   -0.017127   -0.011770   -0.007779   -0.005031   -0.003224   -0.002068   -0.001342   -0.000887   -0.000604   -0.000474
 299.018840  111.344377  -52.219270 -112.395483 -113.882219  -85.046250  -44.749683   -6.267329   21.231048   32.388129   25.929021    5.428042   -3.756821   -0.022161   -0.021243   -0.016039   -0.011181   -0.007459   -0.004856   -0.003127   -0.002014   -0.001310   -0.000869   -0.000593   -0.000466
 304.549673  113.232883  -53.734712 -115.275524 -116.790851  -87.135201  -45.548637   -5.651255   23.033895   34.766099   27.842137    5.369400   -4.943693   -0.030423   -0.019225   -0.014950   -0.010592   -0.007139   -0.004681   -0.003030   -0.001960   -0.001279   -0.000851   -0.000582   -0.000457
 310.080506  115.121389  -55.250154 -118.155565 -119.699482  -89.224152  -46.347591   -5.035182   24.836742   37.144069   29.755253    5.310758   -6.130566   -0.038686   -0.017206   -0.013862   -0.010003   -0.006819   -0.004506   -0.002933   -0.001905   -0.001248   -0.000832   -0.000570   -0.000449
 315.611339  117.009895  -56.765597 -121.035607 -122.608114  -91.313103  -47.146545   -4.419109   26.639589   39.522039   31.668370    5.252116   -7.317438   -0.046948   -0.015187   -0.012773   -0.009415   -0.006499   -0.004331   -0.002836   -0.001851   -0.001216   -0.000814   -0.000559   -0.000441
 321.142171  118.898401  -58.281039 -123.915648 -125.516746  -93.402055  -47.945499   -3.803035   28.442436   41.900009   33.581486    5.193474   -8.504311   -0.055210   -0.013169   -0.011684   -0.008826   -0.006179   -0.004156   -0.002740   -0.001796   -0.001185   -0.000795   -0.000548   -0.000432
 326.673004  120.786908  -59.796481 -126.795689 -128.425377  -95.491006  -48.744453   -3.186962   30.245283   44.277979   35.494602    5.134832   -9.691183   -0.063473   -0.011150   -0.010596   -0.008237   -0.005859   -0.003981   -0.002643   -0.001742   -0.001154   -0.000777   -0.000536   -0.000424
 332.203837  122.675414  -61.311924 -129.675730 -131.334009  -97.579957  -49.543407   -2.570888   32.048130   46.655949   37.407718    5.076190  -10.878056   -0.071735   -0.009132   -0.009507   -0.007649   -0.005540   -0.003805   -0.002546   -0.001687   -0.001123   -0.000758   -0.000525   -0.000416
 337.734670  124.563920  -62.827366 -132.555772 -134.242640  -99.668908  -50.342361   -1.954815   33.850977   49.033919   39.320834    5.017548  -12.064928   -0.079997   -0.007113   -0.008419   -0.007060   -0.005220   -0.003630   -0.002449   -0.001633   -0.001091   -0.000740   -0.000514   -0.000407
 343.265503  126.452426  -64.342808 -135.435813 -137.151272 -101.757859  -51.141315   -1.338741   35.653824   51.411889   41.233950    4.958906  -13.251801   -0.088259   -0.005095   -0.007330   -0.006471   -0.004900   -0.003455   -0.002352   -0.001578   -0.001060   -0.000721   -0.000502   -0.000399
 348.796336  128.340932  -65.858251 -138.315854 -140.059904 -103.846810  -51.940269   -0.722668   37.456671   53.789859   43.147067    4.900264  -14.438673   -0.096522   -0.003076   -0.006242   -0.005883   -0.004580   -0.003280   -0.002255   -0.001524   -0.001029   -0.000703   -0.000491   -0.000391
 354.327169  130.229438  -67.373693 -141.195895 -142.968535 -105.935762  -52.739223   -0.106594   39.259518   56.167829   45.060183    4.841622  -15.625546   -0.104784   -0.001057   -0.005153   -0.005294   -0.004260   -0.003105   -0.002158   -0.001470   -0.000998   -0.000684   -0.000480   -0.000382
 359.858002  132.117945  -68.889135 -144.075937 -145.877167 -108.024713  -53.538177    0.509479   41.062365   58.545799   46.973299    4.782980  -16.812418   -0.113046    0.000961   -0.004065   -0.004705   -0.003940   -0.002930   -0.002062   -0.001415   -0.000966   -0.000666   -0.000468   -0.000374
 365.388835  134.006451  -70.404578 -146.955978 -148.785798 -110.113664  -54.337131    1.125553   42.865212   60.923769   48.886415    4.724339  -17.999291   -0.121309    0.002980   -0.002976   -0.004117   -0.003620   -0.002755   -0.001965   -0.001361   -0.000935   -0.000647   -0.000457   -0.000366
 370.919668  135.894957  -71.920020 -149.836019 -151.694430 -112.202615  -55.136085    1.741626   44.668059   63.301739   50.799531    4.665697  -19.186163   -0.129571    0.004998   -0.001888   -0.003528   -0.003301   -0.002580   -0.001868   -0.001306   -0.000904   -0.000629   -0.000446   -0.000357
 376.450501  137.783463  -73.435463 -152.716060 -154.603061 -114.291566  -55.935039    2.357699   46.470906   65.679709   52.712648    4.607055  -20.373036   -0.137833    0.007017   -0.000799   -0.002939   -0.002981   -0.002405   -0.001771   -0.001252   -0.000873   -0.000610   -0.000434   -0.000349
 381.981334  139.671969  -74.950905 -155.596102 -157.511693 -116.380518  -56.733993    2.973773   48.273753   68.057679   54.625764    4.548413  -21.559908   -0.146095    0.009036    0.000289   -0.002350   -0.002661   -0.002230   -0.001674   -0.001197   -0.000841   -0.000592   -0.000423   -0.000341
 387.512167  141.560476  -76.466347 -158.476143 -160.420325 -118.469469  -57.532947    3.589846   50.076600   70.435649   56.538880    4.489771  -22.746781   -0.154358    0.011054    0.001378   -0.001762   -0.002341   -0.002055   -0.001577   -0.001143   -0.000810   -0.000573   -0.000412   -0.000332
 393.043000  143.448982  -77.981790 -161.356184 -163.328956 -120.558420  -58.331901    4.205920   51.879447   72.813619   58.451996    4.431129  -23.933653   -0.162620    0.013073    0.002466   -0.001173   -0.002021   -0.001880   -0.001480   -0.001089   -0.000779   -0.000555   -0.000400   -0.000324
 398.573833  145.337488  -79.497232 -164.236225 -166.237588 -122.647371  -59.130855    4.821993   53.682294   75.191589   60.365112    4.372487  -25.120526   -0.170882    0.015091    0.003555   -0.000584   -0.001701   -0.001705   -0.001384   -0.001034   -0.000747   -0.000536   -0.000389   -0.000316
 404.104666  147.225994  -81.012674 -167.116267 -169.146219 -124.736322  -59.929809    5.438067   55.485141   77.569559   62.278228    4.313845  -26.307398   -0.179145    0.017110    0.004643    0.000004   -0.001381   -0.001530   -0.001287   -0.000980   -0.000716   -0.000518   -0.000378   -0.000307
 409.635499  149.114500  -82.528117 -169.996308 -172.054851 -126.825273  -60.728763    6.054140   57.287987   79.947529   64.191345    4.255203  -27.494271   -0.187407    0.019128    0.005732    0.000593   -0.001062   -0.001355   -0.001190   -0.000925   -0.000685   -0.000499   -0.000366   -0.000299
 415.166332  151.003007  -84.043559 -172.876349 -174.963482 -128.914225  -61.527717    6.670214   59.090834   82.325500   66.104461    4.196561  -28.681143   -0.195669    0.021147    0.006820    0.001182   -0.000742   -0.001180   -0.001093   -0.000871   -0.000654   -0.000481   -0.000355   -0.000291
 420.697165  152.891513  -85.559001 -175.756390 -177.872114 -131.003176  -62.326671    7.286287   60.893681   84.703470   68.017577    4.137919  -29.868016   -0.203932    0.023166    0.007909    0.001770   -0.000422   -0.001005   -0.000996   -0.000816   -0.000622   -0.000462   -0.000344   -0.000282
 426.227998  154.780019  -87.074444 -178.636432 -180.780746 -133.092127  -63.125625    7.902361   62.696528   87.081440   69.930693    4.079277  -31.054889   -0.212194    0.025184    0.008997    0.002359   -0.000102   -0.000830   -0.000899   -0.000762   -0.000591   -0.000444   -0.000332   -0.000274
 431.758830  156.668525  -88.589886 -181.516473 -183.689377 -135.181078  -63.924579    8.518434   64.499375   89.459410   71.843809    4.020635  -32.241761   -0.220456    0.027203    0.010086    0.002948    0.000218   -0.000655   -0.000803   -0.000707   -0.000560   -0.000425   -0.000321   -0.000266
 437.289663  158.557031  -90.105328 -184.396514 -186.598009 -137.270029  -64.723533    9.134507   66.302222   91.837380   73.756926    3.961993  -33.428634   -0.228718    0.029221    0.011174    0.003537    0.000538   -0.000479   -0.000706   -0.000653   -0.000529   -0.000407   -0.000310   -0.000257
 442.820496  160.445537  -91.620771 -187.276555 -189.506640 -139.358980  -65.522487    9.750581   68.105069   94.215350   75.670042    3.903351  -34.615506   -0.236981    0.031240    0.012263    0.004125    0.000858   -0.000304   -0.000609   -0.000599   -0.000497   -0.000388   -0.000298   -0.000249
 448.351329  162.334044  -93.136213 -190.156597 -192.415272 -141.447932  -66.321441   10.366654   69.907916   96.593320   77.583158    3.844709  -35.802379   -0.245243    0.033259    0.013351    0.004714    0.001177   -0.000129   -0.000512   -0.000544   -0.000466   -0.000370   -0.000287   -0.000241
 453.882162  164.222550  -94.651655 -193.036638 -195.323903 -143.536883  -67.120395   10.982728   71.710763   98.971290   79.496274    3.786067  -36.989251   -0.253505    0.035277    0.014440    0.005303    0.001497    0.000046   -0.000415   -0.000490   -0.000435   -0.000352   -0.000276   -0.000232
 459.412995  166.111056  -96.167098 -195.916679 -198.232535 -145.625834  -67.919349   11.598801   73.513610  101.349260   81.409390    3.727425  -38.176124   -0.261768    0.037296    0.015528    0.005891    0.001817    0.000221   -0.000318   -0.000435   -0.000403   -0.000333   -0.000264   -0.000224
 464.943828  167.999562  -97.682540 -198.796720 -201.141167 -147.714785  -68.718303   12.214875   75.316457  103.727230   83.322506    3.668783  -39.362996   -0.270030    0.039314    0.016617    0.006480    0.002137    0.000396   -0.000221   -0.000381   -0.000372   -0.000315   -0.000253   -0.000216
 470.474661  169.888068  -99.197983 -201.676762 -204.049798 -149.803736  -69.517257   12.830948   77.119304  106.105200   85.235623    3.610142  -40.549869   -0.278292    0.041333    0.017705    0.007069    0.002457    0.000571   -0.000125   -0.000326   -0.000341   -0.000296   -0.000242   -0.000207
 476.005494  171.776575 -100.713425 -204.556803 -206.958430 -151.892687  -70.316211   13.447022   78.922151  108.483170   87.148739    3.551500  -41.736741   -0.286555    0.043351    0.018794    0.007657    0.002777    0.000746   -0.000028   -0.000272   -0.000310   -0.000278   -0.000230   -0.000199
 481.536327  173.665081 -102.228867 -207.436844 -209.867061 -153.981639  -71.115165   14.063095   80.724998  110.861140   89.061855    3.492858  -42.923614   -0.294817    0.045370    0.019882    0.008246    0.003097    0.000921    0.000069   -0.000218   -0.000278   -0.000259   -0.000219   -0.000191
 487.067160  175.553587 -103.744310 -210.316885 -212.775693 -156.070590  -71.914119   14.679168   82.527845  113.239110   90.974971    3.434216  -44.110486   -0.303079    0.047389    0.020971    0.008835    0.003416    0.001096    0.000166   -0.000163   -0.000247   -0.000241   -0.000208   -0.000182
 492.597993  177.442093 -105.259752 -213.196927 -215.684324 -158.159541  -72.713073   15.295242   84.330692  115.617080   92.888087    3.375574  -45.297359   -0.311341    0.049407    0.022059    0.009423    0.003736    0.001271    0.000263   -0.000109   -0.000216   -0.000222   -0.000196   -0.000174
 498.128826  179.330599 -106.775194 -216.076968 -218.592956 -160.248492  -73.512027   15.911315   86.133539  117.995050   94.801203    3.316932  -46.484231   -0.319604    0.051426    0.023148    0.010012    0.004056    0.001446    0.000360   -0.000054   -0.000185   -0.000204   -0.000185   -0.000166
 503.659659  181.219105 -108.290637 -218.957009 -221.501588 -162.337443  -74.310981   16.527389   87.936386  120.373020   96.714320    3.258290  -47.671104   -0.327866    0.053444    0.024236    0.010601    0.004376    0.001621    0.000457    0.000000   -0.000153   -0.000185   -0.000174   -0.000157
 509.190492  183.107612 -109.806079 -221.837050 -224.410219 -164.426394  -75.109935   17.143462   89.739233  122.750990   98.627436    3.199648  -48.857976   -0.336128    0.055463    0.025325    0.011190    0.004696    0.001796    0.000553    0.000055   -0.000122   -0.000167   -0.000162   -0.000149
 514.721325  184.996118 -111.321521 -224.717092 -227.318851 -166.515346  -75.908889   17.759536   91.542080  125.128960  100.540552    3.141006  -50.044849   -0.344391    0.057481    0.026413    0.011778    0.005016    0.001971    0.000650    0.000109   -0.000091   -0.000148   -0.000151   -0.000141
 520.252158  186.884624 -112.836964 -227.597133 -230.227482 -168.604297  -76.707843   18.375609   93.344927  127.506930  102.453668    3.082364  -51.231721   -0.352653    0.059500    0.027502    0.012367    0.005336    0.002146    0.000747    0.000164   -0.000059   -0.000130   -0.000140   -0.000132
 525.782991  188.773130 -114.352406 -230.477174 -233.136114 -170.693248  -77.506797   18.991683   95.147773  129.884900  104.366784    3.023722  -52.418594   -0.360915    0.061519    0.028591    0.012956    0.005655    0.002321    0.000844    0.000218   -0.000028   -0.000111   -0.000128   -0.000124
 531.313824  190.661636 -115.867848 -233.357215 -236.044745 -172.782199  -78.305751   19.607756   96.950620  132.262870  106.279901    2.965080  -53.605466   -0.369178    0.063537    0.029679    0.013544    0.005975    0.002496    0.000941    0.000272    0.000003   -0.000093   -0.000117   -0.000116
 536.844656  192.550143 -117.383291 -236.237257 -238.953377 -174.871150  -79.104705   20.223830   98.753467  134.640840  108.193017    2.906438  -54.792339   -0.377440    0.065556    0.030768    0.014133    0.006295    0.002671    0.001038    0.000327    0.000034   -0.000074   -0.000106   -0.000107
 542.375489  194.438649 -118.898733 -239.117298 -241.862009 -176.960102  -79.903659   20.839903  100.556314  137.018810  110.106133    2.847796  -55.979211   -0.385702    0.067574    0.031856    0.014722    0.006615    0.002846    0.001135    0.000381    0.000066   -0.000056   -0.000094   -0.000099
 547.906322  196.327155 -120.414175 -241.997339 -244.770640 -179.049053  -80.702613   21.455976  102.359161  139.396780  112.019249    2.789154  -57.166084   -0.393964    0.069593    0.032945    0.015310    0.006935    0.003022    0.001231    0.000436    0.000097   -0.000037   -0.000083   -0.000091