  0.884343
 12.178596
 17.518448
 20.641509
 18.283025
 14.670309
  9.189559
  3.131924
 -2.890605
 -8.866288
-13.794969
-18.052792
-20.889922
-22.507462
-22.789273
-21.518029
-19.294138
-15.581838
-11.450140
 -6.489031
 -1.673679
  2.534031
  6.015232
  6.118510
  4.822522
  1.725334
 -0.390455
 -0.232061
 -0.044660
 -0.017611
 -0.010518
 -0.007802
 -0.005773
 -0.004385
 -0.003288
 -0.002497
 -0.001899
 -0.001446
 -0.001119
 -0.000857
 -0.000675
 -0.000523
 -0.000420
 -0.000331
 -0.000271
 -0.000217
 -0.000182
 -0.000149
 -0.000127
 -0.000106
 -0.000090