  0.884343
  6.926666
 12.267177
 15.555908
 17.594965
 19.489555
 20.663230
 19.938029
 18.133583
 16.350653
 14.456253
 11.875215
  8.817191
  5.744380
  2.706146
 -0.340927
 -3.375283
 -6.409634
 -9.386399
-12.006799
-14.223470
-16.376453
-18.498738
-20.126149
-21.086442
-21.891457
-22.700709
-23.042172
-22.619818
-21.957488
-21.317050
-20.346178
-18.717663
-16.823112
-14.940173
-12.919880
-10.572632
 -8.060258
 -5.526408
 -3.052149
 -0.806406
  1.293075
  3.442439
  5.363039
  6.251176
  6.237823
  5.985955
  5.406988
  4.118997
  2.494333
  1.015946
 -0.100335
 -0.490692
 -0.329563
 -0.145592
 -0.061622
 -0.031864
 -0.020398
 -0.014771
 -0.011467
 -0.009421
 -0.008190
 -0.007170
 -0.006129
 -0.005217
 -0.004572
 -0.004025
 -0.003463
 -0.002953
 -0.002588
 -0.002289
 -0.001984
 -0.001699
 -0.001490
 -0.001326
 -0.001159
 -0.000999
 -0.000878
 -0.000786
 -0.000694
 -0.000604
 -0.000533
 -0.000480
 -0.000429
 -0.000377
 -0.000335
 -0.000304
 -0.000275
 -0.000245
 -0.000219
 -0.000201
 -0.000183
 -0.000165
 -0.000150
 -0.000138
 -0.000127
 -0.000116
 -0.000106
 -0.000098
 -0.000090