  0.000000
 12.488153
 18.663691
 20.216508
 18.478468
 14.511063
  9.168834
  3.144820
 -2.997280
 -8.800803
-13.901116
-18.016000
-20.940045
-22.541995
-22.764306
-21.624326
-19.216725
-15.716869
-11.384982
 -6.570981
 -1.720001
  2.621309
  5.797516
  7.035800
  5.435492
 -0.045052
 -0.033508
 -0.024944
 -0.018587
 -0.013868
 -0.010363
 -0.007758
 -0.005820
 -0.004378
 -0.003303
 -0.002501
 -0.001901
 -0.001453
 -0.001116
 -0.000863
 -0.000672
 -0.000528
 -0.000418
 -0.000334
 -0.000269
 -0.000219
 -0.000180
 -0.000150
 -0.000126
 -0.000107
 -0.000091