-120.833871
-119.502441
-118.171010
-116.839579
-115.508148
-114.176718
-112.845287
-111.513856
-110.182425
-108.850995
-107.519564
-106.188133
-104.856702
-103.525272
-102.193841
-100.862410
 -99.530979
 -98.199549
 -96.868118
 -95.536687
 -94.205256
 -92.873826
 -91.542395
 -90.210964
 -88.879533
 -87.548103
 -86.216672
 -84.885241
 -83.553810
 -82.222380
 -80.890949
 -79.559518
 -78.228087
 -76.896657
 -75.565226
 -74.233795
 -72.902364
 -71.570934
 -70.239503
 -68.908072
 -67.576642
 -66.245211
 -64.913780
 -63.582349
 -62.250919
 -60.919488
 -59.588057
 -58.256626
 -56.925196
 -55.593765
 -54.262334
 -52.930903
 -51.599473
 -50.268042
 -48.936611
 -47.605180
 -46.273750
 -44.942319
 -43.610888
 -42.279457
 -40.948027
 -39.616596
 -38.285165
 -36.953734
 -35.622304
 -34.290873
 -32.959442
 -31.628011
 -30.296581
 -28.965150
 -27.633719
 -26.302288
 -24.970858
 -23.639427
 -22.307996
 -20.976566
 -19.645135
 -18.313704
 -16.982273
 -15.650843
 -14.319412
 -12.987981
 -11.656550
 -10.325120
  -8.993689
  -7.662258
  -6.330827
  -4.999397
  -3.667966
  -2.336535
  -1.005104
   0.326326
   1.657757
   2.989188
   4.320619
   5.652049
   6.983480
   8.314911
   9.646342
  10.977772