-27.529624
-27.055411
-26.581198
-26.106985
-25.632772
-25.158559
-24.684346
-24.210133
-23.735919
-23.261706
-22.787493
-22.313280
-21.839067
-21.364854
-20.890641
-20.416428
-19.942215
-19.468002
-18.993789
-18.519576
-18.045363
-17.571150
-17.096937
-16.622724
-16.148511
-15.674298
-15.200085
-14.725872
-14.251659
-13.777446
-13.303233
-12.829020
-12.354807
-11.880594
-11.406381
-10.932168
-10.457955
 -9.983742
 -9.509529
 -9.035316
 -8.561103
 -8.086890
 -7.612677
 -7.138464
 -6.664251
 -6.190038
 -5.715825
 -5.241612
 -4.767399
 -4.293186
 -3.818973
 -3.344760
 -2.870547
 -2.396334
 -1.922121
 -1.447908
 -0.973695
 -0.499482
 -0.025269
  0.448944
  0.923157
  1.397370
  1.871583
  2.345796
  2.820009
  3.294222
  3.768435
  4.242648
  4.716861
  5.191074
  5.665287
  6.139500
  6.613713
  7.087926
  7.562139
  8.036352
  8.510565
  8.984778
  9.458991
  9.933204
 10.407417
 10.881630
 11.355843
 11.830056
 12.304269
 12.778482
 13.252695
 13.726908
 14.201121
 14.675334
 15.149547
 15.623760
 16.097974
 16.572187
 17.046400
 17.520613
 17.994826
 18.469039
 18.943252
 19.417465