-1200.059642 -1200.059642 -1200.059642 -1200.059642
-1186.835836 -1186.835836 -1186.835836 -1186.835836
-1173.612029 -1173.612029 -1173.612029 -1173.612029
-1160.388222 -1160.388222 -1160.388222 -1160.388222
-1147.164416 -1147.164416 -1147.164416 -1147.164416
-1133.940609 -1133.940609 -1133.940609 -1133.940609
-1120.716802 -1120.716802 -1120.716802 -1120.716802
-1107.492996 -1107.492996 -1107.492996 -1107.492996
-1094.269189 -1094.269189 -1094.269189 -1094.269189
-1081.045382 -1081.045382 -1081.045382 -1081.045382
-1067.821576 -1067.821576 -1067.821576 -1067.821576
-1054.597769 -1054.597769 -1054.597769 -1054.597769
-1041.373962 -1041.373962 -1041.373962 -1041.373962
-1028.150156 -1028.150156 -1028.150156 -1028.150156
-1014.926349 -1014.926349 -1014.926349 -1014.926349
-1001.702542 -1001.702542 -1001.702542 -1001.702542
 -988.478735  -988.478735  -988.478735  -988.478735
 -975.254929  -975.254929  -975.254929  -975.254929
 -962.031122  -962.031122  -962.031122  -962.031122
 -948.807315  -948.807315  -948.807315  -948.807315
 -935.583509  -935.583509  -935.583509  -935.583509
 -922.359702  -922.359702  -922.359702  -922.359702
 -909.135895  -909.135895  -909.135895  -909.135895
 -895.912089  -895.912089  -895.912089  -895.912089
 -882.688282  -882.688282  -882.688282  -882.688282
 -869.464475  -869.464475  -869.464475  -869.464475
 -856.240669  -856.240669  -856.240669  -856.240669
 -843.016862  -843.016862  -843.016862  -843.016862
 -829.793055  -829.793055  -829.793055  -829.793055
 -816.569248  -816.569248  -816.569248  -816.569248
 -803.345442  -803.345442  -803.345442  -803.345442
 -790.121635  -790.121635  -790.121635  -790.121635
 -776.897828  -776.897828  -776.897828  -776.897828
 -763.674022  -763.674022  -763.674022  -763.674022
 -750.450215  -750.450215  -750.450215  -750.450215
 -737.226408  -737.226408  -737.226408  -737.226408
 -724.002602  -724.002602  -724.002602  -724.002602
 -710.778795  -710.778795  -710.778795  -710.778795
 -697.554988  -697.554988  -697.554988  -697.554988
 -684.331182  -684.331182  -684.331182  -684.331182
 -671.107375  -671.107375  -671.107375  -671.107375
 -657.883568  -657.883568  -657.883568  -657.883568
 -644.659762  -644.659762  -644.659762  -644.659762
 -631.435955  -631.435955  -631.435955  -631.435955
 -618.212148  -618.212148  -618.212148  -618.212148
 -604.988341  -604.988341  -604.988341  -604.988341
 -591.764535  -591.764535  -591.764535  -591.764535
 -578.540728  -578.540728  -578.540728  -578.540728
 -565.316921  -565.316921  -565.316921  -565.316921
 -552.093115  -552.093115  -552.093115  -552.093115
 -538.869308  -538.869308  -538.869308  -538.869308
 -525.645501  -525.645501  -525.645501  -525.645501
 -512.421695  -512.421695  -512.421695  -512.421695
 -499.197888  -499.197888  -499.197888  -499.197888
 -485.974081  -485.974081  -485.974081  -485.974081
 -472.750275  -472.750275  -472.750275  -472.750275
 -459.526468  -459.526468  -459.526468  -459.526468
 -446.302661  -446.302661  -446.302661  -446.302661
 -433.078854  -433.078854  -433.078854  -433.078854
 -419.855048  -419.855048  -419.855048  -419.855048
 -406.631241  -406.631241  -406.631241  -406.631241
 -393.407434  -393.407434  -393.407434  -393.407434
 -380.183628  -380.183628  -380.183628  -380.183628
 -366.959821  -366.959821  -366.959821  -366.959821
 -353.736014  -353.736014  -353.736014  -353.736014
 -340.512208  -340.512208  -340.512208  -340.512208
 -327.288401  -327.288401  -327.288401  -327.288401
 -314.064594  -314.064594  -314.064594  -314.064594
 -300.840788  -300.840788  -300.840788  -300.840788
 -287.616981  -287.616981  -287.616981  -287.616981
 -274.393174  -274.393174  -274.393174  -274.393174
 -261.169368  -261.169368  -261.169368  -261.169368
 -247.945561  -247.945561  -247.945561  -247.945561
 -234.721754  -234.721754  -234.721754  -234.721754
 -221.497947  -221.497947  -221.497947  -221.497947
 -208.274141  -208.274141  -208.274141  -208.274141
 -195.050334  -195.050334  -195.050334  -195.050334
 -181.826527  -181.826527  -181.826527  -181.826527
 -168.602721  -168.602721  -168.602721  -168.602721
 -155.378914  -155.378914  -155.378914  -155.378914
 -142.155107  -142.155107  -142.155107  -142.155107
 -128.931301  -128.931301  -128.931301  -128.931301
 -115.707494  -115.707494  -115.707494  -115.707494
 -102.483687  -102.483687  -102.483687  -102.483687
  -89.259881   -89.259881   -89.259881   -89.259881
  -76.036074   -76.036074   -76.036074   -76.036074
  -62.812267   -62.812267   -62.812267   -62.812267
  -49.588460   -49.588460   -49.588460   -49.588460
  -36.364654   -36.364654   -36.364654   -36.364654
  -23.140847   -23.140847   -23.140847   -23.140847
   -9.917040    -9.917040    -9.917040    -9.917040
    3.306766     3.306766     3.306766     3.306766
   16.530573    16.530573    16.530573    16.530573
   29.754380    29.754380    29.754380    29.754380
   42.978186    42.978186    42.978186    42.978186
   56.201993    56.201993    56.201993    56.201993
   69.425800    69.425800    69.425800    69.425800
   82.649606    82.649606    82.649606    82.649606
   95.873413    95.873413    95.873413    95.873413
  109.097220   109.097220   109.097220   109.097220