-1200.059642
-1186.835836
-1173.612029
-1160.388222
-1147.164416
-1133.940609
-1120.716802
-1107.492996
-1094.269189
-1081.045382
-1067.821576
-1054.597769
-1041.373962
-1028.150156
-1014.926349
-1001.702542
 -988.478735
 -975.254929
 -962.031122
 -948.807315
 -935.583509
 -922.359702
 -909.135895
 -895.912089
 -882.688282
 -869.464475
 -856.240669
 -843.016862
 -829.793055
 -816.569248
 -803.345442
 -790.121635
 -776.897828
 -763.674022
 -750.450215
 -737.226408
 -724.002602
 -710.778795
 -697.554988
 -684.331182
 -671.107375
 -657.883568
 -644.659762
 -631.435955
 -618.212148
 -604.988341
 -591.764535
 -578.540728
 -565.316921
 -552.093115
 -538.869308
 -525.645501
 -512.421695
 -499.197888
 -485.974081
 -472.750275
 -459.526468
 -446.302661
 -433.078854
 -419.855048
 -406.631241
 -393.407434
 -380.183628
 -366.959821
 -353.736014
 -340.512208
 -327.288401
 -314.064594
 -300.840788
 -287.616981
 -274.393174
 -261.169368
 -247.945561
 -234.721754
 -221.497947
 -208.274141
 -195.050334
 -181.826527
 -168.602721
 -155.378914
 -142.155107
 -128.931301
 -115.707494
 -102.483687
  -89.259881
  -76.036074
  -62.812267
  -49.588460
  -36.364654
  -23.140847
   -9.917040
    3.306766
   16.530573
   29.754380
   42.978186
   56.201993
   69.425800
   82.649606
   95.873413
  109.097220