0.381547 0.007837 0.373711 0.000000
0.379364 0.006335 0.373029 0.000000
0.384581 0.010114 0.374467 0.000000
0.379733 0.006352 0.373382 0.000000
0.384702 0.012420 0.372282 0.000000
0.389245 0.013293 0.375952 0.000000
0.380438 0.005576 0.374861 0.000000
0.377619 0.003046 0.374574 0.000000
0.383139 0.008307 0.374832 0.000000
0.377198 0.002703 0.374495 0.000000
0.384874 0.013828 0.371046 0.000000
0.381070 0.006975 0.374095 0.000000
0.389301 0.014476 0.374825 0.000000
0.379732 0.004674 0.375058 0.000000
0.382477 0.009078 0.373399 0.000000