-88.910889 -88.910889 -88.910889 -88.910889
-88.384913 -88.384913 -88.384913 -88.384913
-87.858938 -87.858938 -87.858938 -87.858938
-87.332962 -87.332962 -87.332962 -87.332962
-86.806986 -86.806986 -86.806986 -86.806986
-86.281011 -86.281011 -86.281011 -86.281011
-85.755035 -85.755035 -85.755035 -85.755035
-85.229060 -85.229060 -85.229060 -85.229060
-84.703084 -84.703084 -84.703084 -84.703084
-84.177108 -84.177108 -84.177108 -84.177108
-83.651133 -83.651133 -83.651133 -83.651133
-83.125157 -83.125157 -83.125157 -83.125157
-82.599182 -82.599182 -82.599182 -82.599182
-82.073206 -82.073206 -82.073206 -82.073206
-81.547230 -81.547230 -81.547230 -81.547230
-81.021255 -81.021255 -81.021255 -81.021255
-80.495279 -80.495279 -80.495279 -80.495279
-79.969303 -79.969303 -79.969303 -79.969303
-79.443328 -79.443328 -79.443328 -79.443328
-78.917352 -78.917352 -78.917352 -78.917352
-78.391377 -78.391377 -78.391377 -78.391377
-77.865401 -77.865401 -77.865401 -77.865401
-77.339425 -77.339425 -77.339425 -77.339425
-76.813450 -76.813450 -76.813450 -76.813450
-76.287474 -76.287474 -76.287474 -76.287474
-75.761499 -75.761499 -75.761499 -75.761499
-75.235523 -75.235523 -75.235523 -75.235523
-74.709547 -74.709547 -74.709547 -74.709547
-74.183572 -74.183572 -74.183572 -74.183572
-73.657596 -73.657596 -73.657596 -73.657596
-73.131621 -73.131621 -73.131621 -73.131621
-72.605645 -72.605645 -72.605645 -72.605645
-72.079669 -72.079669 -72.079669 -72.079669
-71.553694 -71.553694 -71.553694 -71.553694
-71.027718 -71.027718 -71.027718 -71.027718
-70.501743 -70.501743 -70.501743 -70.501743
-69.975767 -69.975767 -69.975767 -69.975767
-69.449791 -69.449791 -69.449791 -69.449791
-68.923816 -68.923816 -68.923816 -68.923816
-68.397840 -68.397840 -68.397840 -68.397840
-67.871865 -67.871865 -67.871865 -67.871865
-67.345889 -67.345889 -67.345889 -67.345889
-66.819913 -66.819913 -66.819913 -66.819913
-66.293938 -66.293938 -66.293938 -66.293938
-65.767962 -65.767962 -65.767962 -65.767962
-65.241987 -65.241987 -65.241987 -65.241987
-64.716011 -64.716011 -64.716011 -64.716011
-64.190035 -64.190035 -64.190035 -64.190035
-63.664060 -63.664060 -63.664060 -63.664060
-63.138084 -63.138084 -63.138084 -63.138084
-62.612109 -62.612109 -62.612109 -62.612109
-62.086133 -62.086133 -62.086133 -62.086133
-61.560157 -61.560157 -61.560157 -61.560157
-61.034182 -61.034182 -61.034182 -61.034182
-60.508206 -60.508206 -60.508206 -60.508206
-59.982231 -59.982231 -59.982231 -59.982231
-59.456255 -59.456255 -59.456255 -59.456255
-58.930279 -58.930279 -58.930279 -58.930279
-58.404304 -58.404304 -58.404304 -58.404304
-57.878328 -57.878328 -57.878328 -57.878328
-57.352353 -57.352353 -57.352353 -57.352353
-56.826377 -56.826377 -56.826377 -56.826377
-56.300401 -56.300401 -56.300401 -56.300401
-55.774426 -55.774426 -55.774426 -55.774426
-55.248450 -55.248450 -55.248450 -55.248450
-54.722475 -54.722475 -54.722475 -54.722475
-54.196499 -54.196499 -54.196499 -54.196499
-53.670523 -53.670523 -53.670523 -53.670523
-53.144548 -53.144548 -53.144548 -53.144548
-52.618572 -52.618572 -52.618572 -52.618572
-52.092597 -52.092597 -52.092597 -52.092597
-51.566621 -51.566621 -51.566621 -51.566621
-51.040645 -51.040645 -51.040645 -51.040645
-50.514670 -50.514670 -50.514670 -50.514670
-49.988694 -49.988694 -49.988694 -49.988694
-49.462719 -49.462719 -49.462719 -49.462719
-48.936743 -48.936743 -48.936743 -48.936743
-48.410767 -48.410767 -48.410767 -48.410767
-47.884792 -47.884792 -47.884792 -47.884792
-47.358816 -47.358816 -47.358816 -47.358816
-46.832841 -46.832841 -46.832841 -46.832841
-46.306865 -46.306865 -46.306865 -46.306865
-45.780889 -45.780889 -45.780889 -45.780889
-45.254914 -45.254914 -45.254914 -45.254914
-44.728938 -44.728938 -44.728938 -44.728938
-44.202962 -44.202962 -44.202962 -44.202962
-43.676987 -43.676987 -43.676987 -43.676987
-43.151011 -43.151011 -43.151011 -43.151011
-42.625036 -42.625036 -42.625036 -42.625036
-42.099060 -42.099060 -42.099060 -42.099060
-41.573084 -41.573084 -41.573084 -41.573084
-41.047109 -41.047109 -41.047109 -41.047109
-40.521133 -40.521133 -40.521133 -40.521133
-39.995158 -39.995158 -39.995158 -39.995158
-39.469182 -39.469182 -39.469182 -39.469182
-38.943206 -38.943206 -38.943206 -38.943206
-38.417231 -38.417231 -38.417231 -38.417231
-37.891255 -37.891255 -37.891255 -37.891255
-37.365280 -37.365280 -37.365280 -37.365280
-36.839304 -36.839304 -36.839304 -36.839304