-0.013356 -0.158427 -0.211330  0.917276  3.609373  4.761632 -0.249148 -5.116205 -2.246376
 0.005318 -0.120012 -0.168170  0.925296  3.555319  4.685366 -0.252933 -5.058164 -2.219300
 0.023991 -0.081597 -0.125010  0.933316  3.501264  4.609101 -0.256718 -5.000123 -2.192224
 0.042665 -0.043182 -0.081849  0.941335  3.447210  4.532836 -0.260503 -4.942082 -2.165148
 0.061339 -0.004767 -0.038689  0.949355  3.393156  4.456570 -0.264288 -4.884040 -2.138072
 0.080013  0.033648  0.004471  0.957375  3.339101  4.380305 -0.268073 -4.825999 -2.110995
 0.098687  0.072063  0.047632  0.965394  3.285047  4.304040 -0.271858 -4.767958 -2.083919
 0.117361  0.110478  0.090792  0.973414  3.230992  4.227775 -0.275643 -4.709917 -2.056843
 0.136034  0.148893  0.133952  0.981433  3.176938  4.151509 -0.279429 -4.651876 -2.029767
 0.154708  0.187308  0.177113  0.989453  3.122884  4.075244 -0.283214 -4.593835 -2.002691
 0.173382  0.225723  0.220273  0.997473  3.068829  3.998979 -0.286999 -4.535794 -1.975615
 0.192056  0.264138  0.263433  1.005492  3.014775  3.922713 -0.290784 -4.477753 -1.948539
 0.210730  0.302553  0.306594  1.013512  2.960720  3.846448 -0.294569 -4.419711 -1.921462
 0.229404  0.340968  0.349754  1.021532  2.906666  3.770183 -0.298354 -4.361670 -1.894386
 0.248077  0.379383  0.392914  1.029551  2.852612  3.693917 -0.302139 -4.303629 -1.867310
 0.266751  0.417798  0.436075  1.037571  2.798557  3.617652 -0.305924 -4.245588 -1.840234
 0.285425  0.456213  0.479235  1.045591  2.744503  3.541387 -0.309709 -4.187547 -1.813158
 0.304099  0.494628  0.522395  1.053610  2.690448  3.465121 -0.313494 -4.129506 -1.786082
 0.322773  0.533043  0.565555  1.061630  2.636394  3.388856 -0.317279 -4.071465 -1.759006
 0.341447  0.571458  0.608716  1.069650  2.582340  3.312591 -0.321064 -4.013424 -1.731930
 0.360120  0.609873  0.651876  1.077669  2.528285  3.236325 -0.324849 -3.955382 -1.704853
 0.378794  0.648288  0.695036  1.085689  2.474231  3.160060 -0.328634 -3.897341 -1.677777
 0.397468  0.686703  0.738197  1.093709  2.420176  3.083795 -0.332419 -3.839300 -1.650701
 0.416142  0.725118  0.781357  1.101728  2.366122  3.007530 -0.336205 -3.781259 -1.623625
 0.434816  0.763533  0.824517  1.109748  2.312068  2.931264 -0.339990 -3.723218 -1.596549
 0.453489  0.801948  0.867678  1.117768  2.258013  2.854999 -0.343775 -3.665177 -1.569473
 0.472163  0.840364  0.910838  1.125787  2.203959  2.778734 -0.347560 -3.607136 -1.542397
 0.490837  0.878779  0.953998  1.133807  2.149904  2.702468 -0.351345 -3.549095 -1.515320
 0.509511  0.917194  0.997159  1.141827  2.095850  2.626203 -0.355130 -3.491053 -1.488244
 0.528185  0.955609  1.040319  1.149846  2.041796  2.549938 -0.358915 -3.433012 -1.461168
 0.546859  0.994024  1.083479  1.157866  1.987741  2.473672 -0.362700 -3.374971 -1.434092
 0.565532  1.032439  1.126640  1.165886  1.933687  2.397407 -0.366485 -3.316930 -1.407016
 0.584206  1.070854  1.169800  1.173905  1.879632  2.321142 -0.370270 -3.258889 -1.379940
 0.602880  1.109269  1.212960  1.181925  1.825578  2.244876 -0.374055 -3.200848 -1.352864
 0.621554  1.147684  1.256121  1.189945  1.771524  2.168611 -0.377840 -3.142807 -1.325787
 0.640228  1.186099  1.299281  1.197964  1.717469  2.092346 -0.381625 -3.084766 -1.298711
 0.658902  1.224514  1.342441  1.205984  1.663415  2.016080 -0.385410 -3.026724 -1.271635
 0.677575  1.262929  1.385602  1.214004  1.609360  1.939815 -0.389195 -2.968683 -1.244559
 0.696249  1.301344  1.428762  1.222023  1.555306  1.863550 -0.392981 -2.910642 -1.217483
 0.714923  1.339759  1.471922  1.230043  1.501252  1.787284 -0.396766 -2.852601 -1.190407
 0.733597  1.378174  1.515082  1.238063  1.447197  1.711019 -0.400551 -2.794560 -1.163331
 0.752271  1.416589  1.558243  1.246082  1.393143  1.634754 -0.404336 -2.736519 -1.136255
 0.770945  1.455004  1.601403  1.254102  1.339088  1.558489 -0.408121 -2.678478 -1.109178
 0.789618  1.493419  1.644563  1.262121  1.285034  1.482223 -0.411906 -2.620437 -1.082102
 0.808292  1.531834  1.687724  1.270141  1.230980  1.405958 -0.415691 -2.562396 -1.055026
 0.826966  1.570249  1.730884  1.278161  1.176925  1.329693 -0.419476 -2.504354 -1.027950
 0.845640  1.608664  1.774044  1.286180  1.122871  1.253427 -0.423261 -2.446313 -1.000874
 0.864314  1.647079  1.817205  1.294200  1.068816  1.177162 -0.427046 -2.388272 -0.973798
 0.882988  1.685494  1.860365  1.302220  1.014762  1.100897 -0.430831 -2.330231 -0.946722
 0.901661  1.723909  1.903525  1.310239  0.960707  1.024631 -0.434616 -2.272190 -0.919645
 0.920335  1.762324  1.946686  1.318259  0.906653  0.948366 -0.438401 -2.214149 -0.892569
 0.939009  1.800739  1.989846  1.326279  0.852599  0.872101 -0.442186 -2.156108 -0.865493
 0.957683  1.839154  2.033006  1.334298  0.798544  0.795835 -0.445971 -2.098067 -0.838417
 0.976357  1.877569  2.076167  1.342318  0.744490  0.719570 -0.449757 -2.040025 -0.811341
 0.995031  1.915984  2.119327  1.350338  0.690435  0.643305 -0.453542 -1.981984 -0.784265
 1.013704  1.954399  2.162487  1.358357  0.636381  0.567039 -0.457327 -1.923943 -0.757189
 1.032378  1.992814  2.205648  1.366377  0.582327  0.490774 -0.461112 -1.865902 -0.730112
 1.051052  2.031230  2.248808  1.374397  0.528272  0.414509 -0.464897 -1.807861 -0.703036
 1.069726  2.069645  2.291968  1.382416  0.474218  0.338244 -0.468682 -1.749820 -0.675960
 1.088400  2.108060  2.335129  1.390436  0.420163  0.261978 -0.472467 -1.691779 -0.648884
 1.107074  2.146475  2.378289  1.398456  0.366109  0.185713 -0.476252 -1.633738 -0.621808
 1.125747  2.184890  2.421449  1.406475  0.312055  0.109448 -0.480037 -1.575696 -0.594732
 1.144421  2.223305  2.464609  1.414495  0.258000  0.033182 -0.483822 -1.517655 -0.567656
 1.163095  2.261720  2.507770  1.422515  0.203946 -0.043083 -0.487607 -1.459614 -0.540579
 1.181769  2.300135  2.550930  1.430534  0.149891 -0.119348 -0.491392 -1.401573 -0.513503
 1.200443  2.338550  2.594090  1.438554  0.095837 -0.195614 -0.495177 -1.343532 -0.486427
 1.219117  2.376965  2.637251  1.446574  0.041783 -0.271879 -0.498962 -1.285491 -0.459351
 1.237790  2.415380  2.680411  1.454593 -0.012272 -0.348144 -0.502747 -1.227450 -0.432275
 1.256464  2.453795  2.723571  1.462613 -0.066326 -0.424410 -0.506533 -1.169409 -0.405199
 1.275138  2.492210  2.766732  1.470633 -0.120381 -0.500675 -0.510318 -1.111367 -0.378123
 1.293812  2.530625  2.809892  1.478652 -0.174435 -0.576940 -0.514103 -1.053326 -0.351047
 1.312486  2.569040  2.853052  1.486672 -0.228489 -0.653206 -0.517888 -0.995285 -0.323970
 1.331160  2.607455  2.896213  1.494692 -0.282544 -0.729471 -0.521673 -0.937244 -0.296894
 1.349833  2.645870  2.939373  1.502711 -0.336598 -0.805736 -0.525458 -0.879203 -0.269818
 1.368507  2.684285  2.982533  1.510731 -0.390653 -0.882002 -0.529243 -0.821162 -0.242742
 1.387181  2.722700  3.025694  1.518751 -0.444707 -0.958267 -0.533028 -0.763121 -0.215666
 1.405855  2.761115  3.068854  1.526770 -0.498761 -1.034532 -0.536813 -0.705080 -0.188590
 1.424529  2.799530  3.112014  1.534790 -0.552816 -1.110797 -0.540598 -0.647038 -0.161514
 1.443202  2.837945  3.155175  1.542809 -0.606870 -1.187063 -0.544383 -0.588997 -0.134437
 1.461876  2.876360  3.198335  1.550829 -0.660925 -1.263328 -0.548168 -0.530956 -0.107361
 1.480550  2.914775  3.241495  1.558849 -0.714979 -1.339593 -0.551953 -0.472915 -0.080285
 1.499224  2.953190  3.284656  1.566868 -0.769033 -1.415859 -0.555738 -0.414874 -0.053209
 1.517898  2.991605  3.327816  1.574888 -0.823088 -1.492124 -0.559523 -0.356833 -0.026133
 1.536572  3.030020  3.370976  1.582908 -0.877142 -1.568389 -0.563309 -0.298792  0.000943
 1.555245  3.068435  3.414137  1.590927 -0.931197 -1.644655 -0.567094 -0.240751  0.028019
 1.573919  3.106850  3.457297  1.598947 -0.985251 -1.720920 -0.570879 -0.182709  0.055096
 1.592593  3.145265  3.500457  1.606967 -1.039305 -1.797185 -0.574664 -0.124668  0.082172
 1.611267  3.183681  3.543617  1.614986 -1.093360 -1.873451 -0.578449 -0.066627  0.109248
 1.629941  3.222096  3.586778  1.623006 -1.147414 -1.949716 -0.582234 -0.008586  0.136324
 1.648615  3.260511  3.629938  1.631026 -1.201469 -2.025981 -0.586019  0.049455  0.163400
 1.667288  3.298926  3.673098  1.639045 -1.255523 -2.102247 -0.589804  0.107496  0.190476
 1.685962  3.337341  3.716259  1.647065 -1.309577 -2.178512 -0.593589  0.165537  0.217552
 1.704636  3.375756  3.759419  1.655085 -1.363632 -2.254777 -0.597374  0.223578  0.244628
 1.723310  3.414171  3.802579  1.663104 -1.417686 -2.331042 -0.601159  0.281619  0.271705
 1.741984  3.452586  3.845740  1.671124 -1.471741 -2.407308 -0.604944  0.339661  0.298781
 1.760658  3.491001  3.888900  1.679144 -1.525795 -2.483573 -0.608729  0.397702  0.325857
 1.779331  3.529416  3.932060  1.687163 -1.579850 -2.559838 -0.612514  0.455743  0.352933
 1.798005  3.567831  3.975221  1.695183 -1.633904 -2.636104 -0.616299  0.513784  0.380009
 1.816679  3.606246  4.018381  1.703203 -1.687958 -2.712369 -0.620085  0.571825  0.407085
 1.835353  3.644661  4.061541  1.711222 -1.742013 -2.788634 -0.623870  0.629866  0.434161