0.064063 0.004273 0.059791 0.000000
0.065368 0.005442 0.059926 0.000000
0.060637 0.000886 0.059752 0.000000
0.064610 0.004754 0.059856 0.000000
0.063500 0.003695 0.059805 0.000000
0.060963 0.001130 0.059833 0.000000
0.063109 0.003321 0.059787 0.000000
0.065485 0.005712 0.059774 0.000000
0.062097 0.002229 0.059868 0.000000
0.061181 0.001275 0.059906 0.000000
0.064174 0.004455 0.059719 0.000000
0.065969 0.006076 0.059893 0.000000
0.064005 0.004127 0.059879 0.000000
0.063257 0.003412 0.059845 0.000000
0.061797 0.001892 0.059906 0.000000