0.716430 0.241291 0.475139 0.000000
0.608030 0.219766 0.388263 0.000000
0.464517 0.091368 0.373149 0.000000
0.463774 0.067493 0.396281 0.000000
0.733948 0.296353 0.437595 0.000000
0.491097 0.105319 0.385778 0.000000
0.466232 0.072272 0.393959 0.000000
0.536696 0.172339 0.364357 0.000000
0.489748 0.097004 0.392744 0.000000
0.442379 0.054954 0.387424 0.000000
0.505297 0.121183 0.384114 0.000000
0.514557 0.114210 0.400348 0.000000
0.469103 0.004398 0.464705 0.000000
0.532055 0.141352 0.390703 0.000000
0.578920 0.183242 0.395677 0.000000