1200.059326
1186.835524
1173.611722
1160.387920
1147.164117
1133.940315
1120.716513
1107.492710
1094.268908
1081.045106
1067.821304
1054.597501
1041.373699
1028.149897
1014.926095
1001.702292
 988.478490
 975.254688
 962.030886
 948.807083
 935.583281
 922.359479
 909.135676
 895.911874
 882.688072
 869.464270
 856.240467
 843.016665
 829.792863
 816.569061
 803.345258
 790.121456
 776.897654
 763.673852
 750.450049
 737.226247
 724.002445
 710.778642
 697.554840
 684.331038
 671.107236
 657.883433
 644.659631
 631.435829
 618.212027
 604.988224
 591.764422
 578.540620
 565.316818
 552.093015
 538.869213
 525.645411
 512.421608
 499.197806
 485.974004
 472.750202
 459.526399
 446.302597
 433.078795
 419.854993
 406.631190
 393.407388
 380.183586
 366.959784
 353.735981
 340.512179
 327.288377
 314.064574
 300.840772
 287.616970
 274.393168
 261.169365
 247.945563
 234.721761
 221.497959
 208.274156
 195.050354
 181.826552
 168.602750
 155.378947
 142.155145
 128.931343
 115.707541
 102.483738
  89.259936
  76.036134
  62.812331
  49.588529
  36.364727
  23.140925
   9.917122
  -3.306680
 -16.530482
 -29.754284
 -42.978087
 -56.201889
 -69.425691
 -82.649493
 -95.873296
-109.097098