1.689218 1.124853 0.564365 0.000000
1.778716 1.191677 0.587039 0.000000
1.524331 0.962310 0.562022 0.000000
1.378983 0.881804 0.497179 0.000000
1.693610 1.125625 0.567985 0.000000
1.376550 0.871756 0.504793 0.000000
1.499791 0.957014 0.542777 0.000000
1.800030 1.190766 0.609264 0.000000
1.574969 1.042152 0.532817 0.000000
1.798433 1.241702 0.556731 0.000000
1.849744 1.254746 0.594998 0.000000
1.563410 0.990052 0.573358 0.000000
1.778469 1.143344 0.635125 0.000000
1.759966 1.145709 0.614258 0.000000
1.006574 0.562718 0.443856 0.000000