-40.355855
-40.050116
-39.744378
-39.438639
-39.132900
-38.827162
-38.521423
-38.215684
-37.909945
-37.604207
-37.298468
-36.992729
-36.686991
-36.381252
-36.075513
-35.769774
-35.464036
-35.158297
-34.852558
-34.546820
-34.241081
-33.935342
-33.629603
-33.323865
-33.018126
-32.712387
-32.406649
-32.100910
-31.795171
-31.489432
-31.183694
-30.877955
-30.572216
-30.266477
-29.960739
-29.655000
-29.349261
-29.043523
-28.737784
-28.432045
-28.126306
-27.820568
-27.514829
-27.209090
-26.903352
-26.597613
-26.291874
-25.986135
-25.680397
-25.374658
-25.068919
-24.763181
-24.457442
-24.151703
-23.845964
-23.540226
-23.234487
-22.928748
-22.623010
-22.317271
-22.011532
-21.705793
-21.400055
-21.094316
-20.788577
-20.482838
-20.177100
-19.871361
-19.565622
-19.259884
-18.954145
-18.648406
-18.342667
-18.036929
-17.731190
-17.425451
-17.119713
-16.813974
-16.508235
-16.202496
-15.896758
-15.591019
-15.285280
-14.979542
-14.673803
-14.368064
-14.062325
-13.756587
-13.450848
-13.145109
-12.839371
-12.533632
-12.227893
-11.922154
-11.616416
-11.310677
-11.004938
-10.699200
-10.393461
-10.087722