-37.452595
-37.582078
-37.711562
-37.841045
-37.970529
-38.100013
-38.229496
-38.358980
-38.488463
-38.617947
-38.747431
-38.876914
-39.006398
-39.135881
-39.265365
-39.394849
-39.524332
-39.653816
-39.783299
-39.912783
-40.042267
-40.171750
-40.301234
-40.430718
-40.560201
-40.689685
-40.819168
-40.948652
-41.078136
-41.207619
-41.337103
-41.466586
-41.596070
-41.725554
-41.855037
-41.984521
-42.114004
-42.243488
-42.372972
-42.502455
-42.631939
-42.761423
-42.890906
-43.020390
-43.149873
-43.279357
-43.408841
-43.538324
-43.667808
-43.797291
-43.926775
-44.056259
-44.185742
-44.315226
-44.444709
-44.574193
-44.703677
-44.833160
-44.962644
-45.092127
-45.221611
-45.351095
-45.480578
-45.610062
-45.739546
-45.869029
-45.998513
-46.127996
-46.257480
-46.386964
-46.516447
-46.645931
-46.775414
-46.904898
-47.034382
-47.163865
-47.293349
-47.422832
-47.552316
-47.681800
-47.811283
-47.940767
-48.070251
-48.199734
-48.329218
-48.458701
-48.588185
-48.717669
-48.847152
-48.976636
-49.106119
-49.235603
-49.365087
-49.494570
-49.624054
-49.753537
-49.883021
-50.012505
-50.141988
-50.271472