 0.500000  1.000000 -0.000677 -0.001354  0.000000
 0.499997  0.999994 -0.000734 -0.001467  0.004000
 0.499994  0.999988 -0.000795 -0.001589  0.008000
 0.499991  0.999982 -0.000861 -0.001722  0.012000
 0.499987  0.999974 -0.000933 -0.001865  0.016000
 0.499983  0.999967 -0.001010 -0.002021  0.020000
 0.499979  0.999958 -0.001094 -0.002189  0.024000
 0.499975  0.999949 -0.001186 -0.002371  0.028000
 0.499970  0.999939 -0.001284 -0.002568  0.032000
 0.499964  0.999929 -0.001391 -0.002782  0.036000
 0.499959  0.999917 -0.001507 -0.003014  0.040000
 0.499952  0.999904 -0.001632 -0.003265  0.044000
 0.499945  0.999891 -0.001768 -0.003537  0.048000
 0.499938  0.999876 -0.001916 -0.003831  0.052000
 0.499930  0.999860 -0.002075 -0.004150  0.056000
 0.499921  0.999843 -0.002248 -0.004496  0.060000
 0.499912  0.999824 -0.002435 -0.004870  0.064000
 0.499902  0.999804 -0.002638 -0.005275  0.068000
 0.499891  0.999782 -0.002857 -0.005714  0.072000
 0.499879  0.999758 -0.003095 -0.006190  0.076000
 0.499866  0.999732 -0.003353 -0.006705  0.080000
 0.499852  0.999704 -0.003632 -0.007263  0.084000
 0.499837  0.999674 -0.003934 -0.007868  0.088000
 0.499821  0.999641 -0.004261 -0.008522  0.092000
 0.499803  0.999606 -0.004616 -0.009232  0.096000
 0.499784  0.999567 -0.005000 -0.010000  0.100000
 0.499763  0.999526 -0.005416 -0.010832  0.104000
 0.499740  0.999481 -0.005866 -0.011733  0.108000
 0.499716  0.999432 -0.006354 -0.012709  0.112000
 0.499689  0.999379 -0.006883 -0.013766  0.116000
 0.499661  0.999322 -0.007455 -0.014910  0.120000
 0.499630  0.999260 -0.008075 -0.016150  0.124000
 0.499596  0.999192 -0.008747 -0.017493  0.128000
 0.499560  0.999119 -0.009474 -0.018947  0.132000
 0.499520  0.999041 -0.010261 -0.020522  0.136000
 0.499478  0.998955 -0.011114 -0.022227  0.140000
 0.499431  0.998863 -0.012037 -0.024074  0.144000
 0.499381  0.998762 -0.013037 -0.026074  0.148000
 0.499327  0.998654 -0.014120 -0.028240  0.152000
 0.499268  0.998536 -0.015292 -0.030584  0.156000
 0.499204  0.998409 -0.016562 -0.033123  0.160000
 0.499135  0.998271 -0.017936 -0.035872  0.164000
 0.499061  0.998122 -0.019424 -0.038848  0.168000
 0.498980  0.997960 -0.021035 -0.042070  0.172000
 0.498892  0.997785 -0.022779 -0.045558  0.176000
 0.498797  0.997595 -0.024667 -0.049333  0.180000
 0.498695  0.997390 -0.026710 -0.053420  0.184000
 0.498584  0.997167 -0.028922 -0.057844  0.188000
 0.498463  0.996926 -0.031316 -0.062631  0.192000
 0.498333  0.996666 -0.033906 -0.067812  0.196000
 0.498192  0.996383 -0.036709 -0.073418  0.200000
 0.498039  0.996078 -0.039742 -0.079484  0.204000
 0.497873  0.995747 -0.043024 -0.086047  0.208000
 0.497694  0.995389 -0.046573 -0.093147  0.212000
 0.497500  0.995001 -0.050413 -0.100826  0.216000
 0.497291  0.994581 -0.054566 -0.109131  0.220000
 0.497063  0.994127 -0.059056 -0.118112  0.224000
 0.496818  0.993635 -0.063912 -0.127823  0.228000
 0.496552  0.993103 -0.069160 -0.138321  0.232000
 0.496264  0.992527 -0.074834 -0.149668  0.236000
 0.495952  0.991905 -0.080965 -0.161930  0.240000
 0.495615  0.991231 -0.087589 -0.175178  0.244000
 0.495251  0.990502 -0.094745 -0.189489  0.248000
 0.494857  0.989713 -0.102472 -0.204944  0.252000
 0.494430  0.988861 -0.110816 -0.221631  0.256000
 0.493969  0.987938 -0.119821 -0.239643  0.260000
 0.493471  0.986942 -0.129539 -0.259078  0.264000
 0.492932  0.985864 -0.140022 -0.280043  0.268000
 0.492350  0.984699 -0.151325 -0.302651  0.272000
 0.491720  0.983440 -0.163510 -0.327020  0.276000
 0.491040  0.982080 -0.176639 -0.353277  0.280000
 0.490306  0.980611 -0.190778 -0.381557  0.284000
 0.489512  0.979025 -0.206000 -0.411999  0.288000
 0.488656  0.977312 -0.222377 -0.444753  0.292000
 0.487732  0.975464 -0.239987 -0.479975  0.296000
 0.486734  0.973469 -0.258913 -0.517826  0.300000
 0.485659  0.971317 -0.279239 -0.558477  0.304000
 0.484499  0.968997 -0.301052 -0.602104  0.308000
 0.483248  0.966496 -0.324445 -0.648889  0.312000
 0.481901  0.963802 -0.349510 -0.699019  0.316000
 0.480450  0.960899 -0.376342 -0.752685  0.320000
 0.478888  0.957775 -0.405040 -0.810080  0.324000
 0.477207  0.954414 -0.435700 -0.871400  0.328000
 0.475399  0.950798 -0.468420 -0.936839  0.332000
 0.473457  0.946913 -0.503294 -1.006588  0.336000
 0.471370  0.942740 -0.540417 -1.080833  0.340000
 0.469130  0.938260 -0.579876 -1.159752  0.344000
 0.466728  0.933455 -0.621755 -1.243510  0.348000
 0.464153  0.928305 -0.666128 -1.332256  0.352000
 0.461395  0.922790 -0.713059 -1.426118  0.356000
 0.458445  0.916890 -0.762600 -1.525201  0.360000
 0.455291  0.910582 -0.814787 -1.629575  0.364000
 0.451923  0.903846 -0.869638 -1.739277  0.368000
 0.448330  0.896660 -0.927149 -1.854298  0.372000
 0.444502  0.889004 -0.987291 -1.974581  0.376000
 0.440428  0.880857 -1.050005 -2.100010  0.380000
 0.436099  0.872198 -1.115204 -2.230407  0.384000
 0.431504  0.863007 -1.182761 -2.365521  0.388000
 0.426634  0.853268 -1.252512 -2.505024  0.392000
 0.421481  0.842962 -1.324252 -2.648505  0.396000
 0.416038  0.832075 -1.397730 -2.795461  0.400000
 0.410297  0.820594 -1.472648 -2.945297  0.404000
 0.404255  0.808510 -1.548660 -3.097320  0.408000
 0.397907  0.795814 -1.625370 -3.250740  0.412000
 0.391252  0.782503 -1.702334 -3.404669  0.416000
 0.384289  0.768577 -1.779063 -3.558125  0.420000
 0.377020  0.754040 -1.855021 -3.710041  0.424000
 0.369450  0.738901 -1.929635 -3.859270  0.428000
 0.361586  0.723171 -2.002300 -4.004600  0.432000
 0.353435  0.706871 -2.072384 -4.144768  0.436000
 0.345011  0.690022 -2.139240 -4.278480  0.440000
 0.336327  0.672653 -2.202216 -4.404431  0.444000
 0.327399  0.654798 -2.260665 -4.521330  0.448000
 0.318248  0.636496 -2.313962 -4.627924  0.452000
 0.308895  0.617790 -2.361513 -4.723026  0.456000
 0.299364  0.598729 -2.402769 -4.805538  0.460000
 0.289682  0.579364 -2.437241 -4.874482  0.464000
 0.279876  0.559752 -2.464509 -4.929018  0.468000
 0.269976  0.539952 -2.484236 -4.968472  0.472000
 0.260013  0.520025 -2.496173 -4.992346  0.476000
 0.250017  0.500034 -2.500169 -5.000339  0.480000
 0.240022  0.480044 -2.496174 -4.992347  0.484000
 0.230058  0.460117 -2.484237 -4.968473  0.488000
 0.220158  0.440317 -2.464510 -4.929021  0.492000
 0.210352  0.420705 -2.437243 -4.874485  0.496000
 0.200670  0.401340 -2.402771 -4.805543  0.500000
 0.191139  0.382279 -2.361516 -4.723031  0.504000
 0.181786  0.363573 -2.313965 -4.627931  0.508000
 0.172635  0.345270 -2.260668 -4.521337  0.512000
 0.163708  0.327416 -2.202219 -4.404438  0.516000
 0.155024  0.310047 -2.139244 -4.278488  0.520000
 0.146599  0.293198 -2.072388 -4.144776  0.524000
 0.138449  0.276897 -2.002304 -4.004609  0.528000
 0.130584  0.261168 -1.929640 -3.859279  0.532000
 0.123014  0.246028 -1.855025 -3.710051  0.536000
 0.115746  0.231491 -1.779067 -3.558134  0.540000
 0.108783  0.217565 -1.702339 -3.404678  0.544000
 0.102127  0.204255 -1.625374 -3.250749  0.548000
 0.095779  0.191559 -1.548665 -3.097329  0.552000
 0.089737  0.179474 -1.472653 -2.945306  0.556000
 0.083997  0.167993 -1.397735 -2.795470  0.560000
 0.078553  0.157106 -1.324257 -2.648514  0.564000
 0.073400  0.146801 -1.252516 -2.505033  0.568000
 0.068530  0.137061 -1.182765 -2.365529  0.572000
 0.063935  0.127871 -1.115208 -2.230415  0.576000
 0.059606  0.119211 -1.050009 -2.100018  0.580000
 0.055532  0.111064 -0.987294 -1.974588  0.584000
 0.051704  0.103408 -0.927153 -1.854305  0.588000
 0.048111  0.096222 -0.869642 -1.739284  0.592000
 0.044743  0.089486 -0.814791 -1.629581  0.596000
 0.041589  0.083179 -0.762603 -1.525207  0.600000
 0.038639  0.077278 -0.713062 -1.426124  0.604000
 0.035881  0.071763 -0.666131 -1.332261  0.608000
 0.033306  0.066613 -0.621758 -1.243515  0.612000
 0.030904  0.061808 -0.579879 -1.159757  0.616000
 0.028664  0.057328 -0.540419 -1.080838  0.620000
 0.026577  0.053155 -0.503296 -1.006593  0.624000
 0.024635  0.049269 -0.468422 -0.936843  0.628000
 0.022827  0.045654 -0.435702 -0.871404  0.632000
 0.021146  0.042293 -0.405042 -0.810084  0.636000
 0.019584  0.039168 -0.376344 -0.752688  0.640000
 0.018133  0.036266 -0.349511 -0.699022  0.644000
 0.016786  0.033572 -0.324446 -0.648892  0.648000
 0.015535  0.031071 -0.301054 -0.602107  0.652000
 0.014375  0.028751 -0.279240 -0.558480  0.656000
 0.013299  0.026599 -0.258914 -0.517828  0.660000
 0.012302  0.024604 -0.239988 -0.479977  0.664000
 0.011378  0.022756 -0.222378 -0.444755  0.668000
 0.010521  0.021043 -0.206001 -0.412001  0.672000
 0.009728  0.019456 -0.190779 -0.381559  0.676000
 0.008994  0.017987 -0.176640 -0.353279  0.680000
 0.008314  0.016628 -0.163511 -0.327022  0.684000
 0.007684  0.015369 -0.151326 -0.302652  0.688000
 0.007102  0.014204 -0.140022 -0.280045  0.692000
 0.006563  0.013126 -0.129540 -0.259079  0.696000
 0.006065  0.012129 -0.119822 -0.239644  0.700000
 0.005604  0.011207 -0.110816 -0.221632  0.704000
 0.005177  0.010354 -0.102473 -0.204945  0.708000
 0.004783  0.009566 -0.094745 -0.189490  0.712000
 0.004419  0.008837 -0.087589 -0.175179  0.716000
 0.004082  0.008163 -0.080965 -0.161930  0.720000
 0.003770  0.007540 -0.074834 -0.149668  0.724000
 0.003482  0.006965 -0.069161 -0.138322  0.728000
 0.003216  0.006433 -0.063912 -0.127824  0.732000
 0.002970  0.005941 -0.059057 -0.118113  0.736000
 0.002743  0.005487 -0.054566 -0.109132  0.740000
 0.002533  0.005067 -0.050413 -0.100826  0.744000
 0.002340  0.004679 -0.046574 -0.093147  0.748000
 0.002161  0.004321 -0.043024 -0.086047  0.752000
 0.001995  0.003990 -0.039742 -0.079485  0.756000
 0.001842  0.003685 -0.036709 -0.073419  0.760000
 0.001701  0.003402 -0.033906 -0.067812  0.764000
 0.001571  0.003141 -0.031316 -0.062631  0.768000
 0.001450  0.002901 -0.028922 -0.057844  0.772000
 0.001339  0.002678 -0.026710 -0.053421  0.776000
 0.001236  0.002473 -0.024667 -0.049334  0.780000
 0.001142  0.002283 -0.022779 -0.045558  0.784000
 0.001054  0.002108 -0.021035 -0.042070  0.788000
 0.000973  0.001946 -0.019424 -0.038848  0.792000
 0.000898  0.001797 -0.017936 -0.035872  0.796000
 0.000829  0.001659 -0.016562 -0.033123  0.800000
 0.000766  0.001532 -0.015292 -0.030585  0.804000
 0.000707  0.001414 -0.014120 -0.028240  0.808000
 0.000653  0.001305 -0.013037 -0.026074  0.812000
 0.000603  0.001205 -0.012037 -0.024074  0.816000
 0.000556  0.001113 -0.011114 -0.022228  0.820000
 0.000514  0.001027 -0.010261 -0.020522  0.824000
 0.000474  0.000948 -0.009474 -0.018947  0.828000
 0.000438  0.000875 -0.008747 -0.017493  0.832000
 0.000404  0.000808 -0.008075 -0.016150  0.836000
 0.000373  0.000746 -0.007455 -0.014911  0.840000
 0.000344  0.000689 -0.006883 -0.013766  0.844000
 0.000318  0.000636 -0.006354 -0.012709  0.848000
 0.000293  0.000587 -0.005866 -0.011733  0.852000
 0.000271  0.000542 -0.005416 -0.010832  0.856000
 0.000250  0.000500 -0.005000 -0.010000  0.860000
 0.000231  0.000462 -0.004616 -0.009232  0.864000
 0.000213  0.000426 -0.004261 -0.008522  0.868000
 0.000197  0.000394 -0.003934 -0.007868  0.872000
 0.000182  0.000363 -0.003632 -0.007263  0.876000
 0.000168  0.000335 -0.003353 -0.006705  0.880000
 0.000155  0.000310 -0.003095 -0.006190  0.884000
 0.000143  0.000286 -0.002857 -0.005714  0.888000
 0.000132  0.000264 -0.002638 -0.005275  0.892000
 0.000122  0.000244 -0.002435 -0.004870  0.896000
 0.000112  0.000225 -0.002248 -0.004496  0.900000