  0.000000  11.313708   4.242641   7.071068
 10.000000   5.083916   1.176630   3.907286
 20.000000   2.888334   0.942750   1.945584
 30.000000   2.854164   1.083306   1.770858
 40.000000   2.829671   1.167226   1.662445
 50.000000   2.845197   1.502786   1.342411
 60.000000   2.854583   1.906470   0.948113
 70.000000   2.830111   1.891568   0.938543
 80.000000   2.828537   1.833055   0.995482
 90.000000   2.828619   1.753280   1.075339
100.000000   2.828433   1.947106   0.881327
110.000000   2.831183   1.755093   1.076090
120.000000   2.831749   1.717251   1.114498
130.000000   2.830501   1.704832   1.125669
140.000000   2.828984   1.658595   1.170389
150.000000   2.828436   1.734054   1.094382
160.000000   2.828429   1.768510   1.059919
170.000000   2.828435   1.735230   1.093205
180.000000   2.828437   1.731073   1.097364
190.000000   2.828441   1.751019   1.077422
200.000000   2.828435   1.759889   1.068546
210.000000   2.828430   1.772162   1.056267
220.000000   2.828427   1.782309   1.046118
230.000000   2.828427   1.778067   1.050360
240.000000   2.828427   1.778208   1.050219
250.000000   2.828428   1.771449   1.056979
260.000000   2.828427   1.768602   1.059825
270.000000   2.828427   1.769246   1.059181
280.000000   2.828427   1.767317   1.061110
290.000000   2.828427   1.768441   1.059986
300.000000   2.828427   1.769489   1.058939
310.000000   2.828427   1.770257   1.058170
320.000000   2.828427   1.770273   1.058154
330.000000   2.828427   1.770409   1.058018
340.000000   2.828427   1.770014   1.058413
350.000000   2.828427   1.770360   1.058067
360.000000   2.828427   1.770249   1.058179
370.000000   2.828427   1.770163   1.058265
380.000000   2.828427   1.769985   1.058442
390.000000   2.828427   1.769735   1.058692