-97.019454 -97.019454 -97.019454 -97.019454
-95.948324 -95.948324 -95.948324 -95.948324
-94.877194 -94.877194 -94.877194 -94.877194
-93.806064 -93.806064 -93.806064 -93.806064
-92.734934 -92.734934 -92.734934 -92.734934
-91.663805 -91.663805 -91.663805 -91.663805
-90.592675 -90.592675 -90.592675 -90.592675
-89.521545 -89.521545 -89.521545 -89.521545
-88.450415 -88.450415 -88.450415 -88.450415
-87.379285 -87.379285 -87.379285 -87.379285
-86.308155 -86.308155 -86.308155 -86.308155
-85.237026 -85.237026 -85.237026 -85.237026
-84.165896 -84.165896 -84.165896 -84.165896
-83.094766 -83.094766 -83.094766 -83.094766
-82.023636 -82.023636 -82.023636 -82.023636
-80.952506 -80.952506 -80.952506 -80.952506
-79.881377 -79.881377 -79.881377 -79.881377
-78.810247 -78.810247 -78.810247 -78.810247
-77.739117 -77.739117 -77.739117 -77.739117
-76.667987 -76.667987 -76.667987 -76.667987
-75.596857 -75.596857 -75.596857 -75.596857
-74.525727 -74.525727 -74.525727 -74.525727
-73.454598 -73.454598 -73.454598 -73.454598
-72.383468 -72.383468 -72.383468 -72.383468
-71.312338 -71.312338 -71.312338 -71.312338
-70.241208 -70.241208 -70.241208 -70.241208
-69.170078 -69.170078 -69.170078 -69.170078
-68.098948 -68.098948 -68.098948 -68.098948
-67.027819 -67.027819 -67.027819 -67.027819
-65.956689 -65.956689 -65.956689 -65.956689
-64.885559 -64.885559 -64.885559 -64.885559
-63.814429 -63.814429 -63.814429 -63.814429
-62.743299 -62.743299 -62.743299 -62.743299
-61.672169 -61.672169 -61.672169 -61.672169
-60.601040 -60.601040 -60.601040 -60.601040
-59.529910 -59.529910 -59.529910 -59.529910
-58.458780 -58.458780 -58.458780 -58.458780
-57.387650 -57.387650 -57.387650 -57.387650
-56.316520 -56.316520 -56.316520 -56.316520
-55.245390 -55.245390 -55.245390 -55.245390
-54.174261 -54.174261 -54.174261 -54.174261
-53.103131 -53.103131 -53.103131 -53.103131
-52.032001 -52.032001 -52.032001 -52.032001
-50.960871 -50.960871 -50.960871 -50.960871
-49.889741 -49.889741 -49.889741 -49.889741
-48.818611 -48.818611 -48.818611 -48.818611
-47.747482 -47.747482 -47.747482 -47.747482
-46.676352 -46.676352 -46.676352 -46.676352
-45.605222 -45.605222 -45.605222 -45.605222
-44.534092 -44.534092 -44.534092 -44.534092
-43.462962 -43.462962 -43.462962 -43.462962
-42.391833 -42.391833 -42.391833 -42.391833
-41.320703 -41.320703 -41.320703 -41.320703
-40.249573 -40.249573 -40.249573 -40.249573
-39.178443 -39.178443 -39.178443 -39.178443
-38.107313 -38.107313 -38.107313 -38.107313
-37.036183 -37.036183 -37.036183 -37.036183
-35.965054 -35.965054 -35.965054 -35.965054
-34.893924 -34.893924 -34.893924 -34.893924
-33.822794 -33.822794 -33.822794 -33.822794
-32.751664 -32.751664 -32.751664 -32.751664
-31.680534 -31.680534 -31.680534 -31.680534
-30.609404 -30.609404 -30.609404 -30.609404
-29.538275 -29.538275 -29.538275 -29.538275
-28.467145 -28.467145 -28.467145 -28.467145
-27.396015 -27.396015 -27.396015 -27.396015
-26.324885 -26.324885 -26.324885 -26.324885
-25.253755 -25.253755 -25.253755 -25.253755
-24.182625 -24.182625 -24.182625 -24.182625
-23.111496 -23.111496 -23.111496 -23.111496
-22.040366 -22.040366 -22.040366 -22.040366
-20.969236 -20.969236 -20.969236 -20.969236
-19.898106 -19.898106 -19.898106 -19.898106
-18.826976 -18.826976 -18.826976 -18.826976
-17.755846 -17.755846 -17.755846 -17.755846
-16.684717 -16.684717 -16.684717 -16.684717
-15.613587 -15.613587 -15.613587 -15.613587
-14.542457 -14.542457 -14.542457 -14.542457
-13.471327 -13.471327 -13.471327 -13.471327
-12.400197 -12.400197 -12.400197 -12.400197
-11.329067 -11.329067 -11.329067 -11.329067
-10.257938 -10.257938 -10.257938 -10.257938
 -9.186808  -9.186808  -9.186808  -9.186808
 -8.115678  -8.115678  -8.115678  -8.115678
 -7.044548  -7.044548  -7.044548  -7.044548
 -5.973418  -5.973418  -5.973418  -5.973418
 -4.902289  -4.902289  -4.902289  -4.902289
 -3.831159  -3.831159  -3.831159  -3.831159
 -2.760029  -2.760029  -2.760029  -2.760029
 -1.688899  -1.688899  -1.688899  -1.688899
 -0.617769  -0.617769  -0.617769  -0.617769
  0.453361   0.453361   0.453361   0.453361
  1.524490   1.524490   1.524490   1.524490
  2.595620   2.595620   2.595620   2.595620
  3.666750   3.666750   3.666750   3.666750
  4.737880   4.737880   4.737880   4.737880
  5.809010   5.809010   5.809010   5.809010
  6.880140   6.880140   6.880140   6.880140
  7.951269   7.951269   7.951269   7.951269
  9.022399   9.022399   9.022399   9.022399