  -0.000126   -2.670089  -10.302615  -19.335090  -27.894681  -34.659176  -38.742245  -39.575588  -36.839304  -30.424906  -20.420162   -7.108434    9.022399   27.264702   46.672136   66.035080   83.859428   98.337303  107.318176  108.275621   98.268417   73.892977   31.222527  -34.273767 -124.163951   33.664607   38.906586   41.203405   42.615574   43.089715   42.593408   41.114793   38.660950   35.254841   30.930725   25.728193   19.685239   12.833203    5.193617   -3.213591  -12.343347  -22.062517  -32.023914  -41.434333  -48.650345  -50.502090  -41.198320  -10.599221   59.516858  109.097220
  -4.996242   -6.141203  -11.212013  -18.455550  -25.809354  -31.832733  -35.547794  -36.313692  -33.751241  -27.701699  -18.208489   -5.514234    9.932024   27.460838   46.164344   64.872465   82.132144   96.178583  104.906741  105.838468   96.084035   72.295094   30.604570  -33.453217 -121.450675   33.189840   38.329488   40.583350   41.970051   42.435931   41.947965   40.493408   38.078241   34.724183   30.464191   25.336587   19.378224   12.619482    5.081141   -3.217551  -12.232461  -21.832405  -31.674562  -40.974978  -48.108504  -49.939284  -40.736288  -10.462202   58.924695  107.995229
  -9.992358   -9.612318  -12.121411  -17.576010  -23.724026  -29.006290  -32.353344  -33.051796  -30.663178  -24.978493  -15.996817   -3.920034   10.841649   27.656974   45.656551   63.709850   80.404859   94.019862  102.495306  103.401316   93.899654   70.697211   29.986612  -32.632667 -118.737399   32.715072   37.752390   39.963295   41.324528   41.782148   41.302522   39.872024   37.495533   34.193526   29.997657   24.944980   19.071209   12.405762    4.968664   -3.221511  -12.121574  -21.602293  -31.325210  -40.515622  -47.566663  -49.376478  -40.274256  -10.325183   58.332532  106.893238
 -14.988474  -13.083432  -13.030809  -16.696470  -21.638699  -26.179847  -29.158894  -29.789900  -27.575115  -22.255287  -13.785145   -2.325833   11.751273   27.853110   45.148758   62.547235   78.677574   91.861142  100.083872  100.964164   91.715272   69.099328   29.368654  -31.812116 -116.024123   32.240305   37.175292   39.343240   40.679005   41.128365   40.657080   39.250639   36.912825   33.662868   29.531122   24.553374   18.764193   12.192041    4.856188   -3.225471  -12.010688  -21.372180  -30.975857  -40.056267  -47.024823  -48.813672  -39.812223  -10.188165   57.740369  105.791247
 -19.984590  -16.554546  -13.940207  -15.816930  -19.553371  -23.353405  -25.964444  -26.528004  -24.487052  -19.532081  -11.573473   -0.731633   12.660898   28.049246   44.640966   61.384621   76.950289   89.702421   97.672437   98.527012   89.530891   67.501445   28.750697  -30.991566 -113.310847   31.765537   36.598194   38.723184   40.033482   40.474582   40.011637   38.629255   36.330116   33.132211   29.064588   24.161768   18.457178   11.978321    4.743711   -3.229431  -11.899801  -21.142068  -30.626505  -39.596912  -46.482982  -48.250865  -39.350191  -10.051146   57.148206  104.689256
 -24.980706  -20.025661  -14.849604  -14.937391  -17.468044  -20.526962  -22.769993  -23.266108  -21.398989  -16.808874   -9.361801    0.862568   13.570523   28.245382   44.133173   60.222006   75.223004   87.543701   95.261002   96.089860   87.346510   65.903562   28.132739  -30.171016 -110.597570   31.290770   36.021096   38.103129   39.387959   39.820798   39.366194   38.007871   35.747408   32.601553   28.598054   23.770162   18.150163   11.764601    4.631235   -3.233390  -11.788914  -20.911956  -30.277153  -39.137557  -45.941141  -47.688059  -38.888158   -9.914127   56.556042  103.587265
 -29.976822  -23.496775  -15.759002  -14.057851  -15.382716  -17.700519  -19.575543  -20.004212  -18.310926  -14.085668   -7.150129    2.456768   14.480147   28.441518   43.625380   59.059391   73.495719   85.384980   92.849568   93.652708   85.162128   64.305679   27.514781  -29.350466 -107.884294   30.816002   35.443998   37.483074   38.742436   39.167015   38.720752   37.386486   35.164700   32.070895   28.131520   23.378555   17.843147   11.550880    4.518759   -3.237350  -11.678028  -20.681844  -29.927801  -38.678201  -45.399301  -47.125253  -38.426126   -9.777108   55.963879  102.485274
 -34.972938  -26.967889  -16.668400  -13.178311  -13.297389  -14.874076  -16.381093  -16.742316  -15.222862  -11.362462   -4.938456    4.050968   15.389772   28.637654   43.117588   57.896776   71.768434   83.226260   90.438133   91.215556   82.977747   62.707796   26.896824  -28.529916 -105.171018   30.341235   34.866900   36.863019   38.096913   38.513232   38.075309   36.765102   34.581991   31.540238   27.664986   22.986949   17.536132   11.337160    4.406282   -3.241310  -11.567141  -20.451731  -29.578448  -38.218846  -44.857460  -46.562447  -37.964093   -9.640090   55.371716  101.383284
 -39.969054  -30.439004  -17.577798  -12.298771  -11.212061  -12.047634  -13.186643  -13.480419  -12.134799   -8.639256   -2.726784    5.645169   16.299397   28.833790   42.609795   56.734161   70.041149   81.067539   88.026698   88.778403   80.793366   61.109912   26.278866  -27.709365 -102.457742   29.866467   34.289801   36.242964   37.451390   37.859448   37.429866   36.143717   33.999283   31.009580   27.198452   22.595343   17.229117   11.123439    4.293806   -3.245270  -11.456255  -20.221619  -29.229096  -37.759491  -44.315619  -45.999641  -37.502061   -9.503071   54.779553  100.281293
 -44.965170  -33.910118  -18.487195  -11.419231   -9.126734   -9.221191   -9.992192  -10.218523   -9.046736   -5.916049   -0.515112    7.239369   17.209021   29.029926   42.102002   55.571546   68.313864   78.908819   85.615264   86.341251   78.608984   59.512029   25.660908  -26.888815  -99.744466   29.391700   33.712703   35.622908   36.805867   37.205665   36.784423   35.522333   33.416575   30.478923   26.731918   22.203736   16.922101   10.909719    4.181329   -3.249230  -11.345368  -19.991507  -28.879744  -37.300136  -43.773779  -45.436835  -37.040028   -9.366052   54.187390   99.179302
 -49.961286  -37.381232  -19.396593  -10.539691   -7.041406   -6.394748   -6.797742   -6.956627   -5.958673   -3.192843    1.696560    8.833570   18.118646   29.226062   41.594210   54.408931   66.586579   76.750099   83.203829   83.904099   76.424603   57.914146   25.042951  -26.068265  -97.031190   28.916932   33.135605   35.002853   36.160344   36.551882   36.138981   34.900948   32.833866   29.948265   26.265384   21.812130   16.615086   10.695998    4.068853   -3.253190  -11.234482  -19.761394  -28.530391  -36.840780  -43.231938  -44.874029  -36.577996   -9.229034   53.595227   98.077311
 -54.957402  -40.852346  -20.305991   -9.660151   -4.956079   -3.568306   -3.603292   -3.694731   -2.870610   -0.469637    3.908232   10.427770   19.028271   29.422198   41.086417   53.246317   64.859294   74.591378   80.792394   81.466947   74.240221   56.316263   24.424993  -25.247715  -94.317914   28.442165   32.558507   34.382798   35.514821   35.898098   35.493538   34.279564   32.251158   29.417608   25.798849   21.420524   16.308071   10.482278    3.956377   -3.257150  -11.123595  -19.531282  -28.181039  -36.381425  -42.690097  -44.311223  -36.115963   -9.092015   53.003064   96.975320
 -59.953518  -44.323461  -21.215389   -8.780611   -2.870751   -0.741863   -0.408842   -0.432835    0.217453    2.253569    6.119905   12.021970   19.937895   29.618334   40.578625   52.083702   63.132009   72.432658   78.380960   79.029795   72.055840   54.718380   23.807036  -24.427165  -91.604637   27.967397   31.981409   33.762743   34.869298   35.244315   34.848095   33.658179   31.668450   28.886950   25.332315   21.028917   16.001055   10.268557    3.843900   -3.261110  -11.012708  -19.301170  -27.831687  -35.922070  -42.148257  -43.748417  -35.653931   -8.954996   52.410901   95.873329
 -64.949634  -47.794575  -22.124787   -7.901071   -0.785424    2.084580    2.785609    2.829061    3.305516    4.976775    8.331577   13.616171   20.847520   29.814470   40.070832   50.921087   61.404725   70.273937   75.969525   76.592643   69.871459   53.120497   23.189078  -23.606614  -88.891361   27.492630   31.404311   33.142688   34.223775   34.590532   34.202653   33.036795   31.085741   28.356293   24.865781   20.637311   15.694040   10.054837    3.731424   -3.265070  -10.901822  -19.071057  -27.482335  -35.462715  -41.606416  -43.185611  -35.191898   -8.817978   51.818738   94.771338
 -69.945749  -51.265689  -23.034184   -7.021532    1.299904    4.911023    5.980059    6.090957    6.393579    7.699982   10.543249   15.210371   21.757145   30.010606   39.563039   49.758472   59.677440   68.115217   73.558090   74.155491   67.687077   51.522614   22.571120  -22.786064  -86.178085   27.017863   30.827213   32.522632   33.578251   33.936749   33.557210   32.415410   30.503033   27.825635   24.399247   20.245705   15.387025    9.841116    3.618947   -3.269030  -10.790935  -18.840945  -27.132982  -35.003359  -41.064575  -42.622805  -34.729866   -8.680959   51.226575   93.669347
 -74.941865  -54.736804  -23.943582   -6.141992    3.385231    7.737465    9.174509    9.352853    9.481642   10.423188   12.754921   16.804572   22.666770   30.206742   39.055247   48.595857   57.950155   65.956496   71.146656   71.718338   65.502696   49.924731   21.953163  -21.965514  -83.464809   26.543095   30.250115   31.902577   32.932728   33.282965   32.911767   31.794026   29.920325   27.294978   23.932713   19.854098   15.080009    9.627396    3.506471   -3.272990  -10.680049  -18.610833  -26.783630  -34.544004  -40.522735  -42.059999  -34.267833   -8.543940   50.634412   92.567356
 -79.937981  -58.207918  -24.852980   -5.262452    5.470559   10.563908   12.368959   12.614749   12.569705   13.146394   14.966593   18.398772   23.576394   30.402878   38.547454   47.433242   56.222870   63.797776   68.735221   69.281186   63.318315   48.326848   21.335205  -21.144964  -80.751533   26.068328   29.673017   31.282522   32.287205   32.629182   32.266324   31.172641   29.337617   26.764320   23.466179   19.462492   14.772994    9.413675    3.393995   -3.276950  -10.569162  -18.380721  -26.434278  -34.084649  -39.980894  -41.497193  -33.805801   -8.406921   50.042249   91.465366
 -84.934097  -61.679032  -25.762378   -4.382912    7.555886   13.390351   15.563410   15.876645   15.657768   15.869600   17.178266   19.992973   24.486019   30.599014   38.039661   46.270627   54.495585   61.639055   66.323786   66.844034   61.133933   46.728965   20.717247  -20.324413  -78.038257   25.593560   29.095919   30.662467   31.641682   31.975399   31.620882   30.551257   28.754908   26.233663   22.999645   19.070886   14.465978    9.199955    3.281518   -3.280910  -10.458275  -18.150608  -26.084926  -33.625294  -39.439053  -40.934387  -33.343768   -8.269903   49.450086   90.363375
 -89.930213  -65.150147  -26.671776   -3.503372    9.641214   16.216794   18.757860   19.138542   18.745832   18.592807   19.389938   21.587173   25.395644   30.795150   37.531869   45.108012   52.768300   59.480335   63.912352   64.406882   58.949552   45.131082   20.099290  -19.503863  -75.324981   25.118793   28.518821   30.042411   30.996159   31.321615   30.975439   29.929872   28.172200   25.703005   22.533111   18.679280   14.158963    8.986234    3.169042   -3.284870  -10.347389  -17.920496  -25.735573  -33.165939  -38.897213  -40.371581  -32.881736   -8.132884   48.857923   89.261384
 -94.926329  -68.621261  -27.581173   -2.623832   11.726541   19.043236   21.952310   22.400438   21.833895   21.316013   21.601610   23.181373   26.305268   30.991286   37.024076   43.945398   51.041015   57.321614   61.500917   61.969730   56.765170   43.533199   19.481332  -18.683313  -72.611704   24.644025   27.941722   29.422356   30.350636   30.667832   30.329996   29.308488   27.589492   25.172348   22.066576   18.287673   13.851948    8.772514    3.056565   -3.288830  -10.236502  -17.690384  -25.386221  -32.706583  -38.355372  -39.808775  -32.419703   -7.995865   48.265760   88.159393
 -99.922445  -72.092375  -28.490571   -1.744292   13.811868   21.869679   25.146761   25.662334   24.921958   24.039219   23.813282   24.775574   27.214893   31.187422   36.516283   42.782783   49.313730   55.162894   59.089482   59.532578   54.580789   41.935315   18.863374  -17.862763  -69.898428   24.169258   27.364624   28.802301   29.705113   30.014049   29.684554   28.687103   27.006783   24.641690   21.600042   17.896067   13.544932    8.558793    2.944089   -3.292790  -10.125616  -17.460271  -25.036869  -32.247228  -37.813531  -39.245969  -31.957671   -7.858847   47.673596   87.057402
-104.918561  -75.563490  -29.399969   -0.864752   15.897196   24.696122   28.341211   28.924230   28.010021   26.762425   26.024954   26.369774   28.124518   31.383558   36.008491   41.620168   47.586445   53.004173   56.678048   57.095426   52.396408   40.337432   18.245417  -17.042213  -67.185152   23.694490   26.787526   28.182246   29.059590   29.360266   29.039111   28.065719   26.424075   24.111033   21.133508   17.504461   13.237917    8.345073    2.831613   -3.296750  -10.014729  -17.230159  -24.687517  -31.787873  -37.271691  -38.683163  -31.495638   -7.721828   47.081433   85.955411
-109.914677  -79.034604  -30.309367    0.014788   17.982523   27.522565   31.535661   32.186126   31.098084   29.485632   28.236627   27.963975   29.034142   31.579694   35.500698   40.457553   45.859160   50.845453   54.266613   54.658273   50.212026   38.739549   17.627459  -16.221662  -64.471876   23.219723   26.210428   27.562191   28.414067   28.706482   28.393668   27.444334   25.841367   23.580375   20.666974   17.112854   12.930902    8.131352    2.719136   -3.300710   -9.903842  -17.000047  -24.338164  -31.328518  -36.729850  -38.120357  -31.033606   -7.584809   46.489270   84.853420
-114.910793  -82.505718  -31.218765    0.894327   20.067851   30.349007   34.730111   35.448022   34.186147   32.208838   30.448299   29.558175   29.943767   31.775830   34.992905   39.294938   44.131875   48.686733   51.855178   52.221121   48.027645   37.141666   17.009501  -15.401112  -61.758600   22.744955   25.633330   26.942135   27.768544   28.052699   27.748226   26.822950   25.258658   23.049718   20.200440   16.721248   12.623886    7.917632    2.606660   -3.304670   -9.792956  -16.769934  -23.988812  -30.869162  -36.188009  -37.557551  -30.571573   -7.447790   45.897107   83.751429
-119.906909  -85.976832  -32.128162    1.773867   22.153178   33.175450   37.924562   38.709918   37.274210   34.932044   32.659971   31.152375   30.853392   31.971966   34.485113   38.132323   42.404590   46.528012   49.443744   49.783969   45.843264   35.543783   16.391544  -14.580562  -59.045324   22.270188   25.056232   26.322080   27.123021   27.398916   27.102783   26.201565   24.675950   22.519060   19.733906   16.329642   12.316871    7.703911    2.494183   -3.308629   -9.682069  -16.539822  -23.639460  -30.409807  -35.646169  -36.994745  -30.109541   -7.310772   45.304944   82.649438
-124.903025  -89.447947  -33.037560    2.653407   24.238506   36.001893   41.119012   41.971814   40.362273   37.655250   34.871643   32.746576   31.763016   32.168102   33.977320   36.969708   40.677306   44.369292   47.032309   47.346817   43.658882   33.945900   15.773586  -13.760012  -56.332048   21.795420   24.479134   25.702025   26.477498   26.745132   26.457340   25.580181   24.093242   21.988402   19.267372   15.938035   12.009856    7.490191    2.381707   -3.312589   -9.571183  -16.309710  -23.290107  -29.950452  -35.104328  -36.431939  -29.647508   -7.173753   44.712781   81.547448
-129.899141  -92.919061  -33.946958    3.532947   26.323833   38.828336   44.313462   45.233710   43.450336   40.378456   37.083315   34.340776   32.672641   32.364238   33.469528   35.807094   38.950021   42.210571   44.620874   44.909665   41.474501   32.348017   15.155628  -12.939462  -53.618772   21.320653   23.902036   25.081970   25.831975   26.091349   25.811897   24.958797   23.510533   21.457745   18.800838   15.546429   11.702840    7.276470    2.269231   -3.316549   -9.460296  -16.079598  -22.940755  -29.491097  -34.562487  -35.869133  -29.185476   -7.036734   44.120618   80.445457
-134.895257  -96.390175  -34.856356    4.412487   28.409161   41.654778   47.507912   48.495607   46.538399   43.101663   39.294987   35.934977   33.582266   32.560374   32.961735   34.644479   37.222736   40.051851   42.209440   42.472513   39.290119   30.750134   14.537671  -12.118911  -50.905495   20.845885   23.324938   24.461915   25.186452   25.437566   25.166455   24.337412   22.927825   20.927087   18.334303   15.154823   11.395825    7.062750    2.156754   -3.320509   -9.349409  -15.849485  -22.591403  -29.031741  -34.020647  -35.306326  -28.723443   -6.899716   43.528455   79.343466
-139.891373  -99.861290  -35.765753    5.292027   30.494488   44.481221   50.702363   51.757503   49.626462   45.824869   41.506660   37.529177   34.491890   32.756510   32.453942   33.481864   35.495451   37.893130   39.798005   40.035361   37.105738   29.152251   13.919713  -11.298361  -48.192219   20.371118   22.747840   23.841859   24.540929   24.783782   24.521012   23.716028   22.345117   20.396430   17.867769   14.763217   11.088810    6.849029    2.044278   -3.324469   -9.238523  -15.619373  -22.242051  -28.572386  -33.478806  -34.743520  -28.261411   -6.762697   42.936292   78.241475
-144.887489 -103.332404  -36.675151    6.171567   32.579816   47.307664   53.896813   55.019399   52.714526   48.548075   43.718332   39.123377   35.401515   32.952646   31.946150   32.319249   33.768166   35.734410   37.386570   37.598208   34.921357   27.554368   13.301755  -10.477811  -45.478943   19.896350   22.170742   23.221804   23.895406   24.129999   23.875569   23.094643   21.762408   19.865772   17.401235   14.371610   10.781794    6.635309    1.931801   -3.328429   -9.127636  -15.389261  -21.892698  -28.113031  -32.936965  -34.180714  -27.799378   -6.625678   42.344129   77.139484
-149.883605 -106.803518  -37.584549    7.051107   34.665143   50.134107   57.091263   58.281295   55.802589   51.271281   45.930004   40.717578   36.311140   33.148782   31.438357   31.156634   32.040881   33.575689   34.975136   35.161056   32.736975   25.956485   12.683798   -9.657261  -42.765667   19.421583   21.593643   22.601749   23.249883   23.476216   23.230127   22.473259   21.179700   19.335115   16.934701   13.980004   10.474779    6.421589    1.819325   -3.332389   -9.016750  -15.159148  -21.543346  -27.653676  -32.395125  -33.617908  -27.337346   -6.488659   41.751966   76.037493
-154.879721 -110.274633  -38.493947    7.930647   36.750471   52.960549   60.285713   61.543191   58.890652   53.994488   48.141676   42.311778   37.220764   33.344918   30.930564   29.994019   30.313596   31.416969   32.563701   32.723904   30.552594   24.358602   12.065840   -8.836711  -40.052391   18.946815   21.016545   21.981694   22.604360   22.822433   22.584684   21.851874   20.596992   18.804457   16.468167   13.588398   10.167764    6.207868    1.706849   -3.336349   -8.905863  -14.929036  -21.193994  -27.194321  -31.853284  -33.055102  -26.875314   -6.351641   41.159803   74.935502
-159.875837 -113.745747  -39.403345    8.810186   38.835798   55.786992   63.480164   64.805087   61.978715   56.717694   50.353348   43.905979   38.130389   33.541054   30.422772   28.831404   28.586311   29.258248   30.152266   30.286752   28.368213   22.760719   11.447882   -8.016160  -37.339115   18.472048   20.439447   21.361638   21.958837   22.168649   21.939241   21.230490   20.014284   18.273800   16.001633   13.196791    9.860748    5.994148    1.594372   -3.340309   -8.794977  -14.698924  -20.844642  -26.734965  -31.311443  -32.492296  -26.413281   -6.214622   40.567640   73.833511
-164.871953 -117.216861  -40.312742    9.689726   40.921126   58.613435   66.674614   68.066983   65.066778   59.440900   52.565021   45.500179   39.040014   33.737190   29.914979   27.668790   26.859026   27.099528   27.740832   27.849600   26.183831   21.162835   10.829925   -7.195610  -34.625839   17.997280   19.862349   20.741583   21.313314   21.514866   21.293798   20.609105   19.431575   17.743142   15.535099   12.805185    9.553733    5.780427    1.481896   -3.344269   -8.684090  -14.468811  -20.495289  -26.275610  -30.769603  -31.929490  -25.951249   -6.077603   39.975477   72.731520
-169.868069 -120.687975  -41.222140   10.569266   43.006453   61.439878   69.869064   71.328879   68.154841   62.164106   54.776693   47.094379   39.949639   33.933326   29.407186   26.506175   25.131741   24.940807   25.329397   25.412448   23.999450   19.564952   10.211967   -6.375060  -31.912562   17.522513   19.285251   20.121528   20.667791   20.861083   20.648356   19.987721   18.848867   17.212485   15.068565   12.413579    9.246718    5.566707    1.369419   -3.348229   -8.573203  -14.238699  -20.145937  -25.816255  -30.227762  -31.366684  -25.489216   -5.940585   39.383314   71.629530
-174.864184 -124.159090  -42.131538   11.448806   45.091781   64.266320   73.063514   74.590775   71.242904   64.887313   56.988365   48.688580   40.859263   34.129462   28.899394   25.343560   23.404456   22.782087   22.917962   22.975296   21.815068   17.967069    9.594009   -5.554510  -29.199286   17.047745   18.708153   19.501473   20.022268   20.207299   20.002913   19.366336   18.266159   16.681827   14.602030   12.021972    8.939702    5.352986    1.256943   -3.352189   -8.462317  -14.008587  -19.796585  -25.356900  -29.685921  -30.803878  -25.027184   -5.803566   38.791150   70.527539
-179.860300 -127.630204  -43.040936   12.328346   47.177108   67.092763   76.257965   77.852671   74.330967   67.610519   59.200037   50.282780   41.768888   34.325598   28.391601   24.180945   21.677171   20.623367   20.506528   20.538143   19.630687   16.369186    8.976052   -4.733959  -26.486010   16.572978   18.131055   18.881418   19.376745   19.553516   19.357470   18.744952   17.683450   16.151170   14.135496   11.630366    8.632687    5.139266    1.144467   -3.356149   -8.351430  -13.778475  -19.447233  -24.897544  -29.144081  -30.241072  -24.565151   -5.666547   38.198987   69.425548
-184.856416 -131.101318  -43.950334   13.207886   49.262436   69.919206   79.452415   81.114568   77.419030   70.333725   61.411709   51.876981   42.678513   34.521734   27.883808   23.018330   19.949887   18.464646   18.095093   18.100991   17.446306   14.771303    8.358094   -3.913409  -23.772734   16.098210   17.553957   18.261362   18.731222   18.899733   18.712028   18.123567   17.100742   15.620512   13.668962   11.238760    8.325672    4.925545    1.031990   -3.360109   -8.240544  -13.548362  -19.097880  -24.438189  -28.602240  -29.678266  -24.103119   -5.529529   37.606824   68.323557
-189.852532 -134.572433  -44.859731   14.087426   51.347763   72.745649   82.646865   84.376464   80.507093   73.056931   63.623382   53.471181   43.588137   34.717870   27.376016   21.855715   18.222602   16.305926   15.683658   15.663839   15.261924   13.173420    7.740137   -3.092859  -21.059458   15.623443   16.976859   17.641307   18.085699   18.245950   18.066585   17.502183   16.518034   15.089855   13.202428   10.847153    8.018656    4.711825    0.919514   -3.364069   -8.129657  -13.318250  -18.748528  -23.978834  -28.060399  -29.115460  -23.641086   -5.392510   37.014661   67.221566
-194.848648 -138.043547  -45.769129   14.966966   53.433091   75.572091   85.841315   87.638360   83.595156   75.780138   65.835054   55.065382   44.497762   34.914006   26.868223   20.693100   16.495317   14.147205   13.272224   13.226687   13.077543   11.575537    7.122179   -2.272309  -18.346182   15.148675   16.399761   17.021252   17.440176   17.592166   17.421142   16.880798   15.935325   14.559197   12.735894   10.455547    7.711641    4.498104    0.807037   -3.368029   -8.018770  -13.088138  -18.399176  -23.519479  -27.518559  -28.552654  -23.179054   -5.255491   36.422498   66.119575
-199.844764 -141.514661  -46.678527   15.846506   55.518418   78.398534   89.035766   90.900256   86.683220   78.503344   68.046726   56.659582   45.407387   35.110142   26.360430   19.530486   14.768032   11.988485   10.860789   10.789535   10.893162    9.977654    6.504221   -1.451759  -15.632906   14.673908   15.822663   16.401197   16.794653   16.938383   16.775699   16.259414   15.352617   14.028540   12.269360   10.063941    7.404626    4.284384    0.694561   -3.371989   -7.907884  -12.858025  -18.049823  -23.060123  -26.976718  -27.989848  -22.717021   -5.118472   35.830335   65.017584
-204.840880 -144.985776  -47.587925   16.726045   57.603746   81.224977   92.230216   94.162152   89.771283   81.226550   70.258398   58.253782   46.317011   35.306278   25.852638   18.367871   13.040747    9.829764    8.449354    8.352383    8.708780    8.379771    5.886264   -0.631208  -12.919629   14.199140   15.245564   15.781142   16.149130   16.284600   16.130257   15.638029   14.769909   13.497882   11.802826    9.672335    7.097610    4.070663    0.582085   -3.375949   -7.796997  -12.627913  -17.700471  -22.600768  -26.434877  -27.427042  -22.254989   -4.981454   35.238172   63.915593
-209.836996 -148.456890  -48.497323   17.605585   59.689073   84.051420   95.424666   97.424048   92.859346   83.949756   72.470070   59.847983   47.226636   35.502414   25.344845   17.205256   11.313462    7.671044    6.037920    5.915231    6.524399    6.781888    5.268306    0.189342  -10.206353   13.724373   14.668466   15.161086   15.503607   15.630816   15.484814   15.016645   14.187200   12.967225   11.336292    9.280728    6.790595    3.856943    0.469608   -3.379909   -7.686111  -12.397801  -17.351119  -22.141413  -25.893037  -26.864236  -21.792956   -4.844435   34.646009   62.813602
-214.833112 -151.928004  -49.406720   18.485125   61.774401   86.877862   98.619117  100.685944   95.947409   86.672962   74.681743   61.442183   48.136261   35.698550   24.837053   16.042641    9.586177    5.512323    3.626485    3.478078    4.340017    5.184005    4.650348    1.009892   -7.493077   13.249605   14.091368   14.541031   14.858084   14.977033   14.839371   14.395260   13.604492   12.436567   10.869757    8.889122    6.483580    3.643222    0.357132   -3.383868   -7.575224  -12.167688  -17.001767  -21.682058  -25.351196  -26.301430  -21.330924   -4.707416   34.053846   61.711612
-219.829228 -155.399119  -50.316118   19.364665   63.859728   89.704305  101.813567  103.947840   99.035472   89.396169   76.893415   63.036384   49.045885   35.894686   24.329260   14.880026    7.858892    3.353603    1.215050    1.040926    2.155636    3.586122    4.032391    1.830442   -4.779801   12.774838   13.514270   13.920976   14.212561   14.323250   14.193929   13.773876   13.021784   11.905910   10.403223    8.497516    6.176564    3.429502    0.244655   -3.387828   -7.464337  -11.937576  -16.652414  -21.222702  -24.809355  -25.738624  -20.868891   -4.570398   33.461683   60.609621
-224.825344 -158.870233  -51.225516   20.244205   65.945056   92.530748  105.008017  107.209736  102.123535   92.119375   79.105087   64.630584   49.955510   36.090822   23.821467   13.717411    6.131607    1.194882   -1.196384   -1.396226   -0.028745    1.988238    3.414433    2.650992   -2.066525   12.300070   12.937172   13.300921   13.567038   13.669466   13.548486   13.152491   12.439075   11.375252    9.936689    8.105909    5.869549    3.215781    0.132179   -3.391788   -7.353451  -11.707464  -16.303062  -20.763347  -24.267515  -25.175818  -20.406859   -4.433379   32.869520   59.507630
-229.821460 -162.341347  -52.134914   21.123745   68.030383   95.357190  108.202467  110.471632  105.211598   94.842581   81.316759   66.224784   50.865135   36.286958   23.313675   12.554796    4.404322   -0.963838   -3.607819   -3.833378   -2.213127    0.390355    2.796475    3.471543    0.646751   11.825303   12.360074   12.680866   12.921515   13.015683   12.903043   12.531107   11.856367   10.844594    9.470155    7.714303    5.562533    3.002061    0.019703   -3.395748   -7.242564  -11.477351  -15.953710  -20.303992  -23.725674  -24.613012  -19.944826   -4.296360   32.277357   58.405639
-234.817576 -165.812461  -53.044312   22.003285   70.115711   98.183633  111.396918  113.733529  108.299661   97.565787   83.528431   67.818985   51.774759   36.483094   22.805882   11.392182    2.677037   -3.122559   -6.019254   -6.270530   -4.397508   -1.207528    2.178518    4.292093    3.360027   11.350536   11.782976   12.060810   12.275992   12.361900   12.257601   11.909723   11.273659   10.313937    9.003621    7.322697    5.255518    2.788340   -0.092774   -3.399708   -7.131678  -11.247239  -15.604358  -19.844637  -23.183833  -24.050206  -19.482794   -4.159341   31.685194   57.303648
-239.813692 -169.283576  -53.953709   22.882825   72.201038  101.010076  114.591368  116.995425  111.387724  100.288994   85.740103   69.413185   52.684384   36.679230   22.298089   10.229567    0.949753   -5.281279   -8.430688   -8.707682   -6.581889   -2.805411    1.560560    5.112643    6.073303   10.875768   11.205878   11.440755   11.630469   11.708117   11.612158   11.288338   10.690950    9.783279    8.537087    6.931090    4.948503    2.574620   -0.205250   -3.403668   -7.020791  -11.017127  -15.255005  -19.385282  -22.641993  -23.487400  -19.020761   -4.022323   31.093031   56.201657
-244.809808 -172.754690  -54.863107   23.762365   74.286366  103.836519  117.785818  120.257321  114.475787  103.012200   87.951776   71.007386   53.594009   36.875366   21.790297    9.066952   -0.777532   -7.439999  -10.842123  -11.144834   -8.766271   -4.403294    0.942602    5.933193    8.786580   10.401001   10.628780   10.820700   10.984946   11.054333   10.966715   10.666954   10.108242    9.252622    8.070553    6.539484    4.641487    2.360899   -0.317727   -3.407628   -6.909905  -10.787015  -14.905653  -18.925926  -22.100152  -22.924594  -18.558729   -3.885304   30.500868   55.099666
-249.805924 -176.225804  -55.772505   24.641904   76.371693  106.662961  120.980268  123.519217  117.563850  105.735406   90.163448   72.601586   54.503633   37.071502   21.282504    7.904337   -2.504817   -9.598720  -13.253558  -13.581987  -10.950652   -6.001177    0.324645    6.753743   11.499856    9.926233   10.051682   10.200645   10.339423   10.400550   10.321272   10.045569    9.525534    8.721964    7.604019    6.147878    4.334472    2.147179   -0.430203   -3.411588   -6.799018  -10.556902  -14.556301  -18.466571  -21.558311  -22.361787  -18.096696   -3.748285   29.908704   53.997675
-254.802040 -179.696919  -56.681903   25.521444   78.457020  109.489404  124.174719  126.781113  120.651914  108.458612   92.375120   74.195786   55.413258   37.267638   20.774711    6.741722   -4.232102  -11.757440  -15.664992  -16.019139  -13.135034   -7.599060   -0.293313    7.574294   14.213132    9.451466    9.474584    9.580589    9.693900    9.746767    9.675830    9.424185    8.942826    8.191307    7.137484    5.756271    4.027457    1.933458   -0.542680   -3.415548   -6.688131  -10.326790  -14.206948  -18.007216  -21.016471  -21.798981  -17.634664   -3.611267   29.316541   52.895684
-259.798156 -183.168033  -57.591300   26.400984   80.542348  112.315847  127.369169  130.043009  123.739977  111.181819   94.586792   75.789987   56.322883   37.463774   20.266919    5.579107   -5.959387  -13.916161  -18.076427  -18.456291  -15.319415   -9.196943   -0.911271    8.394844   16.926408    8.976698    8.897485    8.960534    9.048377    9.092983    9.030387    8.802800    8.360117    7.660649    6.670950    5.364665    3.720441    1.719738   -0.655156   -3.419508   -6.577245  -10.096678  -13.857596  -17.547861  -20.474630  -21.236175  -17.172631   -3.474248   28.724378   51.793694
-264.794272 -186.639147  -58.500698   27.280524   82.627675  115.142290  130.563619  133.304905  126.828040  113.905025   96.798464   77.384187   57.232507   37.659910   19.759126    4.416492   -7.686672  -16.074881  -20.487862  -20.893443  -17.503796  -10.794826   -1.529228    9.215394   19.639684    8.501931    8.320387    8.340479    8.402854    8.439200    8.384944    8.181416    7.777409    7.129992    6.204416    4.973059    3.413426    1.506017   -0.767632   -3.423468   -6.466358   -9.866565  -13.508244  -17.088505  -19.932789  -20.673369  -16.710599   -3.337229   28.132215   50.691703
-269.790388 -190.110262  -59.410096   28.160064   84.713003  117.968732  133.758069  136.566801  129.916103  116.628231   99.010137   78.978388   58.142132   37.856046   19.251333    3.253878   -9.413957  -18.233602  -22.899296  -23.330595  -19.688178  -12.392709   -2.147186   10.035944   22.352960    8.027163    7.743289    7.720424    7.757331    7.785417    7.739502    7.560031    7.194701    6.599334    5.737882    4.581453    3.106411    1.292297   -0.880109   -3.427428   -6.355472   -9.636453  -13.158892  -16.629150  -19.390949  -20.110563  -16.248566   -3.200210   27.540052   49.589712
-274.786504 -193.581376  -60.319494   29.039604   86.798330  120.795175  136.952520  139.828697  133.004166  119.351437  101.221809   80.572588   59.051757   38.052182   18.743541    2.091263  -11.141242  -20.392322  -25.310731  -25.767747  -21.872559  -13.990592   -2.765144   10.856495   25.066236    7.552396    7.166191    7.100369    7.111808    7.131634    7.094059    6.938647    6.611992    6.068677    5.271348    4.189846    2.799395    1.078577   -0.992585   -3.431388   -6.244585   -9.406341  -12.809539  -16.169795  -18.849108  -19.547757  -15.786534   -3.063192   26.947889   48.487721
-279.782619 -197.052490  -61.228892   29.919144   88.883658  123.621618  140.146970  143.090594  136.092229  122.074643  103.433481   82.166788   59.961382   38.248318   18.235748    0.928648  -12.868527  -22.551043  -27.722166  -28.204899  -24.056940  -15.588475   -3.383101   11.677045   27.779513    7.077628    6.589093    6.480313    6.466285    6.477850    6.448616    6.317262    6.029284    5.538019    4.804814    3.798240    2.492380    0.864856   -1.105062   -3.435348   -6.133698   -9.176228  -12.460187  -15.710440  -18.307267  -18.984951  -15.324501   -2.926173   26.355726   47.385730
-284.778735 -200.523605  -62.138289   30.798684   90.968985  126.448061  143.341420  146.352490  139.180292  124.797850  105.645153   83.760989   60.871006   38.444454   17.727956   -0.233967  -14.595812  -24.709763  -30.133600  -30.642052  -26.241322  -17.186359   -4.001059   12.497595   30.492789    6.602861    6.011995    5.860258    5.820762    5.824067    5.803173    5.695878    5.446576    5.007362    4.338280    3.406634    2.185365    0.651136   -1.217538   -3.439308   -6.022812   -8.946116  -12.110835  -15.251084  -17.765427  -18.422145  -14.862469   -2.789154   25.763563   46.283739
-289.774851 -203.994719  -63.047687   31.678224   93.054313  129.274503  146.535870  149.614386  142.268355  127.521056  107.856825   85.355189   61.780631   38.640590   17.220163   -1.396582  -16.323097  -26.868484  -32.545035  -33.079204  -28.425703  -18.784242   -4.619017   13.318145   33.206065    6.128093    5.434897    5.240203    5.175239    5.170284    5.157731    5.074493    4.863867    4.476704    3.871746    3.015027    1.878349    0.437415   -1.330014   -3.443268   -5.911925   -8.716004  -11.761483  -14.791729  -17.223586  -17.859339  -14.400437   -2.652136   25.171400   45.181748
-294.770967 -207.465833  -63.957085   32.557764   95.139640  132.100946  149.730321  152.876282  145.356418  130.244262  110.068498   86.949390   62.690256   38.836726   16.712370   -2.559197  -18.050382  -29.027204  -34.956470  -35.516356  -30.610085  -20.382125   -5.236974   14.138695   35.919341    5.653326    4.857799    4.620148    4.529716    4.516500    4.512288    4.453109    4.281159    3.946047    3.405211    2.623421    1.571334    0.223695   -1.442491   -3.447228   -5.801039   -8.485892  -11.412130  -14.332374  -16.681745  -17.296533  -13.938404   -2.515117   24.579237   44.079757
-299.767083 -210.936947  -64.866483   33.437303   97.224968  134.927389  152.924771  156.138178  148.444481  132.967468  112.280170   88.543590   63.599880   39.032862   16.204578   -3.721812  -19.777666  -31.185925  -37.367904  -37.953508  -32.794466  -21.980008   -5.854932   14.959246   38.632617    5.178558    4.280701    4.000093    3.884193    3.862717    3.866845    3.831724    3.698451    3.415389    2.938677    2.231815    1.264319    0.009974   -1.554967   -3.451188   -5.690152   -8.255779  -11.062778  -13.873019  -16.139905  -16.733727  -13.476372   -2.378098   23.987074   42.977766
-304.763199 -214.408062  -65.775881   34.316843   99.310295  137.753832  156.119221  159.400074  151.532544  135.690675  114.491842   90.137791   64.509505   39.228998   15.696785   -4.884427  -21.504951  -33.344645  -39.779339  -40.390660  -34.978847  -23.577891   -6.472890   15.779796   41.345893    4.703791    3.703603    3.380037    3.238670    3.208934    3.221403    3.210340    3.115742    2.884732    2.472143    1.840208    0.957303   -0.203746   -1.667444   -3.455148   -5.579265   -8.025667  -10.713426  -13.413664  -15.598064  -16.170921  -13.014339   -2.241080   23.394911   41.875776
-309.759315 -217.879176  -66.685278   35.196383  101.395623  140.580274  159.313671  162.661970  154.620608  138.413881  116.703514   91.731991   65.419130   39.425134   15.188992   -6.047041  -23.232236  -35.503365  -42.190774  -42.827812  -37.163229  -25.175774   -7.090847   16.600346   44.059169    4.229023    3.126504    2.759982    2.593147    2.555150    2.575960    2.588955    2.533034    2.354074    2.005609    1.448602    0.650288   -0.417467   -1.779920   -3.459108   -5.468379   -7.795555  -10.364074  -12.954308  -15.056223  -15.608115  -12.552307   -2.104061   22.802748   40.773785
-314.755431 -221.350290  -67.594676   36.075923  103.480950  143.406717  162.508122  165.923866  157.708671  141.137087  118.915186   93.326191   66.328754   39.621270   14.681200   -7.209656  -24.959521  -37.662086  -44.602208  -45.264965  -39.347610  -26.773657   -7.708805   17.420896   46.772446    3.754256    2.549406    2.139927    1.947624    1.901367    1.930517    1.967571    1.950326    1.823417    1.539075    1.056996    0.343273   -0.631187   -1.892396   -3.463067   -5.357492   -7.565442  -10.014721  -12.494953  -14.514383  -15.045309  -12.090274   -1.967042   22.210585   39.671794
-319.751547 -224.821405  -68.504074   36.955463  105.566278  146.233160  165.702572  169.185762  160.796734  143.860293  121.126859   94.920392   67.238379   39.817406   14.173407   -8.372271  -26.686806  -39.820806  -47.013643  -47.702117  -41.531991  -28.371540   -8.326762   18.241446   49.485722    3.279488    1.972308    1.519872    1.302101    1.247584    1.285075    1.346186    1.367617    1.292759    1.072541    0.665390    0.036257   -0.844908   -2.004873   -3.467027   -5.246606   -7.335330   -9.665369  -12.035598  -13.972542  -14.482503  -11.628242   -1.830023   21.618422   38.569803
-324.747663 -228.292519  -69.413472   37.835003  107.651605  149.059603  168.897022  172.447658  163.884797  146.583500  123.338531   96.514592   68.148004   40.013542   13.665614   -9.534886  -28.414091  -41.979527  -49.425078  -50.139269  -43.716373  -29.969423   -8.944720   19.061997   52.198998    2.804721    1.395210    0.899816    0.656578    0.593801    0.639632    0.724802    0.784909    0.762102    0.606007    0.273783   -0.270758   -1.058628   -2.117349   -3.470987   -5.135719   -7.105218   -9.316017  -11.576243  -13.430701  -13.919697  -11.166209   -1.693005   21.026258   37.467812
-329.743779 -231.763633  -70.322870   38.714543  109.736933  151.886045  172.091472  175.709555  166.972860  149.306706  125.550203   98.108793   69.057628   40.209678   13.157822  -10.697501  -30.141376  -44.138247  -51.836512  -52.576421  -45.900754  -31.567306   -9.562678   19.882547   54.912274    2.329953    0.818112    0.279761    0.011055   -0.059983   -0.005811    0.103418    0.202201    0.231444    0.139473   -0.117823   -0.577773   -1.272349   -2.229826   -3.474947   -5.024833   -6.875105   -8.966664  -11.116887  -12.888861  -13.356891  -10.704177   -1.555986   20.434095   36.365821
-334.739895 -235.234748  -71.232267   39.594083  111.822260  154.712488  175.285923  178.971451  170.060923  152.029912  127.761875   99.702993   69.967253   40.405814   12.650029  -11.860116  -31.868661  -46.296968  -54.247947  -55.013573  -48.085135  -33.165189  -10.180635   20.703097   57.625550    1.855186    0.241014   -0.340294   -0.634468   -0.713766   -0.651254   -0.517967   -0.380507   -0.299214   -0.327062   -0.509429   -0.884789   -1.486069   -2.342302   -3.478907   -4.913946   -6.644993   -8.617312  -10.657532  -12.347020  -12.794085  -10.242144   -1.418967   19.841932   35.263830
-339.736011 -238.705862  -72.141665   40.473623  113.907588  157.538931  178.480373  182.233347  173.148986  154.753118  129.973547  101.297193   70.876878   40.601950   12.142236  -13.022731  -33.595946  -48.455688  -56.659382  -57.450725  -50.269517  -34.763072  -10.798593   21.523647   60.338826    1.380418   -0.336084   -0.960349   -1.279991   -1.367549   -1.296696   -1.139351   -0.963216   -0.829871   -0.793596   -0.901036   -1.191804   -1.699790   -2.454778   -3.482867   -4.803059   -6.414881   -8.267960  -10.198177  -11.805179  -12.231279   -9.780112   -1.281949   19.249769   34.161839
-344.732127 -242.176976  -73.051063   41.353162  115.992915  160.365374  181.674823  185.495243  176.237049  157.476324  132.185219  102.891394   71.786502   40.798086   11.634444  -14.185345  -35.323231  -50.614409  -59.070816  -59.887877  -52.453898  -36.360956  -11.416551   22.344198   63.052102    0.905651   -0.913182   -1.580404   -1.925514   -2.021333   -1.942139   -1.760736   -1.545924   -1.360529   -1.260130   -1.292642   -1.498819   -1.913510   -2.567255   -3.486827   -4.692173   -6.184769   -7.918608   -9.738822  -11.263339  -11.668473   -9.318079   -1.144930   18.657606   33.059848
-349.728243 -245.648091  -73.960461   42.232702  118.078243  163.191816  184.869274  188.757139  179.325112  160.199531  134.396892  104.485594   72.696127   40.994222   11.126651  -15.347960  -37.050516  -52.773129  -61.482251  -62.325030  -54.638280  -37.958839  -12.034508   23.164748   65.765378    0.430883   -1.490280   -2.200460   -2.571037   -2.675116   -2.587582   -2.382120   -2.128632   -1.891186   -1.726664   -1.684248   -1.805835   -2.127231   -2.679731   -3.490787   -4.581286   -5.954656   -7.569255   -9.279466  -10.721498  -11.105667   -8.856047   -1.007911   18.065443   31.957858
-354.724359 -249.119205  -74.869858   43.112242  120.163570  166.018259  188.063724  192.019035  182.413175  162.922737  136.608564  106.079795   73.605752   41.190358   10.618858  -16.510575  -38.777801  -54.931850  -63.893686  -64.762182  -56.822661  -39.556722  -12.652466   23.985298   68.478655   -0.043884   -2.067378   -2.820515   -3.216560   -3.328899   -3.233024   -3.003505   -2.711341   -2.421844   -2.193198   -2.075855   -2.112850   -2.340951   -2.792208   -3.494747   -4.470400   -5.724544   -7.219903   -8.820111  -10.179657  -10.542861   -8.394014   -0.870892   17.473280   30.855867
-359.720475 -252.590319  -75.779256   43.991782  122.248898  168.844702  191.258174  195.280931  185.501238  165.645943  138.820236  107.673995   74.515376   41.386494   10.111066  -17.673190  -40.505085  -57.090570  -66.305120  -67.199334  -59.007042  -41.154605  -13.270424   24.805848   71.191931   -0.518652   -2.644476   -3.440570   -3.862083   -3.982682   -3.878467   -3.624889   -3.294049   -2.952501   -2.659732   -2.467461   -2.419865   -2.554672   -2.904684   -3.498707   -4.359513   -5.494432   -6.870551   -8.360756   -9.637817   -9.980055   -7.931982   -0.733874   16.881117   29.753876
-364.716591 -256.061433  -76.688654   44.871322  124.334225  171.671145  194.452624  198.542827  188.589302  168.369149  141.031908  109.268195   75.425001   41.582630    9.603273  -18.835805  -42.232370  -59.249291  -68.716555  -69.636486  -61.191424  -42.752488  -13.888381   25.626398   73.905207   -0.993419   -3.221575   -4.060625   -4.507606   -4.636466   -4.523910   -4.246274   -3.876757   -3.483159   -3.126266   -2.859067   -2.726881   -2.768392   -3.017160   -3.502667   -4.248626   -5.264319   -6.521199   -7.901401   -9.095976   -9.417248   -7.469949   -0.596855   16.288954   28.651885
-369.712707 -259.532548  -77.598052   45.750862  126.419553  174.497587  197.647075  201.804723  191.677365  171.092356  143.243580  110.862396   76.334626   41.778766    9.095481  -19.998420  -43.959655  -61.408011  -71.127990  -72.073638  -63.375805  -44.350371  -14.506339   26.446949   76.618483   -1.468187   -3.798673   -4.680680   -5.153129   -5.290249   -5.169353   -4.867658   -4.459466   -4.013816   -3.592800   -3.250674   -3.033896   -2.982113   -3.129637   -3.506627   -4.137740   -5.034207   -6.171846   -7.442045   -8.554135   -8.854442   -7.007917   -0.459836   15.696791   27.549894
-374.708823 -263.003662  -78.507450   46.630402  128.504880  177.324030  200.841525  205.066620  194.765428  173.815562  145.455253  112.456596   77.244251   41.974902    8.587688  -21.161035  -45.686940  -63.566732  -73.539424  -74.510790  -65.560186  -45.948254  -15.124297   27.267499   79.331759   -1.942954   -4.375771   -5.300736   -5.798652   -5.944032   -5.814795   -5.489043   -5.042174   -4.544474   -4.059335   -3.642280   -3.340912   -3.195833   -3.242113   -3.510587   -4.026853   -4.804095   -5.822494   -6.982690   -8.012295   -8.291636   -6.545884   -0.322818   15.104628   26.447903
-379.704939 -266.474776  -79.416847   47.509942  130.590208  180.150473  204.035975  208.328516  197.853491  176.538768  147.666925  114.050797   78.153875   42.171038    8.079895  -22.323649  -47.414225  -65.725452  -75.950859  -76.947942  -67.744568  -47.546137  -15.742254   28.088049   82.045035   -2.417722   -4.952869   -5.920791   -6.444175   -6.597816   -6.460238   -6.110427   -5.624882   -5.075131   -4.525869   -4.033886   -3.647927   -3.409554   -3.354590   -3.514547   -3.915967   -4.573982   -5.473142   -6.523335   -7.470454   -7.728830   -6.083852   -0.185799   14.512465   25.345912
-384.701054 -269.945891  -80.326245   48.389482  132.675535  182.976916  207.230425  211.590412  200.941554  179.261974  149.878597  115.644997   79.063500   42.367174    7.572103  -23.486264  -49.141510  -67.884172  -78.362294  -79.385095  -69.928949  -49.144020  -16.360212   28.908599   84.758311   -2.892489   -5.529967   -6.540846   -7.089698   -7.251599   -7.105681   -6.731812   -6.207591   -5.605789   -4.992403   -4.425492   -3.954942   -3.623274   -3.467066   -3.518507   -3.805080   -4.343870   -5.123789   -6.063980   -6.928613   -7.166024   -5.621819   -0.048780   13.920302   24.243921
-389.697170 -273.417005  -81.235643   49.269021  134.760863  185.803358  210.424876  214.852308  204.029617  181.985181  152.090269  117.239197   79.973125   42.563310    7.064310  -24.648879  -50.868795  -70.042893  -80.773728  -81.822247  -72.113331  -50.741903  -16.978170   29.729149   87.471588   -3.367257   -6.107065   -7.160901   -7.735221   -7.905382   -7.751123   -7.353196   -6.790299   -6.136446   -5.458937   -4.817099   -4.261958   -3.836995   -3.579542   -3.522467   -3.694193   -4.113758   -4.774437   -5.604625   -6.386773   -6.603218   -5.159787    0.088239   13.328139   23.141930
-394.693286 -276.888119  -82.145041   50.148561  136.846190  188.629801  213.619326  218.114204  207.117680  184.708387  154.301941  118.833398   80.882749   42.759446    6.556517  -25.811494  -52.596080  -72.201613  -83.185163  -84.259399  -74.297712  -52.339786  -17.596127   30.549700   90.184864   -3.842024   -6.684163   -7.780956   -8.380744   -8.559166   -8.396566   -7.974581   -7.373007   -6.667104   -5.925471   -5.208705   -4.568973   -4.050715   -3.692019   -3.526427   -3.583307   -3.883646   -4.425085   -5.145269   -5.844932   -6.040412   -4.697754    0.225257   12.735976   22.039940
-399.689402 -280.359234  -83.054439   51.028101  138.931518  191.456244  216.813776  221.376100  210.205743  187.431593  156.513614  120.427598   81.792374   42.955582    6.048725  -26.974109  -54.323365  -74.360334  -85.596598  -86.696551  -76.482093  -53.937669  -18.214085   31.370250   92.898140   -4.316791   -7.261261   -8.401012   -9.026267   -9.212949   -9.042009   -8.595965   -7.955716   -7.197761   -6.392005   -5.600311   -4.875988   -4.264436   -3.804495   -3.530387   -3.472420   -3.653533   -4.075733   -4.685914   -5.303092   -5.477606   -4.235722    0.362276   12.143812   20.937949
-404.685518 -283.830348  -83.963836   51.907641  141.016845  194.282686  220.008226  224.637996  213.293806  190.154799  158.725286  122.021799   82.701999   43.151718    5.540932  -28.136724  -56.050650  -76.519054  -88.008032  -89.133703  -78.666475  -55.535553  -18.832043   32.190800   95.611416   -4.791559   -7.838359   -9.021067   -9.671790   -9.866732   -9.687451   -9.217350   -8.538424   -7.728419   -6.858539   -5.991918   -5.183004   -4.478156   -3.916972   -3.534347   -3.361534   -3.423421   -3.726380   -4.226559   -4.761251   -4.914800   -3.773689    0.499295   11.551649   19.835958
-409.681634 -287.301462  -84.873234   52.787181  143.102172  197.109129  223.202677  227.899892  216.381869  192.878005  160.936958  123.615999   83.611623   43.347854    5.033139  -29.299339  -57.777935  -78.677775  -90.419467  -91.570855  -80.850856  -57.133436  -19.450000   33.011350   98.324692   -5.266326   -8.415457   -9.641122  -10.317314  -10.520515  -10.332894   -9.838734   -9.121132   -8.259076   -7.325073   -6.383524   -5.490019   -4.691876   -4.029448   -3.538306   -3.250647   -3.193309   -3.377028   -3.767204   -4.219410   -4.351994   -3.311657    0.636313   10.959486   18.733967
-414.677750 -290.772576  -85.782632   53.666721  145.187500  199.935572  226.397127  231.161788  219.469932  195.601212  163.148630  125.210199   84.521248   43.543990    4.525347  -30.461953  -59.505220  -80.836495  -92.830902  -94.008007  -83.035237  -58.731319  -20.067958   33.831900  101.037968   -5.741094   -8.992555  -10.261177  -10.962837  -11.174299  -10.978337  -10.460119   -9.703840   -8.789734   -7.791608   -6.775130   -5.797034   -4.905597   -4.141924   -3.542266   -3.139760   -2.963196   -3.027676   -3.307848   -3.677570   -3.789188   -2.849624    0.773332   10.367323   17.631976
-419.673866 -294.243691  -86.692030   54.546261  147.272827  202.762015  229.591577  234.423684  222.557996  198.324418  165.360302  126.804400   85.430873   43.740126    4.017554  -31.624568  -61.232504  -82.995216  -95.242336  -96.445160  -85.219619  -60.329202  -20.685916   34.652451  103.751244   -6.215861   -9.569654  -10.881233  -11.608360  -11.828082  -11.623780  -11.081503  -10.286549   -9.320391   -8.258142   -7.166737   -6.104050   -5.119317   -4.254401   -3.546226   -3.028874   -2.733084   -2.678324   -2.848493   -3.135729   -3.226382   -2.387592    0.910351    9.775160   16.529985
-424.669982 -297.714805  -87.601428   55.425801  149.358155  205.588457  232.786027  237.685581  225.646059  201.047624  167.571975  128.398600   86.340497   43.936262    3.509761  -32.787183  -62.959789  -85.153936  -97.653771  -98.882312  -87.404000  -61.927085  -21.303873   35.473001  106.464521   -6.690629  -10.146752  -11.501288  -12.253883  -12.481865  -12.269222  -11.702888  -10.869257   -9.851049   -8.724676   -7.558343   -6.411065   -5.333038   -4.366877   -3.550186   -2.917987   -2.502972   -2.328971   -2.389138   -2.593888   -2.663576   -1.925559    1.047369    9.182997   15.427994
-429.666098 -301.185919  -88.510825   56.305341  151.443482  208.414900  235.980478  240.947477  228.734122  203.770830  169.783647  129.992801   87.250122   44.132398    3.001969  -33.949798  -64.687074  -87.312657 -100.065206 -101.319464  -89.588382  -63.524968  -21.921831   36.293551  109.177797   -7.165396  -10.723850  -12.121343  -12.899406  -13.135649  -12.914665  -12.324272  -11.451965  -10.381707   -9.191210   -7.949949   -6.718080   -5.546758   -4.479354   -3.554146   -2.807101   -2.272859   -1.979619   -1.929783   -2.052048   -2.100770   -1.463527    1.184388    8.590834   14.326003
-434.662214 -304.657034  -89.420223   57.184880  153.528810  211.241343  239.174928  244.209373  231.822185  206.494037  171.995319  131.587001   88.159747   44.328534    2.494176  -35.112413  -66.414359  -89.471377 -102.476640 -103.756616  -91.772763  -65.122851  -22.539788   37.114101  111.891073   -7.640164  -11.300948  -12.741398  -13.544929  -13.789432  -13.560108  -12.945656  -12.034674  -10.912364   -9.657744   -8.341556   -7.025096   -5.760479   -4.591830   -3.558106   -2.696214   -2.042747   -1.630267   -1.470427   -1.510207   -1.537964   -1.001495    1.321407    7.998671   13.224012
-439.658330 -308.128148  -90.329621   58.064420  155.614137  214.067786  242.369378  247.471269  234.910248  209.217243  174.206991  133.181202   89.069371   44.524670    1.986384  -36.275028  -68.141644  -91.630098 -104.888075 -106.193768  -93.957144  -66.720734  -23.157746   37.934652  114.604349   -8.114931  -11.878046  -13.361453  -14.190452  -14.443215  -14.205550  -13.567041  -12.617382  -11.443022  -10.124278   -8.733162   -7.332111   -5.974199   -4.704306   -3.562066   -2.585328   -1.812635   -1.280915   -1.011072   -0.968366   -0.975158   -0.539462    1.458426    7.406508   12.122022
-444.654446 -311.599262  -91.239019   58.943960  157.699465  216.894228  245.563828  250.733165  237.998311  211.940449  176.418663  134.775402   89.978996   44.720806    1.478591  -37.437643  -69.868929  -93.788818 -107.299510 -108.630920  -96.141526  -68.318617  -23.775704   38.755202  117.317625   -8.589699  -12.455144  -13.981509  -14.835975  -15.096998  -14.850993  -14.188425  -13.200090  -11.973679  -10.590812   -9.124768   -7.639126   -6.187920   -4.816783   -3.566026   -2.474441   -1.582523   -0.931562   -0.551717   -0.426526   -0.412352   -0.077430    1.595444    6.814345   11.020031
-449.650562 -315.070377  -92.148416   59.823500  159.784792  219.720671  248.758279  253.995061  241.086374  214.663655  178.630335  136.369602   90.888621   44.916942    0.970798  -38.600257  -71.596214  -95.947538 -109.710944 -111.068072  -98.325907  -69.916500  -24.393661   39.575752  120.030901   -9.064466  -13.032242  -14.601564  -15.481498  -15.750782  -15.496436  -14.809810  -13.782799  -12.504337  -11.057346   -9.516374   -7.946142   -6.401640   -4.929259   -3.569986   -2.363554   -1.352410   -0.582210   -0.092362    0.115315    0.150454    0.384603    1.732463    6.222182    9.918040
-454.646678 -318.541491  -93.057814   60.703040  161.870120  222.547114  251.952729  257.256957  244.174437  217.386862  180.842008  137.963803   91.798245   45.113078    0.463006  -39.762872  -73.323499  -98.106259 -112.122379 -113.505225 -100.510288  -71.514383  -25.011619   40.396302  122.744177   -9.539234  -13.609340  -15.221619  -16.127021  -16.404565  -16.141879  -15.431194  -14.365507  -13.034994  -11.523881   -9.907981   -8.253157   -6.615361   -5.041736   -3.573946   -2.252668   -1.122298   -0.232858    0.366994    0.657156    0.713260    0.846635    1.869482    5.630019    8.816049
-459.642794 -322.012605  -93.967212   61.582580  163.955447  225.373557  255.147179  260.518853  247.262500  220.110068  183.053680  139.558003   92.707870   45.309214   -0.044787  -40.925487  -75.050784 -100.264979 -114.533814 -115.942377 -102.694670  -73.112266  -25.629577   41.216852  125.457454  -10.014001  -14.186438  -15.841674  -16.772544  -17.058348  -16.787321  -16.052579  -14.948215  -13.565652  -11.990415  -10.299587   -8.560172   -6.829081   -5.154212   -3.577906   -2.141781   -0.892186    0.116495    0.826349    1.198996    1.276066    1.308668    2.006500    5.037856    7.714058
-464.638910 -325.483720  -94.876610   62.462120  166.040775  228.199999  258.341630  263.780749  250.350563  222.833274  185.265352  141.152204   93.617495   45.505350   -0.552580  -42.088102  -76.778069 -102.423700 -116.945248 -118.379529 -104.879051  -74.710149  -26.247534   42.037403  128.170730  -10.488769  -14.763536  -16.461729  -17.418067  -17.712132  -17.432764  -16.673963  -15.530924  -14.096309  -12.456949  -10.691193   -8.867188   -7.042802   -5.266689   -3.581866   -2.030895   -0.662073    0.465847    1.285704    1.740837    1.838872    1.770700    2.143519    4.445693    6.612067
-469.635026 -328.954834  -95.786008   63.341660  168.126102  231.026442  261.536080  267.042645  253.438626  225.556480  187.477024  142.746404   94.527120   45.701486   -1.060372  -43.250717  -78.505354 -104.582420 -119.356683 -120.816681 -107.063433  -76.308033  -26.865492   42.857953  130.884006  -10.963536  -15.340634  -17.081785  -18.063590  -18.365915  -18.078207  -17.295348  -16.113632  -14.626967  -12.923483  -11.082800   -9.174203   -7.256522   -5.379165   -3.585826   -1.920008   -0.431961    0.815199    1.745059    2.282678    2.401678    2.232733    2.280538    3.853530    5.510076
-474.631142 -332.425948  -96.695405   64.221200  170.211430  233.852885  264.730530  270.304542  256.526689  228.279687  189.688696  144.340604   95.436744   45.897622   -1.568165  -44.413332  -80.232638 -106.741141 -121.768118 -123.253833 -109.247814  -77.905916  -27.483450   43.678503  133.597282  -11.438304  -15.917733  -17.701840  -18.709113  -19.019698  -18.723649  -17.916732  -16.696340  -15.157624  -13.390017  -11.474406   -9.481218   -7.470243   -5.491641   -3.589786   -1.809121   -0.201849    1.164551    2.204414    2.824518    2.964484    2.694765    2.417557    3.261366    4.408085
-479.627258 -335.897062  -97.604803   65.100739  172.296757  236.679328  267.924980  273.566438  259.614753  231.002893  191.900369  145.934805   96.346369   46.093758   -2.075958  -45.575947  -81.959923 -108.899861 -124.179552 -125.690985 -111.432195  -79.503799  -28.101407   44.499053  136.310558  -11.913071  -16.494831  -18.321895  -19.354636  -19.673481  -19.369092  -18.538117  -17.279049  -15.688282  -13.856551  -11.866012   -9.788234   -7.683963   -5.604118   -3.593746   -1.698235    0.028264    1.513904    2.663770    3.366359    3.527291    3.156798    2.554575    2.669203    3.306094
-484.623374 -339.368177  -98.514201   65.980279  174.382085  239.505770  271.119431  276.828334  262.702816  233.726099  194.112041  147.529005   97.255994   46.289894   -2.583750  -46.738561  -83.687208 -111.058582 -126.590987 -128.128137 -113.616577  -81.101682  -28.719365   45.319603  139.023834  -12.387839  -17.071929  -18.941950  -20.000159  -20.327265  -20.014535  -19.159501  -17.861757  -16.218939  -14.323085  -12.257619  -10.095249   -7.897684   -5.716594   -3.597706   -1.587348    0.258376    1.863256    3.123125    3.908200    4.090097    3.618830    2.691594    2.077040    2.204104
-489.619489 -342.839291  -99.423599   66.859819  176.467412  242.332213  274.313881  280.090230  265.790879  236.449305  196.323713  149.123206   98.165618   46.486030   -3.091543  -47.901176  -85.414493 -113.217302 -129.002422 -130.565290 -115.800958  -82.699565  -29.337323   46.140154  141.737110  -12.862606  -17.649027  -19.562006  -20.645682  -20.981048  -20.659978  -19.780886  -18.444465  -16.749597  -14.789619  -12.649225  -10.402264   -8.111404   -5.829071   -3.601666   -1.476462    0.488488    2.212608    3.582480    4.450040    4.652903    4.080863    2.828613    1.484877    1.102113
-494.615605 -346.310405 -100.332997   67.739359  178.552740  245.158656  277.508331  283.352126  268.878942  239.172511  198.535385  150.717406   99.075243   46.682166   -3.599336  -49.063791  -87.141778 -115.376023 -131.413856 -133.002442 -117.985339  -84.297448  -29.955280   46.960704  144.450386  -13.337374  -18.226125  -20.182061  -21.291205  -21.634831  -21.305420  -20.402270  -19.027173  -17.280254  -15.256154  -13.040831  -10.709280   -8.325125   -5.941547   -3.605626   -1.365575    0.718600    2.561960    4.041835    4.991881    5.215709    4.542895    2.965631    0.892714    0.000122