 -0.157328
 -9.691885
-14.164191
-14.288931
-11.495433
 -6.745770
 -0.823623
  5.630466
 12.091705
 18.132270
 23.408913
 27.655285
 30.677761
 32.353861
 32.632589
 31.536177
 29.163025
 25.691323
 21.383498
 16.591227
 11.761104
  7.441050
  4.287673
  3.075482
  4.756132
 10.146368
  9.225877
  8.055757
  6.827928
  5.549746
  4.254699
  2.975353
  1.742506
  0.584755
 -0.471798
 -1.403672
 -2.189961
 -2.812102
 -3.253528
 -3.499273
 -3.535755
 -3.351090
 -2.936531
 -2.290008
 -1.423277
 -0.374968
  0.767011
  1.828636
  2.492303
  2.103724
  0.052669