 -0.157328
 -5.571270
 -9.766516
-13.068716
-14.195855
-14.906779
-14.231807
-13.243329
-11.324532
 -9.175472
 -6.459024
 -3.587450
 -0.435576
  2.801605
  6.093154
  9.404130
 12.593822
 15.740800
 18.633084
 21.424896
 23.864928
 26.152364
 28.022929
 29.696077
 30.916121
 31.903184
 32.427545
 32.694769
 32.514784
 32.067155
 31.211946
 30.094618
 28.632840
 26.932896
 24.974915
 22.823619
 20.524001
 18.099370
 15.659684
 13.189413
 10.861373
  8.626174
  6.715196
  5.052646
  3.921965
  3.231131
  3.308934
  4.074841
  5.951483
  9.074786
 10.241467
  9.517665
  8.916514
  8.326587
  7.725887
  7.103336
  6.469636
  5.821931
  5.171370
  4.516049
  3.865520
  3.219502
  2.585118
  1.964376
  1.361221
  0.780557
  0.222498
 -0.304608
 -0.805026
 -1.266476
 -1.698048
 -2.083091
 -2.435875
 -2.734972
 -3.000135
 -3.204769
 -3.374391
 -3.476849
 -3.543754
 -3.537040
 -3.494797
 -3.372877
 -3.216203
 -2.974951
 -2.700899
 -2.340362
 -1.950908
 -1.479812
 -0.986778
 -0.430717
  0.135489
  0.720042
  1.295674
  1.798410
  2.262351
  2.483752
  2.616751
  2.116799
  1.293690
  0.052669