  0.000000
 -9.896264
-14.151534
-14.281603
-11.489353
 -6.740718
 -0.819433
  5.633924
 12.094536
 18.134561
 23.410737
 27.656706
 30.678838
 32.354645
 32.633123
 31.536525
 29.163226
 25.691424
 21.383544
 16.591266
 11.761187
  7.441232
  4.288017
  3.075524
  4.705635
 10.221320
  9.197994
  8.055467
  6.827941
  5.549765
  4.254722
  2.975380
  1.742536
  0.584787
 -0.471765
 -1.403638
 -2.189924
 -2.812063
 -3.253490
 -3.499246
 -3.535764
 -3.351188
 -2.936817
 -2.290658
 -1.424578
 -0.377361
  0.762876
  1.821853
  2.480428
  2.183344
  0.000080