  0.000000   0.000000   0.000000   0.000000   0.800000
  0.010000   0.000482   0.141558  27.131904   0.800000
  0.020000   0.003620   0.520028  47.480832   0.800000
  0.030000   0.011455   1.070531  61.636608   0.800000
  0.040000   0.025407   1.734083  70.189056   0.800000
  0.050000   0.046336   2.457600  73.728000   0.800000
  0.060000   0.074601   3.193897  72.843264   0.800000
  0.070000   0.110118   3.901686  68.124672   0.800000
  0.080000   0.152421   4.545577  60.162048   0.800000
  0.090000   0.200718   5.096079  49.545216   0.800000
  0.100000   0.253952   5.529600  36.864000   0.800000
  0.110000   0.310860   5.828444  22.708224   0.800000
  0.120000   0.370032   5.980815   7.667712   0.800000
  0.130000   0.429968   5.980815  -7.667712   0.800000
  0.140000   0.489140   5.828444 -22.708224   0.800000
  0.150000   0.546048   5.529600 -36.864000   0.800000
  0.160000   0.599282   5.096079 -49.545216   0.800000
  0.170000   0.647579   4.545577 -60.162048   0.800000
  0.180000   0.689882   3.901686 -68.124672   0.800000
  0.190000   0.725399   3.193897 -72.843264   0.800000
  0.200000   0.753664   2.457600 -73.728000   0.800000
  0.210000   0.774593   1.734083 -70.189056   0.800000
  0.220000   0.788545   1.070531 -61.636608   0.800000
  0.230000   0.796380   0.520028 -47.480832   0.800000
  0.240000   0.799518   0.141558 -27.131904   0.800000
  0.250000   0.800000   0.000000   0.000000   0.800000
  0.260000   0.799940  -0.017695  -3.391488   0.800000
  0.270000   0.799547  -0.065004  -5.935104   0.800000
  0.280000   0.798568  -0.133816  -7.704576   0.800000
  0.290000   0.796824  -0.216760  -8.773632   0.800000
  0.300000   0.794208  -0.307200  -9.216000   0.800000
  0.310000   0.790675  -0.399237  -9.105408   0.800000
  0.320000   0.786235  -0.487711  -8.515584   0.800000
  0.330000   0.780947  -0.568197  -7.520256   0.800000
  0.340000   0.774910  -0.637010  -6.193152   0.800000
  0.350000   0.768256  -0.691200  -4.608000   0.800000
  0.360000   0.761142  -0.728556  -2.838528   0.800000
  0.370000   0.753746  -0.747602  -0.958464   0.800000
  0.380000   0.746254  -0.747602   0.958464   0.800000
  0.390000   0.738858  -0.728556   2.838528   0.800000
  0.400000   0.731744  -0.691200   4.608000   0.800000
  0.410000   0.725090  -0.637010   6.193152   0.800000
  0.420000   0.719053  -0.568197   7.520256   0.800000
  0.430000   0.713765  -0.487711   8.515584   0.800000
  0.440000   0.709325  -0.399237   9.105408   0.800000
  0.450000   0.705792  -0.307200   9.216000   0.800000
  0.460000   0.703176  -0.216760   8.773632   0.800000
  0.470000   0.701432  -0.133816   7.704576   0.800000
  0.480000   0.700453  -0.065004   5.935104   0.800000
  0.490000   0.700060  -0.017695   3.391488   0.800000
  0.500000   0.700000  -0.000000  -0.000000   0.800000