0.000000 0.200000
0.000000 0.215385
0.000000 0.230769
0.000000 0.246154
0.000000 0.261538
0.000000 0.276923
0.000000 0.292308
0.000000 0.307692
0.000000 0.323077
0.000000 0.338462
0.000000 0.353846
0.000000 0.369231
0.000000 0.384615
0.000000 0.400000
0.000000 0.415385
0.000000 0.430769
0.000000 0.446154
0.000000 0.461538
0.000000 0.476923
0.000000 0.492308
0.000000 0.507692
0.000000 0.523077
0.000000 0.538462
0.000000 0.553846
0.000000 0.569231
0.000000 0.584615
0.000000 0.600000
0.000000 0.615385
0.000000 0.630769
0.000000 0.646154
0.000000 0.661538
0.000000 0.676923
0.000000 0.692308
0.000000 0.707692
0.000000 0.723077
0.000000 0.738462
0.000000 0.753846
0.000000 0.769231
0.000000 0.784615
0.000000 0.800000
0.025641 0.200000
0.025641 0.215385
0.025641 0.230769
0.025641 0.246154
0.025641 0.261538
0.025641 0.276923
0.025641 0.292308
0.025641 0.307692
0.025641 0.323077
0.025641 0.338462
0.025641 0.353846
0.025641 0.369231
0.025641 0.384615
0.025641 0.400000
0.025641 0.415385
0.025641 0.430769
0.025641 0.446154
0.025641 0.461538
0.025641 0.476923
0.025641 0.492308
0.025641 0.507692
0.025641 0.523077
0.025641 0.538462
0.025641 0.553846
0.025641 0.569231
0.025641 0.584615
0.025641 0.600000
0.025641 0.615385
0.025641 0.630769
0.025641 0.646154
0.025641 0.661538
0.025641 0.676923
0.025641 0.692308
0.025641 0.707692
0.025641 0.723077
0.025641 0.738462
0.025641 0.753846
0.025641 0.769231
0.025641 0.784615
0.025641 0.800000
0.051282 0.200000
0.051282 0.215385
0.051282 0.230769
0.051282 0.246154
0.051282 0.261538
0.051282 0.276923
0.051282 0.292308
0.051282 0.307692
0.051282 0.323077
0.051282 0.338462
0.051282 0.353846
0.051282 0.369231
0.051282 0.384615
0.051282 0.400000
0.051282 0.415385
0.051282 0.430769
0.051282 0.446154
0.051282 0.461538
0.051282 0.476923
0.051282 0.492308
0.051282 0.507692
0.051282 0.523077
0.051282 0.538462
0.051282 0.553846
0.051282 0.569231
0.051282 0.584615
0.051282 0.600000
0.051282 0.615385
0.051282 0.630769
0.051282 0.646154
0.051282 0.661538
0.051282 0.676923
0.051282 0.692308
0.051282 0.707692
0.051282 0.723077
0.051282 0.738462
0.051282 0.753846
0.051282 0.769231
0.051282 0.784615
0.051282 0.800000
0.076923 0.200000
0.076923 0.215385
0.076923 0.230769
0.076923 0.246154
0.076923 0.261538
0.076923 0.276923
0.076923 0.292308
0.076923 0.307692
0.076923 0.323077
0.076923 0.338462
0.076923 0.353846
0.076923 0.369231
0.076923 0.384615
0.076923 0.400000
0.076923 0.415385
0.076923 0.430769
0.076923 0.446154
0.076923 0.461538
0.076923 0.476923
0.076923 0.492308
0.076923 0.507692
0.076923 0.523077
0.076923 0.538462
0.076923 0.553846
0.076923 0.569231
0.076923 0.584615
0.076923 0.600000
0.076923 0.615385
0.076923 0.630769
0.076923 0.646154
0.076923 0.661538
0.076923 0.676923
0.076923 0.692308
0.076923 0.707692
0.076923 0.723077
0.076923 0.738462
0.076923 0.753846
0.076923 0.769231
0.076923 0.784615
0.076923 0.800000
0.102564 0.200000
0.102564 0.215385
0.102564 0.230769
0.102564 0.246154
0.102564 0.261538
0.102564 0.276923
0.102564 0.292308
0.102564 0.307692
0.102564 0.323077
0.102564 0.338462
0.102564 0.353846
0.102564 0.369231
0.102564 0.384615
0.102564 0.400000
0.102564 0.415385
0.102564 0.430769
0.102564 0.446154
0.102564 0.461538
0.102564 0.476923
0.102564 0.492308
0.102564 0.507692
0.102564 0.523077
0.102564 0.538462
0.102564 0.553846
0.102564 0.569231
0.102564 0.584615
0.102564 0.600000
0.102564 0.615385
0.102564 0.630769
0.102564 0.646154
0.102564 0.661538
0.102564 0.676923
0.102564 0.692308
0.102564 0.707692
0.102564 0.723077
0.102564 0.738462
0.102564 0.753846
0.102564 0.769231
0.102564 0.784615
0.102564 0.800000
0.128205 0.200000
0.128205 0.215385
0.128205 0.230769
0.128205 0.246154
0.128205 0.261538
0.128205 0.276923
0.128205 0.292308
0.128205 0.307692
0.128205 0.323077
0.128205 0.338462
0.128205 0.353846
0.128205 0.369231
0.128205 0.384615
0.128205 0.400000
0.128205 0.415385
0.128205 0.430769
0.128205 0.446154
0.128205 0.461538
0.128205 0.476923
0.128205 0.492308
0.128205 0.507692
0.128205 0.523077
0.128205 0.538462
0.128205 0.553846
0.128205 0.569231
0.128205 0.584615
0.128205 0.600000
0.128205 0.615385
0.128205 0.630769
0.128205 0.646154
0.128205 0.661538
0.128205 0.676923
0.128205 0.692308
0.128205 0.707692
0.128205 0.723077
0.128205 0.738462
0.128205 0.753846
0.128205 0.769231
0.128205 0.784615
0.128205 0.800000
0.153846 0.200000
0.153846 0.215385
0.153846 0.230769
0.153846 0.246154
0.153846 0.261538
0.153846 0.276923
0.153846 0.292308
0.153846 0.307692
0.153846 0.323077
0.153846 0.338462
0.153846 0.353846
0.153846 0.369231
0.153846 0.384615
0.153846 0.400000
0.153846 0.415385
0.153846 0.430769
0.153846 0.446154
0.153846 0.461538
0.153846 0.476923
0.153846 0.492308
0.153846 0.507692
0.153846 0.523077
0.153846 0.538462
0.153846 0.553846
0.153846 0.569231
0.153846 0.584615
0.153846 0.600000
0.153846 0.615385
0.153846 0.630769
0.153846 0.646154
0.153846 0.661538
0.153846 0.676923
0.153846 0.692308
0.153846 0.707692
0.153846 0.723077
0.153846 0.738462
0.153846 0.753846
0.153846 0.769231
0.153846 0.784615
0.153846 0.800000
0.179487 0.200000
0.179487 0.215385
0.179487 0.230769
0.179487 0.246154
0.179487 0.261538
0.179487 0.276923
0.179487 0.292308
0.179487 0.307692
0.179487 0.323077
0.179487 0.338462
0.179487 0.353846
0.179487 0.369231
0.179487 0.384615
0.179487 0.400000
0.179487 0.415385
0.179487 0.430769
0.179487 0.446154
0.179487 0.461538
0.179487 0.476923
0.179487 0.492308
0.179487 0.507692
0.179487 0.523077
0.179487 0.538462
0.179487 0.553846
0.179487 0.569231
0.179487 0.584615
0.179487 0.600000
0.179487 0.615385
0.179487 0.630769
0.179487 0.646154
0.179487 0.661538
0.179487 0.676923
0.179487 0.692308
0.179487 0.707692
0.179487 0.723077
0.179487 0.738462
0.179487 0.753846
0.179487 0.769231
0.179487 0.784615
0.179487 0.800000
0.205128 0.200000
0.205128 0.215385
0.205128 0.230769
0.205128 0.246154
0.205128 0.261538
0.205128 0.276923
0.205128 0.292308
0.205128 0.307692
0.205128 0.323077
0.205128 0.338462
0.205128 0.353846
0.205128 0.369231
0.205128 0.384615
0.205128 0.400000
0.205128 0.415385
0.205128 0.430769
0.205128 0.446154
0.205128 0.461538
0.205128 0.476923
0.205128 0.492308
0.205128 0.507692
0.205128 0.523077
0.205128 0.538462
0.205128 0.553846
0.205128 0.569231
0.205128 0.584615
0.205128 0.600000
0.205128 0.615385
0.205128 0.630769
0.205128 0.646154
0.205128 0.661538
0.205128 0.676923
0.205128 0.692308
0.205128 0.707692
0.205128 0.723077
0.205128 0.738462
0.205128 0.753846
0.205128 0.769231
0.205128 0.784615
0.205128 0.800000
0.230769 0.200000
0.230769 0.215385
0.230769 0.230769
0.230769 0.246154
0.230769 0.261538
0.230769 0.276923
0.230769 0.292308
0.230769 0.307692
0.230769 0.323077
0.230769 0.338462
0.230769 0.353846
0.230769 0.369231
0.230769 0.384615
0.230769 0.400000
0.230769 0.415385
0.230769 0.430769
0.230769 0.446154
0.230769 0.461538
0.230769 0.476923
0.230769 0.492308
0.230769 0.507692
0.230769 0.523077
0.230769 0.538462
0.230769 0.553846
0.230769 0.569231
0.230769 0.584615
0.230769 0.600000
0.230769 0.615385
0.230769 0.630769
0.230769 0.646154
0.230769 0.661538
0.230769 0.676923
0.230769 0.692308
0.230769 0.707692
0.230769 0.723077
0.230769 0.738462
0.230769 0.753846
0.230769 0.769231
0.230769 0.784615
0.230769 0.800000
0.256410 0.200000
0.256410 0.215385
0.256410 0.230769
0.256410 0.246154
0.256410 0.261538
0.256410 0.276923
0.256410 0.292308
0.256410 0.307692
0.256410 0.323077
0.256410 0.338462
0.256410 0.353846
0.256410 0.369231
0.256410 0.384615
0.256410 0.400000
0.256410 0.415385
0.256410 0.430769
0.256410 0.446154
0.256410 0.461538
0.256410 0.476923
0.256410 0.492308
0.256410 0.507692
0.256410 0.523077
0.256410 0.538462
0.256410 0.553846
0.256410 0.569231
0.256410 0.584615
0.256410 0.600000
0.256410 0.615385
0.256410 0.630769
0.256410 0.646154
0.256410 0.661538
0.256410 0.676923
0.256410 0.692308
0.256410 0.707692
0.256410 0.723077
0.256410 0.738462
0.256410 0.753846
0.256410 0.769231
0.256410 0.784615
0.256410 0.800000
0.282051 0.200000
0.282051 0.215385
0.282051 0.230769
0.282051 0.246154
0.282051 0.261538
0.282051 0.276923
0.282051 0.292308
0.282051 0.307692
0.282051 0.323077
0.282051 0.338462
0.282051 0.353846
0.282051 0.369231
0.282051 0.384615
0.282051 0.400000
0.282051 0.415385
0.282051 0.430769
0.282051 0.446154
0.282051 0.461538
0.282051 0.476923
0.282051 0.492308
0.282051 0.507692
0.282051 0.523077
0.282051 0.538462
0.282051 0.553846
0.282051 0.569231
0.282051 0.584615
0.282051 0.600000
0.282051 0.615385
0.282051 0.630769
0.282051 0.646154
0.282051 0.661538
0.282051 0.676923
0.282051 0.692308
0.282051 0.707692
0.282051 0.723077
0.282051 0.738462
0.282051 0.753846
0.282051 0.769231
0.282051 0.784615
0.282051 0.800000
0.307692 0.200000
0.307692 0.215385
0.307692 0.230769
0.307692 0.246154
0.307692 0.261538
0.307692 0.276923
0.307692 0.292308
0.307692 0.307692
0.307692 0.323077
0.307692 0.338462
0.307692 0.353846
0.307692 0.369231
0.307692 0.384615
0.307692 0.400000
0.307692 0.415385
0.307692 0.430769
0.307692 0.446154
0.307692 0.461538
0.307692 0.476923
0.307692 0.492308
0.307692 0.507692
0.307692 0.523077
0.307692 0.538462
0.307692 0.553846
0.307692 0.569231
0.307692 0.584615
0.307692 0.600000
0.307692 0.615385
0.307692 0.630769
0.307692 0.646154
0.307692 0.661538
0.307692 0.676923
0.307692 0.692308
0.307692 0.707692
0.307692 0.723077
0.307692 0.738462
0.307692 0.753846
0.307692 0.769231
0.307692 0.784615
0.307692 0.800000
0.333333 0.200000
0.333333 0.215385
0.333333 0.230769
0.333333 0.246154
0.333333 0.261538
0.333333 0.276923
0.333333 0.292308
0.333333 0.307692
0.333333 0.323077
0.333333 0.338462
0.333333 0.353846
0.333333 0.369231
0.333333 0.384615
0.333333 0.400000
0.333333 0.415385
0.333333 0.430769
0.333333 0.446154
0.333333 0.461538
0.333333 0.476923
0.333333 0.492308
0.333333 0.507692
0.333333 0.523077
0.333333 0.538462
0.333333 0.553846
0.333333 0.569231
0.333333 0.584615
0.333333 0.600000
0.333333 0.615385
0.333333 0.630769
0.333333 0.646154
0.333333 0.661538
0.333333 0.676923
0.333333 0.692308
0.333333 0.707692
0.333333 0.723077
0.333333 0.738462
0.333333 0.753846
0.333333 0.769231
0.333333 0.784615
0.333333 0.800000
0.358974 0.200000
0.358974 0.215385
0.358974 0.230769
0.358974 0.246154
0.358974 0.261538
0.358974 0.276923
0.358974 0.292308
0.358974 0.307692
0.358974 0.323077
0.358974 0.338462
0.358974 0.353846
0.358974 0.369231
0.358974 0.384615
0.358974 0.400000
0.358974 0.415385
0.358974 0.430769
0.358974 0.446154
0.358974 0.461538
0.358974 0.476923
0.358974 0.492308
0.358974 0.507692
0.358974 0.523077
0.358974 0.538462
0.358974 0.553846
0.358974 0.569231
0.358974 0.584615
0.358974 0.600000
0.358974 0.615385
0.358974 0.630769
0.358974 0.646154
0.358974 0.661538
0.358974 0.676923
0.358974 0.692308
0.358974 0.707692
0.358974 0.723077
0.358974 0.738462
0.358974 0.753846
0.358974 0.769231
0.358974 0.784615
0.358974 0.800000
0.384615 0.200000
0.384615 0.215385
0.384615 0.230769
0.384615 0.246154
0.384615 0.261538
0.384615 0.276923
0.384615 0.292308
0.384615 0.307692
0.384615 0.323077
0.384615 0.338462
0.384615 0.353846
0.384615 0.369231
0.384615 0.384615
0.384615 0.400000
0.384615 0.415385
0.384615 0.430769
0.384615 0.446154
0.384615 0.461538
0.384615 0.476923
0.384615 0.492308
0.384615 0.507692
0.384615 0.523077
0.384615 0.538462
0.384615 0.553846
0.384615 0.569231
0.384615 0.584615
0.384615 0.600000
0.384615 0.615385
0.384615 0.630769
0.384615 0.646154
0.384615 0.661538
0.384615 0.676923
0.384615 0.692308
0.384615 0.707692
0.384615 0.723077
0.384615 0.738462
0.384615 0.753846
0.384615 0.769231
0.384615 0.784615
0.384615 0.800000
0.410256 0.200000
0.410256 0.215385
0.410256 0.230769
0.410256 0.246154
0.410256 0.261538
0.410256 0.276923
0.410256 0.292308
0.410256 0.307692
0.410256 0.323077
0.410256 0.338462
0.410256 0.353846
0.410256 0.369231
0.410256 0.384615
0.410256 0.400000
0.410256 0.415385
0.410256 0.430769
0.410256 0.446154
0.410256 0.461538
0.410256 0.476923
0.410256 0.492308
0.410256 0.507692
0.410256 0.523077
0.410256 0.538462
0.410256 0.553846
0.410256 0.569231
0.410256 0.584615
0.410256 0.600000
0.410256 0.615385
0.410256 0.630769
0.410256 0.646154
0.410256 0.661538
0.410256 0.676923
0.410256 0.692308
0.410256 0.707692
0.410256 0.723077
0.410256 0.738462
0.410256 0.753846
0.410256 0.769231
0.410256 0.784615
0.410256 0.800000
0.435897 0.200000
0.435897 0.215385
0.435897 0.230769
0.435897 0.246154
0.435897 0.261538
0.435897 0.276923
0.435897 0.292308
0.435897 0.307692
0.435897 0.323077
0.435897 0.338462
0.435897 0.353846
0.435897 0.369231
0.435897 0.384615
0.435897 0.400000
0.435897 0.415385
0.435897 0.430769
0.435897 0.446154
0.435897 0.461538
0.435897 0.476923
0.435897 0.492308
0.435897 0.507692
0.435897 0.523077
0.435897 0.538462
0.435897 0.553846
0.435897 0.569231
0.435897 0.584615
0.435897 0.600000
0.435897 0.615385
0.435897 0.630769
0.435897 0.646154
0.435897 0.661538
0.435897 0.676923
0.435897 0.692308
0.435897 0.707692
0.435897 0.723077
0.435897 0.738462
0.435897 0.753846
0.435897 0.769231
0.435897 0.784615
0.435897 0.800000
0.461538 0.200000
0.461538 0.215385
0.461538 0.230769
0.461538 0.246154
0.461538 0.261538
0.461538 0.276923
0.461538 0.292308
0.461538 0.307692
0.461538 0.323077
0.461538 0.338462
0.461538 0.353846
0.461538 0.369231
0.461538 0.384615
0.461538 0.400000
0.461538 0.415385
0.461538 0.430769
0.461538 0.446154
0.461538 0.461538
0.461538 0.476923
0.461538 0.492308
0.461538 0.507692
0.461538 0.523077
0.461538 0.538462
0.461538 0.553846
0.461538 0.569231
0.461538 0.584615
0.461538 0.600000
0.461538 0.615385
0.461538 0.630769
0.461538 0.646154
0.461538 0.661538
0.461538 0.676923
0.461538 0.692308
0.461538 0.707692
0.461538 0.723077
0.461538 0.738462
0.461538 0.753846
0.461538 0.769231
0.461538 0.784615
0.461538 0.800000
0.487179 0.200000
0.487179 0.215385
0.487179 0.230769
0.487179 0.246154
0.487179 0.261538
0.487179 0.276923
0.487179 0.292308
0.487179 0.307692
0.487179 0.323077
0.487179 0.338462
0.487179 0.353846
0.487179 0.369231
0.487179 0.384615
0.487179 0.400000
0.487179 0.415385
0.487179 0.430769
0.487179 0.446154
0.487179 0.461538
0.487179 0.476923
0.487179 0.492308
0.487179 0.507692
0.487179 0.523077
0.487179 0.538462
0.487179 0.553846
0.487179 0.569231
0.487179 0.584615
0.487179 0.600000
0.487179 0.615385
0.487179 0.630769
0.487179 0.646154
0.487179 0.661538
0.487179 0.676923
0.487179 0.692308
0.487179 0.707692
0.487179 0.723077
0.487179 0.738462
0.487179 0.753846
0.487179 0.769231
0.487179 0.784615
0.487179 0.800000
0.512821 0.200000
0.512821 0.215385
0.512821 0.230769
0.512821 0.246154
0.512821 0.261538
0.512821 0.276923
0.512821 0.292308
0.512821 0.307692
0.512821 0.323077
0.512821 0.338462
0.512821 0.353846
0.512821 0.369231
0.512821 0.384615
0.512821 0.400000
0.512821 0.415385
0.512821 0.430769
0.512821 0.446154
0.512821 0.461538
0.512821 0.476923
0.512821 0.492308
0.512821 0.507692
0.512821 0.523077
0.512821 0.538462
0.512821 0.553846
0.512821 0.569231
0.512821 0.584615
0.512821 0.600000
0.512821 0.615385
0.512821 0.630769
0.512821 0.646154
0.512821 0.661538
0.512821 0.676923
0.512821 0.692308
0.512821 0.707692
0.512821 0.723077
0.512821 0.738462
0.512821 0.753846
0.512821 0.769231
0.512821 0.784615
0.512821 0.800000
0.538462 0.200000
0.538462 0.215385
0.538462 0.230769
0.538462 0.246154
0.538462 0.261538
0.538462 0.276923
0.538462 0.292308
0.538462 0.307692
0.538462 0.323077
0.538462 0.338462
0.538462 0.353846
0.538462 0.369231
0.538462 0.384615
0.538462 0.400000
0.538462 0.415385
0.538462 0.430769
0.538462 0.446154
0.538462 0.461538
0.538462 0.476923
0.538462 0.492308
0.538462 0.507692
0.538462 0.523077
0.538462 0.538462
0.538462 0.553846
0.538462 0.569231
0.538462 0.584615
0.538462 0.600000
0.538462 0.615385
0.538462 0.630769
0.538462 0.646154
0.538462 0.661538
0.538462 0.676923
0.538462 0.692308
0.538462 0.707692
0.538462 0.723077
0.538462 0.738462
0.538462 0.753846
0.538462 0.769231
0.538462 0.784615
0.538462 0.800000
0.564103 0.200000
0.564103 0.215385
0.564103 0.230769
0.564103 0.246154
0.564103 0.261538
0.564103 0.276923
0.564103 0.292308
0.564103 0.307692
0.564103 0.323077
0.564103 0.338462
0.564103 0.353846
0.564103 0.369231
0.564103 0.384615
0.564103 0.400000
0.564103 0.415385
0.564103 0.430769
0.564103 0.446154
0.564103 0.461538
0.564103 0.476923
0.564103 0.492308
0.564103 0.507692
0.564103 0.523077
0.564103 0.538462
0.564103 0.553846
0.564103 0.569231
0.564103 0.584615
0.564103 0.600000
0.564103 0.615385
0.564103 0.630769
0.564103 0.646154
0.564103 0.661538
0.564103 0.676923
0.564103 0.692308
0.564103 0.707692
0.564103 0.723077
0.564103 0.738462
0.564103 0.753846
0.564103 0.769231
0.564103 0.784615
0.564103 0.800000
0.589744 0.200000
0.589744 0.215385
0.589744 0.230769
0.589744 0.246154
0.589744 0.261538
0.589744 0.276923
0.589744 0.292308
0.589744 0.307692
0.589744 0.323077
0.589744 0.338462
0.589744 0.353846
0.589744 0.369231
0.589744 0.384615
0.589744 0.400000
0.589744 0.415385
0.589744 0.430769
0.589744 0.446154
0.589744 0.461538
0.589744 0.476923
0.589744 0.492308
0.589744 0.507692
0.589744 0.523077
0.589744 0.538462
0.589744 0.553846
0.589744 0.569231
0.589744 0.584615
0.589744 0.600000
0.589744 0.615385
0.589744 0.630769
0.589744 0.646154
0.589744 0.661538
0.589744 0.676923
0.589744 0.692308
0.589744 0.707692
0.589744 0.723077
0.589744 0.738462
0.589744 0.753846
0.589744 0.769231
0.589744 0.784615
0.589744 0.800000
0.615385 0.200000
0.615385 0.215385
0.615385 0.230769
0.615385 0.246154
0.615385 0.261538
0.615385 0.276923
0.615385 0.292308
0.615385 0.307692
0.615385 0.323077
0.615385 0.338462
0.615385 0.353846
0.615385 0.369231
0.615385 0.384615
0.615385 0.400000
0.615385 0.415385
0.615385 0.430769
0.615385 0.446154
0.615385 0.461538
0.615385 0.476923
0.615385 0.492308
0.615385 0.507692
0.615385 0.523077
0.615385 0.538462
0.615385 0.553846
0.615385 0.569231
0.615385 0.584615
0.615385 0.600000
0.615385 0.615385
0.615385 0.630769
0.615385 0.646154
0.615385 0.661538
0.615385 0.676923
0.615385 0.692308
0.615385 0.707692
0.615385 0.723077
0.615385 0.738462
0.615385 0.753846
0.615385 0.769231
0.615385 0.784615
0.615385 0.800000
0.641026 0.200000
0.641026 0.215385
0.641026 0.230769
0.641026 0.246154
0.641026 0.261538
0.641026 0.276923
0.641026 0.292308
0.641026 0.307692
0.641026 0.323077
0.641026 0.338462
0.641026 0.353846
0.641026 0.369231
0.641026 0.384615
0.641026 0.400000
0.641026 0.415385
0.641026 0.430769
0.641026 0.446154
0.641026 0.461538
0.641026 0.476923
0.641026 0.492308
0.641026 0.507692
0.641026 0.523077
0.641026 0.538462
0.641026 0.553846
0.641026 0.569231
0.641026 0.584615
0.641026 0.600000
0.641026 0.615385
0.641026 0.630769
0.641026 0.646154
0.641026 0.661538
0.641026 0.676923
0.641026 0.692308
0.641026 0.707692
0.641026 0.723077
0.641026 0.738462
0.641026 0.753846
0.641026 0.769231
0.641026 0.784615
0.641026 0.800000
0.666667 0.200000
0.666667 0.215385
0.666667 0.230769
0.666667 0.246154
0.666667 0.261538
0.666667 0.276923
0.666667 0.292308
0.666667 0.307692
0.666667 0.323077
0.666667 0.338462
0.666667 0.353846
0.666667 0.369231
0.666667 0.384615
0.666667 0.400000
0.666667 0.415385
0.666667 0.430769
0.666667 0.446154
0.666667 0.461538
0.666667 0.476923
0.666667 0.492308
0.666667 0.507692
0.666667 0.523077
0.666667 0.538462
0.666667 0.553846
0.666667 0.569231
0.666667 0.584615
0.666667 0.600000
0.666667 0.615385
0.666667 0.630769
0.666667 0.646154
0.666667 0.661538
0.666667 0.676923
0.666667 0.692308
0.666667 0.707692
0.666667 0.723077
0.666667 0.738462
0.666667 0.753846
0.666667 0.769231
0.666667 0.784615
0.666667 0.800000
0.692308 0.200000
0.692308 0.215385
0.692308 0.230769
0.692308 0.246154
0.692308 0.261538
0.692308 0.276923
0.692308 0.292308
0.692308 0.307692
0.692308 0.323077
0.692308 0.338462
0.692308 0.353846
0.692308 0.369231
0.692308 0.384615
0.692308 0.400000
0.692308 0.415385
0.692308 0.430769
0.692308 0.446154
0.692308 0.461538
0.692308 0.476923
0.692308 0.492308
0.692308 0.507692
0.692308 0.523077
0.692308 0.538462
0.692308 0.553846
0.692308 0.569231
0.692308 0.584615
0.692308 0.600000
0.692308 0.615385
0.692308 0.630769
0.692308 0.646154
0.692308 0.661538
0.692308 0.676923
0.692308 0.692308
0.692308 0.707692
0.692308 0.723077
0.692308 0.738462
0.692308 0.753846
0.692308 0.769231
0.692308 0.784615
0.692308 0.800000
0.717949 0.200000
0.717949 0.215385
0.717949 0.230769
0.717949 0.246154
0.717949 0.261538
0.717949 0.276923
0.717949 0.292308
0.717949 0.307692
0.717949 0.323077
0.717949 0.338462
0.717949 0.353846
0.717949 0.369231
0.717949 0.384615
0.717949 0.400000
0.717949 0.415385
0.717949 0.430769
0.717949 0.446154
0.717949 0.461538
0.717949 0.476923
0.717949 0.492308
0.717949 0.507692
0.717949 0.523077
0.717949 0.538462
0.717949 0.553846
0.717949 0.569231
0.717949 0.584615
0.717949 0.600000
0.717949 0.615385
0.717949 0.630769
0.717949 0.646154
0.717949 0.661538
0.717949 0.676923
0.717949 0.692308
0.717949 0.707692
0.717949 0.723077
0.717949 0.738462
0.717949 0.753846
0.717949 0.769231
0.717949 0.784615
0.717949 0.800000
0.743590 0.200000
0.743590 0.215385
0.743590 0.230769
0.743590 0.246154
0.743590 0.261538
0.743590 0.276923
0.743590 0.292308
0.743590 0.307692
0.743590 0.323077
0.743590 0.338462
0.743590 0.353846
0.743590 0.369231
0.743590 0.384615
0.743590 0.400000
0.743590 0.415385
0.743590 0.430769
0.743590 0.446154
0.743590 0.461538
0.743590 0.476923
0.743590 0.492308
0.743590 0.507692
0.743590 0.523077
0.743590 0.538462
0.743590 0.553846
0.743590 0.569231
0.743590 0.584615
0.743590 0.600000
0.743590 0.615385
0.743590 0.630769
0.743590 0.646154
0.743590 0.661538
0.743590 0.676923
0.743590 0.692308
0.743590 0.707692
0.743590 0.723077
0.743590 0.738462
0.743590 0.753846
0.743590 0.769231
0.743590 0.784615
0.743590 0.800000
0.769231 0.200000
0.769231 0.215385
0.769231 0.230769
0.769231 0.246154
0.769231 0.261538
0.769231 0.276923
0.769231 0.292308
0.769231 0.307692
0.769231 0.323077
0.769231 0.338462
0.769231 0.353846
0.769231 0.369231
0.769231 0.384615
0.769231 0.400000
0.769231 0.415385
0.769231 0.430769
0.769231 0.446154
0.769231 0.461538
0.769231 0.476923
0.769231 0.492308
0.769231 0.507692
0.769231 0.523077
0.769231 0.538462
0.769231 0.553846
0.769231 0.569231
0.769231 0.584615
0.769231 0.600000
0.769231 0.615385
0.769231 0.630769
0.769231 0.646154
0.769231 0.661538
0.769231 0.676923
0.769231 0.692308
0.769231 0.707692
0.769231 0.723077
0.769231 0.738462
0.769231 0.753846
0.769231 0.769231
0.769231 0.784615
0.769231 0.800000
0.794872 0.200000
0.794872 0.215385
0.794872 0.230769
0.794872 0.246154
0.794872 0.261538
0.794872 0.276923
0.794872 0.292308
0.794872 0.307692
0.794872 0.323077
0.794872 0.338462
0.794872 0.353846
0.794872 0.369231
0.794872 0.384615
0.794872 0.400000
0.794872 0.415385
0.794872 0.430769
0.794872 0.446154
0.794872 0.461538
0.794872 0.476923
0.794872 0.492308
0.794872 0.507692
0.794872 0.523077
0.794872 0.538462
0.794872 0.553846
0.794872 0.569231
0.794872 0.584615
0.794872 0.600000
0.794872 0.615385
0.794872 0.630769
0.794872 0.646154
0.794872 0.661538
0.794872 0.676923
0.794872 0.692308
0.794872 0.707692
0.794872 0.723077
0.794872 0.738462
0.794872 0.753846
0.794872 0.769231
0.794872 0.784615
0.794872 0.800000
0.820513 0.200000
0.820513 0.215385
0.820513 0.230769
0.820513 0.246154
0.820513 0.261538
0.820513 0.276923
0.820513 0.292308
0.820513 0.307692
0.820513 0.323077
0.820513 0.338462
0.820513 0.353846
0.820513 0.369231
0.820513 0.384615
0.820513 0.400000
0.820513 0.415385
0.820513 0.430769
0.820513 0.446154
0.820513 0.461538
0.820513 0.476923
0.820513 0.492308
0.820513 0.507692
0.820513 0.523077
0.820513 0.538462
0.820513 0.553846
0.820513 0.569231
0.820513 0.584615
0.820513 0.600000
0.820513 0.615385
0.820513 0.630769
0.820513 0.646154
0.820513 0.661538
0.820513 0.676923
0.820513 0.692308
0.820513 0.707692
0.820513 0.723077
0.820513 0.738462
0.820513 0.753846
0.820513 0.769231
0.820513 0.784615
0.820513 0.800000
0.846154 0.200000
0.846154 0.215385
0.846154 0.230769
0.846154 0.246154
0.846154 0.261538
0.846154 0.276923
0.846154 0.292308
0.846154 0.307692
0.846154 0.323077
0.846154 0.338462
0.846154 0.353846
0.846154 0.369231
0.846154 0.384615
0.846154 0.400000
0.846154 0.415385
0.846154 0.430769
0.846154 0.446154
0.846154 0.461538
0.846154 0.476923
0.846154 0.492308
0.846154 0.507692
0.846154 0.523077
0.846154 0.538462
0.846154 0.553846
0.846154 0.569231
0.846154 0.584615
0.846154 0.600000
0.846154 0.615385
0.846154 0.630769
0.846154 0.646154
0.846154 0.661538
0.846154 0.676923
0.846154 0.692308
0.846154 0.707692
0.846154 0.723077
0.846154 0.738462
0.846154 0.753846
0.846154 0.769231
0.846154 0.784615
0.846154 0.800000
0.871795 0.200000
0.871795 0.215385
0.871795 0.230769
0.871795 0.246154
0.871795 0.261538
0.871795 0.276923
0.871795 0.292308
0.871795 0.307692
0.871795 0.323077
0.871795 0.338462
0.871795 0.353846
0.871795 0.369231
0.871795 0.384615
0.871795 0.400000
0.871795 0.415385
0.871795 0.430769
0.871795 0.446154
0.871795 0.461538
0.871795 0.476923
0.871795 0.492308
0.871795 0.507692
0.871795 0.523077
0.871795 0.538462
0.871795 0.553846
0.871795 0.569231
0.871795 0.584615
0.871795 0.600000
0.871795 0.615385
0.871795 0.630769
0.871795 0.646154
0.871795 0.661538
0.871795 0.676923
0.871795 0.692308
0.871795 0.707692
0.871795 0.723077
0.871795 0.738462
0.871795 0.753846
0.871795 0.769231
0.871795 0.784615
0.871795 0.800000
0.897436 0.200000
0.897436 0.215385
0.897436 0.230769
0.897436 0.246154
0.897436 0.261538
0.897436 0.276923
0.897436 0.292308
0.897436 0.307692
0.897436 0.323077
0.897436 0.338462
0.897436 0.353846
0.897436 0.369231
0.897436 0.384615
0.897436 0.400000
0.897436 0.415385
0.897436 0.430769
0.897436 0.446154
0.897436 0.461538
0.897436 0.476923
0.897436 0.492308
0.897436 0.507692
0.897436 0.523077
0.897436 0.538462
0.897436 0.553846
0.897436 0.569231
0.897436 0.584615
0.897436 0.600000
0.897436 0.615385
0.897436 0.630769
0.897436 0.646154
0.897436 0.661538
0.897436 0.676923
0.897436 0.692308
0.897436 0.707692
0.897436 0.723077
0.897436 0.738462
0.897436 0.753846
0.897436 0.769231
0.897436 0.784615
0.897436 0.800000
0.923077 0.200000
0.923077 0.215385
0.923077 0.230769
0.923077 0.246154
0.923077 0.261538
0.923077 0.276923
0.923077 0.292308
0.923077 0.307692
0.923077 0.323077
0.923077 0.338462
0.923077 0.353846
0.923077 0.369231
0.923077 0.384615
0.923077 0.400000
0.923077 0.415385
0.923077 0.430769
0.923077 0.446154
0.923077 0.461538
0.923077 0.476923
0.923077 0.492308
0.923077 0.507692
0.923077 0.523077
0.923077 0.538462
0.923077 0.553846
0.923077 0.569231
0.923077 0.584615
0.923077 0.600000
0.923077 0.615385
0.923077 0.630769
0.923077 0.646154
0.923077 0.661538
0.923077 0.676923
0.923077 0.692308
0.923077 0.707692
0.923077 0.723077
0.923077 0.738462
0.923077 0.753846
0.923077 0.769231
0.923077 0.784615
0.923077 0.800000
0.948718 0.200000
0.948718 0.215385
0.948718 0.230769
0.948718 0.246154
0.948718 0.261538
0.948718 0.276923
0.948718 0.292308
0.948718 0.307692
0.948718 0.323077
0.948718 0.338462
0.948718 0.353846
0.948718 0.369231
0.948718 0.384615
0.948718 0.400000
0.948718 0.415385
0.948718 0.430769
0.948718 0.446154
0.948718 0.461538
0.948718 0.476923
0.948718 0.492308
0.948718 0.507692
0.948718 0.523077
0.948718 0.538462
0.948718 0.553846
0.948718 0.569231
0.948718 0.584615
0.948718 0.600000
0.948718 0.615385
0.948718 0.630769
0.948718 0.646154
0.948718 0.661538
0.948718 0.676923
0.948718 0.692308
0.948718 0.707692
0.948718 0.723077
0.948718 0.738462
0.948718 0.753846
0.948718 0.769231
0.948718 0.784615
0.948718 0.800000
0.974359 0.200000
0.974359 0.215385
0.974359 0.230769
0.974359 0.246154
0.974359 0.261538
0.974359 0.276923
0.974359 0.292308
0.974359 0.307692
0.974359 0.323077
0.974359 0.338462
0.974359 0.353846
0.974359 0.369231
0.974359 0.384615
0.974359 0.400000
0.974359 0.415385
0.974359 0.430769
0.974359 0.446154
0.974359 0.461538
0.974359 0.476923
0.974359 0.492308
0.974359 0.507692
0.974359 0.523077
0.974359 0.538462
0.974359 0.553846
0.974359 0.569231
0.974359 0.584615
0.974359 0.600000
0.974359 0.615385
0.974359 0.630769
0.974359 0.646154
0.974359 0.661538
0.974359 0.676923
0.974359 0.692308
0.974359 0.707692
0.974359 0.723077
0.974359 0.738462
0.974359 0.753846
0.974359 0.769231
0.974359 0.784615
0.974359 0.800000
1.000000 0.200000
1.000000 0.215385
1.000000 0.230769
1.000000 0.246154
1.000000 0.261538
1.000000 0.276923
1.000000 0.292308
1.000000 0.307692
1.000000 0.323077
1.000000 0.338462
1.000000 0.353846
1.000000 0.369231
1.000000 0.384615
1.000000 0.400000
1.000000 0.415385
1.000000 0.430769
1.000000 0.446154
1.000000 0.461538
1.000000 0.476923
1.000000 0.492308
1.000000 0.507692
1.000000 0.523077
1.000000 0.538462
1.000000 0.553846
1.000000 0.569231
1.000000 0.584615
1.000000 0.600000
1.000000 0.615385
1.000000 0.630769
1.000000 0.646154
1.000000 0.661538
1.000000 0.676923
1.000000 0.692308
1.000000 0.707692
1.000000 0.723077
1.000000 0.738462
1.000000 0.753846
1.000000 0.769231
1.000000 0.784615
1.000000 0.800000