  0.000000   0.000000   0.000000  -1.182392
  0.010000   0.000000  -0.011824   5.326478
  0.020000  -0.000118   0.041441   8.717973
  0.030000   0.000296   0.128621  14.352862
  0.040000   0.001582   0.272149  18.933948
  0.050000   0.004304   0.461489  21.986526
  0.060000   0.008919   0.681354  23.330146
  0.070000   0.015732   0.914655  22.992850
  0.080000   0.024879   1.144584  21.128891
  0.090000   0.036325   1.355873  17.964644
  0.100000   0.049883   1.535519  13.763843
  0.110000   0.065239   1.673158   8.805885
  0.120000   0.081970   1.761217   3.372800
  0.130000   0.099582   1.794945  -2.257989
  0.140000   0.117532   1.772365  -7.817382
  0.150000   0.135255   1.694191 -13.045973
  0.160000   0.152197   1.563731 -17.694058
  0.170000   0.167835   1.386791 -21.520918
  0.180000   0.181703   1.171581 -24.293795
  0.190000   0.193418   0.928643 -25.786662
  0.200000   0.202705   0.670777 -25.779072
  0.210000   0.209413   0.412986 -24.055092
  0.220000   0.213542   0.172435 -20.402394
  0.230000   0.215267  -0.031589 -14.612408
  0.240000   0.214951  -0.177713  -6.553530
  0.250000   0.213174  -0.243248   5.664608
  0.260000   0.210741  -0.186602  42.347336
  0.270000   0.208875   0.236871  69.843872
  0.280000   0.211244   0.935310  87.608620
  0.290000   0.220597   1.811396  97.096603
  0.300000   0.238711   2.782362  99.497497
  0.310000   0.266535   3.777337  95.896949
  0.320000   0.304308   4.736307  87.299566
  0.330000   0.351671   5.609302  74.645897
  0.340000   0.407764   6.355761  58.825893
  0.350000   0.471322   6.944020  40.689554
  0.360000   0.540762   7.350916  21.055552
  0.370000   0.614271   7.561471   0.717530
  0.380000   0.689886   7.568647 -19.550203
  0.390000   0.765572   7.373145 -38.988761
  0.400000   0.839304   6.983257 -56.851480
  0.410000   0.909136   6.414742 -72.401057
  0.420000   0.973284   5.690732 -84.907865
  0.430000   1.030191   4.841653 -93.648150
  0.440000   1.078608   3.905171 -97.902704
  0.450000   1.117659   2.926144 -96.955743
  0.460000   1.146921   1.956587 -90.093942
  0.470000   1.166487   1.055648 -76.605714
  0.480000   1.177043   0.289590 -55.794131
  0.490000   1.179939  -0.268351 -25.917587
  0.500000   1.177255  -0.527527   9.331403