  0.000000   0.000000   0.000000  -0.894969
  0.010000   0.000000  -0.008950 -13.438681
  0.020000  -0.000089  -0.143337 -11.866810
  0.030000  -0.001523  -0.262005   0.405964
  0.040000  -0.004143  -0.257945  14.727437
  0.050000  -0.006722  -0.110671  27.524849
  0.060000  -0.007829   0.164578  36.943946
  0.070000  -0.006183   0.534017  42.250684
  0.080000  -0.000843   0.956524  43.403043
  0.090000   0.008722   1.390555  40.767701
  0.100000   0.022628   1.798232  34.936060
  0.110000   0.040610   2.147592  26.607661
  0.120000   0.062086   2.413669  16.518706
  0.130000   0.086223   2.578856   5.400536
  0.140000   0.112011   2.632861  -6.042769
  0.150000   0.138340   2.572434 -17.144557
  0.160000   0.164064   2.400988 -27.278254
  0.170000   0.188074   2.128205 -35.855964
  0.180000   0.209356   1.769646 -42.324654
  0.190000   0.227053   1.346399 -46.161461
  0.200000   0.240516   0.884785 -46.868782
  0.210000   0.249364   0.416097 -43.969617
  0.220000   0.253525  -0.023599 -37.003374
  0.230000   0.253289  -0.393633 -25.521729
  0.240000   0.249353  -0.648850  -9.047969
  0.250000   0.242864  -0.739330  11.593266
  0.260000   0.235471  -0.623397  25.157398
  0.270000   0.229237  -0.371823  33.680297
  0.280000   0.225519  -0.035020  38.908335
  0.290000   0.225169   0.354063  41.296718
  0.300000   0.228709   0.767030  41.249902
  0.310000   0.236380   1.179529  39.140093
  0.320000   0.248175   1.570930  35.314291
  0.330000   0.263884   1.924073  30.099787
  0.340000   0.283125   2.225071  23.808440
  0.350000   0.305376   2.463155  16.740034
  0.360000   0.330007   2.630556   9.184822
  0.370000   0.356313   2.722404   1.425523
  0.380000   0.383537   2.736659  -6.260893
  0.390000   0.410903   2.674050 -13.602207
  0.400000   0.437644   2.538028 -20.329971
  0.410000   0.463024   2.334728 -26.178482
  0.420000   0.486372   2.072943 -30.884425
  0.430000   0.507101   1.764099 -34.186191
  0.440000   0.524742   1.422237 -35.823443
  0.450000   0.538964   1.064003 -35.536733
  0.460000   0.549604   0.708636 -33.067199
  0.470000   0.556691   0.377964 -28.156374
  0.480000   0.560470   0.096400 -20.551274
  0.490000   0.561434  -0.109113  -9.605329
  0.500000   0.560343  -0.205166   4.285650