  0.000000   0.000000   0.000000  -0.901419
  0.010000   0.000000  -0.009014 -18.105548
  0.020000  -0.000090  -0.190070 -16.995679
  0.030000  -0.001991  -0.360026  -3.066380
  0.040000  -0.005591  -0.390690  13.687952
  0.050000  -0.009498  -0.253811  28.919837
  0.060000  -0.012036   0.035388  40.356508
  0.070000  -0.011682   0.438953  47.073314
  0.080000  -0.007293   0.909686  48.979062
  0.090000   0.001804   1.399476  46.475383
  0.100000   0.015799   1.864230  40.235464
  0.110000   0.034441   2.266585  31.063744
  0.120000   0.057107   2.577222  19.809832
  0.130000   0.082879   2.775321   7.318418
  0.140000   0.110632   2.848505  -5.597785
  0.150000   0.139118   2.792527 -18.170405
  0.160000   0.167043   2.610823 -29.678692
  0.170000   0.193151   2.314036 -39.447957
  0.180000   0.216291   1.919556 -46.845047
  0.190000   0.235487   1.451106 -51.272772
  0.200000   0.249998   0.938378 -52.164069
  0.210000   0.259382   0.416738 -48.976445
  0.220000   0.263549  -0.073027 -41.186973
  0.230000   0.262819  -0.484897 -28.286999
  0.240000   0.257970  -0.767767  -9.699323
  0.250000   0.250292  -0.864760  13.561209
  0.260000   0.241645  -0.729148  20.774856
  0.270000   0.234353  -0.521399  24.550857
  0.280000   0.229139  -0.275891  26.656234
  0.290000   0.226380  -0.009328  27.281089
  0.300000   0.226287   0.263483  26.633649
  0.310000   0.228922   0.529819  24.907755
  0.320000   0.234220   0.778897  22.285854
  0.330000   0.242009   1.001755  18.941663
  0.340000   0.252027   1.191172  15.042219
  0.350000   0.263938   1.341594  10.749460
  0.360000   0.277354   1.449089   6.221273
  0.370000   0.291845   1.511301   1.612488
  0.380000   0.306958   1.527426  -2.924294
  0.390000   0.322232   1.498183  -7.238441
  0.400000   0.337214   1.425799 -11.180824
  0.410000   0.351472   1.313991 -14.603305
  0.420000   0.364612   1.167958 -17.358679
  0.430000   0.376292   0.994371 -19.300321
  0.440000   0.386235   0.801368 -20.281995
  0.450000   0.394249   0.598548 -20.157677
  0.460000   0.400235   0.396971 -18.781426
  0.470000   0.404204   0.209157 -16.007317
  0.480000   0.406296   0.049083 -11.691426
  0.490000   0.406787  -0.067831  -5.514884
  0.500000   0.406108  -0.122980   2.803977