 -0.259893
-28.203305
-47.781786
-60.121432
-67.461987
-71.225089
-72.511191
-72.173053
-70.873845
-69.129264
-67.337769
-65.802030
-64.743866
-64.314333
-64.600271
-65.628189
-67.366162
-69.724325
-72.554248
-75.647537
-78.733829
-81.478362
-83.479216
-84.264248
-83.282276
-79.925617
-74.796970
-69.065232
-62.933213
-56.585242
-50.207816
-43.981770
-38.078592
-32.656766
-27.858116
-23.804134
-20.592312
-18.292477
-16.943096
-16.547615
-17.070810
-18.435048
-20.516673
-23.142285
-26.085056
-29.061012
-31.725314
-33.668534
-34.414493
-33.289412
-30.050585