 -0.225355
-26.646980
-44.509642
-55.007522
-60.442517
-62.291885
-61.710203
-59.601572
-56.676621
-53.493506
-50.487039
-47.989024
-46.242095
-45.408697
-45.576524
-46.761312
-48.907633
-51.888301
-55.502647
-59.474029
-63.446738
-66.982468
-69.556462
-70.553162
-69.242041
-65.181055
-62.898467
-60.615155
-58.161812
-55.620819
-53.067568
-50.574913
-48.211808
-46.041865
-44.121910
-42.500525
-41.216638
-40.298068
-39.760046
-39.603833
-39.815272
-40.363311
-41.198595
-42.251990
-43.433125
-44.628918
-45.702105
-46.489772
-46.802391
-46.378327
-44.917940