  0.000000   0.000000   0.000000  -1.177733
  0.010000   0.000000  -0.011777   0.656163
  0.020000  -0.000118  -0.005216   3.586620
  0.030000  -0.000170   0.030651  10.878490
  0.040000   0.000137   0.139435  17.892754
  0.050000   0.001531   0.318363  23.380047
  0.060000   0.004715   0.552163  26.741419
  0.070000   0.010236   0.819578  27.814320
  0.080000   0.018432   1.097721  26.703844
  0.090000   0.029409   1.364759  23.671337
  0.100000   0.043057   1.601473  19.062339
  0.110000   0.059071   1.792096  13.261160
  0.120000   0.076992   1.924708   6.663261
  0.130000   0.096240   1.991340  -0.340569
  0.140000   0.116153   1.987935  -7.372586
  0.150000   0.136032   1.914209 -14.071654
  0.160000   0.155174   1.773492 -20.093876
  0.170000   0.172909   1.572553 -25.111745
  0.180000   0.188635   1.321436 -28.812390
  0.190000   0.201849   1.033312 -30.895475
  0.200000   0.212182   0.724357 -31.071115
  0.210000   0.219426   0.413646 -29.057918
  0.220000   0.223562   0.123067 -24.581259
  0.230000   0.224793  -0.122746 -17.372294
  0.240000   0.223566  -0.296469  -7.200944
  0.250000   0.220601  -0.368478   7.563638
  0.260000   0.216916  -0.292842  37.976864
  0.270000   0.213988   0.086927  60.726996
  0.280000   0.214857   0.694197  75.367451
  0.290000   0.221799   1.447871  83.090293
  0.300000   0.236278   2.278774  84.888958
  0.310000   0.259065   3.127664  81.670733
  0.320000   0.290342   3.944371  74.275689
  0.330000   0.329786   4.687128  63.490839
  0.340000   0.376657   5.322037  50.061356
  0.350000   0.429877   5.822650  34.699417
  0.360000   0.488104   6.169644  18.091370
  0.370000   0.549800   6.350558   0.903070
  0.380000   0.613306   6.359589 -16.215622
  0.390000   0.676902   6.197432 -32.627407
  0.400000   0.738876   5.871158 -47.704986
  0.410000   0.797588   5.394109 -60.828643
  0.420000   0.851529   4.785822 -71.384935
  0.430000   0.899387   4.071973 -78.765169
  0.440000   0.940107   3.284321 -82.364325
  0.450000   0.972950   2.460678 -81.580136
  0.460000   0.997557   1.644876 -75.812294
  0.470000   1.014005   0.886754 -64.461860
  0.480000   1.022873   0.242135 -46.941240
  0.490000   1.025294  -0.227277 -21.828825
  0.500000   1.023022  -0.445566   7.880934