 -0.294433
-29.759637
-51.053941
-65.235355
-74.481466
-80.158298
-83.312183
-84.744536
-85.071070
-84.765022
-84.188500
-83.615036
-83.245635
-83.219967
-83.624017
-84.495064
-85.824690
-87.560348
-89.605850
-91.821045
-94.020920
-95.974256
-97.401970
-97.975335
-97.322510
-94.670180
-86.695473
-77.515308
-67.704615
-57.549665
-47.348063
-37.388628
-27.945376
-19.271667
-11.594321
 -5.107742
  0.032017
  3.713116
  5.873857
  6.508604
  5.673654
  3.493216
  0.165252
 -4.032579
 -8.736986
-13.493106
-17.748522
-20.847297
-22.026596
-20.200498
-15.183231