 -0.175016
-25.089209
-41.235929
-49.892435
-53.422299
-53.358397
-50.909437
-47.030871
-42.480781
-37.859770
-33.638980
-30.179322
-27.744196
-26.507380
-26.557358
-27.899033
-30.453393
-34.055857
-38.453449
-43.301224
-48.158085
-52.482165
-55.625871
-56.830284
-55.188402
-50.523533
-51.009906
-52.170236
-53.392841
-54.656285
-55.924951
-57.163795
-58.339294
-59.420209
-60.378355
-61.189379
-61.833594
-62.296678
-62.570604
-62.654384
-62.554893
-62.287657
-61.877656
-61.360104
-60.781226
-60.199030
-59.684090
-59.320342
-59.205561
-59.479815
-59.753198