-57.011976
-56.383636
-55.755297
-55.126958
-54.498618
-53.870279
-53.241940
-52.613600
-51.985261
-51.356922
-50.728582
-50.100243
-49.471904
-48.843564
-48.215225
-47.586886
-46.958546
-46.330207
-45.701868
-45.073529
-44.445189
-43.816850
-43.188511
-42.560171
-41.931832
-41.303493
-40.675153
-40.046814
-39.418475
-38.790135
-38.161796
-37.533457
-36.905117
-36.276778
-35.648439
-35.020099
-34.391760
-33.763421
-33.135081
-32.506742
-31.878403
-31.250063
-30.621724
-29.993385
-29.365045
-28.736706
-28.108367
-27.480028
-26.851688
-26.223349
-25.595010
-24.966670
-24.338331
-23.709992
-23.081652
-22.453313
-21.824974
-21.196634
-20.568295
-19.939956
-19.311616
-18.683277
-18.054938
-17.426598
-16.798259
-16.169920
-15.541580
-14.913241
-14.284902
-13.656562
-13.028223
-12.399884
-11.771545
-11.143205
-10.514866
 -9.886527
 -9.258187
 -8.629848
 -8.001509
 -7.373169
 -6.744830
 -6.116491
 -5.488151
 -4.859812
 -4.231473
 -3.603133
 -2.974794
 -2.346455
 -1.718115
 -1.089776
 -0.461437
  0.166903
  0.795242
  1.423581
  2.051921
  2.680260
  3.308599
  3.936938
  4.565278
  5.193617