0.236192 0.171437 0.064755 0.000000
0.237072 0.171876 0.065196 0.000000
0.211321 0.147850 0.063470 0.000000
0.084855 0.023242 0.061614 0.000000
0.143065 0.083631 0.059434 0.000000
0.151627 0.093459 0.058168 0.000000
0.155185 0.094417 0.060768 0.000000
0.188730 0.122604 0.066126 0.000000
0.144408 0.083182 0.061225 0.000000
0.184618 0.125338 0.059280 0.000000
0.192083 0.128738 0.063346 0.000000
0.180851 0.116483 0.064368 0.000000
0.102823 0.042096 0.060727 0.000000
0.101826 0.040154 0.061672 0.000000
0.188001 0.129138 0.058863 0.000000