 -71.946770  -71.946770  -71.946770  -71.946770
 -73.631470  -73.631470  -73.631470  -73.631470
 -75.316169  -75.316169  -75.316169  -75.316169
 -77.000869  -77.000869  -77.000869  -77.000869
 -78.685568  -78.685568  -78.685568  -78.685568
 -80.370268  -80.370268  -80.370268  -80.370268
 -82.054968  -82.054968  -82.054968  -82.054968
 -83.739667  -83.739667  -83.739667  -83.739667
 -85.424367  -85.424367  -85.424367  -85.424367
 -87.109066  -87.109066  -87.109066  -87.109066
 -88.793766  -88.793766  -88.793766  -88.793766
 -90.478466  -90.478466  -90.478466  -90.478466
 -92.163165  -92.163165  -92.163165  -92.163165
 -93.847865  -93.847865  -93.847865  -93.847865
 -95.532565  -95.532565  -95.532565  -95.532565
 -97.217264  -97.217264  -97.217264  -97.217264
 -98.901964  -98.901964  -98.901964  -98.901964
-100.586663 -100.586663 -100.586663 -100.586663
-102.271363 -102.271363 -102.271363 -102.271363
-103.956063 -103.956063 -103.956063 -103.956063
-105.640762 -105.640762 -105.640762 -105.640762
-107.325462 -107.325462 -107.325462 -107.325462
-109.010162 -109.010162 -109.010162 -109.010162
-110.694861 -110.694861 -110.694861 -110.694861
-112.379561 -112.379561 -112.379561 -112.379561
-114.064260 -114.064260 -114.064260 -114.064260
-115.748960 -115.748960 -115.748960 -115.748960
-117.433660 -117.433660 -117.433660 -117.433660
-119.118359 -119.118359 -119.118359 -119.118359
-120.803059 -120.803059 -120.803059 -120.803059
-122.487759 -122.487759 -122.487759 -122.487759
-124.172458 -124.172458 -124.172458 -124.172458
-125.857158 -125.857158 -125.857158 -125.857158
-127.541857 -127.541857 -127.541857 -127.541857
-129.226557 -129.226557 -129.226557 -129.226557
-130.911257 -130.911257 -130.911257 -130.911257
-132.595956 -132.595956 -132.595956 -132.595956
-134.280656 -134.280656 -134.280656 -134.280656
-135.965355 -135.965355 -135.965355 -135.965355
-137.650055 -137.650055 -137.650055 -137.650055
-139.334755 -139.334755 -139.334755 -139.334755
-141.019454 -141.019454 -141.019454 -141.019454
-142.704154 -142.704154 -142.704154 -142.704154
-144.388854 -144.388854 -144.388854 -144.388854
-146.073553 -146.073553 -146.073553 -146.073553
-147.758253 -147.758253 -147.758253 -147.758253
-149.442952 -149.442952 -149.442952 -149.442952
-151.127652 -151.127652 -151.127652 -151.127652
-152.812352 -152.812352 -152.812352 -152.812352
-154.497051 -154.497051 -154.497051 -154.497051
-156.181751 -156.181751 -156.181751 -156.181751
-157.866451 -157.866451 -157.866451 -157.866451
-159.551150 -159.551150 -159.551150 -159.551150
-161.235850 -161.235850 -161.235850 -161.235850
-162.920549 -162.920549 -162.920549 -162.920549
-164.605249 -164.605249 -164.605249 -164.605249
-166.289949 -166.289949 -166.289949 -166.289949
-167.974648 -167.974648 -167.974648 -167.974648
-169.659348 -169.659348 -169.659348 -169.659348
-171.344047 -171.344047 -171.344047 -171.344047
-173.028747 -173.028747 -173.028747 -173.028747
-174.713447 -174.713447 -174.713447 -174.713447
-176.398146 -176.398146 -176.398146 -176.398146
-178.082846 -178.082846 -178.082846 -178.082846
-179.767546 -179.767546 -179.767546 -179.767546
-181.452245 -181.452245 -181.452245 -181.452245
-183.136945 -183.136945 -183.136945 -183.136945
-184.821644 -184.821644 -184.821644 -184.821644
-186.506344 -186.506344 -186.506344 -186.506344
-188.191044 -188.191044 -188.191044 -188.191044
-189.875743 -189.875743 -189.875743 -189.875743
-191.560443 -191.560443 -191.560443 -191.560443
-193.245143 -193.245143 -193.245143 -193.245143
-194.929842 -194.929842 -194.929842 -194.929842
-196.614542 -196.614542 -196.614542 -196.614542
-198.299241 -198.299241 -198.299241 -198.299241
-199.983941 -199.983941 -199.983941 -199.983941
-201.668641 -201.668641 -201.668641 -201.668641
-203.353340 -203.353340 -203.353340 -203.353340
-205.038040 -205.038040 -205.038040 -205.038040
-206.722739 -206.722739 -206.722739 -206.722739
-208.407439 -208.407439 -208.407439 -208.407439
-210.092139 -210.092139 -210.092139 -210.092139
-211.776838 -211.776838 -211.776838 -211.776838
-213.461538 -213.461538 -213.461538 -213.461538
-215.146238 -215.146238 -215.146238 -215.146238
-216.830937 -216.830937 -216.830937 -216.830937
-218.515637 -218.515637 -218.515637 -218.515637
-220.200336 -220.200336 -220.200336 -220.200336
-221.885036 -221.885036 -221.885036 -221.885036
-223.569736 -223.569736 -223.569736 -223.569736
-225.254435 -225.254435 -225.254435 -225.254435
-226.939135 -226.939135 -226.939135 -226.939135
-228.623835 -228.623835 -228.623835 -228.623835
-230.308534 -230.308534 -230.308534 -230.308534
-231.993234 -231.993234 -231.993234 -231.993234
-233.677933 -233.677933 -233.677933 -233.677933
-235.362633 -235.362633 -235.362633 -235.362633
-237.047333 -237.047333 -237.047333 -237.047333
-238.732032 -238.732032 -238.732032 -238.732032