 -71.946770
 -73.631470
 -75.316169
 -77.000869
 -78.685568
 -80.370268
 -82.054968
 -83.739667
 -85.424367
 -87.109066
 -88.793766
 -90.478466
 -92.163165
 -93.847865
 -95.532565
 -97.217264
 -98.901964
-100.586663
-102.271363
-103.956063
-105.640762
-107.325462
-109.010162
-110.694861
-112.379561
-114.064260
-115.748960
-117.433660
-119.118359
-120.803059
-122.487759
-124.172458
-125.857158
-127.541857
-129.226557
-130.911257
-132.595956
-134.280656
-135.965355
-137.650055
-139.334755
-141.019454
-142.704154
-144.388854
-146.073553
-147.758253
-149.442952
-151.127652
-152.812352
-154.497051
-156.181751
-157.866451
-159.551150
-161.235850
-162.920549
-164.605249
-166.289949
-167.974648
-169.659348
-171.344047
-173.028747
-174.713447
-176.398146
-178.082846
-179.767546
-181.452245
-183.136945
-184.821644
-186.506344
-188.191044
-189.875743
-191.560443
-193.245143
-194.929842
-196.614542
-198.299241
-199.983941
-201.668641
-203.353340
-205.038040
-206.722739
-208.407439
-210.092139
-211.776838
-213.461538
-215.146238
-216.830937
-218.515637
-220.200336
-221.885036
-223.569736
-225.254435
-226.939135
-228.623835
-230.308534
-231.993234
-233.677933
-235.362633
-237.047333
-238.732032