0.059987 0.000174 0.059813 0.000000
0.059856 0.000041 0.059815 0.000000
0.059850 0.000035 0.059815 0.000000
0.059849 0.000032 0.059816 0.000000
0.059839 0.000023 0.059816 0.000000
0.059846 0.000029 0.059816 0.000000
0.059880 0.000061 0.059819 0.000000
0.059910 0.000092 0.059818 0.000000
0.059906 0.000090 0.059816 0.000000
0.059904 0.000088 0.059816 0.000000
0.059900 0.000083 0.059818 0.000000
0.059893 0.000077 0.059816 0.000000
0.059848 0.000034 0.059814 0.000000
0.059881 0.000063 0.059818 0.000000
0.059845 0.000027 0.059818 0.000000