453.198136
448.204232
443.210329
438.216425
433.222522
428.228618
423.234714
418.240811
413.246907
408.253004
403.259100
398.265196
393.271293
388.277389
383.283486
378.289582
373.295678
368.301775
363.307871
358.313968
353.320064
348.326160
343.332257
338.338353
333.344450
328.350546
323.356642
318.362739
313.368835
308.374932
303.381028
298.387124
293.393221
288.399317
283.405414
278.411510
273.417606
268.423703
263.429799
258.435896
253.441992
248.448088
243.454185
238.460281
233.466378
228.472474
223.478570
218.484667
213.490763
208.496860
203.502956
198.509052
193.515149
188.521245
183.527342
178.533438
173.539534
168.545631
163.551727
158.557824
153.563920
148.570016
143.576113
138.582209
133.588306
128.594402
123.600498
118.606595
113.612691
108.618788
103.624884
 98.630980
 93.637077
 88.643173
 83.649270
 78.655366
 73.661462
 68.667559
 63.673655
 58.679752
 53.685848
 48.691944
 43.698041
 38.704137
 33.710234
 28.716330
 23.722426
 18.728523
 13.734619
  8.740716
  3.746812
 -1.247092
 -6.240995
-11.234899
-16.228802
-21.222706
-26.216610
-31.210513
-36.204417
-41.198320