550.747037
544.709168
538.671299
532.633430
526.595561
520.557693
514.519824
508.481955
502.444086
496.406217
490.368348
484.330479
478.292610
472.254742
466.216873
460.179004
454.141135
448.103266
442.065397
436.027528
429.989660
423.951791
417.913922
411.876053
405.838184
399.800315
393.762446
387.724577
381.686709
375.648840
369.610971
363.573102
357.535233
351.497364
345.459495
339.421627
333.383758
327.345889
321.308020
315.270151
309.232282
303.194413
297.156544
291.118676
285.080807
279.042938
273.005069
266.967200
260.929331
254.891462
248.853594
242.815725
236.777856
230.739987
224.702118
218.664249
212.626380
206.588511
200.550643
194.512774
188.474905
182.437036
176.399167
170.361298
164.323429
158.285560
152.247692
146.209823
140.171954
134.134085
128.096216
122.058347
116.020478
109.982610
103.944741
 97.906872
 91.869003
 85.831134
 79.793265
 73.755396
 67.717527
 61.679659
 55.641790
 49.603921
 43.566052
 37.528183
 31.490314
 25.452445
 19.414577
 13.376708
  7.338839
  1.300970
 -4.736899
-10.774768
-16.812637
-22.850506
-28.888374
-34.926243
-40.964112
-47.001981