-92.384544 -92.384544 -92.384544 -92.384544
-90.979931 -90.979931 -90.979931 -90.979931
-89.575318 -89.575318 -89.575318 -89.575318
-88.170705 -88.170705 -88.170705 -88.170705
-86.766092 -86.766092 -86.766092 -86.766092
-85.361479 -85.361479 -85.361479 -85.361479
-83.956866 -83.956866 -83.956866 -83.956866
-82.552253 -82.552253 -82.552253 -82.552253
-81.147640 -81.147640 -81.147640 -81.147640
-79.743028 -79.743028 -79.743028 -79.743028
-78.338415 -78.338415 -78.338415 -78.338415
-76.933802 -76.933802 -76.933802 -76.933802
-75.529189 -75.529189 -75.529189 -75.529189
-74.124576 -74.124576 -74.124576 -74.124576
-72.719963 -72.719963 -72.719963 -72.719963
-71.315350 -71.315350 -71.315350 -71.315350
-69.910737 -69.910737 -69.910737 -69.910737
-68.506124 -68.506124 -68.506124 -68.506124
-67.101511 -67.101511 -67.101511 -67.101511
-65.696898 -65.696898 -65.696898 -65.696898
-64.292285 -64.292285 -64.292285 -64.292285
-62.887672 -62.887672 -62.887672 -62.887672
-61.483059 -61.483059 -61.483059 -61.483059
-60.078446 -60.078446 -60.078446 -60.078446
-58.673834 -58.673834 -58.673834 -58.673834
-57.269221 -57.269221 -57.269221 -57.269221
-55.864608 -55.864608 -55.864608 -55.864608
-54.459995 -54.459995 -54.459995 -54.459995
-53.055382 -53.055382 -53.055382 -53.055382
-51.650769 -51.650769 -51.650769 -51.650769
-50.246156 -50.246156 -50.246156 -50.246156
-48.841543 -48.841543 -48.841543 -48.841543
-47.436930 -47.436930 -47.436930 -47.436930
-46.032317 -46.032317 -46.032317 -46.032317
-44.627704 -44.627704 -44.627704 -44.627704
-43.223091 -43.223091 -43.223091 -43.223091
-41.818478 -41.818478 -41.818478 -41.818478
-40.413865 -40.413865 -40.413865 -40.413865
-39.009253 -39.009253 -39.009253 -39.009253
-37.604640 -37.604640 -37.604640 -37.604640
-36.200027 -36.200027 -36.200027 -36.200027
-34.795414 -34.795414 -34.795414 -34.795414
-33.390801 -33.390801 -33.390801 -33.390801
-31.986188 -31.986188 -31.986188 -31.986188
-30.581575 -30.581575 -30.581575 -30.581575
-29.176962 -29.176962 -29.176962 -29.176962
-27.772349 -27.772349 -27.772349 -27.772349
-26.367736 -26.367736 -26.367736 -26.367736
-24.963123 -24.963123 -24.963123 -24.963123
-23.558510 -23.558510 -23.558510 -23.558510
-22.153897 -22.153897 -22.153897 -22.153897
-20.749284 -20.749284 -20.749284 -20.749284
-19.344671 -19.344671 -19.344671 -19.344671
-17.940059 -17.940059 -17.940059 -17.940059
-16.535446 -16.535446 -16.535446 -16.535446
-15.130833 -15.130833 -15.130833 -15.130833
-13.726220 -13.726220 -13.726220 -13.726220
-12.321607 -12.321607 -12.321607 -12.321607
-10.916994 -10.916994 -10.916994 -10.916994
 -9.512381  -9.512381  -9.512381  -9.512381
 -8.107768  -8.107768  -8.107768  -8.107768
 -6.703155  -6.703155  -6.703155  -6.703155
 -5.298542  -5.298542  -5.298542  -5.298542
 -3.893929  -3.893929  -3.893929  -3.893929
 -2.489316  -2.489316  -2.489316  -2.489316
 -1.084703  -1.084703  -1.084703  -1.084703
  0.319910   0.319910   0.319910   0.319910
  1.724522   1.724522   1.724522   1.724522
  3.129135   3.129135   3.129135   3.129135
  4.533748   4.533748   4.533748   4.533748
  5.938361   5.938361   5.938361   5.938361
  7.342974   7.342974   7.342974   7.342974
  8.747587   8.747587   8.747587   8.747587
 10.152200  10.152200  10.152200  10.152200
 11.556813  11.556813  11.556813  11.556813
 12.961426  12.961426  12.961426  12.961426
 14.366039  14.366039  14.366039  14.366039
 15.770652  15.770652  15.770652  15.770652
 17.175265  17.175265  17.175265  17.175265
 18.579878  18.579878  18.579878  18.579878
 19.984491  19.984491  19.984491  19.984491
 21.389104  21.389104  21.389104  21.389104
 22.793716  22.793716  22.793716  22.793716
 24.198329  24.198329  24.198329  24.198329
 25.602942  25.602942  25.602942  25.602942
 27.007555  27.007555  27.007555  27.007555
 28.412168  28.412168  28.412168  28.412168
 29.816781  29.816781  29.816781  29.816781
 31.221394  31.221394  31.221394  31.221394
 32.626007  32.626007  32.626007  32.626007
 34.030620  34.030620  34.030620  34.030620
 35.435233  35.435233  35.435233  35.435233
 36.839846  36.839846  36.839846  36.839846
 38.244459  38.244459  38.244459  38.244459
 39.649072  39.649072  39.649072  39.649072
 41.053685  41.053685  41.053685  41.053685
 42.458297  42.458297  42.458297  42.458297
 43.862910  43.862910  43.862910  43.862910
 45.267523  45.267523  45.267523  45.267523
 46.672136  46.672136  46.672136  46.672136