0.379608 0.005371 0.374237 0.000000
0.376519 0.002712 0.373807 0.000000
0.380535 0.006640 0.373895 0.000000
0.381975 0.008376 0.373599 0.000000
0.375956 0.001882 0.374074 0.000000
0.379235 0.005149 0.374085 0.000000
0.376425 0.004041 0.372384 0.000000
0.384673 0.011017 0.373656 0.000000
0.377818 0.003512 0.374305 0.000000
0.375702 0.000739 0.374964 0.000000
0.386056 0.010750 0.375306 0.000000
0.378780 0.005910 0.372870 0.000000
0.381388 0.006661 0.374727 0.000000
0.378241 0.004503 0.373738 0.000000
0.377146 0.002675 0.374471 0.000000