0.407585 0.026880 0.380706 0.000000
0.418594 0.055732 0.362862 0.000000
0.427041 0.054217 0.372824 0.000000
0.406948 0.032797 0.374150 0.000000
0.423201 0.042526 0.380674 0.000000
0.388580 0.005754 0.382826 0.000000
0.446364 0.055857 0.390506 0.000000
0.388861 0.014234 0.374627 0.000000
0.438223 0.059598 0.378625 0.000000
0.402753 0.026018 0.376735 0.000000
0.401691 0.021963 0.379729 0.000000
0.430921 0.060232 0.370689 0.000000
0.419035 0.051834 0.367201 0.000000
0.428437 0.042842 0.385595 0.000000
0.430101 0.047331 0.382770 0.000000