 3.549953
 4.334645
 5.119337
 5.904029
 6.688721
 7.473413
 8.258106
 9.042798
 9.827490
10.612182
11.396874
12.181566
12.966258
13.750950
14.535642
15.320334
16.105027
16.889719
17.674411
18.459103
19.243795
20.028487
20.813179
21.597871
22.382563
23.167255
23.951948
24.736640
25.521332
26.306024
27.090716
27.875408
28.660100
29.444792
30.229484
31.014176
31.798869
32.583561
33.368253
34.152945
34.937637
35.722329
36.507021
37.291713
38.076405
38.861097
39.645790
40.430482
41.215174
41.999866
42.784558
43.569250
44.353942
45.138634
45.923326
46.708018
47.492711
48.277403
49.062095
49.846787
50.631479
51.416171
52.200863
52.985555
53.770247
54.554940
55.339632
56.124324
56.909016
57.693708
58.478400
59.263092
60.047784
60.832476
61.617168
62.401861
63.186553
63.971245
64.755937
65.540629
66.325321
67.110013
67.894705
68.679397
69.464089
70.248782
71.033474
71.818166
72.602858
73.387550
74.172242
74.956934
75.741626
76.526318
77.311010
78.095703
78.880395
79.665087
80.449779
81.234471