 0.812587  1.458416  1.078315  0.125060  3.224175  1.387218  1.653392 -7.048414  8.144288  4.926355 21.025977
 0.882811  1.427013  1.079958  0.154794  3.169415  1.384382  1.641982 -6.931037  8.053166  4.880887 20.814549
 0.953034  1.395609  1.081600  0.184529  3.114656  1.381547  1.630572 -6.813659  7.962044  4.835419 20.603121
 1.023258  1.364205  1.083242  0.214263  3.059896  1.378711  1.619161 -6.696282  7.870921  4.789952 20.391693
 1.093482  1.332801  1.084884  0.243998  3.005136  1.375876  1.607751 -6.578905  7.779799  4.744484 20.180265
 1.163705  1.301397  1.086526  0.273732  2.950377  1.373040  1.596341 -6.461527  7.688677  4.699016 19.968838
 1.233929  1.269994  1.088169  0.303467  2.895617  1.370205  1.584931 -6.344150  7.597554  4.653549 19.757410
 1.304152  1.238590  1.089811  0.333202  2.840857  1.367369  1.573521 -6.226773  7.506432  4.608081 19.545982
 1.374376  1.207186  1.091453  0.362936  2.786098  1.364534  1.562110 -6.109395  7.415310  4.562613 19.334554
 1.444599  1.175782  1.093095  0.392671  2.731338  1.361698  1.550700 -5.992018  7.324187  4.517146 19.123126
 1.514823  1.144378  1.094737  0.422405  2.676579  1.358863  1.539290 -5.874641  7.233065  4.471678 18.911698
 1.585047  1.112975  1.096380  0.452140  2.621819  1.356027  1.527880 -5.757263  7.141943  4.426210 18.700271
 1.655270  1.081571  1.098022  0.481874  2.567059  1.353192  1.516470 -5.639886  7.050821  4.380743 18.488843
 1.725494  1.050167  1.099664  0.511609  2.512300  1.350356  1.505060 -5.522509  6.959698  4.335275 18.277415
 1.795717  1.018763  1.101306  0.541344  2.457540  1.347521  1.493649 -5.405132  6.868576  4.289807 18.065987
 1.865941  0.987359  1.102948  0.571078  2.402781  1.344685  1.482239 -5.287754  6.777454  4.244340 17.854559
 1.936165  0.955955  1.104591  0.600813  2.348021  1.341850  1.470829 -5.170377  6.686331  4.198872 17.643131
 2.006388  0.924552  1.106233  0.630547  2.293261  1.339014  1.459419 -5.053000  6.595209  4.153404 17.431704
 2.076612  0.893148  1.107875  0.660282  2.238502  1.336179  1.448009 -4.935622  6.504087  4.107937 17.220276
 2.146835  0.861744  1.109517  0.690016  2.183742  1.333343  1.436598 -4.818245  6.412964  4.062469 17.008848
 2.217059  0.830340  1.111159  0.719751  2.128983  1.330508  1.425188 -4.700868  6.321842  4.017001 16.797420
 2.287283  0.798936  1.112802  0.749485  2.074223  1.327672  1.413778 -4.583490  6.230720  3.971534 16.585992
 2.357506  0.767533  1.114444  0.779220  2.019463  1.324837  1.402368 -4.466113  6.139598  3.926066 16.374564
 2.427730  0.736129  1.116086  0.808955  1.964704  1.322001  1.390958 -4.348736  6.048475  3.880598 16.163136
 2.497953  0.704725  1.117728  0.838689  1.909944  1.319166  1.379548 -4.231358  5.957353  3.835131 15.951709
 2.568177  0.673321  1.119370  0.868424  1.855184  1.316330  1.368137 -4.113981  5.866231  3.789663 15.740281
 2.638401  0.641917  1.121013  0.898158  1.800425  1.313495  1.356727 -3.996604  5.775108  3.744195 15.528853
 2.708624  0.610514  1.122655  0.927893  1.745665  1.310659  1.345317 -3.879226  5.683986  3.698728 15.317425
 2.778848  0.579110  1.124297  0.957627  1.690906  1.307824  1.333907 -3.761849  5.592864  3.653260 15.105997
 2.849071  0.547706  1.125939  0.987362  1.636146  1.304988  1.322497 -3.644472  5.501741  3.607792 14.894569
 2.919295  0.516302  1.127581  1.017096  1.581386  1.302153  1.311086 -3.527095  5.410619  3.562325 14.683142
 2.989518  0.484898  1.129224  1.046831  1.526627  1.299317  1.299676 -3.409717  5.319497  3.516857 14.471714
 3.059742  0.453495  1.130866  1.076566  1.471867  1.296482  1.288266 -3.292340  5.228375  3.471389 14.260286
 3.129966  0.422091  1.132508  1.106300  1.417108  1.293646  1.276856 -3.174963  5.137252  3.425922 14.048858
 3.200189  0.390687  1.134150  1.136035  1.362348  1.290811  1.265446 -3.057585  5.046130  3.380454 13.837430
 3.270413  0.359283  1.135792  1.165769  1.307588  1.287975  1.254036 -2.940208  4.955008  3.334986 13.626002
 3.340636  0.327879  1.137435  1.195504  1.252829  1.285140  1.242625 -2.822831  4.863885  3.289519 13.414574
 3.410860  0.296476  1.139077  1.225238  1.198069  1.282304  1.231215 -2.705453  4.772763  3.244051 13.203147
 3.481084  0.265072  1.140719  1.254973  1.143309  1.279469  1.219805 -2.588076  4.681641  3.198583 12.991719
 3.551307  0.233668  1.142361  1.284708  1.088550  1.276633  1.208395 -2.470699  4.590518  3.153116 12.780291
 3.621531  0.202264  1.144003  1.314442  1.033790  1.273798  1.196985 -2.353321  4.499396  3.107648 12.568863
 3.691754  0.170860  1.145646  1.344177  0.979031  1.270962  1.185574 -2.235944  4.408274  3.062180 12.357435
 3.761978  0.139457  1.147288  1.373911  0.924271  1.268127  1.174164 -2.118567  4.317152  3.016713 12.146007
 3.832202  0.108053  1.148930  1.403646  0.869511  1.265291  1.162754 -2.001189  4.226029  2.971245 11.934580
 3.902425  0.076649  1.150572  1.433380  0.814752  1.262456  1.151344 -1.883812  4.134907  2.925777 11.723152
 3.972649  0.045245  1.152214  1.463115  0.759992  1.259620  1.139934 -1.766435  4.043785  2.880310 11.511724
 4.042872  0.013841  1.153857  1.492849  0.705233  1.256785  1.128524 -1.649058  3.952662  2.834842 11.300296
 4.113096 -0.017563  1.155499  1.522584  0.650473  1.253949  1.117113 -1.531680  3.861540  2.789374 11.088868
 4.183320 -0.048966  1.157141  1.552319  0.595713  1.251114  1.105703 -1.414303  3.770418  2.743907 10.877440
 4.253543 -0.080370  1.158783  1.582053  0.540954  1.248278  1.094293 -1.296926  3.679295  2.698439 10.666012
 4.323767 -0.111774  1.160425  1.611788  0.486194  1.245443  1.082883 -1.179548  3.588173  2.652971 10.454585
 4.393990 -0.143178  1.162068  1.641522  0.431434  1.242607  1.071473 -1.062171  3.497051  2.607504 10.243157
 4.464214 -0.174582  1.163710  1.671257  0.376675  1.239772  1.060062 -0.944794  3.405929  2.562036 10.031729
 4.534438 -0.205985  1.165352  1.700991  0.321915  1.236936  1.048652 -0.827416  3.314806  2.516568  9.820301
 4.604661 -0.237389  1.166994  1.730726  0.267156  1.234101  1.037242 -0.710039  3.223684  2.471101  9.608873
 4.674885 -0.268793  1.168636  1.760460  0.212396  1.231265  1.025832 -0.592662  3.132562  2.425633  9.397445
 4.745108 -0.300197  1.170279  1.790195  0.157636  1.228430  1.014422 -0.475284  3.041439  2.380165  9.186018
 4.815332 -0.331601  1.171921  1.819930  0.102877  1.225594  1.003012 -0.357907  2.950317  2.334698  8.974590
 4.885555 -0.363004  1.173563  1.849664  0.048117  1.222759  0.991601 -0.240530  2.859195  2.289230  8.763162
 4.955779 -0.394408  1.175205  1.879399 -0.006642  1.219923  0.980191 -0.123152  2.768072  2.243762  8.551734
 5.026003 -0.425812  1.176847  1.909133 -0.061402  1.217088  0.968781 -0.005775  2.676950  2.198295  8.340306
 5.096226 -0.457216  1.178490  1.938868 -0.116162  1.214252  0.957371  0.111602  2.585828  2.152827  8.128878
 5.166450 -0.488620  1.180132  1.968602 -0.170921  1.211417  0.945961  0.228979  2.494706  2.107359  7.917450
 5.236673 -0.520023  1.181774  1.998337 -0.225681  1.208581  0.934550  0.346357  2.403583  2.061892  7.706023
 5.306897 -0.551427  1.183416  2.028071 -0.280441  1.205746  0.923140  0.463734  2.312461  2.016424  7.494595
 5.377121 -0.582831  1.185058  2.057806 -0.335200  1.202910  0.911730  0.581111  2.221339  1.970956  7.283167
 5.447344 -0.614235  1.186701  2.087541 -0.389960  1.200075  0.900320  0.698489  2.130216  1.925489  7.071739
 5.517568 -0.645639  1.188343  2.117275 -0.444719  1.197239  0.888910  0.815866  2.039094  1.880021  6.860311
 5.587791 -0.677042  1.189985  2.147010 -0.499479  1.194404  0.877500  0.933243  1.947972  1.834553  6.648883
 5.658015 -0.708446  1.191627  2.176744 -0.554239  1.191568  0.866089  1.050621  1.856849  1.789086  6.437456
 5.728239 -0.739850  1.193269  2.206479 -0.608998  1.188733  0.854679  1.167998  1.765727  1.743618  6.226028
 5.798462 -0.771254  1.194912  2.236213 -0.663758  1.185897  0.843269  1.285375  1.674605  1.698150  6.014600
 5.868686 -0.802658  1.196554  2.265948 -0.718517  1.183062  0.831859  1.402753  1.583483  1.652683  5.803172
 5.938909 -0.834062  1.198196  2.295683 -0.773277  1.180226  0.820449  1.520130  1.492360  1.607215  5.591744
 6.009133 -0.865465  1.199838  2.325417 -0.828037  1.177391  0.809039  1.637507  1.401238  1.561747  5.380316
 6.079357 -0.896869  1.201480  2.355152 -0.882796  1.174555  0.797628  1.754885  1.310116  1.516280  5.168888
 6.149580 -0.928273  1.203123  2.384886 -0.937556  1.171720  0.786218  1.872262  1.218993  1.470812  4.957461
 6.219804 -0.959677  1.204765  2.414621 -0.992315  1.168884  0.774808  1.989639  1.127871  1.425344  4.746033
 6.290027 -0.991081  1.206407  2.444355 -1.047075  1.166049  0.763398  2.107016  1.036749  1.379877  4.534605
 6.360251 -1.022484  1.208049  2.474090 -1.101835  1.163213  0.751988  2.224394  0.945626  1.334409  4.323177
 6.430474 -1.053888  1.209691  2.503824 -1.156594  1.160378  0.740577  2.341771  0.854504  1.288941  4.111749
 6.500698 -1.085292  1.211334  2.533559 -1.211354  1.157542  0.729167  2.459148  0.763382  1.243474  3.900321
 6.570922 -1.116696  1.212976  2.563294 -1.266114  1.154707  0.717757  2.576526  0.672260  1.198006  3.688894
 6.641145 -1.148100  1.214618  2.593028 -1.320873  1.151871  0.706347  2.693903  0.581137  1.152538  3.477466
 6.711369 -1.179503  1.216260  2.622763 -1.375633  1.149036  0.694937  2.811280  0.490015  1.107071  3.266038
 6.781592 -1.210907  1.217902  2.652497 -1.430392  1.146200  0.683527  2.928658  0.398893  1.061603  3.054610
 6.851816 -1.242311  1.219545  2.682232 -1.485152  1.143365  0.672116  3.046035  0.307770  1.016135  2.843182
 6.922040 -1.273715  1.221187  2.711966 -1.539912  1.140529  0.660706  3.163412  0.216648  0.970668  2.631754
 6.992263 -1.305119  1.222829  2.741701 -1.594671  1.137694  0.649296  3.280790  0.125526  0.925200  2.420327
 7.062487 -1.336522  1.224471  2.771435 -1.649431  1.134858  0.637886  3.398167  0.034403  0.879732  2.208899
 7.132710 -1.367926  1.226113  2.801170 -1.704190  1.132023  0.626476  3.515544 -0.056719  0.834265  1.997471
 7.202934 -1.399330  1.227756  2.830905 -1.758950  1.129187  0.615065  3.632922 -0.147841  0.788797  1.786043
 7.273158 -1.430734  1.229398  2.860639 -1.813710  1.126352  0.603655  3.750299 -0.238963  0.743329  1.574615
 7.343381 -1.462138  1.231040  2.890374 -1.868469  1.123516  0.592245  3.867676 -0.330086  0.697862  1.363187
 7.413605 -1.493541  1.232682  2.920108 -1.923229  1.120681  0.580835  3.985053 -0.421208  0.652394  1.151759
 7.483828 -1.524945  1.234324  2.949843 -1.977989  1.117845  0.569425  4.102431 -0.512330  0.606926  0.940332
 7.554052 -1.556349  1.235967  2.979577 -2.032748  1.115010  0.558015  4.219808 -0.603453  0.561459  0.728904
 7.624276 -1.587753  1.237609  3.009312 -2.087508  1.112174  0.546604  4.337185 -0.694575  0.515991  0.517476
 7.694499 -1.619157  1.239251  3.039047 -2.142267  1.109339  0.535194  4.454563 -0.785697  0.470523  0.306048
 7.764723 -1.650560  1.240893  3.068781 -2.197027  1.106503  0.523784  4.571940 -0.876820  0.425056  0.094620