0.850580
0.909916
0.970547
1.031436
1.090679
1.145432
1.192213
1.227670
1.249615
1.257746
1.253650
1.240098
1.220147
1.196488
1.171198
1.145791
1.121420
1.099090
1.079788
1.064495
1.054021
1.048728
1.048282
1.051625
1.057226
1.063472
1.068986
1.072744
1.074037
1.072373
1.067407
1.058954
1.047108
1.032435
1.016160
1.000184
0.986799
0.978141
0.975657
0.979861
0.990491
1.006846
1.028119
1.053547
1.082398
1.113797
1.146462
1.178449
1.207060
1.229117
1.241660
1.242839
1.232503
1.212138
1.184258
1.151686
1.117074
1.082764
1.050885
1.023523
1.002834
0.990943
0.989580
0.999454
1.019675
1.047616
1.079482
1.111362
1.140165
1.164034
1.182223
1.194690
1.201693
1.203491
1.200208
1.191842
1.178404
1.160139
1.137726
1.112300
1.085214
1.057651
1.030284
1.003152
0.975754
0.947261
0.916786
0.883683
0.847929
0.810565
0.774121
0.742744
0.721707
0.716178
0.729683
0.763089
0.814671
0.881063
0.958390
1.043001
1.131631
1.221132
1.307956
1.387647
1.454611
1.502517
1.525540
1.520196
1.486854
1.429896
1.356330
1.273713
1.188528
1.105562
1.028084
0.958406
0.898433
0.849996
0.814830
0.794153
0.787977
0.794498
0.810086
0.830113
0.850262
0.867618
0.881051
0.890948
0.898616
0.905631
0.913221
0.921658
0.929652
0.933901
0.929140
0.909043
0.867965
0.802788
0.713828
0.604340
0.479101
0.342977
0.200027
0.114043
0.114043
0.114043
0.114043
0.114043
0.114043
0.114043
0.114043
0.114043
0.114043
0.114043
0.114043
0.114043
0.114043
0.114043
0.114043
0.114043
0.114043
0.114043
0.114043
0.114043
0.114043
0.114043
0.114043
0.114043
0.114043
0.114043
0.114043
0.114043
0.114043
0.114043
0.114043
0.114043
0.114043
0.114043
0.114043
0.114043
0.114043
0.114043
0.114043
0.114043
0.114043
0.114043
0.114043
0.114043
0.114043
0.114043
0.114043
0.114043
0.114043
0.114043
0.114043
0.114043
0.114043
0.114043
0.114043
0.114043
0.114043
0.114043
0.114043
0.114043
0.114043
0.114043