0.850580
0.936495
1.024203
1.108895
1.181953
1.233216
1.256355
1.252853
1.230293
1.197415
1.160907
1.125134
1.093269
1.068268
1.052797
1.047932
1.051839
1.060266
1.068623
1.073532
1.072946
1.065654
1.051168
1.030431
1.006925
0.986719
0.976215
0.979058
0.995262
1.022790
1.059304
1.102545
1.149371
1.194210
1.228573
1.243567
1.234743
1.204691
1.160763
1.111126
1.062857
1.022275
0.995763
0.989317
1.005880
1.041960
1.087687
1.131792
1.166797
1.190062
1.201753
1.202627
1.192964
1.172801
1.143073
1.106557
1.067138
1.027672
0.988539
0.947947
0.903325
0.853173
0.799471
0.750198
0.719457
0.722164
0.765637
0.846181
0.953441
1.076324
1.205081
1.329567
1.436248
1.507369
1.525964
1.485874
1.397549
1.282042
1.159716
1.044362
0.944156
0.864927
0.812016
0.789067
0.794306
0.818306
0.847644
0.872131
0.888696
0.899919
0.910265
0.922221
0.932559
0.929730
0.895898
0.815836
0.686417
0.517091
0.322225
0.114043