   1.062838
  35.679795
 -80.633569
  95.782223
 -75.098040
  -5.126167
  47.352077
   5.655555
   2.455754
 -63.571095
  74.736013
 -23.308640
  15.196843
   3.827754
 -29.512244
  -3.167750
  15.409549
   2.593103
 -14.620702
  28.898243
   6.311166
 -12.679684
 -31.816826
  54.996612
 -32.638500
  38.247394
 -64.195522
  59.573670
 -43.558778
  32.263235
  10.781963
 -12.089951
 -16.140749
  11.049343
  18.486731
 -23.156560
   7.768086
  18.383500
  -8.322905
  -2.073816
   1.111750
 -12.770525
  -3.890927
  40.216923
 -25.316950
  15.268961
  -3.078078
 -16.050008
   8.650477
  -7.999721
   8.413099
  18.191130
  -6.008491
  -3.233208
  13.823688
  -5.512906
  -3.412774
   1.112176
   1.112188
   1.112199
 -11.062228
  18.750914
 -23.557500
  18.791434
   6.108391
   7.697680
 -15.532703
   0.433477
   6.513601
 -10.407351
  16.669403
  13.979674
 -19.788268
 -12.099890
  21.553969
  -7.388143
  30.832530
 -12.345640
 -15.113151
   7.593036
  -9.455289
  24.361213
 -17.459837
   2.340603
   2.251203
  -3.849879
  -2.145812
  12.462584
  16.581848
 -16.815343
  23.983127
 -22.933076
  -9.220540
  32.073001
 -25.114763
 -15.657791
  25.498967
   8.948106
  -6.691422
  10.034575
 -24.925660
  17.174376
  -7.126698
  -9.945237
  27.447044
  -8.450034
  27.804238
 -12.442876
 -25.799635
   7.543372
   9.676274
  16.989052
  21.827308
 -34.302490
 -25.873008
  20.827871
  13.015241
   9.326882
 -20.855195
  17.696425
  -2.273927
  -5.321603
   7.894103
 -19.857104
   6.249714
   4.147163
   2.872683
  15.912323
 -15.393278
   2.016856
  29.424639
  -4.345121
 -25.293106
  -6.818705
   6.996586
  45.492776
 -54.020275
  11.026408
 -12.731248
  39.832744
  16.176802
 -33.493113
   3.451658
 -17.110849
  58.077204
 -38.107614
  -6.986870
   7.533228
  -2.331344
  35.289178
  -3.167306
 -65.243408
  53.213358
 -24.602895
   3.810335
  21.491419
  20.238986
 -27.622869
 -12.797771
  15.063281
  36.364555
 -53.695430
  29.790504
 -29.834001
  43.448651
   9.087446
 -33.849052
  12.190795
 -54.645904
  68.303873
  -0.457203
 -12.340316
  -1.780812
 -14.127013
   1.961959
  12.008662
 -11.889983
   7.239378
 -26.442615
  97.449732
-131.845809
 100.173985
 -17.249899
 -43.413868
  15.473060
  16.793182
  13.645986
 -23.441164
  53.387702
-108.500266
  -7.400540
 -16.994706
  39.563688
 -20.848958
 -19.654297
  12.690997
  45.738839
  -0.076487
   0.566520
  16.424380
 -14.994632
  16.297981
 -32.459246
  32.964936
 -15.842891
  -0.097888