-424.690575
-420.010256
-415.329938
-410.649620
-405.969301
-401.288983
-396.608664
-391.928346
-387.248027
-382.567709
-377.887391
-373.207072
-368.526754
-363.846435
-359.166117
-354.485798
-349.805480
-345.125162
-340.444843
-335.764525
-331.084206
-326.403888
-321.723569
-317.043251
-312.362933
-307.682614
-303.002296
-298.321977
-293.641659
-288.961340
-284.281022
-279.600704
-274.920385
-270.240067
-265.559748
-260.879430
-256.199111
-251.518793
-246.838475
-242.158156
-237.477838
-232.797519
-228.117201
-223.436882
-218.756564
-214.076246
-209.395927
-204.715609
-200.035290
-195.354972
-190.674653
-185.994335
-181.314017
-176.633698
-171.953380
-167.273061
-162.592743
-157.912424
-153.232106
-148.551788
-143.871469
-139.191151
-134.510832
-129.830514
-125.150195
-120.469877
-115.789559
-111.109240
-106.428922
-101.748603
 -97.068285
 -92.387966
 -87.707648
 -83.027330
 -78.347011
 -73.666693
 -68.986374
 -64.306056
 -59.625737
 -54.945419
 -50.265101
 -45.584782
 -40.904464
 -36.224145
 -31.543827
 -26.863508
 -22.183190
 -17.502872
 -12.822553
  -8.142235
  -3.461916
   1.218402
   5.898721
  10.579039
  15.259357
  19.939676
  24.619994
  29.300313
  33.980631
  38.660950