-436.448744 -436.448744 -436.448744 -436.448744
-429.954844 -429.954844 -429.954844 -429.954844
-423.460943 -423.460943 -423.460943 -423.460943
-416.967042 -416.967042 -416.967042 -416.967042
-410.473142 -410.473142 -410.473142 -410.473142
-403.979241 -403.979241 -403.979241 -403.979241
-397.485340 -397.485340 -397.485340 -397.485340
-390.991440 -390.991440 -390.991440 -390.991440
-384.497539 -384.497539 -384.497539 -384.497539
-378.003638 -378.003638 -378.003638 -378.003638
-371.509738 -371.509738 -371.509738 -371.509738
-365.015837 -365.015837 -365.015837 -365.015837
-358.521936 -358.521936 -358.521936 -358.521936
-352.028036 -352.028036 -352.028036 -352.028036
-345.534135 -345.534135 -345.534135 -345.534135
-339.040234 -339.040234 -339.040234 -339.040234
-332.546334 -332.546334 -332.546334 -332.546334
-326.052433 -326.052433 -326.052433 -326.052433
-319.558532 -319.558532 -319.558532 -319.558532
-313.064632 -313.064632 -313.064632 -313.064632
-306.570731 -306.570731 -306.570731 -306.570731
-300.076831 -300.076831 -300.076831 -300.076831
-293.582930 -293.582930 -293.582930 -293.582930
-287.089029 -287.089029 -287.089029 -287.089029
-280.595129 -280.595129 -280.595129 -280.595129
-274.101228 -274.101228 -274.101228 -274.101228
-267.607327 -267.607327 -267.607327 -267.607327
-261.113427 -261.113427 -261.113427 -261.113427
-254.619526 -254.619526 -254.619526 -254.619526
-248.125625 -248.125625 -248.125625 -248.125625
-241.631725 -241.631725 -241.631725 -241.631725
-235.137824 -235.137824 -235.137824 -235.137824
-228.643923 -228.643923 -228.643923 -228.643923
-222.150023 -222.150023 -222.150023 -222.150023
-215.656122 -215.656122 -215.656122 -215.656122
-209.162221 -209.162221 -209.162221 -209.162221
-202.668321 -202.668321 -202.668321 -202.668321
-196.174420 -196.174420 -196.174420 -196.174420
-189.680519 -189.680519 -189.680519 -189.680519
-183.186619 -183.186619 -183.186619 -183.186619
-176.692718 -176.692718 -176.692718 -176.692718
-170.198817 -170.198817 -170.198817 -170.198817
-163.704917 -163.704917 -163.704917 -163.704917
-157.211016 -157.211016 -157.211016 -157.211016
-150.717115 -150.717115 -150.717115 -150.717115
-144.223215 -144.223215 -144.223215 -144.223215
-137.729314 -137.729314 -137.729314 -137.729314
-131.235413 -131.235413 -131.235413 -131.235413
-124.741513 -124.741513 -124.741513 -124.741513
-118.247612 -118.247612 -118.247612 -118.247612
-111.753711 -111.753711 -111.753711 -111.753711
-105.259811 -105.259811 -105.259811 -105.259811
 -98.765910  -98.765910  -98.765910  -98.765910
 -92.272009  -92.272009  -92.272009  -92.272009
 -85.778109  -85.778109  -85.778109  -85.778109
 -79.284208  -79.284208  -79.284208  -79.284208
 -72.790307  -72.790307  -72.790307  -72.790307
 -66.296407  -66.296407  -66.296407  -66.296407
 -59.802506  -59.802506  -59.802506  -59.802506
 -53.308605  -53.308605  -53.308605  -53.308605
 -46.814705  -46.814705  -46.814705  -46.814705
 -40.320804  -40.320804  -40.320804  -40.320804
 -33.826903  -33.826903  -33.826903  -33.826903
 -27.333003  -27.333003  -27.333003  -27.333003
 -20.839102  -20.839102  -20.839102  -20.839102
 -14.345201  -14.345201  -14.345201  -14.345201
  -7.851301   -7.851301   -7.851301   -7.851301
  -1.357400   -1.357400   -1.357400   -1.357400
   5.136500    5.136500    5.136500    5.136500
  11.630401   11.630401   11.630401   11.630401
  18.124302   18.124302   18.124302   18.124302
  24.618202   24.618202   24.618202   24.618202
  31.112103   31.112103   31.112103   31.112103
  37.606004   37.606004   37.606004   37.606004
  44.099904   44.099904   44.099904   44.099904
  50.593805   50.593805   50.593805   50.593805
  57.087706   57.087706   57.087706   57.087706
  63.581606   63.581606   63.581606   63.581606
  70.075507   70.075507   70.075507   70.075507
  76.569408   76.569408   76.569408   76.569408
  83.063308   83.063308   83.063308   83.063308
  89.557209   89.557209   89.557209   89.557209
  96.051110   96.051110   96.051110   96.051110
 102.545010  102.545010  102.545010  102.545010
 109.038911  109.038911  109.038911  109.038911
 115.532812  115.532812  115.532812  115.532812
 122.026712  122.026712  122.026712  122.026712
 128.520613  128.520613  128.520613  128.520613
 135.014514  135.014514  135.014514  135.014514
 141.508414  141.508414  141.508414  141.508414
 148.002315  148.002315  148.002315  148.002315
 154.496216  154.496216  154.496216  154.496216
 160.990116  160.990116  160.990116  160.990116
 167.484017  167.484017  167.484017  167.484017
 173.977918  173.977918  173.977918  173.977918
 180.471818  180.471818  180.471818  180.471818
 186.965719  186.965719  186.965719  186.965719
 193.459620  193.459620  193.459620  193.459620
 199.953520  199.953520  199.953520  199.953520
 206.447421  206.447421  206.447421  206.447421