  -0.000145   -3.063554  -11.841095  -22.328236  -32.516752  -41.054030  -47.086702  -50.106735  -49.857200  -46.278520  -39.481687  -29.739279  -17.488064   -3.339068   11.907966   27.244855   41.437433   53.001492   60.178917   60.910370   52.803495   33.094215   -1.402567  -54.358363 -127.970078  -71.555946  -77.092973  -81.854832  -84.808372  -85.855782  -84.939146  -82.040099  -77.176932  -70.398755  -61.776537  -51.391343  -39.320606  -25.628114  -10.357781    6.449888   24.704250   44.138655   64.058441   82.876977   97.307237  101.009374   82.400794   21.201790 -119.030996 -218.191996
  -7.740480   -9.054163  -14.887102  -23.299266  -32.054899  -39.659560  -45.152196  -47.941554  -47.704865  -44.328865  -37.879179  -28.588505  -16.857132   -3.261485   11.432544   26.250776   39.993743   51.213199   58.188657   58.900454   50.998351   31.763296   -1.941268  -53.733986 -125.795997  -70.521247  -75.950935  -80.623734  -83.524009  -84.553173  -83.651940  -80.800062  -76.013545  -69.338949  -60.844592  -50.608968  -38.707201  -25.201140  -10.133178    6.457545   24.482279   43.678281   63.359623   81.958180   96.223489   99.883710   81.476689   20.927721 -117.846695 -215.988036
 -15.480815  -15.044773  -17.933109  -24.270297  -31.593047  -38.265090  -43.217690  -45.776373  -45.552529  -42.379210  -36.276672  -27.437730  -16.226201   -3.183903   10.957123   25.256697   38.550053   49.424906   56.198397   56.890538   49.193206   30.432378   -2.479969  -53.109609 -123.621915  -69.486547  -74.808898  -79.392636  -82.239646  -83.250563  -82.364733  -79.560025  -74.850158  -68.279144  -59.912648  -49.826592  -38.093795  -24.774166   -9.908575    6.465202   24.260308   43.217907   62.660805   81.039383   95.139741   98.758047   80.552584   20.653652 -116.662393 -213.784076
 -23.221151  -21.035382  -20.979117  -25.241328  -31.131195  -36.870619  -41.283184  -43.611193  -43.400193  -40.429555  -34.674165  -26.286956  -15.595269   -3.106320   10.481701   24.262618   37.106362   47.636612   54.208137   54.880622   47.388062   29.101459   -3.018670  -52.485231 -121.447834  -68.451847  -73.666860  -78.161539  -80.955283  -81.947954  -81.077527  -78.319988  -73.686771  -67.219338  -58.980703  -49.044217  -37.480389  -24.347192   -9.683972    6.472859   24.038337   42.757533   61.961987   80.120585   94.055993   97.632383   79.628479   20.379584 -115.478092 -211.580117
 -30.961486  -27.025991  -24.025124  -26.212359  -30.669343  -35.476149  -39.348678  -41.446012  -41.247857  -38.479900  -33.071657  -25.136182  -14.964338   -3.028737   10.006279   23.268540   35.662672   45.848319   52.217878   52.870706   45.582917   27.770540   -3.557372  -51.860854 -119.273753  -67.417148  -72.524823  -76.930441  -79.670920  -80.645345  -79.790321  -77.079951  -72.523385  -66.159533  -58.048758  -48.261842  -36.866983  -23.920218   -9.459369    6.480516   23.816366   42.297158   61.263169   79.201788   92.972246   96.506720   78.704373   20.105515 -114.293791 -209.376157
 -38.701822  -33.016601  -27.071131  -27.183389  -30.207490  -34.081679  -37.414172  -39.280832  -39.095522  -36.530245  -31.469150  -23.985408  -14.333406   -2.951154    9.530858   22.274461   34.218982   44.060026   50.227618   50.860790   43.777773   26.439622   -4.096073  -51.236477 -117.099672  -66.382448  -71.382785  -75.699343  -78.386557  -79.342736  -78.503114  -75.839914  -71.359998  -65.099727  -57.116814  -47.479466  -36.253577  -23.493245   -9.234767    6.488173   23.594395   41.836784   60.564351   78.282991   91.888498   95.381056   77.780268   19.831446 -113.109490 -207.172197
 -46.442157  -39.007210  -30.117138  -28.154420  -29.745638  -32.687208  -35.479666  -37.115651  -36.943186  -34.580590  -29.866643  -22.834634  -13.702475   -2.873572    9.055436   21.280382   32.775291   42.271733   48.237358   48.850874   41.972628   25.108703   -4.634774  -50.612100 -114.925590  -65.347748  -70.240748  -74.468245  -77.102193  -78.040127  -77.215908  -74.599877  -70.196611  -64.039922  -56.184869  -46.697091  -35.640171  -23.066271   -9.010164    6.495831   23.372423   41.376410   59.865532   77.364194   90.804750   94.255392   76.856163   19.557377 -111.925189 -204.968238
 -54.182492  -44.997819  -33.163145  -29.125451  -29.283786  -31.292738  -33.545160  -34.950471  -34.790850  -32.630935  -28.264135  -21.683860  -13.071543   -2.795989    8.580014   20.286304   31.331601   40.483440   46.247098   46.840958   40.167484   23.777784   -5.173475  -49.987723 -112.751509  -64.313048  -69.098710  -73.237147  -75.817830  -76.737517  -75.928702  -73.359840  -69.033225  -62.980116  -55.252925  -45.914716  -35.026766  -22.639297   -8.785561    6.503488   23.150452   40.916036   59.166714   76.445397   89.721002   93.129729   75.932058   19.283308 -110.740887 -202.764278
 -61.922828  -50.988428  -36.209152  -30.096481  -28.821933  -29.898268  -31.610654  -32.785290  -32.638515  -30.681280  -26.661628  -20.533085  -12.440612   -2.718406    8.104592   19.292225   29.887911   38.695147   44.256839   44.831042   38.362339   22.446866   -5.712176  -49.363346 -110.577428  -63.278349  -67.956673  -72.006050  -74.533467  -75.434908  -74.641495  -72.119803  -67.869838  -61.920311  -54.320980  -45.132340  -34.413360  -22.212323   -8.560958    6.511145   22.928481   40.455661   58.467896   75.526600   88.637254   92.004065   75.007953   19.009239 -109.556586 -200.560318
 -69.663163  -56.979038  -39.255159  -31.067512  -28.360081  -28.503798  -29.676148  -30.620109  -30.486179  -28.731625  -25.059121  -19.382311  -11.809680   -2.640823    7.629171   18.298146   28.444221   36.906853   42.266579   42.821126   36.557194   21.115947   -6.250878  -48.738968 -108.403347  -62.243649  -66.814636  -70.774952  -73.249104  -74.132299  -73.354289  -70.879766  -66.706451  -60.860505  -53.389035  -44.349965  -33.799954  -21.785349   -8.336355    6.518802   22.706510   39.995287   57.769078   74.607803   87.553506   90.878402   74.083848   18.735170 -108.372285 -198.356359
 -77.403498  -62.969647  -42.301166  -32.038543  -27.898229  -27.109327  -27.741641  -28.454929  -28.333843  -26.781969  -23.456613  -18.231537  -11.178749   -2.563241    7.153749   17.304068   27.000530   35.118560   40.276319   40.811210   34.752050   19.785028   -6.789579  -48.114591 -106.229266  -61.208949  -65.672598  -69.543854  -71.964741  -72.829690  -72.067083  -69.639728  -65.543065  -59.800700  -52.457091  -43.567590  -33.186548  -21.358375   -8.111752    6.526459   22.484539   39.534913   57.070260   73.689005   86.469758   89.752738   73.159743   18.461101 -107.187984 -196.152399
 -85.143834  -68.960256  -45.347174  -33.009573  -27.436376  -25.714857  -25.807135  -26.289748  -26.181508  -24.832314  -21.854106  -17.080763  -10.547817   -2.485658    6.678327   16.309989   25.556840   33.330267   38.286059   38.801294   32.946905   18.454110   -7.328280  -47.490214 -104.055184  -60.174249  -64.530561  -68.312756  -70.680378  -71.527081  -70.779877  -68.399691  -64.379678  -58.740894  -51.525146  -42.785215  -32.573142  -20.931401   -7.887149    6.534116   22.262568   39.074539   56.371442   72.770208   85.386010   88.627075   72.235638   18.187032 -106.003683 -193.948439
 -92.884169  -74.950865  -48.393181  -33.980604  -26.974524  -24.320387  -23.872629  -24.124568  -24.029172  -22.882659  -20.251599  -15.929989   -9.916886   -2.408075    6.202905   15.315910   24.113150   31.541974   36.295799   36.791378   31.141761   17.123191   -7.866981  -46.865837 -101.881103  -59.139550  -63.388523  -67.081659  -69.396015  -70.224471  -69.492670  -67.159654  -63.216291  -57.681089  -50.593201  -42.002839  -31.959736  -20.504428   -7.662546    6.541773   22.040597   38.614165   55.672624   71.851411   84.302263   87.501411   71.311533   17.912963 -104.819381 -191.744480
-100.624504  -80.941475  -51.439188  -34.951635  -26.512672  -22.925917  -21.938123  -21.959387  -21.876836  -20.933004  -18.649091  -14.779214   -9.285954   -2.330492    5.727484   14.321832   22.669459   29.753681   34.305540   34.781462   29.336616   15.792273   -8.405683  -46.241460  -99.707022  -58.104850  -62.246486  -65.850561  -68.111652  -68.921862  -68.205464  -65.919617  -62.052905  -56.621283  -49.661257  -41.220464  -31.346330  -20.077454   -7.437943    6.549431   21.818626   38.153790   54.973805   70.932614   83.218515   86.375748   70.387428   17.638894 -103.635080 -189.540520
-108.364840  -86.932084  -54.485195  -35.922665  -26.050819  -21.531446  -20.003617  -19.794207  -19.724501  -18.983349  -17.046584  -13.628440   -8.655023   -2.252910    5.252062   13.327753   21.225769   27.965388   32.315280   32.771546   27.531472   14.461354   -8.944384  -45.617082  -97.532941  -57.070150  -61.104448  -64.619463  -66.827289  -67.619253  -66.918258  -64.679580  -60.889518  -55.561478  -48.729312  -40.438089  -30.732925  -19.650480   -7.213340    6.557088   21.596655   37.693416   54.274987   70.013817   82.134767   85.250084   69.463323   17.364825 -102.450779 -187.336560
-116.105175  -92.922693  -57.531202  -36.893696  -25.588967  -20.136976  -18.069111  -17.629026  -17.572165  -17.033694  -15.444077  -12.477666   -8.024091   -2.175327    4.776640   12.333674   19.782079   26.177094   30.325020   30.761630   25.726327   13.130435   -9.483085  -44.992705  -95.358859  -56.035451  -59.962411  -63.388365  -65.542926  -66.316644  -65.631051  -63.439543  -59.726131  -54.501672  -47.797367  -39.655713  -30.119519  -19.223506   -6.988737    6.564745   21.374684   37.233042   53.576169   69.095020   81.051019   84.124421   68.539218   17.090756 -101.266478 -185.132601
-123.845510  -98.913302  -60.577209  -37.864727  -25.127115  -18.742506  -16.134605  -15.463846  -15.419829  -15.084039  -13.841569  -11.326892   -7.393160   -2.097744    4.301218   11.339596   18.338389   24.388801   28.334760   28.751714   23.921183   11.799517  -10.021786  -44.368328  -93.184778  -55.000751  -58.820373  -62.157267  -64.258562  -65.014035  -64.343845  -62.199506  -58.562744  -53.441866  -46.865423  -38.873338  -29.506113  -18.796532   -6.764134    6.572402   21.152712   36.772668   52.877351   68.176222   79.967271   82.998757   67.615113   16.816688 -100.082177 -182.928641
-131.585846 -104.903912  -63.623216  -38.835757  -24.665262  -17.348035  -14.200099  -13.298665  -13.267494  -13.134384  -12.239062  -10.176118   -6.762228   -2.020161    3.825797   10.345517   16.894698   22.600508   26.344501   26.741798   22.116038   10.468598  -10.560487  -43.743951  -91.010697  -53.966051  -57.678336  -60.926170  -62.974199  -63.711426  -63.056639  -60.959469  -57.399358  -52.382061  -45.933478  -38.090963  -28.892707  -18.369558   -6.539532    6.580059   20.930741   36.312293   52.178533   67.257425   78.883523   81.873094   66.691008   16.542619  -98.897875 -180.724681
-139.326181 -110.894521  -66.669223  -39.806788  -24.203410  -15.953565  -12.265593  -11.133484  -11.115158  -11.184729  -10.636555   -9.025344   -6.131297   -1.942579    3.350375    9.351438   15.451008   20.812215   24.354241   24.731882   20.310893    9.137679  -11.099189  -43.119574  -88.836616  -52.931351  -56.536298  -59.695072  -61.689836  -62.408816  -61.769432  -59.719432  -56.235971  -51.322255  -45.001533  -37.308588  -28.279301  -17.942584   -6.314929    6.587716   20.708770   35.851919   51.479715   66.338628   77.799775   80.747430   65.766903   16.268550  -97.713574 -178.520722
-147.066517 -116.885130  -69.715231  -40.777819  -23.741558  -14.559095  -10.331087   -8.968304   -8.962822   -9.235074   -9.034048   -7.874569   -5.500365   -1.864996    2.874953    8.357360   14.007318   19.023922   22.363981   22.721966   18.505749    7.806761  -11.637890  -42.495196  -86.662535  -51.896652  -55.394261  -58.463974  -60.405473  -61.106207  -60.482226  -58.479395  -55.072584  -50.262450  -44.069589  -36.526212  -27.665895  -17.515611   -6.090326    6.595373   20.486799   35.391545   50.780897   65.419831   76.716027   79.621767   64.842798   15.994481  -96.529273 -176.316762
-154.806852 -122.875740  -72.761238  -41.748850  -23.279705  -13.164625   -8.396581   -6.803123   -6.810486   -7.285419   -7.431540   -6.723795   -4.869434   -1.787413    2.399531    7.363281   12.563627   17.235629   20.373721   20.712050   16.700604    6.475842  -12.176591  -41.870819  -84.488453  -50.861952  -54.252223  -57.232876  -59.121110  -59.803598  -59.195020  -57.239358  -53.909198  -49.202644  -43.137644  -35.743837  -27.052490  -17.088637   -5.865723    6.603031   20.264828   34.931171   50.082079   64.501034   75.632280   78.496103   63.918693   15.720412  -95.344972 -174.112802
-162.547187 -128.866349  -75.807245  -42.719880  -22.817853  -11.770154   -6.462074   -4.637943   -4.658151   -5.335764   -5.829033   -5.573021   -4.238502   -1.709830    1.924110    6.369202   11.119937   15.447336   18.383462   18.702134   14.895460    5.144923  -12.715292  -41.246442  -82.314372  -49.827252  -53.110186  -56.001779  -57.836747  -58.500989  -57.907813  -55.999321  -52.745811  -48.142839  -42.205699  -34.961462  -26.439084  -16.661663   -5.641120    6.610688   20.042857   34.470797   49.383260   63.582237   74.548532   77.370440   62.994588   15.446343  -94.160671 -171.908843
-170.287523 -134.856958  -78.853252  -43.690911  -22.356001  -10.375684   -4.527568   -2.472762   -2.505815   -3.386109   -4.226526   -4.422247   -3.607571   -1.632248    1.448688    5.375123    9.676247   13.659042   16.393202   16.692218   13.090315    3.814005  -13.253994  -40.622065  -80.140291  -48.792552  -51.968148  -54.770681  -56.552384  -57.198380  -56.620607  -54.759284  -51.582424  -47.083033  -41.273755  -34.179086  -25.825678  -16.234689   -5.416517    6.618345   19.820886   34.010422   48.684442   62.663440   73.464784   76.244776   62.070483   15.172274  -92.976370 -169.704883
-178.027858 -140.847567  -81.899259  -44.661942  -21.894148   -8.981214   -2.593062   -0.307582   -0.353479   -1.436454   -2.624018   -3.271473   -2.976639   -1.554665    0.973266    4.381045    8.232557   11.870749   14.402942   14.682302   11.285171    2.483086  -13.792695  -39.997688  -77.966210  -47.757853  -50.826111  -53.539583  -55.268021  -55.895770  -55.333401  -53.519247  -50.419038  -46.023228  -40.341810  -33.396711  -25.212272  -15.807715   -5.191914    6.626002   19.598915   33.550048   47.985624   61.744642   72.381036   75.119112   61.146378   14.898205  -91.792068 -167.500923
-185.768193 -146.838177  -84.945266  -45.632972  -21.432296   -7.586744   -0.658556    1.857599    1.798856    0.513201   -1.021511   -2.120699   -2.345708   -1.477082    0.497844    3.386966    6.788866   10.082456   12.412682   12.672386    9.480026    1.152167  -14.331396  -39.373311  -75.792128  -46.723153  -49.684074  -52.308485  -53.983658  -54.593161  -54.046194  -52.279210  -49.255651  -44.963422  -39.409865  -32.614336  -24.598866  -15.380741   -4.967311    6.633659   19.376944   33.089674   47.286806   60.825845   71.297288   73.993449   60.222273   14.624136  -90.607767 -165.296964
-193.508529 -152.828786  -87.991273  -46.604003  -20.970444   -6.192273    1.275950    4.022780    3.951192    2.462856    0.580996   -0.969924   -1.714776   -1.399499    0.022423    2.392887    5.345176    8.294163   10.422423   10.662470    7.674882   -0.178751  -14.870097  -38.748933  -73.618047  -45.688453  -48.542036  -51.077388  -52.699295  -53.290552  -52.758988  -51.039173  -48.092264  -43.903617  -38.477921  -31.831960  -23.985460  -14.953767   -4.742708    6.641316   19.154973   32.629300   46.587988   59.907048   70.213540   72.867785   59.298168   14.350067  -89.423466 -163.093004
-201.248864 -158.819395  -91.037280  -47.575034  -20.508592   -4.797803    3.210456    6.187960    6.103528    4.412511    2.183504    0.180850   -1.083845   -1.321917   -0.452999    1.398809    3.901486    6.505870    8.432163    8.652553    5.869737   -1.509670  -15.408798  -38.124556  -71.443966  -44.653753  -47.399999  -49.846290  -51.414931  -51.987943  -51.471782  -49.799136  -46.928877  -42.843811  -37.545976  -31.049585  -23.372055  -14.526794   -4.518105    6.648973   18.933002   32.168925   45.889170   58.988251   69.129792   71.742122   58.374062   14.075998  -88.239165 -160.889044
-208.989199 -164.810004  -94.083288  -48.546064  -20.046739   -3.403333    5.144962    8.353141    8.255863    6.362167    3.786011    1.331624   -0.452913   -1.244334   -0.928421    0.404730    2.457795    4.717577    6.441903    6.642637    4.064593   -2.840589  -15.947500  -37.500179  -69.269885  -43.619054  -46.257961  -48.615192  -50.130568  -50.685334  -50.184575  -48.559099  -45.765491  -41.784006  -36.614032  -30.267210  -22.758649  -14.099820   -4.293502    6.656631   18.711030   31.708551   45.190352   58.069454   68.046044   70.616458   57.449957   13.801929  -87.054864 -158.685084
-216.729535 -170.800614  -97.129295  -49.517095  -19.584887   -2.008862    7.079468   10.518321   10.408199    8.311822    5.388518    2.482398    0.178018   -1.166751   -1.403843   -0.589349    1.014105    2.929283    4.451643    4.632721    2.259448   -4.171507  -16.486201  -36.875802  -67.095804  -42.584354  -45.115924  -47.384094  -48.846205  -49.382724  -48.897369  -47.319062  -44.602104  -40.724200  -35.682087  -29.484835  -22.145243  -13.672846   -4.068900    6.664288   18.489059   31.248177   44.491533   57.150657   66.962297   69.490795   56.525852   13.527861  -85.870562 -156.481125
-224.469870 -176.791223 -100.175302  -50.488126  -19.123035   -0.614392    9.013974   12.683502   12.560535   10.261477    6.991026    3.633172    0.808950   -1.089168   -1.879264   -1.583427   -0.429585    1.140990    2.461383    2.622805    0.454303   -5.502426  -17.024902  -36.251425  -64.921722  -41.549654  -43.973886  -46.152996  -47.561842  -48.080115  -47.610163  -46.079025  -43.438717  -39.664395  -34.750142  -28.702459  -21.531837  -13.245872   -3.844297    6.671945   18.267088   30.787803   43.792715   56.231859   65.878549   68.365131   55.601747   13.253792  -84.686261 -154.277165
-232.210206 -182.781832 -103.221309  -51.459156  -18.661182    0.780078   10.948480   14.848682   14.712870   12.211132    8.593533    4.783947    1.439881   -1.011586   -2.354686   -2.577506   -1.873275   -0.647303    0.471124    0.612889   -1.350841   -6.833345  -17.563603  -35.627047  -62.747641  -40.514955  -42.831849  -44.921899  -46.277479  -46.777506  -46.322957  -44.838988  -42.275331  -38.604589  -33.818198  -27.920084  -20.918431  -12.818898   -3.619694    6.679602   18.045117   30.327429   43.093897   55.313062   64.794801   67.239468   54.677642   12.979723  -83.501960 -152.073205
-239.950541 -188.772441 -106.267316  -52.430187  -18.199330    2.174548   12.882986   17.013863   16.865206   14.160787   10.196040    5.934721    2.070813   -0.934003   -2.830108   -3.571585   -3.316966   -2.435596   -1.519136   -1.397027   -3.155986   -8.164263  -18.102305  -35.002670  -60.573560  -39.480255  -41.689811  -43.690801  -44.993116  -45.474897  -45.035750  -43.598951  -41.111944  -37.544784  -32.886253  -27.137709  -20.305025  -12.391924   -3.395091    6.687259   17.823146   29.867054   42.395079   54.394265   63.711053   66.113804   53.753537   12.705654  -82.317659 -149.869246
-247.690876 -194.763051 -109.313323  -53.401218  -17.737478    3.569019   14.817492   19.179043   19.017542   16.110442   11.798548    7.085495    2.701744   -0.856420   -3.305530   -4.565663   -4.760656   -4.223889   -3.509396   -3.406943   -4.961130   -9.495182  -18.641006  -34.378293  -58.399479  -38.445555  -40.547774  -42.459703  -43.708753  -44.172288  -43.748544  -42.358914  -39.948557  -36.484978  -31.954308  -26.355333  -19.691620  -11.964950   -3.170488    6.694916   17.601175   29.406680   41.696261   53.475468   62.627305   64.988141   52.829432   12.431585  -81.133358 -147.665286
-255.431212 -200.753660 -112.359330  -54.372248  -17.275625    4.963489   16.751999   21.344224   21.169877   18.060097   13.401055    8.236269    3.332676   -0.778837   -3.780951   -5.559742   -6.204346   -6.012182   -5.499656   -5.416859   -6.766275  -10.826101  -19.179707  -33.753916  -56.225397  -37.410855  -39.405736  -41.228605  -42.424390  -42.869678  -42.461338  -41.118877  -38.785171  -35.425172  -31.022364  -25.572958  -19.078214  -11.537976   -2.945885    6.702573   17.379204   28.946306   40.997443   52.556671   61.543557   63.862477   51.905327   12.157516  -79.949056 -145.461326
-263.171547 -206.744269 -115.405337  -55.343279  -16.813773    6.357959   18.686505   23.509405   23.322213   20.009752   15.003562    9.387043    3.963607   -0.701255   -4.256373   -6.553821   -7.648037   -7.800476   -7.489915   -7.426775   -8.571419  -12.157019  -19.718408  -33.129539  -54.051316  -36.376156  -38.263699  -39.997508  -41.140027  -41.567069  -41.174131  -39.878840  -37.621784  -34.365367  -30.090419  -24.790583  -18.464808  -11.111003   -2.721282    6.710230   17.157233   28.485932   40.298625   51.637874   60.459809   62.736814   50.981222   11.883447  -78.764755 -143.257367
-270.911882 -212.734879 -118.451345  -56.314310  -16.351921    7.752430   20.621011   25.674585   25.474549   21.959407   16.606070   10.537817    4.594539   -0.623672   -4.731795   -7.547899   -9.091727   -9.588769   -9.480175   -9.436691  -10.376564  -13.487938  -20.257109  -32.505161  -51.877235  -35.341456  -37.121661  -38.766410  -39.855664  -40.264460  -39.886925  -38.638803  -36.458397  -33.305561  -29.158474  -24.008208  -17.851402  -10.684029   -2.496679    6.717888   16.935262   28.025557   39.599807   50.719077   59.376061   61.611150   50.057117   11.609378  -77.580454 -141.053407
-278.652218 -218.725488 -121.497352  -57.285341  -15.890068    9.146900   22.555517   27.839766   27.626885   23.909062   18.208577   11.688592    5.225470   -0.546089   -5.207217   -8.541978  -10.535417  -11.377062  -11.470435  -11.446607  -12.181708  -14.818856  -20.795811  -31.880784  -49.703154  -34.306756  -35.979624  -37.535312  -38.571300  -38.961851  -38.599719  -37.398766  -35.295011  -32.245756  -28.226530  -23.225832  -17.237996  -10.257055   -2.272076    6.725545   16.713291   27.565183   38.900988   49.800279   58.292314   60.485487   49.133012   11.335309  -76.396153 -138.849447
-286.392553 -224.716097 -124.543359  -58.256371  -15.428216   10.541370   24.490023   30.004946   29.779220   25.858717   19.811084   12.839366    5.856402   -0.468506   -5.682638   -9.536057  -11.979107  -13.165355  -13.460695  -13.456523  -13.986853  -16.149775  -21.334512  -31.256407  -47.529072  -33.272056  -34.837586  -36.304214  -37.286937  -37.659242  -37.312512  -36.158729  -34.131624  -31.185950  -27.294585  -22.443457  -16.624590   -9.830081   -2.047473    6.733202   16.491319   27.104809   38.202170   48.881482   57.208566   59.359823   48.208907   11.061240  -75.211852 -136.645488
-294.132888 -230.706706 -127.589366  -59.227402  -14.966364   11.935840   26.424529   32.170127   31.931556   27.808372   21.413592   13.990140    6.487333   -0.390924   -6.158060  -10.530135  -13.422798  -14.953648  -15.450954  -15.466439  -15.791997  -17.480694  -21.873213  -30.632030  -45.354991  -32.237357  -33.695549  -35.073117  -36.002574  -36.356632  -36.025306  -34.918692  -32.968237  -30.126145  -26.362640  -21.661082  -16.011185   -9.403107   -1.822870    6.740859   16.269348   26.644435   37.503352   47.962685   56.124818   58.234160   47.284802   10.787171  -74.027550 -134.441528
-301.873224 -236.697316 -130.635373  -60.198433  -14.504511   13.330311   28.359035   34.335307   34.083892   29.758027   23.016099   15.140914    7.118265   -0.313341   -6.633482  -11.524214  -14.866488  -16.741941  -17.441214  -17.476355  -17.597142  -18.811612  -22.411914  -30.007653  -43.180910  -31.202657  -32.553512  -33.842019  -34.718211  -35.054023  -34.738100  -33.678655  -31.804850  -29.066339  -25.430696  -20.878706  -15.397779   -8.976133   -1.598268    6.748516   16.047377   26.184061   36.804534   47.043888   55.041070   57.108496   46.360697   10.513102  -72.843249 -132.237568
-309.613559 -242.687925 -133.681380  -61.169463  -14.042659   14.724781   30.293541   36.500488   36.236227   31.707682   24.618606   16.291688    7.749196   -0.235758   -7.108903  -12.518293  -16.310178  -18.530235  -19.431474  -19.486271  -19.402287  -20.142531  -22.950615  -29.383276  -41.006829  -30.167957  -31.411474  -32.610921  -33.433848  -33.751414  -33.450893  -32.438618  -30.641464  -28.006534  -24.498751  -20.096331  -14.784373   -8.549159   -1.373665    6.756173   15.825406   25.723686   36.105716   46.125091   53.957322   55.982832   45.436592   10.239033  -71.658948 -130.033609
-317.353894 -248.678534 -136.727387  -62.140494  -13.580807   16.119251   32.228047   38.665669   38.388563   33.657337   26.221113   17.442462    8.380128   -0.158175   -7.584325  -13.512372  -17.753869  -20.318528  -21.421734  -21.496187  -21.207431  -21.473450  -23.489317  -28.758898  -38.832748  -29.133257  -30.269437  -31.379823  -32.149485  -32.448805  -32.163687  -31.198581  -29.478077  -26.946728  -23.566806  -19.313956  -14.170967   -8.122186   -1.149062    6.763830   15.603435   25.263312   35.406898   45.206294   52.873574   54.857169   44.512487    9.964965  -70.474647 -127.829649
-325.094230 -254.669143 -139.773394  -63.111525  -13.118954   17.513721   34.162553   40.830849   40.540899   35.606992   27.823621   18.593237    9.011059   -0.080593   -8.059747  -14.506450  -19.197559  -22.106821  -23.411993  -23.506103  -23.012576  -22.804368  -24.028018  -28.134521  -36.658666  -28.098558  -29.127399  -30.148725  -30.865122  -31.146196  -30.876481  -29.958543  -28.314690  -25.886923  -22.634862  -18.531581  -13.557561   -7.695212   -0.924459    6.771488   15.381464   24.802938   34.708080   44.287496   51.789826   53.731505   43.588382    9.690896  -69.290346 -125.625689
-332.834565 -260.659753 -142.819402  -64.082555  -12.657102   18.908192   36.097059   42.996030   42.693234   37.556647   29.426128   19.744011    9.641991   -0.003010   -8.535169  -15.500529  -20.641249  -23.895114  -25.402253  -25.516019  -24.817720  -24.135287  -24.566719  -27.510144  -34.484585  -27.063858  -27.985362  -28.917628  -29.580759  -29.843586  -29.589274  -28.718506  -27.151304  -24.827117  -21.702917  -17.749205  -12.944155   -7.268238   -0.699856    6.779145   15.159493   24.342564   34.009261   43.368699   50.706078   52.605842   42.664277    9.416827  -68.106044 -123.421730
-340.574901 -266.650362 -145.865409  -65.053586  -12.195250   20.302662   38.031566   45.161210   44.845570   39.506303   31.028635   20.894785   10.272922    0.074573   -9.010590  -16.494608  -22.084939  -25.683407  -27.392513  -27.525935  -26.622865  -25.466206  -25.105420  -26.885767  -32.310504  -26.029158  -26.843324  -27.686530  -28.296396  -28.540977  -28.302068  -27.478469  -25.987917  -23.767312  -20.770972  -16.966830  -12.330750   -6.841264   -0.475253    6.786802   14.937522   23.882189   33.310443   42.449902   49.622331   51.480178   41.740172    9.142758  -66.921743 -121.217770
-348.315236 -272.640971 -148.911416  -66.024617  -11.733397   21.697132   39.966072   47.326391   46.997906   41.455958   32.631143   22.045559   10.903854    0.152156   -9.486012  -17.488686  -23.528630  -27.471700  -29.382773  -29.535851  -28.428009  -26.797124  -25.644122  -26.261390  -30.136423  -24.994459  -25.701287  -26.455432  -27.012033  -27.238368  -27.014862  -26.238432  -24.824530  -22.707506  -19.839028  -16.184455  -11.717344   -6.414290   -0.250650    6.794459   14.715551   23.421815   32.611625   41.531105   48.538583   50.354515   40.816067    8.868689  -65.737442 -119.013810
-356.055571 -278.631580 -151.957423  -66.995647  -11.271545   23.091603   41.900578   49.491571   49.150241   43.405613   34.233650   23.196333   11.534785    0.229738   -9.961434  -18.482765  -24.972320  -29.259994  -31.373032  -31.545767  -30.233154  -28.128043  -26.182823  -25.637012  -27.962341  -23.959759  -24.559249  -25.224334  -25.727669  -25.935759  -25.727655  -24.998395  -23.661144  -21.647701  -18.907083  -15.402079  -11.103938   -5.987316   -0.026047    6.802116   14.493580   22.961441   31.912807   40.612308   47.454835   49.228851   39.891962    8.594620  -64.553141 -116.809851
-363.795907 -284.622190 -155.003430  -67.966678  -10.809693   24.486073   43.835084   51.656752   51.302577   45.355268   35.836157   24.347108   12.165717    0.307321  -10.436856  -19.476844  -26.416010  -31.048287  -33.363292  -33.555683  -32.038298  -29.458962  -26.721524  -25.012635  -25.788260  -22.925059  -23.417212  -23.993237  -24.443306  -24.633150  -24.440449  -23.758358  -22.497757  -20.587895  -17.975138  -14.619704  -10.490532   -5.560342    0.198556    6.809773   14.271608   22.501067   31.213989   39.693511   46.371087   48.103188   38.967857    8.320551  -63.368840 -114.605891
-371.536242 -290.612799 -158.049437  -68.937709  -10.347840   25.880543   45.769590   53.821932   53.454913   47.304923   37.438665   25.497882   12.796648    0.384904  -10.912277  -20.470922  -27.859701  -32.836580  -35.353552  -35.565599  -33.843443  -30.789880  -27.260225  -24.388258  -23.614179  -21.890359  -22.275174  -22.762139  -23.158943  -23.330540  -23.153243  -22.518321  -21.334370  -19.528089  -17.043194  -13.837329   -9.877126   -5.133369    0.423159    6.817430   14.049637   22.040693   30.515171   38.774714   45.287339   46.977524   38.043752    8.046482  -62.184538 -112.401931
-379.276577 -296.603408 -161.095444  -69.908739   -9.885988   27.275013   47.704096   55.987113   55.607248   49.254578   39.041172   26.648656   13.427580    0.462487  -11.387699  -21.465001  -29.303391  -34.624873  -37.343812  -37.575515  -35.648587  -32.120799  -27.798926  -23.763881  -21.440098  -20.855660  -21.133137  -21.531041  -21.874580  -22.027931  -21.866036  -21.278284  -20.170983  -18.468284  -16.111249  -13.054953   -9.263720   -4.706395    0.647762    6.825088   13.827666   21.580318   29.816353   37.855916   44.203591   45.851861   37.119646    7.772413  -61.000237 -110.197972
-387.016913 -302.594018 -164.141451  -70.879770   -9.424136   28.669484   49.638602   58.152294   57.759584   51.204233   40.643679   27.799430   14.058511    0.540069  -11.863121  -22.459080  -30.747081  -36.413166  -39.334072  -39.585431  -37.453732  -33.451718  -28.337628  -23.139504  -19.266017  -19.820960  -19.991099  -20.299943  -20.590217  -20.725322  -20.578830  -20.038247  -19.007597  -17.408478  -15.179305  -12.272578   -8.650315   -4.279421    0.872365    6.832745   13.605695   21.119944   29.117535   36.937119   43.119843   44.726197   36.195541    7.498344  -59.815936 -107.994012
-394.757248 -308.584627 -167.187459  -71.850801   -8.962284   30.063954   51.573108   60.317474   59.911920   53.153888   42.246187   28.950204   14.689443    0.617652  -12.338543  -23.453158  -32.190771  -38.201459  -41.324331  -41.595347  -39.258877  -34.782636  -28.876329  -22.515127  -17.091935  -18.786260  -18.849062  -19.068845  -19.305854  -19.422713  -19.291624  -18.798210  -17.844210  -16.348673  -14.247360  -11.490203   -8.036909   -3.852447    1.096967    6.840402   13.383724   20.659570   28.418716   36.018322   42.036095   43.600534   35.271436    7.224275  -58.631635 -105.790052
-402.497583 -314.575236 -170.233466  -72.821832   -8.500431   31.458424   53.507614   62.482655   62.064256   55.103543   43.848694   30.100978   15.320374    0.695235  -12.813964  -24.447237  -33.634462  -39.989752  -43.314591  -43.605263  -41.064021  -36.113555  -29.415030  -21.890749  -14.917854  -17.751560  -17.707024  -17.837748  -18.021491  -18.120104  -18.004418  -17.558173  -16.680823  -15.288867  -13.315415  -10.707828   -7.423503   -3.425473    1.321570    6.848059   13.161753   20.199196   27.719898   35.099525   40.952348   42.474870   34.347331    6.950206  -57.447334 -103.586093
-410.237919 -320.565845 -173.279473  -73.792862   -8.038579   32.852895   55.442120   64.647835   64.216591   57.053198   45.451201   31.251753   15.951306    0.772818  -13.289386  -25.441316  -35.078152  -41.778046  -45.304851  -45.615179  -42.869166  -37.444474  -29.953731  -21.266372  -12.743773  -16.716861  -16.564987  -16.606650  -16.737128  -16.817494  -16.717211  -16.318136  -15.517437  -14.229062  -12.383471   -9.925452   -6.810097   -2.998499    1.546173    6.855716   12.939782   19.738821   27.021080   34.180728   39.868600   41.349207   33.423226    6.676138  -56.263032 -101.382133
-417.978254 -326.556455 -176.325480  -74.763893   -7.576727   34.247365   57.376626   66.813016   66.368927   59.002853   47.053709   32.402527   16.582237    0.850400  -13.764808  -26.435394  -36.521842  -43.566339  -47.295111  -47.625095  -44.674310  -38.775392  -30.492433  -20.641995  -10.569692  -15.682161  -15.422949  -15.375552  -15.452765  -15.514885  -15.430005  -15.078099  -14.354050  -13.169256  -11.451526   -9.143077   -6.196691   -2.571525    1.770776    6.863373   12.717811   19.278447   26.322262   33.261931   38.784852   40.223543   32.499121    6.402069  -55.078731  -99.178173
-425.718589 -332.547064 -179.371487  -75.734924   -7.114874   35.641835   59.311132   68.978196   68.521263   60.952508   48.656216   33.553301   17.213169    0.927983  -14.240230  -27.429473  -37.965533  -45.354632  -49.285370  -49.635011  -46.479455  -40.106311  -31.031134  -20.017618   -8.395610  -14.647461  -14.280912  -14.144454  -14.168402  -14.212276  -14.142799  -13.838062  -13.190663  -12.109451  -10.519581   -8.360702   -5.583285   -2.144552    1.995379    6.871030   12.495840   18.818073   25.623444   32.343133   37.701104   39.097880   31.575016    6.128000  -53.894430  -96.974214
-433.458925 -338.537673 -182.417494  -76.705954   -6.653022   37.036305   61.245639   71.143377   70.673598   62.902163   50.258723   34.704075   17.844100    1.005566  -14.715651  -28.423552  -39.409223  -47.142925  -51.275630  -51.644927  -48.284599  -41.437229  -31.569835  -19.393241   -6.221529  -13.612761  -13.138875  -12.913357  -12.884038  -12.909667  -12.855592  -12.598025  -12.027277  -11.049645   -9.587637   -7.578326   -4.969880   -1.717578    2.219982    6.878688   12.273869   18.357699   24.924626   31.424336   36.617356   37.972216   30.650911    5.853931  -52.710129  -94.770254
-441.199260 -344.528282 -185.463501  -77.676985   -6.191170   38.430776   63.180145   73.308558   72.825934   64.851818   51.861231   35.854849   18.475032    1.083149  -15.191073  -29.417631  -40.852913  -48.931218  -53.265890  -53.654843  -50.089744  -42.768148  -32.108536  -18.768863   -4.047448  -12.578062  -11.996837  -11.682259  -11.599675  -11.607058  -11.568386  -11.357988  -10.863890   -9.989840   -8.655692   -6.795951   -4.356474   -1.290604    2.444585    6.886345   12.051898   17.897325   24.225808   30.505539   35.533608   36.846552   29.726806    5.579862  -51.525828  -92.566294
-448.939596 -350.518892 -188.509508  -78.648016   -5.729317   39.825246   65.114651   75.473738   74.978270   66.801473   53.463738   37.005623   19.105963    1.160731  -15.666495  -30.411709  -42.296603  -50.719511  -55.256150  -55.664759  -51.894888  -44.099067  -32.647237  -18.144486   -1.873367  -11.543362  -10.854800  -10.451161  -10.315312  -10.304449  -10.281180  -10.117951   -9.700503   -8.930034   -7.723747   -6.013576   -3.743068   -0.863630    2.669188    6.894002   11.829926   17.436950   23.526990   29.586742   34.449860   35.720889   28.802701    5.305793  -50.341526  -90.362334
-456.679931 -356.509501 -191.555516  -79.619046   -5.267465   41.219716   67.049157   77.638919   77.130605   68.751128   55.066245   38.156398   19.736895    1.238314  -16.141917  -31.405788  -43.740294  -52.507805  -57.246409  -57.674676  -53.700033  -45.429985  -33.185939  -17.520109    0.300714  -10.508662   -9.712762   -9.220063   -9.030949   -9.001839   -8.993973   -8.877914   -8.537116   -7.870229   -6.791803   -5.231201   -3.129662   -0.436656    2.893791    6.901659   11.607955   16.976576   22.828171   28.667945   33.366112   34.595225   27.878596    5.031724  -49.157225  -88.158375
-464.420266 -362.500110 -194.601523  -80.590077   -4.805613   42.614186   68.983663   79.804099   79.282941   70.700783   56.668753   39.307172   20.367826    1.315897  -16.617338  -32.399867  -45.183984  -54.296098  -59.236669  -59.684592  -55.505177  -46.760904  -33.724640  -16.895732    2.474796   -9.473963   -8.570725   -7.988966   -7.746586   -7.699230   -7.706767   -7.637877   -7.373730   -6.810423   -5.859858   -4.448825   -2.516256   -0.009682    3.118394    6.909316   11.385984   16.516202   22.129353   27.749148   32.282365   33.469562   26.954491    4.757655  -47.972924  -85.954415
-472.160602 -368.490719 -197.647530  -81.561108   -4.343760   44.008657   70.918169   81.969280   81.435277   72.650439   58.271260   40.457946   20.998758    1.393480  -17.092760  -33.393945  -46.627674  -56.084391  -61.226929  -61.694508  -57.310322  -48.091823  -34.263341  -16.271355    4.648877   -8.439263   -7.428687   -6.757868   -6.462223   -6.396621   -6.419561   -6.397840   -6.210343   -5.750618   -4.927913   -3.666450   -1.902850    0.417292    3.342997    6.916973   11.164013   16.055828   21.430535   26.830351   31.198617   32.343898   26.030386    4.483586  -46.788623  -83.750455
-479.900937 -374.481329 -200.693537  -82.532138   -3.881908   45.403127   72.852675   84.134460   83.587612   74.600094   59.873767   41.608720   21.629689    1.471062  -17.568182  -34.388024  -48.071365  -57.872684  -63.217189  -63.704424  -59.115467  -49.422741  -34.802042  -15.646977    6.822958   -7.404563   -6.286650   -5.526770   -5.177860   -5.094012   -5.132354   -5.157803   -5.046956   -4.690812   -3.995969   -2.884075   -1.289445    0.844265    3.567599    6.924630   10.942042   15.595454   20.731717   25.911553   30.114869   31.218235   25.106281    4.209517  -45.604322  -81.546496
-487.641272 -380.471938 -203.739544  -83.503169   -3.420056   46.797597   74.787181   86.299641   85.739948   76.549749   61.476275   42.759494   22.260621    1.548645  -18.043604  -35.382103  -49.515055  -59.660977  -65.207448  -65.714340  -60.920611  -50.753660  -35.340743  -15.022600    8.997039   -6.369863   -5.144612   -4.295672   -3.893497   -3.791403   -3.845148   -3.917766   -3.883570   -3.631007   -3.064024   -2.101699   -0.676039    1.271239    3.792202    6.932287   10.720071   15.135079   20.032899   24.992756   29.031121   30.092571   24.182176    3.935448  -44.420020  -79.342536
-495.381608 -386.462547 -206.785551  -84.474200   -2.958203   48.192068   76.721687   88.464821   87.892284   78.499404   63.078782   43.910269   22.891552    1.626228  -18.519025  -36.376181  -50.958745  -61.449270  -67.197708  -67.724256  -62.725756  -52.084579  -35.879445  -14.398223   11.171121   -5.335164   -4.002575   -3.064574   -2.609134   -2.488793   -2.557942   -2.677729   -2.720183   -2.571201   -2.132079   -1.319324   -0.062633    1.698213    4.016805    6.939945   10.498100   14.674705   19.334081   24.073959   27.947373   28.966908   23.258071    3.661379  -43.235719  -77.138576
-503.121943 -392.453157 -209.831558  -85.445230   -2.496351   49.586538   78.656193   90.630002   90.044619   80.449059   64.681289   45.061043   23.522484    1.703811  -18.994447  -37.370260  -52.402435  -63.237564  -69.187968  -69.734172  -64.530900  -53.415497  -36.418146  -13.773846   13.345202   -4.300464   -2.860537   -1.833477   -1.324771   -1.186184   -1.270735   -1.437692   -1.556796   -1.511395   -1.200135   -0.536949    0.550773    2.125187    4.241408    6.947602   10.276129   14.214331   18.635263   23.155162   26.863625   27.841244   22.333966    3.387310  -42.051418  -74.934617
-510.862278 -398.443766 -212.877565  -86.416261   -2.034499   50.981008   80.590699   92.795183   92.196955   82.398714   66.283796   46.211817   24.153415    1.781393  -19.469869  -38.364339  -53.846126  -65.025857  -71.178228  -71.744088  -66.336045  -54.746416  -36.956847  -13.149469   15.519283   -3.265764   -1.718500   -0.602379   -0.040407    0.116425    0.016471   -0.197655   -0.393410   -0.451590   -0.268190    0.245427    1.164179    2.552161    4.466011    6.955259   10.054158   13.753957   17.936444   22.236365   25.779877   26.715581   21.409861    3.113242  -40.867117  -72.730657
-518.602614 -404.434375 -215.923573  -87.387292   -1.572646   52.375478   82.525206   94.960363   94.349291   84.348369   67.886304   47.362591   24.784347    1.858976  -19.945291  -39.358417  -55.289816  -66.814150  -73.168488  -73.754004  -68.141189  -56.077335  -37.495548  -12.525092   17.693364   -2.231064   -0.576462    0.628719    1.243956    1.419034    1.303677    1.042382    0.769977    0.608216    0.663755    1.027802    1.777585    2.979135    4.690614    6.962916    9.832187   13.293582   17.237626   21.317568   24.696130   25.589917   20.485756    2.839173  -39.682816  -70.526697
-526.342949 -410.424984 -218.969580  -88.358323   -1.110794   53.769949   84.459712   97.125544   96.501627   86.298024   69.488811   48.513365   25.415278    1.936559  -20.420712  -40.352496  -56.733506  -68.602443  -75.158747  -75.763920  -69.946334  -57.408253  -38.034250  -11.900714   19.867445   -1.196365    0.565575    1.859817    2.528319    2.721643    2.590884    2.282419    1.933364    1.668021    1.595699    1.810177    2.390991    3.406109    4.915217    6.970573    9.610215   12.833208   16.538808   20.398770   23.612382   24.464254   19.561651    2.565104  -38.498515  -68.322738
-534.083284 -416.415594 -222.015587  -89.329353   -0.648942   55.164419   86.394218   99.290724   98.653962   88.247679   71.091318   49.664139   26.046210    2.014142  -20.896134  -41.346575  -58.177197  -70.390736  -77.149007  -77.773836  -71.751478  -58.739172  -38.572951  -11.276337   22.041527   -0.161665    1.707613    3.090914    3.812682    4.024253    3.878090    3.522456    3.096750    2.727827    2.527644    2.592552    3.004396    3.833083    5.139820    6.978230    9.388244   12.372834   15.839990   19.479973   22.528634   23.338590   18.637546    2.291035  -37.314213  -66.118778
-541.823620 -422.406203 -225.061594  -90.300384   -0.187089   56.558889   88.328724  101.455905  100.806298   90.197334   72.693826   50.814914   26.677141    2.091724  -21.371556  -42.340653  -59.620887  -72.179029  -79.139267  -79.783752  -73.556623  -60.070091  -39.111652  -10.651960   24.215608    0.873035    2.849650    4.322012    5.097045    5.326862    5.165296    4.762493    4.260137    3.787632    3.459588    3.374928    3.617802    4.260056    5.364423    6.985887    9.166273   11.912460   15.141172   18.561176   21.444886   22.212927   17.713441    2.016966  -36.129912  -63.914818
-549.563955 -428.396812 -228.107601  -91.271415    0.274763   57.953359   90.263230  103.621085  102.958634   92.146989   74.296333   51.965688   27.308073    2.169307  -21.846977  -43.334732  -61.064577  -73.967323  -81.129527  -81.793668  -75.361768  -61.401009  -39.650353  -10.027583   26.389689    1.907734    3.991687    5.553110    6.381408    6.629471    6.452503    6.002530    5.423524    4.847438    4.391533    4.157303    4.231208    4.687030    5.589026    6.993545    8.944302   11.452086   14.442354   17.642379   20.361138   21.087263   16.789335    1.742897  -34.945611  -61.710859
-557.304291 -434.387421 -231.153608  -92.242445    0.736615   59.347830   92.197736  105.786266  105.110969   94.096644   75.898840   53.116462   27.939004    2.246890  -22.322399  -44.328811  -62.508267  -75.755616  -83.119786  -83.803584  -77.166912  -62.731928  -40.189054   -9.403206   28.563770    2.942434    5.133725    6.784208    7.665771    7.932080    7.739709    7.242567    6.586911    5.907243    5.323478    4.939678    4.844614    5.114004    5.813629    7.001202    8.722331   10.991711   13.743536   16.723582   19.277390   19.961599   15.865230    1.468828  -33.761310  -59.506899
-565.044626 -440.378031 -234.199615  -93.213476    1.198467   60.742300   94.132242  107.951447  107.263305   96.046299   77.501348   54.267236   28.569936    2.324473  -22.797821  -45.322889  -63.951958  -77.543909  -85.110046  -85.813500  -78.972057  -64.062847  -40.727756   -8.778828   30.737852    3.977134    6.275762    8.015305    8.950134    9.234689    9.026915    8.482604    7.750297    6.967049    6.255422    5.722054    5.458020    5.540978    6.038231    7.008859    8.500360   10.531337   13.044718   15.804785   18.193642   18.835936   14.941125    1.194759  -32.577009  -57.302939
-572.784961 -446.368640 -237.245622  -94.184507    1.660320   62.136770   96.066748  110.116627  109.415641   97.995954   79.103855   55.418010   29.200867    2.402055  -23.273243  -46.316968  -65.395648  -79.332202  -87.100306  -87.823416  -80.777201  -65.393765  -41.266457   -8.154451   32.911933    5.011834    7.417800    9.246403   10.234497   10.537299   10.314121    9.722641    8.913684    8.026854    7.187367    6.504429    6.071426    5.967952    6.262834    7.016516    8.278389   10.070963   12.345899   14.885988   17.109894   17.710272   14.017020    0.920690  -31.392707  -55.098980
-580.525297 -452.359249 -240.291630  -95.155537    2.122172   63.531241   98.001254  112.281808  111.567976   99.945609   80.706362   56.568784   29.831799    2.479638  -23.748664  -47.311047  -66.839338  -81.120495  -89.090566  -89.833332  -82.582346  -66.724684  -41.805158   -7.530074   35.086014    6.046533    8.559837   10.477501   11.518860   11.839908   11.601328   10.962679   10.077071    9.086660    8.119312    7.286804    6.684831    6.394926    6.487437    7.024173    8.056418    9.610589   11.647081   13.967190   16.026147   16.584609   13.092915    0.646621  -30.208406  -52.895020
-588.265632 -458.349858 -243.337637  -96.126568    2.584024   64.925711   99.935760  114.446988  113.720312  101.895264   82.308870   57.719559   30.462730    2.557221  -24.224086  -48.305126  -68.283029  -82.908788  -91.080825  -91.843248  -84.387490  -68.055602  -42.343859   -6.905697   37.260095    7.081233    9.701875   11.708599   12.803224   13.142517   12.888534   12.202716   11.240457   10.146465    9.051256    8.069179    7.298237    6.821900    6.712040    7.031830    7.834447    9.150214   10.948263   13.048393   14.942399   15.458945   12.168810    0.372552  -29.024105  -50.691060
-596.005967 -464.340468 -246.383644  -97.097599    3.045877   66.320181  101.870266  116.612169  115.872648  103.844919   83.911377   58.870333   31.093662    2.634804  -24.699508  -49.299204  -69.726719  -84.697082  -93.071085  -93.853164  -86.192635  -69.386521  -42.882561   -6.281320   39.434176    8.115933   10.843912   12.939697   14.087587   14.445126   14.175740   13.442753   12.403844   11.206271    9.983201    8.851555    7.911643    7.248873    6.936643    7.039487    7.612476    8.689840   10.249445   12.129596   13.858651   14.333282   11.244705    0.098483  -27.839804  -48.487101
-603.746303 -470.331077 -249.429651  -98.068629    3.507729   67.714651  103.804772  118.777349  118.024983  105.794575   85.513884   60.021107   31.724593    2.712386  -25.174930  -50.293283  -71.170409  -86.485375  -95.061345  -95.863080  -87.997779  -70.717440  -43.421262   -5.656942   41.608258    9.150633   11.985950   14.170794   15.371950   15.747735   15.462947   14.682790   13.567231   12.266076   10.915146    9.633930    8.525049    7.675847    7.161246    7.047145    7.390504    8.229466    9.550627   11.210799   12.774903   13.207618   10.320600   -0.175585  -26.655503  -46.283141
-611.486638 -476.321686 -252.475658  -99.039660    3.969581   69.109122  105.739279  120.942530  120.177319  107.744230   87.116392   61.171881   32.355525    2.789969  -25.650351  -51.287362  -72.614099  -88.273668  -97.051605  -97.872996  -89.802924  -72.048358  -43.959963   -5.032565   43.782339   10.185332   13.127987   15.401892   16.656313   17.050345   16.750153   15.922827   14.730617   13.325882   11.847090   10.416305    9.138455    8.102821    7.385849    7.054802    7.168533    7.769092    8.851809   10.292002   11.691155   12.081955    9.396495   -0.449654  -25.471201  -44.079181
-619.226973 -482.312296 -255.521665 -100.010691    4.431434   70.503592  107.673785  123.107710  122.329655  109.693885   88.718899   62.322655   32.986456    2.867552  -26.125773  -52.281440  -74.057790  -90.061961  -99.041864  -99.882912  -91.608068  -73.379277  -44.498664   -4.408188   45.956420   11.220032   14.270025   16.632990   17.940676   18.352954   18.037359   17.162864   15.894004   14.385687   12.779035   11.198681    9.751861    8.529795    7.610452    7.062459    6.946562    7.308718    8.152991    9.373205   10.607407   10.956291    8.472390   -0.723723  -24.286900  -41.875222
-626.967309 -488.302905 -258.567672 -100.981721    4.893286   71.898062  109.608291  125.272891  124.481990  111.643540   90.321406   63.473430   33.617388    2.945135  -26.601195  -53.275519  -75.501480  -91.850254 -101.032124 -101.892828  -93.413213  -74.710196  -45.037365   -3.783811   48.130501   12.254732   15.412062   17.864088   19.225039   19.655563   19.324566   18.402901   17.057391   15.445493   13.710980   11.981056   10.365266    8.956769    7.835055    7.070116    6.724591    6.848343    7.454172    8.454407    9.523659    9.830628    7.548285   -0.997792  -23.102599  -39.671262
-634.707644 -494.293514 -261.613679 -101.952752    5.355138   73.292533  111.542797  127.438072  126.634326  113.593195   91.923914   64.624204   34.248319    3.022718  -27.076617  -54.269598  -76.945170  -93.638547 -103.022384 -103.902744  -95.218358  -76.041114  -45.576067   -3.159434   50.304583   13.289432   16.554100   19.095185   20.509402   20.958172   20.611772   19.642938   18.220778   16.505299   14.642924   12.763431   10.978672    9.383743    8.059658    7.077773    6.502620    6.387969    6.755354    7.535610    8.439911    8.704964    6.624180   -1.271861  -21.918298  -37.467302
-642.447980 -500.284123 -264.659687 -102.923783    5.816991   74.687003  113.477303  129.603252  128.786662  115.542850   93.526421   65.774978   34.879251    3.100300  -27.552038  -55.263676  -78.388861  -95.426840 -105.012644 -105.912660  -97.023502  -77.372033  -46.114768   -2.535057   52.478664   14.324131   17.696137   20.326283   21.793765   22.260781   21.898978   20.882975   19.384164   17.565104   15.574869   13.545807   11.592078    9.810717    8.284261    7.085430    6.280649    5.927595    6.056536    6.616813    7.356164    7.579301    5.700075   -1.545930  -20.733997  -35.263343
-650.188315 -506.274733 -267.705694 -103.894814    6.278843   76.081473  115.411809  131.768433  130.938998  117.492505   95.128928   66.925752   35.510182    3.177883  -28.027460  -56.257755  -79.832551  -97.215134 -107.002904 -107.922576  -98.828647  -78.702952  -46.653469   -1.910679   54.652745   15.358831   18.838175   21.557381   23.078128   23.563391   23.186185   22.123012   20.547551   18.624910   16.506814   14.328182   12.205484   10.237690    8.508864    7.093087    6.058678    5.467221    5.357718    5.698016    6.272416    6.453637    4.775970   -1.819999  -19.549695  -33.059383
-657.928650 -512.265342 -270.751701 -104.865844    6.740695   77.475943  117.346315  133.933613  133.091333  119.442160   96.731436   68.076526   36.141114    3.255466  -28.502882  -57.251834  -81.276241  -99.003427 -108.993163 -109.932492 -100.633791  -80.033870  -47.192170   -1.286302   56.826826   16.393531   19.980212   22.788479   24.362491   24.866000   24.473391   23.363049   21.710938   19.684715   17.438758   15.110557   12.818890   10.664664    8.733466    7.100744    5.836707    5.006846    4.658900    4.779219    5.188668    5.327974    3.851865   -2.094068  -18.365394  -30.855423
-665.668986 -518.255951 -273.797708 -105.836875    7.202548   78.870414  119.280821  136.098794  135.243669  121.391815   98.333943   69.227300   36.772045    3.333049  -28.978304  -58.245912  -82.719931 -100.791720 -110.983423 -111.942408 -102.438936  -81.364789  -47.730871   -0.661925   59.000907   17.428230   21.122249   24.019577   25.646854   26.168609   25.760597   24.603086   22.874324   20.744521   18.370703   15.892932   13.432296   11.091638    8.958069    7.108402    5.614736    4.546472    3.960082    3.860422    4.104920    4.202310    2.927760   -2.368137  -17.181093  -28.651464
-673.409321 -524.246560 -276.843715 -106.807906    7.664400   80.264884  121.215327  138.263974  137.396005  123.341470   99.936450   70.378075   37.402977    3.410631  -29.453725  -59.239991  -84.163622 -102.580013 -112.973683 -113.952324 -104.244080  -82.695708  -48.269573   -0.037548   61.174989   18.462930   22.264287   25.250674   26.931218   27.471218   27.047804   25.843123   24.037711   21.804326   19.302648   16.675308   14.045701   11.518612    9.182672    7.116059    5.392765    4.086098    3.261264    2.941625    3.021172    3.076647    2.003655   -2.642206  -15.996792  -26.447504
-681.149656 -530.237170 -279.889722 -107.778936    8.126252   81.659354  123.149833  140.429155  139.548340  125.291125  101.538958   71.528849   38.033908    3.488214  -29.929147  -60.234070  -85.607312 -104.368306 -114.963943 -115.962240 -106.049225  -84.026626  -48.808274    0.586829   63.349070   19.497630   23.406324   26.481772   28.215581   28.773827   28.335010   27.083160   25.201098   22.864132   20.234592   17.457683   14.659107   11.945586    9.407275    7.123716    5.170794    3.625724    2.562446    2.022827    1.937424    1.950983    1.079550   -2.916275  -14.812491  -24.243544
-688.889992 -536.227779 -282.935729 -108.749967    8.588105   83.053824  125.084339  142.594336  141.700676  127.240780  103.141465   72.679623   38.664840    3.565797  -30.404569  -61.228148  -87.051002 -106.156599 -116.954202 -117.972156 -107.854369  -85.357545  -49.346975    1.211207   65.523151   20.532330   24.548362   27.712870   29.499944   30.076437   29.622216   28.323197   26.364484   23.923937   21.166537   18.240058   15.272513   12.372560    9.631878    7.131373    4.948822    3.165350    1.863627    1.104030    0.853676    0.825319    0.155445   -3.190344  -13.628189  -22.039584
-696.630327 -542.218388 -285.981736 -109.720998    9.049957   84.448295  127.018846  144.759516  143.853012  129.190435  104.743972   73.830397   39.295771    3.643380  -30.879991  -62.222227  -88.494693 -107.944893 -118.944462 -119.982072 -109.659514  -86.688464  -49.885676    1.835584   67.697232   21.567029   25.690399   28.943968   30.784307   31.379046   30.909423   29.563234   27.527871   24.983743   22.098481   19.022434   15.885919   12.799534    9.856481    7.139030    4.726851    2.704975    1.164809    0.185233   -0.230072   -0.300344   -0.768660   -3.464413  -12.443888  -19.835625
-704.370662 -548.208997 -289.027744 -110.692028    9.511809   85.842765  128.953352  146.924697  146.005347  131.140090  106.346479   74.981171   39.926703    3.720962  -31.355412  -63.216306  -89.938383 -109.733186 -120.934722 -121.991988 -111.464658  -88.019382  -50.424378    2.459961   69.871314   22.601729   26.832437   30.175065   32.068670   32.681655   32.196629   30.803271   28.691258   26.043548   23.030426   19.804809   16.499325   13.226507   10.081084    7.146687    4.504880    2.244601    0.465991   -0.733564   -1.313819   -1.426008   -1.692765   -3.738481  -11.259587  -17.631665
-712.110998 -554.199607 -292.073751 -111.663059    9.973662   87.237235  130.887858  149.089877  148.157683  133.089745  107.948987   76.131945   40.557635    3.798545  -31.830834  -64.210384  -91.382073 -111.521479 -122.924982 -124.001904 -113.269803  -89.350301  -50.963079    3.084338   72.045395   23.636429   27.974474   31.406163   33.353033   33.984264   33.483835   32.043308   29.854644   27.103354   23.962371   20.587184   17.112731   13.653481   10.305687    7.154344    4.282909    1.784227   -0.232827   -1.652361   -2.397567   -2.551671   -2.616870   -4.012550  -10.075286  -15.427705
-719.851333 -560.190216 -295.119758 -112.634090   10.435514   88.631706  132.822364  151.255058  150.310019  135.039400  109.551494   77.282720   41.188566    3.876128  -32.306256  -65.204463  -92.825763 -113.309772 -124.915241 -126.011821 -115.074948  -90.681220  -51.501780    3.708715   74.219476   24.671129   29.116512   32.637261   34.637396   35.286873   34.771042   33.283345   31.018031   28.163159   24.894315   21.369559   17.726136   14.080455   10.530290    7.162002    4.060938    1.323853   -0.931645   -2.571158   -3.481315   -3.677335   -3.540976   -4.286619   -8.890985  -13.223746
-727.591668 -566.180825 -298.165765 -113.605120   10.897366   90.026176  134.756870  153.420238  152.462354  136.989055  111.154001   78.433494   41.819498    3.953711  -32.781678  -66.198542  -94.269454 -115.098065 -126.905501 -128.021737 -116.880092  -92.012138  -52.040481    4.333092   76.393557   25.705828   30.258549   33.868359   35.921759   36.589483   36.058248   34.523382   32.181418   29.222965   25.826260   22.151935   18.339542   14.507429   10.754893    7.169659    3.838967    0.863478   -1.630463   -3.489956   -4.565063   -4.802998   -4.465081   -4.560688   -7.706683  -11.019786
-735.332004 -572.171435 -301.211772 -114.576151   11.359219   91.420646  136.691376  155.585419  154.614690  138.938711  112.756509   79.584268   42.450429    4.031293  -33.257099  -67.192621  -95.713144 -116.886358 -128.895761 -130.031653 -118.685237  -93.343057  -52.579182    4.957470   78.567638   26.740528   31.400587   35.099456   37.206122   37.892092   37.345454   35.763419   33.344805   30.282770   26.758205   22.934310   18.952948   14.934403   10.979496    7.177316    3.616996    0.403104   -2.329281   -4.408753   -5.648811   -5.928662   -5.389186   -4.834757   -6.522382   -8.815826
-743.072339 -578.162044 -304.257779 -115.547182   11.821071   92.815116  138.625882  157.750599  156.767026  140.888366  114.359016   80.735042   43.081361    4.108876  -33.732521  -68.186699  -97.156834 -118.674652 -130.886021 -132.041569 -120.490381  -94.673975  -53.117884    5.581847   80.741720   27.775228   32.542624   36.330554   38.490485   39.194701   38.632660   37.003456   34.508191   31.342576   27.690149   23.716685   19.566354   15.361377   11.204098    7.184973    3.395025   -0.057270   -3.028100   -5.327550   -6.732559   -7.054325   -6.313291   -5.108826   -5.338081   -6.611867
-750.812675 -584.152653 -307.303786 -116.518212   12.282923   94.209587  140.560388  159.915780  158.919361  142.838021  115.961523   81.885816   43.712292    4.186459  -34.207943  -69.180778  -98.600525 -120.462945 -132.876280 -134.051485 -122.295526  -96.004894  -53.656585    6.206224   82.915801   28.809928   33.684662   37.561652   39.774849   40.497310   39.919867   38.243493   35.671578   32.402382   28.622094   24.499061   20.179760   15.788351   11.428701    7.192630    3.173054   -0.517644   -3.726918   -6.246347   -7.816307   -8.179989   -7.237396   -5.382895   -4.153780   -4.407907
-758.553010 -590.143262 -310.349794 -117.489243   12.744775   95.604057  142.494894  162.080961  161.071697  144.787676  117.564031   83.036591   44.343224    4.264042  -34.683365  -70.174857 -100.044215 -122.251238 -134.866540 -136.061401 -124.100670  -97.335813  -54.195286    6.830601   85.089882   29.844627   34.826699   38.792750   41.059212   41.799919   41.207073   39.483530   36.834965   33.462187   29.554039   25.281436   20.793166   16.215324   11.653304    7.200287    2.951083   -0.978018   -4.425736   -7.165144   -8.900055   -9.305652   -8.161501   -5.656964   -2.969479   -2.203947
-766.293345 -596.133872 -313.395801 -118.460274   13.206628   96.998527  144.429400  164.246141  163.224033  146.737331  119.166538   84.187365   44.974155    4.341624  -35.158786  -71.168935 -101.487905 -124.039531 -136.856800 -138.071317 -125.905815  -98.666731  -54.733987    7.454978   87.263963   30.879327   35.968737   40.023848   42.343575   43.102528   42.494279   40.723567   37.998351   34.521993   30.485983   26.063811   21.406571   16.642298   11.877907    7.207944    2.729111   -1.438393   -5.124554   -8.083941   -9.983802  -10.431316   -9.085606   -5.931033   -1.785177    0.000012