 -0.180513
 -8.400272
-15.222194
-21.020563
-24.320212
-27.142298
-28.358063
-29.210211
-28.958113
-28.432037
-27.193624
-25.759727
-23.917242
-21.949997
-19.808729
-17.607553
-15.411845
-13.215902
-11.160276
 -9.158778
 -7.395480
 -5.734657
 -4.378564
 -3.166175
 -2.297759
 -1.605783
 -1.272639
 -1.138618
 -1.355948
 -1.783363
 -2.533648
 -3.491463
 -4.723592
 -6.145340
 -7.773239
 -9.555580
-11.456498
-13.457420
-15.469891
-17.506556
-19.428021
-21.274227
-22.858292
-24.241484
-25.194696
-25.792341
-25.769064
-25.193684
-23.740179
-21.351508
-19.712830
-18.776319
-17.717206
-16.574705
-15.386804
-14.150646
-12.891056
-11.602199
-10.306867
 -9.001071
 -7.704308
 -6.415856
 -5.150278
 -3.911446
 -2.707508
 -1.548144
 -0.433790
  0.618965
  1.618489
  2.540307
  3.402473
  4.171753
  4.876591
  5.474185
  6.003965
  6.412784
  6.751619
  6.956199
  7.089701
  7.076022
  6.991302
  6.747273
  6.433747
  5.951100
  5.402862
  4.681679
  3.902667
  2.960390
  1.974244
  0.862057
 -0.270417
 -1.439572
 -2.590884
 -3.596396
 -4.524316
 -4.967149
 -5.233176
 -4.233299
 -2.587102
 -0.105083