 -0.180513
-15.096383
-24.203633
-28.304411
-28.999019
-27.336617
-24.153058
-20.116323
-15.762141
-11.519163
 -7.726376
 -4.644781
 -2.464823
 -1.310666
 -1.242136
 -2.254962
 -4.279609
 -7.179256
-10.746877
-14.701688
-18.684943
-22.255047
-24.881829
-25.939406
-24.670601
-20.352148
-18.290079
-16.040648
-13.603581
-11.060489
 -8.480253
 -5.928887
 -3.468643
 -1.157198
  0.952884
  2.814378
  4.385271
  5.628290
  6.510195
  7.000973
  7.073401
  6.703664
  5.874236
  4.580955
  2.847311
  0.750552
 -1.533515
 -3.656850
 -4.984253
 -4.207149
 -0.105083