  0.000000
-15.330401
-24.188564
-28.295724
-28.991984
-27.330930
-24.148479
-20.112654
-15.759222
-11.516861
 -7.724584
 -4.643411
 -2.463800
 -1.309927
 -1.241634
 -2.254633
 -4.279414
 -7.179154
-10.746827
-14.701648
-18.684871
-22.254897
-24.881549
-25.939235
-24.698590
-20.315932
-18.301746
-16.040781
-13.603604
-11.060525
 -8.480299
 -5.928941
 -3.468702
 -1.157261
  0.952818
  2.814308
  4.385195
  5.628213
  6.510121
  7.000920
  7.073420
  6.703860
  5.874809
  4.582255
  2.849913
  0.755340
 -1.525245
 -3.643285
 -4.960502
 -4.366388
  0.000097