 -1.025782
-11.209435
-20.580403
-27.572541
-33.118915
-38.504313
-43.040626
-45.320702
-46.315292
-47.342326
-48.204420
-48.112565
-47.346968
-46.566214
-45.783289
-44.734011
-43.463624
-42.175862
-40.923106
-39.767204
-38.727957
-37.709515
-36.714672
-35.970731
-35.566041
-35.242098
-34.919636
-34.863968
-35.243222
-35.760277
-36.266229
-36.968656
-38.060881
-39.311464
-40.555965
-41.883427
-43.407054
-45.030088
-46.666782
-48.266632
-49.724422
-51.092170
-52.493246
-53.759464
-54.408960
-54.565685
-54.697380
-54.627704
-53.552626
-51.555039
-49.412939
-47.225850
-44.607140
-41.564822
-38.479614
-35.432241
-32.301474
-29.049878
-25.769552
-22.497158
-19.257815
-16.078082
-12.916102
 -9.751816
 -6.702229
 -3.887542
 -1.165242
  1.571021
  4.158618
  6.367734
  8.390005
 10.431872
 12.327617
 13.743011
 14.865126
 16.001041
 17.015615
 17.488570
 17.555262
 17.613906
 17.586357
 16.998207
 15.895399
 14.739592
 13.534060
 11.830589
  9.572780
  7.189855
  4.776797
  2.148419
 -0.742851
 -3.803026
 -6.932975
 -9.405315
-10.548359
-11.127308
-11.470139
-10.160971
 -6.156979
 -1.179752