0.713700 0.341423 0.372277 0.000000
0.975505 0.551717 0.423788 0.000000
0.989765 0.549090 0.440675 0.000000
1.011705 0.576258 0.435447 0.000000
0.916673 0.485420 0.431253 0.000000
1.035357 0.536802 0.498555 0.000000
1.054369 0.603075 0.451294 0.000000
1.376688 0.847772 0.528916 0.000000
0.776603 0.315304 0.461299 0.000000
1.118801 0.647537 0.471264 0.000000
1.346592 0.832853 0.513740 0.000000
0.959439 0.530826 0.428613 0.000000
0.985851 0.512320 0.473531 0.000000
0.986802 0.562839 0.423962 0.000000
1.189267 0.659796 0.529470 0.000000