-387.359542
-383.090709
-378.821877
-374.553045
-370.284213
-366.015381
-361.746549
-357.477717
-353.208884
-348.940052
-344.671220
-340.402388
-336.133556
-331.864724
-327.595892
-323.327059
-319.058227
-314.789395
-310.520563
-306.251731
-301.982899
-297.714067
-293.445234
-289.176402
-284.907570
-280.638738
-276.369906
-272.101074
-267.832242
-263.563409
-259.294577
-255.025745
-250.756913
-246.488081
-242.219249
-237.950417
-233.681584
-229.412752
-225.143920
-220.875088
-216.606256
-212.337424
-208.068592
-203.799759
-199.530927
-195.262095
-190.993263
-186.724431
-182.455599
-178.186767
-173.917934
-169.649102
-165.380270
-161.111438
-156.842606
-152.573774
-148.304942
-144.036109
-139.767277
-135.498445
-131.229613
-126.960781
-122.691949
-118.423117
-114.154284
-109.885452
-105.616620
-101.347788
 -97.078956
 -92.810124
 -88.541292
 -84.272459
 -80.003627
 -75.734795
 -71.465963
 -67.197131
 -62.928299
 -58.659467
 -54.390634
 -50.121802
 -45.852970
 -41.584138
 -37.315306
 -33.046474
 -28.777642
 -24.508809
 -20.239977
 -15.971145
 -11.702313
  -7.433481
  -3.164649
   1.104183
   5.373016
   9.641848
  13.910680
  18.179512
  22.448344
  26.717176
  30.986008
  35.254841