-303.400193 -303.400193 -303.400193 -303.400193
-301.101737 -301.101737 -301.101737 -301.101737
-298.803280 -298.803280 -298.803280 -298.803280
-296.504824 -296.504824 -296.504824 -296.504824
-294.206367 -294.206367 -294.206367 -294.206367
-291.907911 -291.907911 -291.907911 -291.907911
-289.609454 -289.609454 -289.609454 -289.609454
-287.310998 -287.310998 -287.310998 -287.310998
-285.012541 -285.012541 -285.012541 -285.012541
-282.714084 -282.714084 -282.714084 -282.714084
-280.415628 -280.415628 -280.415628 -280.415628
-278.117171 -278.117171 -278.117171 -278.117171
-275.818715 -275.818715 -275.818715 -275.818715
-273.520258 -273.520258 -273.520258 -273.520258
-271.221802 -271.221802 -271.221802 -271.221802
-268.923345 -268.923345 -268.923345 -268.923345
-266.624889 -266.624889 -266.624889 -266.624889
-264.326432 -264.326432 -264.326432 -264.326432
-262.027975 -262.027975 -262.027975 -262.027975
-259.729519 -259.729519 -259.729519 -259.729519
-257.431062 -257.431062 -257.431062 -257.431062
-255.132606 -255.132606 -255.132606 -255.132606
-252.834149 -252.834149 -252.834149 -252.834149
-250.535693 -250.535693 -250.535693 -250.535693
-248.237236 -248.237236 -248.237236 -248.237236
-245.938780 -245.938780 -245.938780 -245.938780
-243.640323 -243.640323 -243.640323 -243.640323
-241.341866 -241.341866 -241.341866 -241.341866
-239.043410 -239.043410 -239.043410 -239.043410
-236.744953 -236.744953 -236.744953 -236.744953
-234.446497 -234.446497 -234.446497 -234.446497
-232.148040 -232.148040 -232.148040 -232.148040
-229.849584 -229.849584 -229.849584 -229.849584
-227.551127 -227.551127 -227.551127 -227.551127
-225.252671 -225.252671 -225.252671 -225.252671
-222.954214 -222.954214 -222.954214 -222.954214
-220.655758 -220.655758 -220.655758 -220.655758
-218.357301 -218.357301 -218.357301 -218.357301
-216.058844 -216.058844 -216.058844 -216.058844
-213.760388 -213.760388 -213.760388 -213.760388
-211.461931 -211.461931 -211.461931 -211.461931
-209.163475 -209.163475 -209.163475 -209.163475
-206.865018 -206.865018 -206.865018 -206.865018
-204.566562 -204.566562 -204.566562 -204.566562
-202.268105 -202.268105 -202.268105 -202.268105
-199.969649 -199.969649 -199.969649 -199.969649
-197.671192 -197.671192 -197.671192 -197.671192
-195.372735 -195.372735 -195.372735 -195.372735
-193.074279 -193.074279 -193.074279 -193.074279
-190.775822 -190.775822 -190.775822 -190.775822
-188.477366 -188.477366 -188.477366 -188.477366
-186.178909 -186.178909 -186.178909 -186.178909
-183.880453 -183.880453 -183.880453 -183.880453
-181.581996 -181.581996 -181.581996 -181.581996
-179.283540 -179.283540 -179.283540 -179.283540
-176.985083 -176.985083 -176.985083 -176.985083
-174.686627 -174.686627 -174.686627 -174.686627
-172.388170 -172.388170 -172.388170 -172.388170
-170.089713 -170.089713 -170.089713 -170.089713
-167.791257 -167.791257 -167.791257 -167.791257
-165.492800 -165.492800 -165.492800 -165.492800
-163.194344 -163.194344 -163.194344 -163.194344
-160.895887 -160.895887 -160.895887 -160.895887
-158.597431 -158.597431 -158.597431 -158.597431
-156.298974 -156.298974 -156.298974 -156.298974
-154.000518 -154.000518 -154.000518 -154.000518
-151.702061 -151.702061 -151.702061 -151.702061
-149.403604 -149.403604 -149.403604 -149.403604
-147.105148 -147.105148 -147.105148 -147.105148
-144.806691 -144.806691 -144.806691 -144.806691
-142.508235 -142.508235 -142.508235 -142.508235
-140.209778 -140.209778 -140.209778 -140.209778
-137.911322 -137.911322 -137.911322 -137.911322
-135.612865 -135.612865 -135.612865 -135.612865
-133.314409 -133.314409 -133.314409 -133.314409
-131.015952 -131.015952 -131.015952 -131.015952
-128.717496 -128.717496 -128.717496 -128.717496
-126.419039 -126.419039 -126.419039 -126.419039
-124.120582 -124.120582 -124.120582 -124.120582
-121.822126 -121.822126 -121.822126 -121.822126
-119.523669 -119.523669 -119.523669 -119.523669
-117.225213 -117.225213 -117.225213 -117.225213
-114.926756 -114.926756 -114.926756 -114.926756
-112.628300 -112.628300 -112.628300 -112.628300
-110.329843 -110.329843 -110.329843 -110.329843
-108.031387 -108.031387 -108.031387 -108.031387
-105.732930 -105.732930 -105.732930 -105.732930
-103.434473 -103.434473 -103.434473 -103.434473
-101.136017 -101.136017 -101.136017 -101.136017
 -98.837560  -98.837560  -98.837560  -98.837560
 -96.539104  -96.539104  -96.539104  -96.539104
 -94.240647  -94.240647  -94.240647  -94.240647
 -91.942191  -91.942191  -91.942191  -91.942191
 -89.643734  -89.643734  -89.643734  -89.643734
 -87.345278  -87.345278  -87.345278  -87.345278
 -85.046821  -85.046821  -85.046821  -85.046821
 -82.748364  -82.748364  -82.748364  -82.748364
 -80.449908  -80.449908  -80.449908  -80.449908
 -78.151451  -78.151451  -78.151451  -78.151451
 -75.852995  -75.852995  -75.852995  -75.852995