-303.400193
-301.101737
-298.803280
-296.504824
-294.206367
-291.907911
-289.609454
-287.310998
-285.012541
-282.714084
-280.415628
-278.117171
-275.818715
-273.520258
-271.221802
-268.923345
-266.624889
-264.326432
-262.027975
-259.729519
-257.431062
-255.132606
-252.834149
-250.535693
-248.237236
-245.938780
-243.640323
-241.341866
-239.043410
-236.744953
-234.446497
-232.148040
-229.849584
-227.551127
-225.252671
-222.954214
-220.655758
-218.357301
-216.058844
-213.760388
-211.461931
-209.163475
-206.865018
-204.566562
-202.268105
-199.969649
-197.671192
-195.372735
-193.074279
-190.775822
-188.477366
-186.178909
-183.880453
-181.581996
-179.283540
-176.985083
-174.686627
-172.388170
-170.089713
-167.791257
-165.492800
-163.194344
-160.895887
-158.597431
-156.298974
-154.000518
-151.702061
-149.403604
-147.105148
-144.806691
-142.508235
-140.209778
-137.911322
-135.612865
-133.314409
-131.015952
-128.717496
-126.419039
-124.120582
-121.822126
-119.523669
-117.225213
-114.926756
-112.628300
-110.329843
-108.031387
-105.732930
-103.434473
-101.136017
 -98.837560
 -96.539104
 -94.240647
 -91.942191
 -89.643734
 -87.345278
 -85.046821
 -82.748364
 -80.449908
 -78.151451
 -75.852995