  0.000000   0.000000   0.000000   0.000000   0.650000
  0.010000   0.000391   0.115016  22.044672   0.650000
  0.020000   0.002941   0.422523  38.578176   0.650000
  0.030000   0.009307   0.869806  50.079744   0.650000
  0.040000   0.020643   1.408942  57.028608   0.650000
  0.050000   0.037648   1.996800  59.904000   0.650000
  0.060000   0.060613   2.595041  59.185152   0.650000
  0.070000   0.089471   3.170120  55.351296   0.650000
  0.080000   0.123842   3.693281  48.881664   0.650000
  0.090000   0.163083   4.140564  40.255488   0.650000
  0.100000   0.206336   4.492800  29.952000   0.650000
  0.110000   0.252574   4.735611  18.450432   0.650000
  0.120000   0.300651   4.859412   6.230016   0.650000
  0.130000   0.349349   4.859412  -6.230016   0.650000
  0.140000   0.397426   4.735611 -18.450432   0.650000
  0.150000   0.443664   4.492800 -29.952000   0.650000
  0.160000   0.486917   4.140564 -40.255488   0.650000
  0.170000   0.526158   3.693281 -48.881664   0.650000
  0.180000   0.560529   3.170120 -55.351296   0.650000
  0.190000   0.589387   2.595041 -59.185152   0.650000
  0.200000   0.612352   1.996800 -59.904000   0.650000
  0.210000   0.629357   1.408942 -57.028608   0.650000
  0.220000   0.640693   0.869806 -50.079744   0.650000
  0.230000   0.647059   0.422523 -38.578176   0.650000
  0.240000   0.649609   0.115016 -22.044672   0.650000
  0.250000   0.650000   0.000000   0.000000   0.650000
  0.260000   0.650120   0.035389   6.782976   0.650000
  0.270000   0.650905   0.130007  11.870208   0.650000
  0.280000   0.652864   0.267633  15.409152   0.650000
  0.290000   0.656352   0.433521  17.547264   0.650000
  0.300000   0.661584   0.614400  18.432000   0.650000
  0.310000   0.668650   0.798474  18.210816   0.650000
  0.320000   0.677530   0.975421  17.031168   0.650000
  0.330000   0.688105   1.136394  15.040512   0.650000
  0.340000   0.700179   1.274020  12.386304   0.650000
  0.350000   0.713488   1.382400   9.216000   0.650000
  0.360000   0.727715   1.457111   5.677056   0.650000
  0.370000   0.742508   1.495204   1.916928   0.650000
  0.380000   0.757492   1.495204  -1.916928   0.650000
  0.390000   0.772285   1.457111  -5.677056   0.650000
  0.400000   0.786512   1.382400  -9.216000   0.650000
  0.410000   0.799821   1.274020 -12.386304   0.650000
  0.420000   0.811895   1.136394 -15.040512   0.650000
  0.430000   0.822470   0.975421 -17.031168   0.650000
  0.440000   0.831350   0.798474 -18.210816   0.650000
  0.450000   0.838416   0.614400 -18.432000   0.650000
  0.460000   0.843648   0.433521 -17.547264   0.650000
  0.470000   0.847136   0.267633 -15.409152   0.650000
  0.480000   0.849095   0.130007 -11.870208   0.650000
  0.490000   0.849880   0.035389  -6.782976   0.650000
  0.500000   0.850000  -0.000000   0.000000   0.650000