  -0.344768
 -31.318220
 -54.330856
 -70.357519
 -81.513970
 -89.110651
 -94.139878
 -97.351916
 -99.315328
-100.461316
-101.116215
-101.525178
-101.869378
-102.278350
-102.838803
-103.600757
-104.581735
-105.769468
-107.123544
-108.576206
-110.032515
-111.369993
-112.437780
-113.055616
-113.032348
-111.316370
-100.776997
 -88.298083
 -74.883025
 -60.891852
 -46.699978
 -32.668649
 -19.138928
  -6.427162
   5.178061
  15.417211
  24.059249
  30.899010
  35.753479
  38.457439
  38.861128
  36.833852
  32.279917
  25.177847
  15.659352
   4.153486
  -8.365971
 -19.973805
 -27.155055
 -22.895293
  -1.293699
  -0.294433
 -29.760450
 -51.057039
 -65.241972
 -74.492729
 -80.175293
 -83.336035
 -84.776484
 -85.112566
 -84.817839
 -84.254872
 -83.697836
 -83.348594
 -83.347956
 -83.783386
 -84.694055
 -86.073907
 -87.873290
 -89.999455
 -92.316189
 -94.642748
 -96.752160
 -98.368899
 -99.165973
 -98.769728
 -96.392229
 -88.623981
 -79.623488
 -69.955506
 -59.888125
 -49.699251
 -39.657338
 -30.017275
 -21.017360
 -12.877420
  -5.798284
   0.037305
   4.462230
   7.321429
   8.467913
   7.759917
   5.062195
   0.255912
  -6.734866
 -15.888265
 -26.982881
 -39.421750
 -51.941398
 -62.154001
 -65.149494
 -56.448565
  -0.259893
 -28.204076
 -47.784686
 -60.127531
 -67.472189
 -71.240191
 -72.531951
 -72.200262
 -70.908416
 -69.172338
 -67.390857
 -65.867190
 -64.823941
 -64.413246
 -64.723386
 -65.782746
 -67.561779
 -69.973520
 -72.872952
 -76.055465
 -79.254552
 -82.138772
 -84.307931
 -85.288264
 -84.520711
 -81.379463
 -76.460800
 -70.943596
 -65.025476
 -58.884514
 -52.701012
 -46.650547
 -40.901778
 -35.614926
 -30.941065
 -27.022338
 -23.993237
 -21.982952
 -21.118605
 -21.529004
 -23.347929
 -26.715153
 -31.772540
 -38.650253
 -47.435840
 -58.114853
 -70.466003
 -83.885731
 -97.109803
-107.363111
-111.722757
  -0.225355
 -26.647708
 -44.512343
 -55.013103
 -60.451657
 -62.305093
 -61.727870
 -59.624041
 -56.704267
 -53.526838
 -50.526842
 -48.036545
 -46.299288
 -45.478534
 -45.663383
 -46.871437
 -49.049651
 -52.073750
 -55.746450
 -59.794742
 -63.866357
 -67.525384
 -70.246963
 -71.410554
 -70.271693
 -66.366697
 -64.297619
 -62.263703
 -60.095445
 -57.880903
 -55.702773
 -53.643756
 -51.786280
 -50.212492
 -49.004710
 -48.246392
 -48.023776
 -48.428131
 -49.558637
 -51.525920
 -54.455772
 -58.492497
 -63.800990
 -70.565638
 -78.983412
 -89.246822
-101.510256
-115.830068
-132.065610
-149.576733
-166.996951
  -0.175016
 -25.089895
 -41.238431
 -49.897497
 -53.430378
 -53.369711
 -50.924012
 -47.048601
 -42.501502
 -37.883360
 -33.665501
 -30.209207
 -27.778511
 -26.548147
 -26.607971
 -27.964736
 -30.541824
 -34.177573
 -38.622361
 -43.534725
 -48.476589
 -52.907550
 -56.178081
 -57.520910
 -56.009072
 -51.442555
 -52.144602
 -53.589108
 -55.167926
 -56.877177
 -58.702046
 -60.632446
 -62.664628
 -64.802691
 -67.060192
 -69.461888
 -72.045727
 -74.864922
 -77.990700
 -81.515462
 -85.556994
 -90.264166
 -95.825007
-102.478365
-110.531044
-120.383204
-132.566043
-147.797653
-167.064508
-191.830904
-222.151813