  -0.344768
  -0.331361
  -0.319405
  -0.309183
  -0.300967
  -0.294975
  -0.291311
  -0.289901
  -0.290453
  -0.292435
  -0.295130
  -0.297725
  -0.299449
  -0.299689
  -0.298068
  -0.294463
  -0.288977
  -0.281888
  -0.273589
  -0.264543
  -0.255244
  -0.246197
  -0.237899
  -0.230810
  -0.225325
  -0.221719
  -0.220098
  -0.220339
  -0.222063
  -0.224658
  -0.227353
  -0.229335
  -0.229886
  -0.228477
  -0.224811
  -0.218819
  -0.210603
  -0.200380
  -0.188423
  -0.175016
 -38.982224
 -38.783164
 -38.583331
 -38.382575
 -38.180750
 -37.977740
 -37.773492
 -37.568041
 -37.361547
 -37.154290
 -36.946654
 -36.739071
 -36.531951
 -36.325622
 -36.120285
 -35.916004
 -35.712725
 -35.510299
 -35.308518
 -35.107136
 -34.905888
 -34.704506
 -34.502726
 -34.300301
 -34.097023
 -33.892743
 -33.687406
 -33.481076
 -33.273956
 -33.066371
 -32.858733
 -32.651472
 -32.444972
 -32.239516
 -32.035261
 -31.832244
 -31.630411
 -31.429647
 -31.229806
 -31.030738
 -64.467744
 -64.027500
 -63.587271
 -63.147060
 -62.706871
 -62.266705
 -61.826563
 -61.386445
 -60.946348
 -60.506265
 -60.066189
 -59.626112
 -59.186026
 -58.745924
 -58.305802
 -57.865659
 -57.425496
 -56.985317
 -56.545125
 -56.104926
 -55.664724
 -55.224525
 -54.784335
 -54.344158
 -53.903998
 -53.463858
 -53.023739
 -52.583639
 -52.143555
 -51.703479
 -51.263402
 -50.823317
 -50.383216
 -49.943092
 -49.502943
 -49.062768
 -48.622569
 -48.182349
 -47.742109
 -47.301854
 -80.215609
 -79.520267
 -78.825533
 -78.131524
 -77.438355
 -76.746117
 -76.054853
 -75.364533
 -74.675034
 -73.986134
 -73.297532
 -72.608888
 -71.919880
 -71.230250
 -70.539842
 -69.848603
 -69.156577
 -68.463880
 -67.770676
 -67.077160
 -66.383539
 -65.690023
 -64.996821
 -64.304125
 -63.612100
 -62.920862
 -62.230455
 -61.540827
 -60.851819
 -60.163176
 -59.474573
 -58.785671
 -58.096169
 -57.405846
 -56.714578
 -56.022335
 -55.329160
 -54.635146
 -53.940405
 -53.245058
 -89.799150
 -88.864340
 -87.928854
 -86.992558
 -86.055326
 -85.117058
 -84.177703
 -83.237297
 -82.295976
 -81.353988
 -80.411668
 -79.469394
 -78.527526
 -77.586351
 -76.646044
 -75.706662
 -74.768158
 -73.830402
 -72.893210
 -71.956367
 -71.019641
 -70.082799
 -69.145607
 -68.207851
 -67.269348
 -66.329967
 -65.389661
 -64.448486
 -63.506619
 -62.564345
 -61.622025
 -60.680036
 -59.738714
 -58.798305
 -57.858949
 -56.920677
 -55.983443
 -55.047144
 -54.111654
 -53.176840
 -95.550290
 -94.381253
 -93.210589
 -92.037976
 -90.863110
 -89.685748
 -88.505772
 -87.323263
 -86.138552
 -84.952234
 -83.765117
 -82.578111
 -81.392083
 -80.207722
 -79.025452
 -77.845410
 -76.667479
 -75.491349
 -74.316577
 -73.142645
 -71.968997
 -70.795065
 -69.620293
 -68.444164
 -67.266234
 -66.086192
 -64.903922
 -63.719561
 -62.533534
 -61.346528
 -60.159411
 -58.973093
 -57.788382
 -56.605872
 -55.425894
 -54.248530
 -53.073663
 -51.901049
 -50.730382
 -49.561344
 -98.819061
 -97.417206
 -96.014636
 -94.611211
 -93.206797
 -91.801286
 -90.394628
 -88.986858
 -87.578121
 -86.168678
 -84.758885
 -83.349140
 -81.939825
 -80.531242
 -79.123577
 -77.716890
 -76.311130
 -74.906161
 -73.501788
 -72.097784
 -70.693905
 -69.289901
 -67.885528
 -66.480559
 -65.074799
 -63.668113
 -62.260448
 -60.851864
 -59.442550
 -58.032805
 -56.623012
 -55.213569
 -53.804832
 -52.397061
 -50.990403
 -49.584891
 -48.180476
 -46.777051
 -45.374480
 -43.972624
-100.443690
 -98.843427
 -97.243004
 -95.642388
 -94.041549
 -92.440464
 -90.839120
 -89.237525
 -87.635714
 -86.033743
 -84.431693
 -82.829655
 -81.227713
 -79.625936
 -78.024366
 -76.423016
 -74.821874
 -73.220911
 -71.620082
 -70.019336
 -68.418618
 -66.817872
 -65.217043
 -63.616079
 -62.014938
 -60.413588
 -58.812017
 -57.210240
 -55.608299
 -54.006260
 -52.404211
 -50.802240
 -49.200428
 -47.598834
 -45.997490
 -44.396404
 -42.795566
 -41.194949
 -39.594526
 -37.994263
-101.191642
 -99.441952
 -97.691459
 -95.940005
 -94.187441
 -92.433645
 -90.678561
 -88.922229
 -87.164811
 -85.406600
 -83.647996
 -81.889446
 -80.131378
 -78.374133
 -76.617917
 -74.862801
 -73.108725
 -71.355537
 -69.603019
 -67.850914
 -66.098950
 -64.346846
 -62.594327
 -60.841139
 -59.087063
 -57.331947
 -55.575731
 -53.818486
 -52.060418
 -50.301868
 -48.543264
 -46.785054
 -45.027636
 -43.271303
 -41.516219
 -39.762424
 -38.009860
 -36.258407
 -34.507914
 -32.758224
-101.657452
 -99.796035
 -97.933559
 -96.069817
 -94.204609
 -92.337778
 -90.469247
 -88.599069
 -86.727459
 -84.854804
 -82.981629
 -81.108526
 -79.236060
 -77.364677
 -75.494653
 -73.626079
 -71.758878
 -69.892847
 -68.027700
 -66.163099
 -64.298682
 -62.434081
 -60.568933
 -58.702903
 -56.835701
 -54.967127
 -53.097103
 -51.225720
 -49.353253
 -47.480150
 -45.606976
 -43.734321
 -41.862711
 -39.992533
 -38.124003
 -36.257172
 -34.391965
 -32.528223
 -30.665748
 -28.804333
-102.174562
-100.242055
 -98.308916
 -96.375022
 -94.440253
 -92.504516
 -90.567765
 -88.630032
 -86.691445
 -84.752234
 -82.812714
 -80.873236
 -78.934138
 -76.995686
 -75.058046
 -73.121269
 -71.185312
 -69.250053
 -67.315321
 -65.380914
 -63.446618
 -61.512212
 -59.577479
 -57.642220
 -55.706263
 -53.769486
 -51.831845
 -49.893393
 -47.954295
 -46.014817
 -44.075297
 -42.136086
 -40.197500
 -38.259767
 -36.323017
 -34.387281
 -32.452513
 -30.518620
 -28.585482
 -26.652976
-102.918953
-100.966947
 -99.014621
 -97.061912
 -95.108760
 -93.155117
 -91.200960
 -89.246305
 -87.291218
 -85.335814
 -83.380253
 -81.424714
 -79.469368
 -77.514349
 -75.559741
 -73.605572
 -71.651818
 -69.698418
 -67.745285
 -65.792317
 -63.839405
 -61.886437
 -59.933303
 -57.979903
 -56.026149
 -54.071979
 -52.117371
 -50.162352
 -48.207006
 -46.251467
 -44.295906
 -42.340502
 -40.385415
 -38.430760
 -36.476604
 -34.522961
 -32.569810
 -30.617102
 -28.664776
 -26.712771
-103.994628
-102.067828
-100.141066
 -98.214351
 -96.287688
 -94.361085
 -92.434544
 -90.508063
 -88.581634
 -86.655243
 -84.728870
 -82.802496
 -80.876098
 -78.949660
 -77.023174
 -75.096634
 -73.170044
 -71.243412
 -69.316747
 -67.390063
 -65.463372
 -63.536687
 -61.610023
 -59.683390
 -57.756801
 -55.830261
 -53.903774
 -51.977336
 -50.050938
 -48.124564
 -46.198192
 -44.271801
 -42.345372
 -40.418890
 -38.492349
 -36.565746
 -34.639084
 -32.712369
 -30.785607
 -28.858807
-105.397120
-103.535146
-101.673433
 -99.812033
 -97.950995
 -96.090357
 -94.230139
 -92.370328
 -90.510870
 -88.651670
 -86.792598
 -84.933508
 -83.074261
 -81.214747
 -79.354897
 -77.494690
 -75.634143
 -73.773308
 -71.912254
 -70.051066
 -68.189832
 -66.328644
 -64.467590
 -62.606755
 -60.746208
 -58.886001
 -57.026151
 -55.166637
 -53.307390
 -51.448300
 -49.589229
 -47.730029
 -45.870570
 -44.010759
 -42.150541
 -40.289904
 -38.428865
 -36.567465
 -34.705753
 -32.843779
-107.056986
-105.296689
-103.536257
-101.775664
-100.014886
 -98.253903
 -96.492704
 -94.731297
 -92.969708
 -91.207987
 -89.446200
 -87.684422
 -85.922725
 -84.161165
 -82.399777
 -80.638573
 -78.877542
 -77.116660
 -75.355889
 -73.595188
 -71.834510
 -70.073808
 -68.313038
 -66.552155
 -64.791125
 -63.029920
 -61.268532
 -59.506972
 -57.745275
 -55.983497
 -54.221711
 -52.459990
 -50.698401
 -48.936994
 -47.175795
 -45.414812
 -43.654034
 -41.893441
 -40.133009
 -38.372712
-108.909440
-107.263218
-105.616910
-103.970500
-102.323971
-100.677310
 -99.030512
 -97.383581
 -95.736534
 -94.089401
 -92.442227
 -90.795059
 -89.147942
 -87.500913
 -85.853994
 -84.207192
 -82.560501
 -80.913905
 -79.267381
 -77.620901
 -75.974436
 -74.327956
 -72.681431
 -71.034836
 -69.388145
 -67.741343
 -66.094424
 -64.447395
 -62.800278
 -61.153110
 -59.505935
 -57.858803
 -56.211756
 -54.564824
 -52.918026
 -51.271366
 -49.624837
 -47.978427
 -46.332119
 -44.685897
-110.752494
-109.211205
-107.670507
-106.130518
-104.591347
-103.053085
-101.515772
 -99.979380
 -98.443788
 -96.908780
 -95.374063
 -93.839306
 -92.304193
 -90.768474
 -89.231996
 -87.694707
 -86.156651
 -84.617940
 -83.078736
 -81.539226
 -79.999613
 -78.460103
 -76.920899
 -75.382188
 -73.844132
 -72.306843
 -70.770365
 -69.234646
 -67.699533
 -66.164776
 -64.630059
 -63.095051
 -61.559459
 -60.023067
 -58.485755
 -56.947492
 -55.408321
 -53.868332
 -52.327634
 -50.786345
-112.264168
-110.805856
-109.348459
-107.892157
-106.437121
-104.983488
-103.531325
-102.080585
-100.631083
 -99.182484
 -97.734334
 -96.286122
 -94.837360
 -93.387661
 -91.936787
 -90.484661
 -89.031348
 -87.577023
 -86.121935
 -84.666375
 -83.210655
 -81.755095
 -80.300007
 -78.845682
 -77.392369
 -75.940243
 -74.489369
 -73.039671
 -71.590909
 -70.142696
 -68.694547
 -67.245948
 -65.796445
 -64.345705
 -62.893542
 -61.439909
 -59.984873
 -58.528571
 -57.071174
 -55.612861
-113.066347
-111.634762
-110.204230
-108.774958
-107.347144
-105.920946
-104.496438
-103.073568
-101.652124
-100.231718
 -98.811830
 -97.391870
 -95.971278
 -94.549607
 -93.126584
 -91.702119
 -90.276288
 -88.849292
 -87.421418
 -85.993000
 -84.564399
 -83.135982
 -81.708107
 -80.281112
 -78.855281
 -77.430816
 -76.007793
 -74.586122
 -73.165530
 -71.745570
 -70.325682
 -68.905276
 -67.483831
 -66.060962
 -64.636454
 -63.210255
 -61.782441
 -60.353169
 -58.922637
 -57.491052
-112.745429
-111.246975
-109.748396
-108.249668
-106.750767
-105.251676
-103.752384
-102.252898
-100.753243
 -99.253466
 -97.753627
 -96.253797
 -94.754041
 -93.254414
 -91.754946
 -90.255649
 -88.756514
 -87.257516
 -85.758623
 -84.259794
 -82.760987
 -81.262158
 -79.763265
 -78.264267
 -76.765132
 -75.265835
 -73.766368
 -72.266740
 -70.766985
 -69.267154
 -67.767316
 -66.267538
 -64.767883
 -63.268397
 -61.769105
 -60.270013
 -58.771113
 -57.272385
 -55.773806
 -54.275351
-104.984887
-103.617117
-102.249029
-100.880561
 -99.511653
 -98.142258
 -96.772352
 -95.401952
 -94.031121
 -92.659977
 -91.288677
 -89.917399
 -88.546312
 -87.175550
 -85.805196
 -84.435278
 -83.065771
 -81.696617
 -80.327727
 -78.959002
 -77.590331
 -76.221606
 -74.852716
 -73.483562
 -72.114055
 -70.744137
 -69.373783
 -68.003021
 -66.631934
 -65.260656
 -63.889356
 -62.518212
 -61.147381
 -59.776981
 -58.407075
 -57.037680
 -55.668772
 -54.300303
 -52.932216
 -51.564446
 -89.339672
 -88.416419
 -87.493519
 -86.571041
 -85.649051
 -84.727602
 -83.806719
 -82.886385
 -81.966528
 -81.047019
 -80.127684
 -79.208324
 -78.288752
 -77.368820
 -76.448435
 -75.527567
 -74.606241
 -73.684526
 -72.762516
 -71.840324
 -70.918071
 -69.995879
 -69.073870
 -68.152154
 -67.230829
 -66.309961
 -65.389575
 -64.469643
 -63.550071
 -62.630712
 -61.711376
 -60.791867
 -59.872010
 -58.951676
 -58.030793
 -57.109344
 -56.187354
 -55.264876
 -54.341976
 -53.418723
 -71.891258
 -71.491471
 -71.089089
 -70.683603
 -70.274527
 -69.861472
 -69.444252
 -69.022997
 -68.598233
 -68.170907
 -67.742309
 -67.313888
 -66.887025
 -66.462817
 -66.041941
 -65.624616
 -65.210655
 -64.799563
 -64.390635
 -63.983046
 -63.575909
 -63.168319
 -62.759392
 -62.348299
 -61.934339
 -61.517013
 -61.096137
 -60.671930
 -60.245067
 -59.816646
 -59.388047
 -58.960722
 -58.535958
 -58.114702
 -57.697483
 -57.284428
 -56.875351
 -56.469866
 -56.067483
 -55.667696
 -53.833121
 -53.951384
 -54.067451
 -54.180892
 -54.291295
 -54.398330
 -54.501841
 -54.601937
 -54.699064
 -54.794023
 -54.887905
 -54.981937
 -55.077287
 -55.174885
 -55.275302
 -55.378724
 -55.484994
 -55.593690
 -55.704219
 -55.815880
 -55.927924
 -56.039585
 -56.150114
 -56.258811
 -56.365080
 -56.468502
 -56.568919
 -56.666517
 -56.761868
 -56.855899
 -56.949781
 -57.044741
 -57.141867
 -57.241963
 -57.345474
 -57.452510
 -57.562912
 -57.676353
 -57.792420
 -57.910684
 -35.901591
 -36.520626
 -37.140190
 -37.760385
 -38.381312
 -39.003049
 -39.625634
 -40.249042
 -40.873164
 -41.497807
 -42.122710
 -42.747578
 -43.372128
 -43.996137
 -44.619468
 -45.242076
 -45.863999
 -46.485337
 -47.106235
 -47.726861
 -48.347394
 -48.968019
 -49.588917
 -50.210256
 -50.832179
 -51.454787
 -52.078118
 -52.702127
 -53.326677
 -53.951544
 -54.576447
 -55.201091
 -55.825213
 -56.448620
 -57.071205
 -57.692943
 -58.313870
 -58.934065
 -59.553629
 -60.172664
 -18.431304
 -19.568225
 -20.705266
 -21.842450
 -22.979800
 -24.117333
 -25.255059
 -26.392971
 -27.531045
 -28.669238
 -29.807489
 -30.945733
 -32.083905
 -33.221954
 -34.359850
 -35.497581
 -36.635158
 -37.772602
 -38.909947
 -40.047230
 -41.184491
 -42.321774
 -43.459119
 -44.596563
 -45.734140
 -46.871872
 -48.009767
 -49.147816
 -50.285988
 -51.424232
 -52.562483
 -53.700676
 -54.838750
 -55.976662
 -57.114388
 -58.251921
 -59.389271
 -60.526456
 -61.663496
 -62.800418
  -2.237429
  -3.881870
  -5.523780
  -7.162665
  -8.798049
 -10.429554
 -12.056999
 -13.680508
 -15.300597
 -16.918190
 -18.534540
 -20.151064
 -21.769107
 -23.389740
 -25.013620
 -26.640963
 -28.271585
 -29.905005
 -31.540535
 -33.177370
 -34.814645
 -36.451480
 -38.087010
 -39.720430
 -41.351053
 -42.978395
 -44.602275
 -46.222908
 -47.840951
 -49.457475
 -51.073825
 -52.691418
 -54.311507
 -55.935017
 -57.562462
 -59.193967
 -60.829351
 -62.468235
 -64.110146
 -65.754587
  11.728497
   9.655741
   7.584700
   5.515710
   3.449093
   1.385105
  -0.676130
  -2.734698
  -4.790947
  -6.845504
  -8.899219
 -10.953052
 -13.007914
 -15.064532
 -17.123351
 -19.184518
 -21.247908
 -23.313194
 -25.379910
 -27.447511
 -29.515411
 -31.583012
 -33.649728
 -35.715014
 -37.778404
 -39.839570
 -41.898389
 -43.955007
 -46.009869
 -48.063702
 -50.117417
 -52.171974
 -54.228223
 -56.286791
 -58.348027
 -60.412014
 -62.478631
 -64.547622
 -66.618663
 -68.691419
  23.229067
  20.795684
  18.361799
  15.927313
  13.492132
  11.056181
   8.619425
   6.181888
   3.743672
   1.304961
  -1.133996
  -3.572919
  -6.011539
  -8.449645
 -10.887106
 -13.323880
 -15.760002
 -18.195569
 -20.630717
 -23.065606
 -25.500407
 -27.935296
 -30.370444
 -32.806011
 -35.242133
 -37.678906
 -40.116367
 -42.554472
 -44.993093
 -47.432015
 -49.870972
 -52.309683
 -54.747899
 -57.185437
 -59.622194
 -62.058145
 -64.493327
 -66.927813
 -69.361700
 -71.795084
  32.003957
  29.251620
  26.498938
  23.745844
  20.992273
  18.238174
  15.483523
  12.728336
   9.972683
   7.216691
   4.460530
   1.704392
  -1.051538
  -3.807116
  -6.562252
  -9.316916
 -12.071133
 -14.824970
 -17.578519
 -20.331891
 -23.085202
 -25.838574
 -28.592123
 -31.345959
 -34.100176
 -36.854840
 -39.609975
 -42.365552
 -45.121482
 -47.877620
 -50.633781
 -53.389774
 -56.145427
 -58.900615
 -61.655268
 -64.409368
 -67.162940
 -69.916035
 -72.668719
 -75.421058
  37.363385
  34.357924
  31.353229
  28.349450
  25.346732
  22.345189
  19.344875
  16.345753
  13.347667
  10.350338
   7.353384
   4.356378
   1.358912
  -1.639339
  -4.638573
  -7.638855
 -10.640131
 -13.642254
 -16.645016
 -19.648173
 -22.651463
 -25.654620
 -28.657382
 -31.659504
 -34.660780
 -37.661062
 -40.660295
 -43.658545
 -46.656010
 -49.653016
 -52.649970
 -55.647300
 -58.645386
 -61.644509
 -64.644824
 -67.646369
 -70.649089
 -73.652869
 -76.657566
 -79.663029
  38.947639
  35.779976
  32.612512
  29.445287
  26.278338
  23.111694
  19.945370
  16.779357
  13.613613
  10.448065
   7.282616
   4.117153
   0.951569
  -2.214218
  -5.380261
  -8.546577
 -11.713151
 -14.879946
 -18.046908
 -21.213972
 -24.381070
 -27.548134
 -30.715095
 -33.881890
 -37.048464
 -40.214780
 -43.380823
 -46.546610
 -49.712193
 -52.877656
 -56.043106
 -59.208653
 -62.374398
 -65.540413
 -68.706738
 -71.873383
 -75.040333
 -78.207560
 -81.375025
 -84.542690
  36.761256
  33.504617
  30.247407
  26.989515
  23.730833
  20.471276
  17.210804
  13.949443
  10.687311
   7.424615
   4.161639
   0.898702
  -2.363892
  -5.625903
  -8.887181
 -12.147678
 -15.407435
 -18.666561
 -21.925211
 -25.183567
 -28.441823
 -31.700179
 -34.958829
 -38.217955
 -41.477712
 -44.738208
 -47.999486
 -51.261496
 -54.524090
 -57.787027
 -61.050003
 -64.312699
 -67.574832
 -70.836194
 -74.096668
 -77.356226
 -80.614910
 -83.872803
 -87.130015
 -90.386655
  30.483714
  27.202290
  23.920164
  20.637200
  17.353266
  14.068257
  10.782122
   7.494897
   4.206723
   0.917857
  -2.371352
  -5.660515
  -8.949256
 -12.237280
 -15.524403
 -18.810567
 -22.095823
 -25.380303
 -28.664198
 -31.947731
 -35.231142
 -38.514676
 -41.798570
 -45.083050
 -48.368305
 -51.654468
 -54.941592
 -58.229615
 -61.518356
 -64.807518
 -68.096728
 -71.385594
 -74.673769
 -77.960995
 -81.247131
 -84.532142
 -87.816078
 -91.099044
 -94.381171
 -97.662597
  19.860396
  16.611451
  13.361937
  10.111744
   6.860764
   3.608913
   0.356150
  -2.897497
  -6.151913
  -9.406890
 -12.662145
 -15.917362
 -19.172238
 -22.426533
 -25.680097
 -28.932884
 -32.184935
 -35.436357
 -38.687304
 -41.937959
 -45.188514
 -48.439169
 -51.690116
 -54.941538
 -58.193588
 -61.446374
 -64.699938
 -67.954232
 -71.209108
 -74.464325
 -77.719581
 -80.974558
 -84.228974
 -87.482623
 -90.735387
 -93.987240
 -97.238222
-100.488417
-103.737933
-106.986880
   5.693253
   2.494636
  -0.703850
  -3.902178
  -7.100326
 -10.298273
 -13.496009
 -16.693542
 -19.890897
 -23.088123
 -26.285285
 -29.482456
 -32.679706
 -35.877090
 -39.074642
 -42.272374
 -45.470275
 -48.668321
 -51.866477
 -55.064700
 -58.262946
 -61.461169
 -64.659324
 -67.857370
 -71.055271
 -74.253002
 -77.450554
 -80.647937
 -83.845187
 -87.042357
 -90.239520
 -93.436746
 -96.634103
 -99.831637
-103.029374
-106.227323
-109.425472
-112.623803
-115.822291
-119.020910
 -10.299218
 -13.496922
 -16.693004
 -19.887147
 -23.079046
 -26.268459
 -29.455269
 -32.639558
 -35.821654
 -39.002150
 -42.181850
 -45.361660
 -48.542445
 -51.724889
 -54.909415
 -58.096160
 -61.285007
 -64.475647
 -67.667639
 -70.860467
 -74.053578
 -77.246407
 -80.438399
 -83.629039
 -86.817886
 -90.004630
 -93.189156
 -96.371600
 -99.552385
-102.732196
-105.911897
-109.092393
-112.274490
-115.458779
-118.645590
-121.835004
-125.026903
-128.221047
-131.417130
-134.614834
 -24.180991
 -27.587576
 -30.987916
 -34.380787
 -37.765017
 -41.139671
 -44.504304
 -47.859224
 -51.205699
 -54.546012
 -57.883260
 -61.220935
 -64.562360
 -67.910176
 -71.266008
 -74.630387
 -78.002863
 -81.382242
 -84.766830
 -88.154640
 -91.543538
 -94.931348
 -98.315937
-101.695317
-105.067795
-108.432174
-111.788009
-115.135826
-118.477253
-121.814928
-125.152177
-128.492489
-131.838964
-135.193882
-138.558513
-141.933165
-145.317391
-148.710259
-152.110595
-155.517177
 -26.056328
 -30.198782
 -34.328250
 -38.442189
 -42.538161
 -46.614224
 -50.669451
 -54.704482
 -58.721959
 -62.726622
 -66.724916
 -70.724099
 -74.731083
 -78.751356
 -82.788301
 -86.843015
 -90.914566
 -95.000472
 -99.097209
-103.200644
-107.306342
-111.409777
-115.506515
-119.592421
-123.663973
-127.718688
-131.755632
-135.775906
-139.782889
-143.782071
-147.780363
-151.785024
-155.802498
-159.837525
-163.892748
-167.968806
-172.064773
-176.178707
-180.308171
-184.450620
  -1.293699
  -6.888334
 -12.493924
 -18.112614
 -23.746462
 -29.397106
 -35.065328
 -40.750589
 -46.450660
 -52.161543
 -57.877801
 -63.593312
 -69.302245
 -74.999968
 -80.683629
 -86.352301
 -92.006769
 -97.649129
-103.282352
-108.909925
-114.535590
-120.163163
-125.796386
-131.438746
-137.093215
-142.761887
-148.445548
-154.143271
-159.852204
-165.567715
-171.283973
-176.994856
-182.694927
-188.380188
-194.048409
-199.699053
-205.332900
-210.951590
-216.557179
-222.151813