 -0.224189
-25.870215
-42.875052
-52.451679
-56.933478
-57.825525
-56.309447
-53.315013
-49.576586
-45.673561
-42.058950
-39.079159
-36.987273
-35.951484
-36.059981
-37.323188
-39.674000
-42.966643
-46.974400
-51.386561
-55.804786
-59.739018
-62.603074
-63.709639
-62.235587
-57.720036
-56.939075
-56.384855
-55.773626
-55.138712
-54.499850
-53.875816
-53.284244
-52.741288
-52.261285
-51.856406
-51.536362
-51.308013
-51.175061
-51.137734
-51.192446
-51.331443
-51.542481
-51.808473
-52.107136
-52.410630
-52.685210
-52.890866
-52.980728
-52.909864
-52.384338