   0.000000    0.000000    0.000000   -1.379071
   0.010000    0.000000   -0.013791   10.056696
   0.020000   -0.000138    0.086776   13.891827
   0.030000    0.000730    0.225695   17.862526
   0.040000    0.002987    0.404320   20.004918
   0.050000    0.007030    0.604369   20.618513
   0.060000    0.013074    0.810554   19.941203
   0.070000    0.021179    1.009966   18.191406
   0.080000    0.031279    1.191880   15.572274
   0.090000    0.043198    1.347603   12.274909
   0.100000    0.056674    1.470352    8.480916
   0.110000    0.071377    1.555161    4.364437
   0.120000    0.086929    1.598806    0.093739
   0.130000    0.102917    1.599743   -4.167440
   0.140000    0.118914    1.558069   -8.258924
   0.150000    0.134495    1.475479  -12.023238
   0.160000    0.149250    1.355247  -15.304995
   0.170000    0.162802    1.202197  -17.950272
   0.180000    0.174824    1.022694  -19.806285
   0.190000    0.185051    0.824631  -20.721036
   0.200000    0.193298    0.617421  -20.543086
   0.210000    0.199472    0.411990  -19.121410
   0.220000    0.203592    0.220776  -16.305321
   0.230000    0.205799    0.057723  -11.945562
   0.240000    0.206377   -0.061733   -5.974151
   0.250000    0.205759   -0.121474    4.956848
   0.260000    0.204545   -0.071906   46.509220
   0.270000    0.203825    0.393186   78.743604
   0.280000    0.207757    1.180622   99.660889
   0.290000    0.219564    2.177231  110.941899
   0.300000    0.241336    3.286650  113.972738
   0.310000    0.274202    4.426378  110.017411
   0.320000    0.318466    5.526552  100.244678
   0.330000    0.373732    6.528999   85.747993
   0.340000    0.439022    7.386479   67.561352
   0.350000    0.512886    8.062092   46.671858
   0.360000    0.593507    8.528811   24.029886
   0.370000    0.678795    8.769109    0.556436
   0.380000    0.766487    8.774674  -22.849790
   0.390000    0.854233    8.546176  -45.308109
   0.400000    0.939695    8.093095  -65.951950
   0.410000    1.020626    7.433575  -83.925575
   0.420000    1.094962    6.594320  -98.382033
   0.430000    1.160905    5.610499 -108.481154
   0.440000    1.217010    4.525688 -113.388033
   0.450000    1.262267    3.391807 -112.271749
   0.460000    1.296185    2.269090 -104.304254
   0.470000    1.318876    1.226047  -88.659508
   0.480000    1.331136    0.339452  -64.526538
   0.490000    1.334531   -0.305813  -29.976022
   0.500000    1.331473   -0.605573   10.241810