  0.000000   0.000000   0.000000  -1.039573
  0.010000   0.000000  -0.010396  -8.724679
  0.020000  -0.000104  -0.097643  -6.704515
  0.030000  -0.001080  -0.164688   3.906066
  0.040000  -0.002727  -0.125627  15.790350
  0.050000  -0.003984   0.032276  26.149933
  0.060000  -0.003661   0.293776  33.548953
  0.070000  -0.000723   0.629265  37.443807
  0.080000   0.005570   1.003703  37.841444
  0.090000   0.015607   1.382118  35.073353
  0.100000   0.029428   1.732851  29.648896
  0.110000   0.046756   2.029340  22.162449
  0.120000   0.067050   2.250965  13.236544
  0.130000   0.089559   2.383330   3.488923
  0.140000   0.113393   2.418220  -6.485187
  0.150000   0.137575   2.353368 -16.121028
  0.160000   0.161109   2.192157 -24.886280
  0.170000   0.183030   1.943295 -32.279848
  0.180000   0.202463   1.620496 -37.828716
  0.190000   0.218668   1.242209 -41.084122
  0.200000   0.231090   0.831368 -41.617591
  0.210000   0.239404   0.415192 -39.017180
  0.220000   0.243556   0.025020 -32.884115
  0.230000   0.243806  -0.303821 -22.829645
  0.240000   0.240768  -0.532118  -8.450132
  0.250000   0.235447  -0.616619  10.562424
  0.260000   0.229280  -0.510995  29.375860
  0.270000   0.224170  -0.217236  42.638927
  0.280000   0.221998   0.209153  51.011842
  0.290000   0.224090   0.719272  55.185691
  0.300000   0.231282   1.271129  55.761303
  0.310000   0.243994   1.828742  53.289244
  0.320000   0.262281   2.361634  48.280771
  0.330000   0.285897   2.844442  41.216251
  0.340000   0.314342   3.256604  32.551788
  0.350000   0.346908   3.582122  22.724437
  0.360000   0.382729   3.809366  12.156318
  0.370000   0.420823   3.930930   1.257778
  0.380000   0.460132   3.943507  -9.569959
  0.390000   0.499567   3.847808 -19.932921
  0.400000   0.538045   3.648479 -29.442905
  0.410000   0.574530   3.354050 -37.715974
  0.420000   0.608070   2.976890 -44.371807
  0.430000   0.637839   2.533172 -49.032745
  0.440000   0.663171   2.042844 -51.323159
  0.450000   0.683599   1.529613 -50.868905
  0.460000   0.698896   1.020924 -47.296857
  0.470000   0.709105   0.547955 -40.234583
  0.480000   0.714584   0.145609 -29.316329
  0.490000   0.716041  -0.147554 -13.671853
  0.500000   0.714565  -0.284273   5.342454