  0.000000   0.000000   0.000000  -0.700063
  0.010000   0.000000  -0.007001 -27.505914
  0.020000  -0.000070  -0.282060 -27.300579
  0.030000  -0.002891  -0.555066 -10.050382
  0.040000  -0.008441  -0.655569  11.575703
  0.050000  -0.014997  -0.539812  31.681241
  0.060000  -0.020395  -0.223000  47.156590
  0.070000  -0.022625   0.248566  56.696109
  0.080000  -0.020139   0.815527  60.110535
  0.090000  -0.011984   1.416632  57.871740
  0.100000   0.002182   1.995350  50.816836
  0.110000   0.022136   2.503518  39.960426
  0.120000   0.047171   2.903122  26.379332
  0.130000   0.076202   3.166916  11.145282
  0.140000   0.107871   3.278369  -4.711433
  0.150000   0.140655   3.231254 -20.218789
  0.160000   0.172967   3.029066 -34.467543
  0.170000   0.203258   2.684391 -46.609405
  0.180000   0.230102   2.218297 -55.851129
  0.190000   0.252285   1.659786 -61.447192
  0.200000   0.268883   1.045314 -62.692082
  0.210000   0.279336   0.418393 -58.912938
  0.220000   0.283520  -0.170737 -49.462898
  0.230000   0.281813  -0.665366 -33.713720
  0.240000   0.275159  -1.002503 -10.926107
  0.250000   0.265134  -1.111764  16.168005
  0.260000   0.254016  -0.950084  12.242502
  0.270000   0.244515  -0.827659   6.534250
  0.280000   0.236239  -0.762316   2.362797
  0.290000   0.228616  -0.738688  -0.570516
  0.300000   0.221229  -0.744393  -2.450131
  0.310000   0.213785  -0.768895  -3.438923
  0.320000   0.206096  -0.803284  -3.683136
  0.330000   0.198063  -0.840115  -3.315491
  0.340000   0.189662  -0.873270  -2.457778
  0.350000   0.180929  -0.897848  -1.222983
  0.360000   0.171951  -0.910078   0.282742
  0.370000   0.162850  -0.907250   1.959098
  0.380000   0.153777  -0.887659   3.709855
  0.390000   0.144901  -0.850561   5.442242
  0.400000   0.136395  -0.796138   7.066153
  0.410000   0.128434  -0.725477   8.493637
  0.420000   0.121179  -0.640541   9.638426
  0.430000   0.114774  -0.544156  10.415670
  0.440000   0.109332  -0.440000  10.741720
  0.450000   0.104932  -0.332582  10.533949
  0.460000   0.101606  -0.227243   9.710557
  0.470000   0.099334  -0.130137   8.190374
  0.480000   0.098032  -0.048234   5.893953
  0.490000   0.097550   0.010706   2.632329
  0.500000   0.097657   0.037029   0.443073