  -0.295598
 -30.536388
 -52.688497
 -67.791178
 -77.990492
 -84.624650
 -88.712935
 -91.031092
 -92.171104
 -92.584967
 -92.616589
 -92.524903
 -92.500460
 -92.677182
 -93.140561
 -93.933188
 -95.058324
 -96.482006
 -98.134097
 -99.908513
-101.662871
-103.217707
-104.355358
-104.818857
-104.328964
-102.131199
 -92.654865
 -81.745608
 -70.092800
 -58.031772
 -45.915781
 -34.087724
 -22.872941
 -12.572245
  -3.454947
   4.248139
  10.351740
  14.723057
  17.288869
  18.042500
  17.050825
  14.461345
  10.509135
   5.523902
  -0.062978
  -5.711396
 -10.765419
 -14.446201
 -15.848253
 -13.668958
  -7.716833