  0.000000   0.000000   0.000000  -1.184180
  0.010000   0.000000  -0.011842  -4.010691
  0.020000  -0.000118  -0.051949  -1.542240
  0.030000  -0.000638  -0.067371   7.406161
  0.040000  -0.001312   0.006690  16.853268
  0.050000  -0.001245   0.175223  24.775027
  0.060000   0.000508   0.422973  30.153971
  0.070000   0.004737   0.724513  32.636941
  0.080000   0.011982   1.050883  32.279854
  0.090000   0.022491   1.373681  29.379013
  0.100000   0.036228   1.667471  24.361738
  0.110000   0.052903   1.911089  17.717240
  0.120000   0.072014   2.088261   9.954385
  0.130000   0.092896   2.187805   1.577311
  0.140000   0.114774   2.203578  -6.927605
  0.150000   0.136810   2.134302 -15.097500
  0.160000   0.158153   1.983327 -22.494310
  0.170000   0.177986   1.758384 -28.703736
  0.180000   0.195570   1.471346 -33.332780
  0.190000   0.210284   1.138019 -36.006785
  0.200000   0.221664   0.777951 -36.366402
  0.210000   0.229443   0.414287 -34.064744
  0.220000   0.233586   0.073639 -28.764857
  0.230000   0.234323  -0.214009 -20.137563
  0.240000   0.232183  -0.415385  -7.852297
  0.250000   0.228029  -0.493908   9.531582
  0.260000   0.223090  -0.398592  33.594322
  0.270000   0.219104  -0.062649  51.597556
  0.280000   0.218477   0.453327  63.115350
  0.290000   0.223010   1.084480  69.074664
  0.300000   0.233855   1.775227  70.272704
  0.310000   0.251608   2.477954  67.438395
  0.320000   0.276387   3.152338  61.247251
  0.330000   0.307910   3.764810  52.332716
  0.340000   0.345559   4.288138  41.295135
  0.350000   0.388440   4.701089  28.708840
  0.360000   0.435451   4.988177  15.127817
  0.370000   0.485333   5.139456   1.090034
  0.380000   0.536727   5.150356 -12.879024
  0.390000   0.588231   5.021566 -26.263637
  0.400000   0.638446   4.758929 -38.555838
  0.410000   0.686036   4.373371 -49.253466
  0.420000   0.729769   3.880836 -57.859189
  0.430000   0.768578   3.302244 -63.879299
  0.440000   0.801600   2.663451 -66.822877
  0.450000   0.828235   1.995223 -66.201078
  0.460000   0.848187   1.333212 -61.526518
  0.470000   0.861519   0.717947 -52.312798
  0.480000   0.868698   0.194819 -38.081389
  0.490000   0.870647  -0.185995 -17.738377
  0.500000   0.868787  -0.363379   6.399259