  0.000000   0.000000   0.000000  -0.896755
  0.010000   0.000000  -0.008968 -22.775807
  0.020000  -0.000090  -0.236726 -22.126922
  0.030000  -0.002457  -0.457995  -6.540746
  0.040000  -0.007037  -0.523402  12.646726
  0.050000  -0.012271  -0.396935  30.313313
  0.060000  -0.016240  -0.093802  43.767736
  0.070000  -0.017178   0.343875  51.894745
  0.080000  -0.013740   0.862823  54.553982
  0.090000  -0.005111   1.408363  52.182053
  0.100000   0.008972   1.930183  45.533943
  0.110000   0.028274   2.385523  35.519005
  0.120000   0.052129   2.740713  23.100287
  0.130000   0.079537   2.971716   9.235836
  0.140000   0.109254   3.064074  -5.152983
  0.150000   0.139894   3.012544 -19.196074
  0.160000   0.170020   2.820583 -32.078501
  0.170000   0.198226   2.499798 -43.038776
  0.180000   0.223224   2.069411 -51.363635
  0.190000   0.243918   1.555774 -56.381579
  0.200000   0.259476   0.991958 -57.456108
  0.210000   0.269395   0.417397 -53.979266
  0.220000   0.273569  -0.122395 -45.365834
  0.230000   0.272345  -0.576054 -31.046881
  0.240000   0.266585  -0.886522 -10.346734
  0.250000   0.257719  -0.989990  15.460241
  0.260000   0.247819  -0.835387  16.404385
  0.270000   0.239466  -0.671343  15.433982
  0.280000   0.232752  -0.517004  14.415065
  0.290000   0.227582  -0.372853  13.274779
  0.300000   0.223854  -0.240105  12.025110
  0.310000   0.221453  -0.119854  10.681539
  0.320000   0.220254  -0.013039   9.261976
  0.330000   0.220124   0.079581   7.786606
  0.340000   0.220919   0.157447   6.277682
  0.350000   0.222494   0.220224   4.759324
  0.360000   0.224696   0.267817   3.257087
  0.370000   0.227374   0.300388   1.798019
  0.380000   0.230378   0.318368   0.410280
  0.390000   0.233562   0.322471  -0.877097
  0.400000   0.236787   0.313700  -2.034325
  0.410000   0.239924   0.293357  -3.030886
  0.420000   0.242857   0.263048  -3.835746
  0.430000   0.245488   0.224690  -4.417338
  0.440000   0.247735   0.180517  -4.743614
  0.450000   0.249540   0.133081  -4.782065
  0.460000   0.250871   0.085260  -4.499771
  0.470000   0.251723   0.040263  -3.863449
  0.480000   0.252126   0.001628  -2.838506
  0.490000   0.252142  -0.026757  -1.426116
  0.500000   0.251874  -0.041018   1.353498