 -0.296045
-28.983132
-49.419638
-62.679723
-70.972562
-75.691990
-77.911390
-78.457842
-77.970792
-76.944722
-75.759941
-74.704590
-73.990131
-73.761995
-74.106669
-75.056133
-76.590303
-78.638061
-81.077179
-83.733453
-86.379243
-88.731581
-90.449960
-91.133885
-90.318413
-87.193859
-80.734334
-73.284101
-65.316003
-57.067578
-48.780763
-40.690281
-33.018821
-25.972279
-19.734990
-14.464948
-10.288998
 -7.298053
 -5.542280
 -5.026292
 -5.704371
 -7.475604
-10.179137
-13.589341
-17.410991
-21.274429
-24.730713
-27.246751
-28.202253
-26.729836
-22.655271