  -0.344768
 -31.317365
 -54.327559
 -70.350382
 -81.501645
 -89.091762
 -94.112934
 -97.315229
 -99.266907
-100.398758
-101.036560
-101.424743
-101.743541
-102.121292
-102.643187
-103.357345
-104.278931
-105.392793
-106.655048
-107.993850
-109.309572
-110.474559
-111.332559
-111.698211
-111.376148
-109.327701
 -98.584033
 -85.960226
 -72.473586
 -58.514199
 -44.490680
 -30.799746
 -17.817891
  -5.893325
   4.662123
  13.581110
  20.648967
  25.711717
  28.684404
  29.559142
  28.413267
  25.417554
  20.844304
  15.075527
   8.611106
   2.077000
  -3.766540
  -8.016724
  -9.623410
  -7.099001
  -0.347972