 -0.223742
-27.423482
-46.143941
-57.563148
-63.951417
-66.758190
-67.110994
-65.888265
-63.776898
-61.313806
-58.915598
-56.899470
-55.497600
-54.866670
-55.093873
-56.200244
-58.142021
-60.810589
-64.031317
-67.561621
-71.088415
-74.225144
-76.508472
-77.394611
-76.246138
-72.657376
-68.859606
-64.846362
-60.550423
-56.102905
-51.634868
-47.273259
-43.138363
-39.341254
-35.981242
-33.143319
-30.895624
-29.286900
-28.343910
-28.068937
-28.437248
-29.394492
-30.854207
-32.695228
-34.759121
-36.847595
-38.719915
-40.090317
-40.626734
-39.848989
-37.445899