   0.000000
 -31.632813
 -54.299655
 -70.338087
 -81.499878
 -89.101567
 -94.135617
 -97.352389
 -99.320494
-100.471127
-101.130547
-101.543761
-101.891711
-102.303642
-102.865903
-103.628107
-104.607334
-105.790885
-107.137938
-108.580388
-110.023043
-111.343284
-112.390245
-112.983514
-112.911264
-111.927689
-100.800965
 -88.329527
 -74.898238
 -60.891394
 -46.685363
 -32.641903
 -19.102416
  -6.383404
   5.226567
  15.468147
  24.110552
  30.949042
  35.800954
  38.501419
  38.900972
  36.869004
  32.309689
  25.200997
  15.673383
   4.153444
  -8.389609
 -20.038700
 -27.283291
 -24.015584
   0.000148
   0.000000
 -30.086509
 -51.030861
 -65.226324
 -74.480919
 -80.166873
 -83.330672
 -84.773927
 -85.112620
 -84.820341
 -84.259657
 -83.704702
 -83.357263
 -83.358044
 -83.794371
 -84.705247
 -86.084446
 -87.882140
 -90.005410
 -92.317902
 -94.638764
 -96.740967
 -98.348980
 -99.135740
 -98.718729
 -96.654840
 -88.628612
 -79.636556
 -69.961894
 -59.888011
 -49.693261
 -39.646315
 -30.002202
 -20.999286
 -12.857388
  -5.777258
   0.058463
   4.482815
   7.340905
   8.485910
   7.776254
   5.076803
   0.268833
  -6.723564
 -15.878651
 -26.975515
 -39.418383
 -51.946292
 -62.168896
 -65.842976
 -55.767197
   0.000000
 -28.540204
 -47.762067
 -60.114561
 -67.461960
 -71.232179
 -72.525727
 -72.195464
 -70.904746
 -69.169555
 -67.388767
 -65.865644
 -64.822815
 -64.412446
 -64.722839
 -65.782387
 -67.561558
 -69.973395
 -72.872883
 -76.055415
 -79.254485
 -82.138650
 -84.307714
 -85.287967
 -84.526194
 -81.381990
 -76.456259
 -70.943585
 -65.025551
 -58.884627
 -52.701160
 -46.650728
 -40.901988
 -35.615168
 -30.941343
 -27.022663
 -23.993626
 -21.983412
 -21.119144
 -21.529599
 -23.348464
 -26.715398
 -31.772023
 -38.648124
 -47.430686
 -58.104473
 -70.447158
 -83.853884
 -97.054501
-107.670367
-111.534543
   0.000000
 -26.993900
 -44.493273
 -55.002798
 -60.443000
 -62.297485
 -61.720782
 -59.617002
 -56.696873
 -53.518768
 -50.517877
 -48.026586
 -46.288368
 -45.466848
 -45.651307
 -46.859528
 -49.038670
 -52.064650
 -55.740356
 -59.792929
 -63.870207
 -67.536334
 -70.266448
 -71.440193
 -70.333659
 -66.109140
 -64.283906
 -62.250613
 -60.089208
 -57.881244
 -55.709058
 -53.655140
 -51.801774
 -50.231050
 -49.025298
 -48.268068
 -48.045715
 -48.449639
 -49.579193
 -51.545109
 -54.473182
 -58.507599
 -63.812879
 -70.572684
 -78.982721
 -89.233431
-101.475933
-115.761475
-131.940106
-149.497759
-167.301888
   0.000000
 -25.447596
 -41.224479
 -49.891035
 -53.424041
 -53.362791
 -50.915837
 -47.038540
 -42.488999
 -37.867982
 -33.646987
 -30.187527
 -27.753920
 -26.521250
 -26.579775
 -27.936668
 -30.515782
 -34.155905
 -38.607829
 -43.530443
 -48.485928
 -52.934017
 -56.225183
 -57.592420
 -56.141124
 -50.836290
 -52.111552
 -53.557642
 -55.152864
 -56.877861
 -58.716957
 -60.659552
 -62.701561
 -64.846932
 -67.109253
 -69.513473
 -72.097803
 -74.915866
 -78.039242
 -81.560618
 -85.597899
 -90.299800
 -95.853735
-102.497244
-110.534756
-120.362390
-132.504707
-147.669067
-166.825712
-191.325151
-223.069233