0.133803 0.069921 0.063882 0.000000
0.151853 0.090428 0.061425 0.000000
0.073473 0.011855 0.061618 0.000000
0.086441 0.027117 0.059325 0.000000
0.133848 0.071180 0.062669 0.000000
0.118926 0.058227 0.060699 0.000000
0.134042 0.070711 0.063331 0.000000
0.140225 0.077738 0.062488 0.000000
0.159471 0.092168 0.067303 0.000000
0.083244 0.023996 0.059247 0.000000
0.225842 0.158683 0.067159 0.000000
0.079438 0.017242 0.062195 0.000000
0.124842 0.059235 0.065606 0.000000
0.111339 0.048935 0.062405 0.000000
0.090100 0.027490 0.062610 0.000000