0.456343 0.062258 0.394085 0.000000
0.393478 0.008128 0.385350 0.000000
0.419635 0.028777 0.390858 0.000000
0.467046 0.085335 0.381710 0.000000
0.431907 0.034491 0.397417 0.000000
0.443420 0.053731 0.389689 0.000000
0.470111 0.091784 0.378326 0.000000
0.470915 0.087976 0.382939 0.000000
0.492259 0.094143 0.398116 0.000000
0.407191 0.029184 0.378008 0.000000
0.414288 0.036846 0.377442 0.000000
0.430919 0.061023 0.369896 0.000000
0.428019 0.050389 0.377630 0.000000
0.504169 0.101451 0.402718 0.000000
0.472243 0.102975 0.369268 0.000000