  0.000000   0.000000   0.000000   0.000000   0.350000
  0.010000   0.000211   0.061932  11.870208   0.350000
  0.020000   0.001584   0.227512  20.772864   0.350000
  0.030000   0.005012   0.468357  26.966016   0.350000
  0.040000   0.011116   0.758661  30.707712   0.350000
  0.050000   0.020272   1.075200  32.256000   0.350000
  0.060000   0.032638   1.397330  31.868928   0.350000
  0.070000   0.048177   1.706988  29.804544   0.350000
  0.080000   0.066684   1.988690  26.320896   0.350000
  0.090000   0.087814   2.229535  21.676032   0.350000
  0.100000   0.111104   2.419200  16.128000   0.350000
  0.110000   0.136001   2.549944   9.934848   0.350000
  0.120000   0.161889   2.616607   3.354624   0.350000
  0.130000   0.188111   2.616607  -3.354624   0.350000
  0.140000   0.213999   2.549944  -9.934848   0.350000
  0.150000   0.238896   2.419200 -16.128000   0.350000
  0.160000   0.262186   2.229535 -21.676032   0.350000
  0.170000   0.283316   1.988690 -26.320896   0.350000
  0.180000   0.301823   1.706988 -29.804544   0.350000
  0.190000   0.317362   1.397330 -31.868928   0.350000
  0.200000   0.329728   1.075200 -32.256000   0.350000
  0.210000   0.338884   0.758661 -30.707712   0.350000
  0.220000   0.344988   0.468357 -26.966016   0.350000
  0.230000   0.348416   0.227512 -20.772864   0.350000
  0.240000   0.349789   0.061932 -11.870208   0.350000
  0.250000   0.350000  -0.000000  -0.000000   0.350000
  0.260000   0.350391   0.115016  22.044672   0.350000
  0.270000   0.352941   0.422523  38.578176   0.350000
  0.280000   0.359307   0.869806  50.079744   0.350000
  0.290000   0.370643   1.408942  57.028608   0.350000
  0.300000   0.387648   1.996800  59.904000   0.350000
  0.310000   0.410613   2.595041  59.185152   0.350000
  0.320000   0.439471   3.170120  55.351296   0.350000
  0.330000   0.473842   3.693281  48.881664   0.350000
  0.340000   0.513083   4.140564  40.255488   0.350000
  0.350000   0.556336   4.492800  29.952000   0.350000
  0.360000   0.602574   4.735611  18.450432   0.350000
  0.370000   0.650651   4.859412   6.230016   0.350000
  0.380000   0.699349   4.859412  -6.230016   0.350000
  0.390000   0.747426   4.735611 -18.450432   0.350000
  0.400000   0.793664   4.492800 -29.952000   0.350000
  0.410000   0.836917   4.140564 -40.255488   0.350000
  0.420000   0.876158   3.693281 -48.881664   0.350000
  0.430000   0.910529   3.170120 -55.351296   0.350000
  0.440000   0.939387   2.595041 -59.185152   0.350000
  0.450000   0.962352   1.996800 -59.904000   0.350000
  0.460000   0.979357   1.408942 -57.028608   0.350000
  0.470000   0.990693   0.869806 -50.079744   0.350000
  0.480000   0.997059   0.422523 -38.578176   0.350000
  0.490000   0.999609   0.115016 -22.044672   0.350000
  0.500000   1.000000   0.000000   0.000000   0.350000