 -8.445757
-19.479241
-29.871341
-37.166566
-40.004228
-40.103934
-39.452722
-38.578113
-37.125853
-34.877552
-32.291762
-29.818814
-27.566920
-25.845991
-25.499188
-26.980705
-29.583252
-32.541669
-35.627566
-38.649251
-41.073946
-42.605190
-43.594900
-44.358138
-44.519860
-42.910543
-38.889843
-33.484443
-27.874227
-22.420381
-17.128579
-12.082597
 -7.376310
 -2.906947
  1.447238
  5.501380
  8.557328
 10.017994
 10.338623
 10.319195
 10.195569
  9.602968
  7.987145
  5.488362
  2.860671
  0.575765
 -1.180497
 -2.179581
 -2.324180
 -1.971712
 -1.542920