 -8.276042
-21.983323
-35.072556
-45.083336
-50.642142
-53.482908
-55.623906
-57.551155
-58.656324
-58.364150
-57.173503
-55.902410
-54.852495
-54.171846
-54.238211
-55.274158
-56.940915
-58.867713
-60.936899
-62.962744
-64.481144
-65.287773
-65.744506
-66.122947
-65.896349
-63.484575
-57.866277
-50.240265
-42.171921
-34.187255
-26.301676
-18.640725
-11.403233
 -4.513138
  2.182333
  8.401304
 13.083133
 15.319932
 15.811160
 15.781757
 15.592865
 14.686669
 12.215488
  8.393855
  4.375052
  0.880510
 -1.805518
 -3.333513
 -3.554653
 -3.015579
 -2.359773