  0.000000   0.000000   0.000000 -32.651594
  0.010000   0.000000  -0.326516  22.122504
  0.020000  -0.003265  -0.105291  31.832914
  0.030000  -0.004318   0.213038  29.133106
  0.040000  -0.002188   0.504369  29.286278
  0.050000   0.002856   0.797232  28.107355
  0.060000   0.010828   1.078306  20.798108
  0.070000   0.021611   1.286287  10.122010
  0.080000   0.034474   1.387507   2.382961
  0.090000   0.048349   1.411336   1.237082
  0.100000   0.062463   1.423707   3.106491
  0.110000   0.076700   1.454772   3.210047
  0.120000   0.091247   1.486873   0.925103
  0.130000   0.106116   1.496124  -2.611189
  0.140000   0.121077   1.470012  -6.819918
  0.150000   0.135778   1.401813 -11.372963
  0.160000   0.149796   1.288083 -15.450916
  0.170000   0.162677   1.133574 -18.525894
  0.180000   0.174012   0.948315 -20.583279
  0.190000   0.183495   0.742482 -21.122783
  0.200000   0.190920   0.531254 -18.953527
  0.210000   0.196233   0.341719 -14.534367
  0.220000   0.199650   0.196375 -10.302782
  0.230000   0.201614   0.093347  -7.313776
  0.240000   0.202547   0.020210  -2.715264
  0.250000   0.202749  -0.006943  10.154387
  0.260000   0.202680   0.094601  32.911196
  0.270000   0.203626   0.423713  55.836473
  0.280000   0.207863   0.982078  70.666889
  0.290000   0.217684   1.688747  77.182649
  0.300000   0.234571   2.460573  78.030931
  0.310000   0.259177   3.240882  74.606112
  0.320000   0.291586   3.986943  67.509465
  0.330000   0.331455   4.662038  58.580591
  0.340000   0.378076   5.247844  49.530721
  0.350000   0.430554   5.743151  39.379667
  0.360000   0.487986   6.136948  23.721052
  0.370000   0.549355   6.374158   0.703841
  0.380000   0.613097   6.381197 -22.652920
  0.390000   0.676909   6.154668 -39.259597
  0.400000   0.738455   5.762072 -49.103174
  0.410000   0.796076   5.271040 -56.970597
  0.420000   0.848786   4.701334 -67.431720
  0.430000   0.895800   4.027017 -78.078152
  0.440000   0.936070   3.246235 -82.739540
  0.450000   0.968532   2.418840 -79.832341
  0.460000   0.992721   1.620516 -70.798107
  0.470000   1.008926   0.912535 -56.483232
  0.480000   1.018051   0.347703 -38.628678
  0.490000   1.021528  -0.038584 -21.914043
  0.500000   1.021142  -0.257724  -9.765457