 -8.162899
-23.652711
-38.540033
-50.361182
-57.734085
-62.402224
-66.404695
-70.199849
-73.009971
-74.021882
-73.761330
-73.291475
-73.042878
-73.055749
-73.397560
-74.136460
-75.179357
-76.418410
-77.809788
-79.171739
-80.085942
-80.409496
-80.510911
-80.632820
-80.147342
-77.200597
-70.517233
-61.410813
-51.703716
-42.031838
-32.417074
-23.012811
-14.087848
 -5.583932
  2.672397
 10.334586
 16.100336
 18.854558
 19.459519
 19.423464
 19.191063
 18.075802
 15.034383
 10.330850
  5.384640
  1.083673
 -2.222199
 -4.102800
 -4.374969
 -3.711490
 -2.904342