  0.000000   0.000000   0.000000 -32.877881
  0.010000   0.000000  -0.328779  25.551795
  0.020000  -0.003288  -0.073261  37.495717
  0.030000  -0.004020   0.301696  36.023407
  0.040000  -0.001003   0.661930  36.694019
  0.050000   0.005616   1.028871  35.576502
  0.060000   0.015905   1.384636  28.075990
  0.070000   0.029751   1.665395  16.999229
  0.080000   0.046405   1.835388   8.402762
  0.090000   0.064759   1.919415   5.665609
  0.100000   0.083953   1.976071   5.591481
  0.110000   0.103714   2.031986   4.094058
  0.120000   0.124033   2.072927   0.749292
  0.130000   0.144763   2.080420  -3.673853
  0.140000   0.165567   2.043681  -9.243810
  0.150000   0.186004   1.951243 -15.716069
  0.160000   0.205516   1.794082 -21.502223
  0.170000   0.223457   1.579060 -25.556167
  0.180000   0.239248   1.323499 -27.939004
  0.190000   0.252483   1.044109 -28.364740
  0.200000   0.262924   0.760461 -25.713600
  0.210000   0.270528   0.503325 -20.473391
  0.220000   0.275562   0.298591 -15.223257
  0.230000   0.278547   0.146359 -11.187987
  0.240000   0.280011   0.034479  -5.769595
  0.250000   0.280356  -0.023217   7.194769
  0.260000   0.280124   0.048731  29.070391
  0.270000   0.280611   0.339434  50.754655
  0.280000   0.284005   0.846981  64.677408
  0.290000   0.292475   1.493755  70.754922
  0.300000   0.307413   2.201304  71.495890
  0.310000   0.329426   2.916263  68.235538
  0.320000   0.358588   3.598619  61.610657
  0.330000   0.394575   4.214725  53.366964
  0.340000   0.436722   4.748395  45.070081
  0.350000   0.484206   5.199096  35.814642
  0.360000   0.536197   5.557242  21.590418
  0.370000   0.591769   5.773146   0.709439
  0.380000   0.649501   5.780241 -20.472978
  0.390000   0.707303   5.575511 -35.534505
  0.400000   0.763058   5.220166 -44.464471
  0.410000   0.815260   4.775521 -51.601623
  0.420000   0.863015   4.259505 -61.087784
  0.430000   0.905610   3.648627 -70.740673
  0.440000   0.942096   2.941220 -74.968678
  0.450000   0.971508   2.191533 -72.336916
  0.460000   0.993424   1.468164 -64.151939
  0.470000   1.008105   0.826645 -51.180908
  0.480000   1.016372   0.314836 -35.001666
  0.490000   1.019520  -0.035181 -19.855176
  0.500000   1.019168  -0.233733  -8.846433