  0.000000   0.000000   0.000000 -34.461888
  0.010000   0.000000  -0.344619  49.556831
  0.020000  -0.003446   0.150949  77.135342
  0.030000  -0.001937   0.922303  84.255513
  0.040000   0.007286   1.764858  88.548205
  0.050000   0.024935   2.650340  87.860528
  0.060000   0.051438   3.528945  79.021157
  0.070000   0.086728   4.319157  65.139763
  0.080000   0.129919   4.970555  50.541373
  0.090000   0.179625   5.475968  36.665300
  0.100000   0.234385   5.842621  22.986413
  0.110000   0.292811   6.072485  10.282137
  0.120000   0.353536   6.175307  -0.481391
  0.130000   0.415289   6.170493 -11.112499
  0.140000   0.476994   6.059368 -26.211054
  0.150000   0.537587   5.797257 -46.117818
  0.160000   0.595560   5.336079 -63.861370
  0.170000   0.648921   4.697465 -74.768082
  0.180000   0.695895   3.949785 -79.429076
  0.190000   0.735393   3.155494 -79.058441
  0.200000   0.766948   2.364909 -73.034115
  0.210000   0.790597   1.634568 -62.046560
  0.220000   0.806943   1.014103 -49.666580
  0.230000   0.817084   0.517437 -38.307465
  0.240000   0.822258   0.134362 -27.149917
  0.250000   0.823602  -0.137137 -13.522559
  0.260000   0.822231  -0.272363   2.184758
  0.270000   0.819507  -0.250515  15.181935
  0.280000   0.817002  -0.098696  22.751038
  0.290000   0.816015   0.128815  25.760829
  0.300000   0.817303   0.386423  25.750605
  0.310000   0.821167   0.643929  23.641520
  0.320000   0.827606   0.880344  20.318998
  0.330000   0.836410   1.083534  16.871571
  0.340000   0.847245   1.252250  13.845601
  0.350000   0.859768   1.390706  10.859468
  0.360000   0.873675   1.499301   6.675979
  0.370000   0.888668   1.566060   0.748628
  0.380000   0.904328   1.573547  -5.213380
  0.390000   0.920064   1.521413  -9.458858
  0.400000   0.935278   1.426824 -11.993552
  0.410000   0.949546   1.306889 -14.018810
  0.420000   0.962615   1.166701 -16.680235
  0.430000   0.974282   0.999898 -19.378322
  0.440000   0.984281   0.806115 -20.572648
  0.450000   0.992342   0.600389 -19.868936
  0.460000   0.998346   0.401699 -17.628759
  0.470000   1.002363   0.225412 -14.064641
  0.480000   1.004617   0.084765  -9.612581
  0.490000   1.005465  -0.011360  -5.443111
  0.500000   1.005351  -0.065792  -2.413266