 -8.558900
-17.809853
-26.403864
-31.888720
-32.912286
-31.184618
-28.671932
-25.929418
-22.772206
-19.219819
-15.703935
-12.429750
 -9.376537
 -6.962087
 -6.339839
 -8.118403
-11.344810
-14.990973
-18.754677
-22.440256
-25.469148
-27.483468
-28.828495
-29.848265
-30.268867
-29.194522
-26.238887
-22.313895
-18.342432
-14.575798
-11.013181
 -7.710511
 -4.691695
 -1.836153
  0.957175
  3.568098
  5.540125
  6.483368
  6.690264
  6.677488
  6.597372
  6.213835
  5.168250
  3.551367
  1.851084
  0.372602
 -0.763816
 -1.410293
 -1.503864
 -1.275801
 -0.998351