  0.000000   0.000000   0.000000 -34.235601
  0.010000   0.000000  -0.342356  46.127540
  0.020000  -0.003424   0.118919  71.472539
  0.030000  -0.002234   0.833645  77.365212
  0.040000   0.006102   1.607297  81.140464
  0.050000   0.022175   2.418702  80.391381
  0.060000   0.046362   3.222615  71.743276
  0.070000   0.078588   3.940048  58.262543
  0.080000   0.117989   4.522674  44.521572
  0.090000   0.163215   4.967889  32.236773
  0.100000   0.212894   5.290257  20.501423
  0.110000   0.265797   5.495271   9.398126
  0.120000   0.320750   5.589252  -0.305580
  0.130000   0.376642   5.586197 -10.049835
  0.140000   0.432504   5.485698 -23.787162
  0.150000   0.487361   5.247827 -41.774711
  0.160000   0.539839   4.830080 -57.810063
  0.170000   0.588140   4.251979 -67.737809
  0.180000   0.630660   3.574601 -72.073351
  0.190000   0.666406   2.853867 -71.816484
  0.200000   0.694945   2.135703 -66.274042
  0.210000   0.716302   1.472962 -56.107536
  0.220000   0.731031   0.911887 -44.746105
  0.230000   0.740150   0.464426 -34.433254
  0.240000   0.744794   0.120093 -24.095585
  0.250000   0.745995  -0.120863 -10.562941
  0.260000   0.744787  -0.226492   6.025563
  0.270000   0.742522  -0.166236  20.263752
  0.280000   0.740859   0.036401  28.740520
  0.290000   0.741223   0.323806  32.188557
  0.300000   0.744461   0.645692  32.285646
  0.310000   0.750918   0.968548  30.012094
  0.320000   0.760604   1.268669  26.217807
  0.330000   0.773291   1.530847  22.085199
  0.340000   0.788599   1.751699  18.306241
  0.350000   0.806116   1.934762  14.424493
  0.360000   0.825464   2.079007   8.806613
  0.370000   0.846254   2.167073   0.743030
  0.380000   0.867924   2.174503  -7.393323
  0.390000   0.889669   2.100570 -13.183950
  0.400000   0.910675   1.968730 -16.632255
  0.410000   0.930362   1.802408 -19.387784
  0.420000   0.948387   1.608530 -23.024171
  0.430000   0.964472   1.378288 -26.715801
  0.440000   0.978255   1.111130 -28.343509
  0.450000   0.989366   0.827695 -27.364362
  0.460000   0.997643   0.554051 -24.274928
  0.470000   1.003184   0.311302 -19.366965
  0.480000   1.006297   0.117633 -13.239593
  0.490000   1.007473  -0.014763  -7.501977
  0.500000   1.007325  -0.089783  -3.332290