  0.000000   0.000000   0.000000 -33.330454
  0.010000   0.000000  -0.333305  32.410377
  0.020000  -0.003333  -0.009201  48.821324
  0.030000  -0.003425   0.479012  49.804008
  0.040000   0.001365   0.977053  51.509501
  0.050000   0.011136   1.492148  50.514795
  0.060000   0.026057   1.997296  42.631752
  0.070000   0.046030   2.423613  30.753667
  0.080000   0.070266   2.731150  20.442365
  0.090000   0.097578   2.935573  14.522664
  0.100000   0.126933   3.080800  10.561462
  0.110000   0.157741   3.186415   5.862081
  0.120000   0.189606   3.245035   0.397668
  0.130000   0.222056   3.249012  -5.799180
  0.140000   0.254546   3.191020 -14.091594
  0.150000   0.286456   3.050104 -24.402283
  0.160000   0.316957   2.806082 -33.604836
  0.170000   0.345018   2.470033 -39.616714
  0.180000   0.369718   2.073866 -42.650453
  0.190000   0.390457   1.647361 -42.848655
  0.200000   0.406931   1.218875 -39.233748
  0.210000   0.419119   0.826537 -32.351440
  0.220000   0.427385   0.503023 -25.064206
  0.230000   0.432415   0.252381 -18.936409
  0.240000   0.434939   0.063017 -11.878259
  0.250000   0.435569  -0.055766   1.275532
  0.260000   0.435011  -0.043010  21.388782
  0.270000   0.434581   0.170877  40.591021
  0.280000   0.436290   0.576788  52.698445
  0.290000   0.442058   1.103772  57.899467
  0.300000   0.453096   1.682767  58.425809
  0.310000   0.469923   2.267025  55.494390
  0.320000   0.492594   2.821969  49.813040
  0.330000   0.520813   3.320099  42.939709
  0.340000   0.554014   3.749496  36.148801
  0.350000   0.591509   4.110984  28.684592
  0.360000   0.632619   4.397830  17.329150
  0.370000   0.676597   4.571122   0.720636
  0.380000   0.722309   4.578328 -16.113093
  0.390000   0.768092   4.417197 -28.084320
  0.400000   0.812264   4.136354 -35.187065
  0.410000   0.853627   3.784483 -40.863677
  0.420000   0.891472   3.375846 -48.399913
  0.430000   0.925231   2.891847 -56.065716
  0.440000   0.954149   2.331190 -59.426955
  0.450000   0.977461   1.736921 -57.346064
  0.460000   0.994830   1.163460 -50.859602
  0.470000   1.006465   0.654864 -40.576260
  0.480000   1.013013   0.249101 -27.747641
  0.490000   1.015504  -0.028375 -15.737443
  0.500000   1.015221  -0.185749  -7.008385