 -8.389185
-20.313935
-31.605079
-39.805489
-43.550200
-44.563592
-44.843116
-44.902460
-44.302677
-42.706418
-40.585676
-38.513346
-36.662112
-35.287943
-35.078863
-36.411856
-38.702473
-41.317017
-44.064010
-46.753749
-48.876346
-50.166051
-50.978102
-51.613074
-51.645356
-49.768554
-45.215321
-39.069717
-32.640125
-26.342672
-20.186278
-14.268640
 -8.718618
 -3.442344
  1.692270
  6.468021
 10.065930
 11.785307
 12.162802
 12.140049
 11.994668
 11.297535
  9.396593
  6.456860
  3.365465
  0.677347
 -1.388837
 -2.564225
 -2.734338
 -2.319668
 -1.815204