  0.000000   0.000000   0.000000 -34.009315
  0.010000   0.000000  -0.340093  42.698249
  0.020000  -0.003401   0.086889  65.809735
  0.030000  -0.002532   0.744987  70.474911
  0.040000   0.004918   1.449736  73.732723
  0.050000   0.019415   2.187063  72.922235
  0.060000   0.041286   2.916285  64.465395
  0.070000   0.070449   3.560939  51.385324
  0.080000   0.106058   4.074793  38.501770
  0.090000   0.146806   4.459810  27.808246
  0.100000   0.191404   4.737893  18.016432
  0.110000   0.238783   4.918057   8.514114
  0.120000   0.287964   5.003198  -0.129768
  0.130000   0.337996   5.001901  -8.987172
  0.140000   0.388015   4.912029 -21.363270
  0.150000   0.437135   4.698396 -37.431604
  0.160000   0.484119   4.324080 -51.758757
  0.170000   0.527360   3.806493 -60.707535
  0.180000   0.565425   3.199417 -64.717627
  0.190000   0.597419   2.552241 -64.574527
  0.200000   0.622941   1.906496 -59.513968
  0.210000   0.642006   1.311356 -50.168512
  0.220000   0.655120   0.809671 -39.825630
  0.230000   0.663216   0.411415 -30.559042
  0.240000   0.667331   0.105824 -21.041254
  0.250000   0.668389  -0.104588  -7.603323
  0.260000   0.667343  -0.180622   9.866367
  0.270000   0.665537  -0.081958  25.345569
  0.280000   0.664717   0.171498  34.730001
  0.290000   0.666432   0.518798  38.616284
  0.300000   0.671620   0.904961  38.820687
  0.310000   0.680670   1.293167  36.382668
  0.320000   0.693601   1.656994  32.116615
  0.330000   0.710171   1.978160  27.298826
  0.340000   0.729953   2.251149  22.766881
  0.350000   0.752464   2.478817  17.989517
  0.360000   0.777252   2.658712  10.937247
  0.370000   0.803840   2.768085   0.737432
  0.380000   0.831520   2.775459  -9.573265
  0.390000   0.859275   2.679727 -16.909043
  0.400000   0.886072   2.510636 -21.270957
  0.410000   0.911179   2.297927 -24.756757
  0.420000   0.934158   2.050359 -29.368106
  0.430000   0.954662   1.756678 -34.053280
  0.440000   0.972228   1.416145 -36.114371
  0.450000   0.986390   1.055001 -34.859787
  0.460000   0.996940   0.706404 -30.921096
  0.470000   1.004004   0.397193 -24.669289
  0.480000   1.007976   0.150500 -16.866605
  0.490000   1.009481  -0.018166  -9.560844
  0.500000   1.009299  -0.113775  -4.251314