 -8.332614
-21.148629
-33.338818
-42.444413
-47.096171
-49.023250
-50.233511
-51.226807
-51.479501
-50.535284
-48.879589
-47.207878
-45.757303
-44.729894
-44.658537
-45.843007
-47.821694
-50.092365
-52.500455
-54.858246
-56.678745
-57.726912
-58.361304
-58.868011
-58.770853
-56.626564
-51.540799
-44.654991
-37.406023
-30.264964
-23.243977
-16.454682
-10.060926
 -3.977741
  1.937302
  7.434662
 11.574531
 13.552620
 13.986981
 13.960903
 13.793767
 12.992102
 10.806040
  7.425358
  3.870259
  0.778928
 -1.597178
 -2.948869
 -3.144495
 -2.667623
 -2.087489