 -8.502329
-18.644547
-28.137602
-34.527643
-36.458257
-35.644276
-34.062327
-32.253766
-29.949030
-27.048685
-23.997848
-21.124282
-18.471729
-16.404039
-15.919514
-17.549554
-20.464031
-23.766321
-27.191122
-30.544754
-33.271547
-35.044329
-36.211698
-37.103201
-37.394364
-36.052532
-32.564365
-27.899169
-23.108330
-18.498089
-14.070880
 -9.896554
 -6.034003
 -2.371550
  1.202206
  4.534739
  7.048727
  8.250681
  8.514443
  8.498342
  8.396470
  7.908402
  6.577697
  4.519865
  2.355877
  0.474183
 -0.972156
 -1.794937
 -1.914022
 -1.623757
 -1.270635