  0.000000   0.000000   0.000000 -33.783028
  0.010000   0.000000  -0.337830  39.268958
  0.020000  -0.003378   0.054859  60.146932
  0.030000  -0.002830   0.656329  63.584610
  0.040000   0.003734   1.292175  66.324982
  0.050000   0.016655   1.955425  65.453088
  0.060000   0.036210   2.609955  57.187514
  0.070000   0.062309   3.181831  44.508105
  0.080000   0.094127   3.626912  32.481969
  0.090000   0.130397   3.951731  23.379718
  0.100000   0.169914   4.185528  15.531442
  0.110000   0.211769   4.340843   7.630103
  0.120000   0.255178   4.417144   0.046044
  0.130000   0.299349   4.417604  -7.924508
  0.140000   0.343525   4.338359 -18.939378
  0.150000   0.386909   4.148966 -33.088497
  0.160000   0.428398   3.818081 -45.707450
  0.170000   0.466579   3.361006 -53.677261
  0.180000   0.500189   2.824233 -57.361902
  0.190000   0.528432   2.250614 -57.332569
  0.200000   0.550938   1.677289 -52.753895
  0.210000   0.567711   1.149750 -44.229488
  0.220000   0.579208   0.707455 -34.905156
  0.230000   0.586283   0.358403 -26.684831
  0.240000   0.589867   0.091555 -17.986922
  0.250000   0.590782  -0.088314  -4.643705
  0.260000   0.589899  -0.134751  13.707172
  0.270000   0.588552   0.002320  30.427386
  0.280000   0.588575   0.306594  40.719482
  0.290000   0.591641   0.713789  45.044012
  0.300000   0.598779   1.164229  45.355727
  0.310000   0.610421   1.617787  42.753242
  0.320000   0.626599   2.045319  38.015423
  0.330000   0.647052   2.425473  32.512454
  0.340000   0.671307   2.750598  27.227521
  0.350000   0.698813   3.022873  21.554542
  0.360000   0.729041   3.238418  13.067881
  0.370000   0.761426   3.369097   0.731833
  0.380000   0.795116   3.376416 -11.753208
  0.390000   0.828881   3.258883 -20.634135
  0.400000   0.861469   3.052542 -25.909660
  0.410000   0.891995   2.793446 -30.125730
  0.420000   0.919929   2.492188 -35.712042
  0.430000   0.944851   2.135068 -41.390758
  0.440000   0.966202   1.721160 -43.885232
  0.450000   0.983414   1.282308 -42.355213
  0.460000   0.996237   0.858756 -37.567265
  0.470000   1.004824   0.483083 -29.971612
  0.480000   1.009655   0.183367 -20.493617
  0.490000   1.011489  -0.021569 -11.619710
  0.500000   1.011273  -0.137766  -5.170337