  0.000000   0.000000   0.000000 -33.556741
  0.010000   0.000000  -0.335567  35.839668
  0.020000  -0.003356   0.022829  54.484128
  0.030000  -0.003127   0.567671  56.694309
  0.040000   0.002549   1.134614  58.917242
  0.050000   0.013895   1.723786  57.983942
  0.060000   0.031133   2.303625  49.909633
  0.070000   0.054170   2.802722  37.630886
  0.080000   0.082197   3.179031  26.462167
  0.090000   0.113987   3.443652  18.951191
  0.100000   0.148424   3.633164  13.046452
  0.110000   0.184755   3.763629   6.746092
  0.120000   0.222392   3.831090   0.221856
  0.130000   0.260702   3.833308  -6.861844
  0.140000   0.299036   3.764690 -16.515486
  0.150000   0.336682   3.599535 -28.745390
  0.160000   0.372678   3.312081 -39.656143
  0.170000   0.405799   2.915520 -46.646988
  0.180000   0.434954   2.449050 -50.006177
  0.190000   0.459444   1.948988 -50.090612
  0.200000   0.478934   1.448082 -45.993821
  0.210000   0.493415   0.988144 -38.290464
  0.220000   0.503296   0.605239 -29.984681
  0.230000   0.509349   0.305392 -22.810620
  0.240000   0.512403   0.077286 -14.932590
  0.250000   0.513176  -0.072040  -1.684086
  0.260000   0.512455  -0.088881  17.547977
  0.270000   0.511566   0.086599  35.509204
  0.280000   0.512432   0.441691  46.708964
  0.290000   0.516849   0.908781  51.471739
  0.300000   0.525937   1.423498  51.890768
  0.310000   0.540172   1.942406  49.123816
  0.320000   0.559596   2.433644  43.914232
  0.330000   0.583933   2.872786  37.726081
  0.340000   0.612660   3.250047  31.688161
  0.350000   0.645161   3.566929  25.119567
  0.360000   0.680830   3.818124  15.198516
  0.370000   0.719011   3.970109   0.726235
  0.380000   0.758713   3.977372 -13.933150
  0.390000   0.798486   3.838040 -24.359228
  0.400000   0.836867   3.594448 -30.548363
  0.410000   0.872811   3.288964 -35.494703
  0.420000   0.905701   2.934017 -42.055978
  0.430000   0.935041   2.513458 -48.728237
  0.440000   0.960176   2.026175 -51.656094
  0.450000   0.980437   1.509614 -49.850639
  0.460000   0.995533   1.011108 -44.213433
  0.470000   1.005644   0.568974 -35.273936
  0.480000   1.011334   0.216234 -24.120629
  0.490000   1.013497  -0.024972 -13.678577
  0.500000   1.013247  -0.161758  -6.089361