 -8.219470
-22.818017
-36.806295
-47.722259
-54.188114
-57.942566
-61.014300
-63.875502
-65.833148
-66.193016
-65.467416
-64.596942
-63.947687
-63.613798
-63.817886
-64.705309
-66.060136
-67.643062
-69.373344
-71.067241
-72.283543
-72.848635
-73.127709
-73.377884
-73.021846
-70.342586
-64.191755
-55.825539
-46.937818
-38.109546
-29.359375
-20.826768
-12.745541
 -5.048535
  2.427365
  9.367945
 14.591735
 17.087245
 17.635339
 17.602610
 17.391964
 16.381235
 13.624936
  9.362353
  4.879846
  0.982091
 -2.013858
 -3.718157
 -3.964811
 -3.363534
 -2.632057