  0.000000   0.000000   0.000000 -33.104168
  0.010000   0.000000  -0.331042  28.981086
  0.020000  -0.003310  -0.041231  43.158521
  0.030000  -0.003723   0.390354  42.913707
  0.040000   0.000181   0.819491  44.101760
  0.050000   0.008376   1.260509  43.045648
  0.060000   0.020981   1.690966  35.353871
  0.070000   0.037890   2.044504  23.876448
  0.080000   0.058336   2.283269  14.422564
  0.090000   0.081168   2.427494  10.094137
  0.100000   0.105443   2.528436   8.076471
  0.110000   0.130728   2.609200   4.978070
  0.120000   0.156820   2.658981   0.573480
  0.130000   0.183409   2.664716  -4.736517
  0.140000   0.210056   2.617351 -11.667702
  0.150000   0.236230   2.500674 -20.059176
  0.160000   0.261237   2.300082 -27.553530
  0.170000   0.284238   2.024547 -32.586441
  0.180000   0.304483   1.698682 -35.294728
  0.190000   0.321470   1.345735 -35.606698
  0.200000   0.334927   0.989668 -32.473674
  0.210000   0.344824   0.664931 -26.412416
  0.220000   0.351473   0.400807 -20.143731
  0.230000   0.355481   0.199370 -15.062198
  0.240000   0.357475   0.048748  -8.823927
  0.250000   0.357962  -0.039491   4.235150
  0.260000   0.357568   0.002860  25.229586
  0.270000   0.357596   0.255156  45.672838
  0.280000   0.360148   0.711884  58.687926
  0.290000   0.367267   1.298764  64.327194
  0.300000   0.380254   1.942036  64.960849
  0.310000   0.399675   2.591644  61.864964
  0.320000   0.425591   3.210294  55.711849
  0.330000   0.457694   3.767412  48.153336
  0.340000   0.495368   4.248946  40.609441
  0.350000   0.537857   4.655040  32.249617
  0.360000   0.584408   4.977536  19.459784
  0.370000   0.634183   5.172134   0.715038
  0.380000   0.685905   5.179284 -18.293035
  0.390000   0.737697   4.996354 -31.809412
  0.400000   0.787661   4.678260 -39.825768
  0.410000   0.834444   4.280002 -46.232650
  0.420000   0.877244   3.817676 -54.743849
  0.430000   0.915420   3.270237 -63.403194
  0.440000   0.948123   2.636205 -67.197817
  0.450000   0.974485   1.964227 -64.841490
  0.460000   0.994127   1.315812 -57.505770
  0.470000   1.007285   0.740754 -45.878584
  0.480000   1.014693   0.281969 -31.374654
  0.490000   1.017512  -0.031778 -17.796310
  0.500000   1.017195  -0.209741  -7.927409