 -8.615472
-16.975159
-24.670125
-29.249797
-29.366314
-26.724960
-23.281537
-19.605071
-15.595383
-11.390953
 -7.410021
 -3.735218
 -0.281345
  2.479864
  3.239835
  1.312748
 -2.225589
 -6.215625
-10.318233
-14.335759
-17.666749
-19.922607
-21.445293
-22.593328
-23.143371
-22.336511
-19.913409
-16.728621
-13.576534
-10.653507
 -7.955482
 -5.524469
 -3.349387
 -1.300756
  0.712143
  2.601456
  4.031523
  4.716055
  4.866085
  4.856634
  4.798273
  4.519268
  3.758802
  2.582870
  1.346290
  0.271020
 -0.555476
 -1.025649
 -1.093706
 -0.927846
 -0.726067