-1341.360320
-1331.282341
-1321.204361
-1311.126381
-1301.048401
-1290.970421
-1280.892441
-1270.814462
-1260.736482
-1250.658502
-1240.580522
-1230.502542
-1220.424562
-1210.346583
-1200.268603
-1190.190623
-1180.112643
-1170.034663
-1159.956683
-1149.878704
-1139.800724
-1129.722744
-1119.644764
-1109.566784
-1099.488804
-1089.410824
-1079.332845
-1069.254865
-1059.176885
-1049.098905
-1039.020925
-1028.942945
-1018.864966
-1008.786986
 -998.709006
 -988.631026
 -978.553046
 -968.475066
 -958.397087
 -948.319107
 -938.241127
 -928.163147
 -918.085167
 -908.007187
 -897.929208
 -887.851228
 -877.773248
 -867.695268
 -857.617288
 -847.539308
 -837.461328
 -827.383349
 -817.305369
 -807.227389
 -797.149409
 -787.071429
 -776.993449
 -766.915470
 -756.837490
 -746.759510
 -736.681530
 -726.603550
 -716.525570
 -706.447591
 -696.369611
 -686.291631
 -676.213651
 -666.135671
 -656.057691
 -645.979712
 -635.901732
 -625.823752
 -615.745772
 -605.667792
 -595.589812
 -585.511832
 -575.433853
 -565.355873
 -555.277893
 -545.199913
 -535.121933
 -525.043953
 -514.965974
 -504.887994
 -494.810014
 -484.732034
 -474.654054
 -464.576074
 -454.498095
 -444.420115
 -434.342135
 -424.264155
 -414.186175
 -404.108195
 -394.030216
 -383.952236
 -373.874256
 -363.796276
 -353.718296
 -343.640316