122.348245 122.348245 122.348245 122.348245
120.999928 120.999928 120.999928 120.999928
119.651611 119.651611 119.651611 119.651611
118.303293 118.303293 118.303293 118.303293
116.954976 116.954976 116.954976 116.954976
115.606659 115.606659 115.606659 115.606659
114.258342 114.258342 114.258342 114.258342
112.910024 112.910024 112.910024 112.910024
111.561707 111.561707 111.561707 111.561707
110.213390 110.213390 110.213390 110.213390
108.865072 108.865072 108.865072 108.865072
107.516755 107.516755 107.516755 107.516755
106.168438 106.168438 106.168438 106.168438
104.820121 104.820121 104.820121 104.820121
103.471803 103.471803 103.471803 103.471803
102.123486 102.123486 102.123486 102.123486
100.775169 100.775169 100.775169 100.775169
 99.426852  99.426852  99.426852  99.426852
 98.078534  98.078534  98.078534  98.078534
 96.730217  96.730217  96.730217  96.730217
 95.381900  95.381900  95.381900  95.381900
 94.033583  94.033583  94.033583  94.033583
 92.685265  92.685265  92.685265  92.685265
 91.336948  91.336948  91.336948  91.336948
 89.988631  89.988631  89.988631  89.988631
 88.640313  88.640313  88.640313  88.640313
 87.291996  87.291996  87.291996  87.291996
 85.943679  85.943679  85.943679  85.943679
 84.595362  84.595362  84.595362  84.595362
 83.247044  83.247044  83.247044  83.247044
 81.898727  81.898727  81.898727  81.898727
 80.550410  80.550410  80.550410  80.550410
 79.202093  79.202093  79.202093  79.202093
 77.853775  77.853775  77.853775  77.853775
 76.505458  76.505458  76.505458  76.505458
 75.157141  75.157141  75.157141  75.157141
 73.808824  73.808824  73.808824  73.808824
 72.460506  72.460506  72.460506  72.460506
 71.112189  71.112189  71.112189  71.112189
 69.763872  69.763872  69.763872  69.763872
 68.415555  68.415555  68.415555  68.415555
 67.067237  67.067237  67.067237  67.067237
 65.718920  65.718920  65.718920  65.718920
 64.370603  64.370603  64.370603  64.370603
 63.022285  63.022285  63.022285  63.022285
 61.673968  61.673968  61.673968  61.673968
 60.325651  60.325651  60.325651  60.325651
 58.977334  58.977334  58.977334  58.977334
 57.629016  57.629016  57.629016  57.629016
 56.280699  56.280699  56.280699  56.280699
 54.932382  54.932382  54.932382  54.932382
 53.584065  53.584065  53.584065  53.584065
 52.235747  52.235747  52.235747  52.235747
 50.887430  50.887430  50.887430  50.887430
 49.539113  49.539113  49.539113  49.539113
 48.190796  48.190796  48.190796  48.190796
 46.842478  46.842478  46.842478  46.842478
 45.494161  45.494161  45.494161  45.494161
 44.145844  44.145844  44.145844  44.145844
 42.797527  42.797527  42.797527  42.797527
 41.449209  41.449209  41.449209  41.449209
 40.100892  40.100892  40.100892  40.100892
 38.752575  38.752575  38.752575  38.752575
 37.404257  37.404257  37.404257  37.404257
 36.055940  36.055940  36.055940  36.055940
 34.707623  34.707623  34.707623  34.707623
 33.359306  33.359306  33.359306  33.359306
 32.010988  32.010988  32.010988  32.010988
 30.662671  30.662671  30.662671  30.662671
 29.314354  29.314354  29.314354  29.314354
 27.966037  27.966037  27.966037  27.966037
 26.617719  26.617719  26.617719  26.617719
 25.269402  25.269402  25.269402  25.269402
 23.921085  23.921085  23.921085  23.921085
 22.572768  22.572768  22.572768  22.572768
 21.224450  21.224450  21.224450  21.224450
 19.876133  19.876133  19.876133  19.876133
 18.527816  18.527816  18.527816  18.527816
 17.179499  17.179499  17.179499  17.179499
 15.831181  15.831181  15.831181  15.831181
 14.482864  14.482864  14.482864  14.482864
 13.134547  13.134547  13.134547  13.134547
 11.786229  11.786229  11.786229  11.786229
 10.437912  10.437912  10.437912  10.437912
  9.089595   9.089595   9.089595   9.089595
  7.741278   7.741278   7.741278   7.741278
  6.392960   6.392960   6.392960   6.392960
  5.044643   5.044643   5.044643   5.044643
  3.696326   3.696326   3.696326   3.696326
  2.348009   2.348009   2.348009   2.348009
  0.999691   0.999691   0.999691   0.999691
 -0.348626  -0.348626  -0.348626  -0.348626
 -1.696943  -1.696943  -1.696943  -1.696943
 -3.045260  -3.045260  -3.045260  -3.045260
 -4.393578  -4.393578  -4.393578  -4.393578
 -5.741895  -5.741895  -5.741895  -5.741895
 -7.090212  -7.090212  -7.090212  -7.090212
 -8.438530  -8.438530  -8.438530  -8.438530
 -9.786847  -9.786847  -9.786847  -9.786847
-11.135164 -11.135164 -11.135164 -11.135164