0.441085 0.028159 0.412925 0.000000
0.468162 0.080244 0.387918 0.000000
0.517326 0.101425 0.415901 0.000000
0.458818 0.065240 0.393579 0.000000
0.523378 0.124254 0.399123 0.000000
0.444849 0.067777 0.377072 0.000000
0.600740 0.209729 0.391011 0.000000
0.500926 0.093339 0.407587 0.000000
0.580237 0.160983 0.419254 0.000000
0.498419 0.101924 0.396495 0.000000
0.515484 0.133705 0.381779 0.000000
0.456232 0.086863 0.369369 0.000000
0.489028 0.101681 0.387347 0.000000
0.469272 0.087500 0.381771 0.000000
0.406300 0.033385 0.372914 0.000000