0.766466 0.678960 0.087506 0.000000
0.687178 0.605690 0.081489 0.000000
0.633512 0.557386 0.076126 0.000000
0.364167 0.303675 0.060492 0.000000
0.110093 0.050730 0.059363 0.000000
0.262933 0.199000 0.063934 0.000000
0.587825 0.513270 0.074555 0.000000
0.470613 0.403881 0.066732 0.000000
0.989024 0.885231 0.103793 0.000000
0.567802 0.495695 0.072108 0.000000
0.614018 0.535107 0.078910 0.000000
0.671241 0.582010 0.089231 0.000000
0.581771 0.507174 0.074596 0.000000
0.391552 0.325137 0.066414 0.000000
0.971502 0.872981 0.098521 0.000000