-95.150378 -95.150378 -95.150378 -95.150378
-93.913862 -93.913862 -93.913862 -93.913862
-92.677346 -92.677346 -92.677346 -92.677346
-91.440830 -91.440830 -91.440830 -91.440830
-90.204314 -90.204314 -90.204314 -90.204314
-88.967798 -88.967798 -88.967798 -88.967798
-87.731282 -87.731282 -87.731282 -87.731282
-86.494766 -86.494766 -86.494766 -86.494766
-85.258251 -85.258251 -85.258251 -85.258251
-84.021735 -84.021735 -84.021735 -84.021735
-82.785219 -82.785219 -82.785219 -82.785219
-81.548703 -81.548703 -81.548703 -81.548703
-80.312187 -80.312187 -80.312187 -80.312187
-79.075671 -79.075671 -79.075671 -79.075671
-77.839155 -77.839155 -77.839155 -77.839155
-76.602639 -76.602639 -76.602639 -76.602639
-75.366123 -75.366123 -75.366123 -75.366123
-74.129607 -74.129607 -74.129607 -74.129607
-72.893091 -72.893091 -72.893091 -72.893091
-71.656575 -71.656575 -71.656575 -71.656575
-70.420059 -70.420059 -70.420059 -70.420059
-69.183543 -69.183543 -69.183543 -69.183543
-67.947027 -67.947027 -67.947027 -67.947027
-66.710511 -66.710511 -66.710511 -66.710511
-65.473995 -65.473995 -65.473995 -65.473995
-64.237479 -64.237479 -64.237479 -64.237479
-63.000963 -63.000963 -63.000963 -63.000963
-61.764447 -61.764447 -61.764447 -61.764447
-60.527931 -60.527931 -60.527931 -60.527931
-59.291415 -59.291415 -59.291415 -59.291415
-58.054899 -58.054899 -58.054899 -58.054899
-56.818383 -56.818383 -56.818383 -56.818383
-55.581868 -55.581868 -55.581868 -55.581868
-54.345352 -54.345352 -54.345352 -54.345352
-53.108836 -53.108836 -53.108836 -53.108836
-51.872320 -51.872320 -51.872320 -51.872320
-50.635804 -50.635804 -50.635804 -50.635804
-49.399288 -49.399288 -49.399288 -49.399288
-48.162772 -48.162772 -48.162772 -48.162772
-46.926256 -46.926256 -46.926256 -46.926256
-45.689740 -45.689740 -45.689740 -45.689740
-44.453224 -44.453224 -44.453224 -44.453224
-43.216708 -43.216708 -43.216708 -43.216708
-41.980192 -41.980192 -41.980192 -41.980192
-40.743676 -40.743676 -40.743676 -40.743676
-39.507160 -39.507160 -39.507160 -39.507160
-38.270644 -38.270644 -38.270644 -38.270644
-37.034128 -37.034128 -37.034128 -37.034128
-35.797612 -35.797612 -35.797612 -35.797612
-34.561096 -34.561096 -34.561096 -34.561096
-33.324580 -33.324580 -33.324580 -33.324580
-32.088064 -32.088064 -32.088064 -32.088064
-30.851548 -30.851548 -30.851548 -30.851548
-29.615032 -29.615032 -29.615032 -29.615032
-28.378516 -28.378516 -28.378516 -28.378516
-27.142000 -27.142000 -27.142000 -27.142000
-25.905484 -25.905484 -25.905484 -25.905484
-24.668969 -24.668969 -24.668969 -24.668969
-23.432453 -23.432453 -23.432453 -23.432453
-22.195937 -22.195937 -22.195937 -22.195937
-20.959421 -20.959421 -20.959421 -20.959421
-19.722905 -19.722905 -19.722905 -19.722905
-18.486389 -18.486389 -18.486389 -18.486389
-17.249873 -17.249873 -17.249873 -17.249873
-16.013357 -16.013357 -16.013357 -16.013357
-14.776841 -14.776841 -14.776841 -14.776841
-13.540325 -13.540325 -13.540325 -13.540325
-12.303809 -12.303809 -12.303809 -12.303809
-11.067293 -11.067293 -11.067293 -11.067293
 -9.830777  -9.830777  -9.830777  -9.830777
 -8.594261  -8.594261  -8.594261  -8.594261
 -7.357745  -7.357745  -7.357745  -7.357745
 -6.121229  -6.121229  -6.121229  -6.121229
 -4.884713  -4.884713  -4.884713  -4.884713
 -3.648197  -3.648197  -3.648197  -3.648197
 -2.411681  -2.411681  -2.411681  -2.411681
 -1.175165  -1.175165  -1.175165  -1.175165
  0.061351   0.061351   0.061351   0.061351
  1.297867   1.297867   1.297867   1.297867
  2.534383   2.534383   2.534383   2.534383
  3.770899   3.770899   3.770899   3.770899
  5.007414   5.007414   5.007414   5.007414
  6.243930   6.243930   6.243930   6.243930
  7.480446   7.480446   7.480446   7.480446
  8.716962   8.716962   8.716962   8.716962
  9.953478   9.953478   9.953478   9.953478
 11.189994  11.189994  11.189994  11.189994
 12.426510  12.426510  12.426510  12.426510
 13.663026  13.663026  13.663026  13.663026
 14.899542  14.899542  14.899542  14.899542
 16.136058  16.136058  16.136058  16.136058
 17.372574  17.372574  17.372574  17.372574
 18.609090  18.609090  18.609090  18.609090
 19.845606  19.845606  19.845606  19.845606
 21.082122  21.082122  21.082122  21.082122
 22.318638  22.318638  22.318638  22.318638
 23.555154  23.555154  23.555154  23.555154
 24.791670  24.791670  24.791670  24.791670
 26.028186  26.028186  26.028186  26.028186
 27.264702  27.264702  27.264702  27.264702