  -6.543119  -37.915823  -51.080061   -7.546902  -44.518419 -188.108842 -170.716623  -11.736444  172.415461  -25.221789
 -11.903666  -38.420372  -50.495213   -8.547502  -44.661907 -185.313215 -168.168883  -11.395197  170.500041  -25.028590
 -17.264213  -38.924921  -49.910364   -9.548101  -44.805395 -182.517588 -165.621144  -11.053951  168.584621  -24.835392
 -22.624759  -39.429470  -49.325516  -10.548700  -44.948883 -179.721962 -163.073405  -10.712705  166.669201  -24.642193
 -27.985306  -39.934019  -48.740667  -11.549300  -45.092371 -176.926335 -160.525666  -10.371458  164.753781  -24.448995
 -33.345853  -40.438568  -48.155818  -12.549899  -45.235859 -174.130708 -157.977927  -10.030212  162.838360  -24.255796
 -38.706400  -40.943118  -47.570970  -13.550498  -45.379347 -171.335082 -155.430188   -9.688965  160.922940  -24.062598
 -44.066947  -41.447667  -46.986121  -14.551098  -45.522835 -168.539455 -152.882449   -9.347719  159.007520  -23.869399
 -49.427493  -41.952216  -46.401273  -15.551697  -45.666323 -165.743828 -150.334710   -9.006472  157.092100  -23.676201
 -54.788040  -42.456765  -45.816424  -16.552296  -45.809811 -162.948202 -147.786971   -8.665226  155.176680  -23.483002
 -60.148587  -42.961314  -45.231575  -17.552896  -45.953298 -160.152575 -145.239232   -8.323980  153.261260  -23.289804
 -65.509134  -43.465863  -44.646727  -18.553495  -46.096786 -157.356948 -142.691493   -7.982733  151.345840  -23.096605
 -70.869680  -43.970412  -44.061878  -19.554094  -46.240274 -154.561322 -140.143754   -7.641487  149.430419  -22.903407
 -76.230227  -44.474961  -43.477030  -20.554694  -46.383762 -151.765695 -137.596015   -7.300240  147.514999  -22.710208
 -81.590774  -44.979510  -42.892181  -21.555293  -46.527250 -148.970068 -135.048276   -6.958994  145.599579  -22.517010
 -86.951321  -45.484059  -42.307332  -22.555893  -46.670738 -146.174442 -132.500537   -6.617747  143.684159  -22.323812
 -92.311868  -45.988608  -41.722484  -23.556492  -46.814226 -143.378815 -129.952798   -6.276501  141.768739  -22.130613
 -97.672414  -46.493157  -41.137635  -24.557091  -46.957714 -140.583188 -127.405058   -5.935254  139.853319  -21.937415
-103.032961  -46.997706  -40.552787  -25.557691  -47.101202 -137.787562 -124.857319   -5.594008  137.937899  -21.744216
-108.393508  -47.502255  -39.967938  -26.558290  -47.244690 -134.991935 -122.309580   -5.252762  136.022478  -21.551018
-113.754055  -48.006804  -39.383089  -27.558889  -47.388178 -132.196308 -119.761841   -4.911515  134.107058  -21.357819
-119.114601  -48.511353  -38.798241  -28.559489  -47.531666 -129.400682 -117.214102   -4.570269  132.191638  -21.164621
-124.475148  -49.015902  -38.213392  -29.560088  -47.675153 -126.605055 -114.666363   -4.229022  130.276218  -20.971422
-129.835695  -49.520451  -37.628544  -30.560687  -47.818641 -123.809428 -112.118624   -3.887776  128.360798  -20.778224
-135.196242  -50.025000  -37.043695  -31.561287  -47.962129 -121.013801 -109.570885   -3.546529  126.445378  -20.585025
-140.556789  -50.529549  -36.458846  -32.561886  -48.105617 -118.218175 -107.023146   -3.205283  124.529958  -20.391827
-145.917335  -51.034098  -35.873998  -33.562485  -48.249105 -115.422548 -104.475407   -2.864037  122.614537  -20.198628
-151.277882  -51.538647  -35.289149  -34.563085  -48.392593 -112.626921 -101.927668   -2.522790  120.699117  -20.005430
-156.638429  -52.043197  -34.704301  -35.563684  -48.536081 -109.831295  -99.379929   -2.181544  118.783697  -19.812231
-161.998976  -52.547746  -34.119452  -36.564283  -48.679569 -107.035668  -96.832190   -1.840297  116.868277  -19.619033
-167.359523  -53.052295  -33.534603  -37.564883  -48.823057 -104.240041  -94.284451   -1.499051  114.952857  -19.425834
-172.720069  -53.556844  -32.949755  -38.565482  -48.966545 -101.444415  -91.736712   -1.157804  113.037437  -19.232636
-178.080616  -54.061393  -32.364906  -39.566081  -49.110033  -98.648788  -89.188973   -0.816558  111.122017  -19.039437
-183.441163  -54.565942  -31.780058  -40.566681  -49.253521  -95.853161  -86.641233   -0.475311  109.206596  -18.846239
-188.801710  -55.070491  -31.195209  -41.567280  -49.397008  -93.057535  -84.093494   -0.134065  107.291176  -18.653040
-194.162256  -55.575040  -30.610360  -42.567879  -49.540496  -90.261908  -81.545755    0.207181  105.375756  -18.459842
-199.522803  -56.079589  -30.025512  -43.568479  -49.683984  -87.466281  -78.998016    0.548428  103.460336  -18.266644
-204.883350  -56.584138  -29.440663  -44.569078  -49.827472  -84.670655  -76.450277    0.889674  101.544916  -18.073445
-210.243897  -57.088687  -28.855815  -45.569677  -49.970960  -81.875028  -73.902538    1.230921   99.629496  -17.880247
-215.604444  -57.593236  -28.270966  -46.570277  -50.114448  -79.079401  -71.354799    1.572167   97.714076  -17.687048
-220.964990  -58.097785  -27.686117  -47.570876  -50.257936  -76.283775  -68.807060    1.913414   95.798655  -17.493850
-226.325537  -58.602334  -27.101269  -48.571475  -50.401424  -73.488148  -66.259321    2.254660   93.883235  -17.300651
-231.686084  -59.106883  -26.516420  -49.572075  -50.544912  -70.692521  -63.711582    2.595907   91.967815  -17.107453
-237.046631  -59.611432  -25.931572  -50.572674  -50.688400  -67.896895  -61.163843    2.937153   90.052395  -16.914254
-242.407178  -60.115981  -25.346723  -51.573273  -50.831888  -65.101268  -58.616104    3.278399   88.136975  -16.721056
-247.767724  -60.620530  -24.761874  -52.573873  -50.975376  -62.305641  -56.068365    3.619646   86.221555  -16.527857
-253.128271  -61.125079  -24.177026  -53.574472  -51.118863  -59.510015  -53.520626    3.960892   84.306135  -16.334659
-258.488818  -61.629628  -23.592177  -54.575071  -51.262351  -56.714388  -50.972887    4.302139   82.390714  -16.141460
-263.849365  -62.134177  -23.007329  -55.575671  -51.405839  -53.918761  -48.425148    4.643385   80.475294  -15.948262
-269.209911  -62.638726  -22.422480  -56.576270  -51.549327  -51.123134  -45.877408    4.984632   78.559874  -15.755063
-274.570458  -63.143275  -21.837631  -57.576869  -51.692815  -48.327508  -43.329669    5.325878   76.644454  -15.561865
-279.931005  -63.647825  -21.252783  -58.577469  -51.836303  -45.531881  -40.781930    5.667124   74.729034  -15.368666
-285.291552  -64.152374  -20.667934  -59.578068  -51.979791  -42.736254  -38.234191    6.008371   72.813614  -15.175468
-290.652099  -64.656923  -20.083086  -60.578667  -52.123279  -39.940628  -35.686452    6.349617   70.898194  -14.982269
-296.012645  -65.161472  -19.498237  -61.579267  -52.266767  -37.145001  -33.138713    6.690864   68.982773  -14.789071
-301.373192  -65.666021  -18.913388  -62.579866  -52.410255  -34.349374  -30.590974    7.032110   67.067353  -14.595873
-306.733739  -66.170570  -18.328540  -63.580465  -52.553743  -31.553748  -28.043235    7.373357   65.151933  -14.402674
-312.094286  -66.675119  -17.743691  -64.581065  -52.697231  -28.758121  -25.495496    7.714603   63.236513  -14.209476
-317.454833  -67.179668  -17.158843  -65.581664  -52.840718  -25.962494  -22.947757    8.055850   61.321093  -14.016277
-322.815379  -67.684217  -16.573994  -66.582263  -52.984206  -23.166868  -20.400018    8.397096   59.405673  -13.823079
-328.175926  -68.188766  -15.989145  -67.582863  -53.127694  -20.371241  -17.852279    8.738342   57.490253  -13.629880
-333.536473  -68.693315  -15.404297  -68.583462  -53.271182  -17.575614  -15.304540    9.079589   55.574832  -13.436682
-338.897020  -69.197864  -14.819448  -69.584061  -53.414670  -14.779988  -12.756801    9.420835   53.659412  -13.243483
-344.257566  -69.702413  -14.234600  -70.584661  -53.558158  -11.984361  -10.209062    9.762082   51.743992  -13.050285
-349.618113  -70.206962  -13.649751  -71.585260  -53.701646   -9.188734   -7.661322   10.103328   49.828572  -12.857086
-354.978660  -70.711511  -13.064902  -72.585859  -53.845134   -6.393108   -5.113583   10.444575   47.913152  -12.663888
-360.339207  -71.216060  -12.480054  -73.586459  -53.988622   -3.597481   -2.565844   10.785821   45.997732  -12.470689
-365.699754  -71.720609  -11.895205  -74.587058  -54.132110   -0.801854   -0.018105   11.127067   44.082312  -12.277491
-371.060300  -72.225158  -11.310357  -75.587657  -54.275598    1.993772    2.529634   11.468314   42.166891  -12.084292
-376.420847  -72.729707  -10.725508  -76.588257  -54.419085    4.789399    5.077373   11.809560   40.251471  -11.891094
-381.781394  -73.234256  -10.140659  -77.588856  -54.562573    7.585026    7.625112   12.150807   38.336051  -11.697895
-387.141941  -73.738805   -9.555811  -78.589455  -54.706061   10.380652   10.172851   12.492053   36.420631  -11.504697
-392.502488  -74.243354   -8.970962  -79.590055  -54.849549   13.176279   12.720590   12.833300   34.505211  -11.311498
-397.863034  -74.747904   -8.386114  -80.590654  -54.993037   15.971906   15.268329   13.174546   32.589791  -11.118300
-403.223581  -75.252453   -7.801265  -81.591253  -55.136525   18.767533   17.816068   13.515793   30.674371  -10.925102
-408.584128  -75.757002   -7.216416  -82.591853  -55.280013   21.563159   20.363807   13.857039   28.758950  -10.731903
-413.944675  -76.261551   -6.631568  -83.592452  -55.423501   24.358786   22.911546   14.198285   26.843530  -10.538705
-419.305221  -76.766100   -6.046719  -84.593051  -55.566989   27.154413   25.459285   14.539532   24.928110  -10.345506
-424.665768  -77.270649   -5.461871  -85.593651  -55.710477   29.950039   28.007024   14.880778   23.012690  -10.152308
-430.026315  -77.775198   -4.877022  -86.594250  -55.853965   32.745666   30.554763   15.222025   21.097270   -9.959109
-435.386862  -78.279747   -4.292173  -87.594849  -55.997453   35.541293   33.102503   15.563271   19.181850   -9.765911
-440.747409  -78.784296   -3.707325  -88.595449  -56.140940   38.336919   35.650242   15.904518   17.266430   -9.572712
-446.107955  -79.288845   -3.122476  -89.596048  -56.284428   41.132546   38.197981   16.245764   15.351009   -9.379514
-451.468502  -79.793394   -2.537628  -90.596647  -56.427916   43.928173   40.745720   16.587011   13.435589   -9.186315
-456.829049  -80.297943   -1.952779  -91.597247  -56.571404   46.723799   43.293459   16.928257   11.520169   -8.993117
-462.189596  -80.802492   -1.367930  -92.597846  -56.714892   49.519426   45.841198   17.269503    9.604749   -8.799918
-467.550142  -81.307041   -0.783082  -93.598445  -56.858380   52.315053   48.388937   17.610750    7.689329   -8.606720
-472.910689  -81.811590   -0.198233  -94.599045  -57.001868   55.110679   50.936676   17.951996    5.773909   -8.413521
-478.271236  -82.316139    0.386615  -95.599644  -57.145356   57.906306   53.484415   18.293243    3.858489   -8.220323
-483.631783  -82.820688    0.971464  -96.600243  -57.288844   60.701933   56.032154   18.634489    1.943068   -8.027124
-488.992330  -83.325237    1.556313  -97.600843  -57.432332   63.497559   58.579893   18.975736    0.027648   -7.833926
-494.352876  -83.829786    2.141161  -98.601442  -57.575820   66.293186   61.127632   19.316982   -1.887772   -7.640727
-499.713423  -84.334335    2.726010  -99.602041  -57.719308   69.088813   63.675371   19.658228   -3.803192   -7.447529
-505.073970  -84.838884    3.310858 -100.602641  -57.862795   71.884439   66.223110   19.999475   -5.718612   -7.254331
-510.434517  -85.343433    3.895707 -101.603240  -58.006283   74.680066   68.770849   20.340721   -7.634032   -7.061132
-515.795064  -85.847982    4.480556 -102.603839  -58.149771   77.475693   71.318588   20.681968   -9.549452   -6.867934
-521.155610  -86.352532    5.065404 -103.604439  -58.293259   80.271319   73.866328   21.023214  -11.464873   -6.674735
-526.516157  -86.857081    5.650253 -104.605038  -58.436747   83.066946   76.414067   21.364461  -13.380293   -6.481537
-531.876704  -87.361630    6.235101 -105.605637  -58.580235   85.862573   78.961806   21.705707  -15.295713   -6.288338
-537.237251  -87.866179    6.819950 -106.606237  -58.723723   88.658200   81.509545   22.046954  -17.211133   -6.095140