 -8.389185
-14.391430
-20.434830
-26.343012
-31.812604
-36.463150
-39.986408
-42.310943
-43.633400
-44.289805
-44.594573
-44.755737
-44.867632
-44.935915
-44.906329
-44.695454
-44.231479
-43.498062
-42.551026
-41.488629
-40.401404
-39.343137
-38.334088
-37.381965
-36.506420
-35.759488
-35.232635
-35.036039
-35.247745
-35.865552
-36.807443
-37.960144
-39.229742
-40.562077
-41.935983
-43.344269
-44.771768
-46.176821
-47.487403
-48.623628
-49.538117
-50.240963
-50.787821
-51.246303
-51.665556
-52.055531
-52.369536
-52.488859
-52.225407
-51.370373
-49.791277
-47.514371
-44.712495
-41.608729
-38.384118
-35.143757
-31.928882
-28.743836
-25.580789
-22.437820
-19.327979
-16.275133
-13.298019
-10.395479
 -7.545501
 -4.716455
 -1.881456
  0.967758
  3.805241
  6.553975
  9.079649
 11.218168
 12.845701
 13.950192
 14.638925
 15.075607
 15.406794
 15.723130
 16.051397
 16.355151
 16.534096
 16.433203
 15.884036
 14.780457
 13.140286
 11.093126
  8.805145
  6.410335
  3.990046
  1.591553
 -0.738134
 -2.920083
 -4.828819
 -6.315784
 -7.275006
 -7.707993
 -7.725974
 -7.487610
 -7.131841
 -6.748608