 -8.389185
-20.314490
-31.606997
-39.809528
-43.556786
-44.573041
-44.855954
-44.919388
-44.324287
-42.733028
-40.617672
-38.551484
-36.707456
-35.342214
-35.145715
-36.497607
-38.814857
-41.464685
-44.257567
-47.005868
-49.199600
-50.572664
-51.484172
-52.240298
-52.413340
-50.673843
-46.221119
-40.132295
-33.725271
-27.413074
-21.188679
-15.134449
 -9.365025
 -3.754163
  1.879547
  7.342466
 11.728369
 14.162971
 15.160241
 15.794612
 16.405235
 16.371824
 14.551756
 10.783692
  6.120119
  1.354526
 -3.084786
 -6.388810
 -7.715673
 -7.481260
 -6.748608