  2.754744   8.932254  17.833612  32.490361  25.302188 -50.662923 -22.428817  51.511426 -38.060322 -55.249980 -97.651720
  3.752001   9.200253  17.493168  31.360138  24.498363 -49.773232 -22.081773  50.745269 -37.674797 -54.659967 -96.601885
  4.749257   9.468251  17.152724  30.229916  23.694538 -48.883541 -21.734728  49.979112 -37.289271 -54.069954 -95.552049
  5.746514   9.736249  16.812280  29.099693  22.890713 -47.993850 -21.387684  49.212955 -36.903746 -53.479941 -94.502214
  6.743771  10.004247  16.471837  27.969471  22.086888 -47.104159 -21.040639  48.446798 -36.518220 -52.889929 -93.452379
  7.741028  10.272245  16.131393  26.839248  21.283064 -46.214468 -20.693595  47.680641 -36.132695 -52.299916 -92.402544
  8.738284  10.540243  15.790949  25.709026  20.479239 -45.324777 -20.346550  46.914484 -35.747169 -51.709903 -91.352709
  9.735541  10.808241  15.450505  24.578803  19.675414 -44.435086 -19.999506  46.148327 -35.361644 -51.119890 -90.302874
 10.732798  11.076240  15.110062  23.448580  18.871589 -43.545395 -19.652461  45.382170 -34.976119 -50.529877 -89.253039
 11.730054  11.344238  14.769618  22.318358  18.067764 -42.655704 -19.305416  44.616012 -34.590593 -49.939864 -88.203204
 12.727311  11.612236  14.429174  21.188135  17.263939 -41.766013 -18.958372  43.849855 -34.205068 -49.349851 -87.153369
 13.724568  11.880234  14.088730  20.057913  16.460114 -40.876322 -18.611327  43.083698 -33.819542 -48.759838 -86.103534
 14.721824  12.148232  13.748287  18.927690  15.656290 -39.986631 -18.264283  42.317541 -33.434017 -48.169825 -85.053699
 15.719081  12.416230  13.407843  17.797468  14.852465 -39.096940 -17.917238  41.551384 -33.048491 -47.579812 -84.003864
 16.716338  12.684228  13.067399  16.667245  14.048640 -38.207248 -17.570194  40.785227 -32.662966 -46.989800 -82.954029
 17.713594  12.952226  12.726955  15.537023  13.244815 -37.317557 -17.223149  40.019070 -32.277440 -46.399787 -81.904194
 18.710851  13.220225  12.386511  14.406800  12.440990 -36.427866 -16.876105  39.252913 -31.891915 -45.809774 -80.854359
 19.708108  13.488223  12.046068  13.276577  11.637165 -35.538175 -16.529060  38.486756 -31.506389 -45.219761 -79.804524
 20.705364  13.756221  11.705624  12.146355  10.833341 -34.648484 -16.182016  37.720599 -31.120864 -44.629748 -78.754689
 21.702621  14.024219  11.365180  11.016132  10.029516 -33.758793 -15.834971  36.954442 -30.735339 -44.039735 -77.704854
 22.699878  14.292217  11.024736   9.885910   9.225691 -32.869102 -15.487927  36.188285 -30.349813 -43.449722 -76.655019
 23.697134  14.560215  10.684293   8.755687   8.421866 -31.979411 -15.140882  35.422127 -29.964288 -42.859709 -75.605184
 24.694391  14.828213  10.343849   7.625465   7.618041 -31.089720 -14.793837  34.655970 -29.578762 -42.269696 -74.555349
 25.691648  15.096212  10.003405   6.495242   6.814216 -30.200029 -14.446793  33.889813 -29.193237 -41.679683 -73.505514
 26.688904  15.364210   9.662961   5.365019   6.010391 -29.310338 -14.099748  33.123656 -28.807711 -41.089671 -72.455679
 27.686161  15.632208   9.322517   4.234797   5.206567 -28.420647 -13.752704  32.357499 -28.422186 -40.499658 -71.405844
 28.683418  15.900206   8.982074   3.104574   4.402742 -27.530956 -13.405659  31.591342 -28.036660 -39.909645 -70.356009
 29.680674  16.168204   8.641630   1.974352   3.598917 -26.641265 -13.058615  30.825185 -27.651135 -39.319632 -69.306174
 30.677931  16.436202   8.301186   0.844129   2.795092 -25.751574 -12.711570  30.059028 -27.265610 -38.729619 -68.256339
 31.675188  16.704200   7.960742  -0.286093   1.991267 -24.861883 -12.364526  29.292871 -26.880084 -38.139606 -67.206503
 32.672444  16.972199   7.620299  -1.416316   1.187442 -23.972192 -12.017481  28.526714 -26.494559 -37.549593 -66.156668
 33.669701  17.240197   7.279855  -2.546538   0.383618 -23.082501 -11.670437  27.760557 -26.109033 -36.959580 -65.106833
 34.666958  17.508195   6.939411  -3.676761  -0.420207 -22.192809 -11.323392  26.994400 -25.723508 -36.369567 -64.056998
 35.664214  17.776193   6.598967  -4.806984  -1.224032 -21.303118 -10.976347  26.228242 -25.337982 -35.779554 -63.007163
 36.661471  18.044191   6.258523  -5.937206  -2.027857 -20.413427 -10.629303  25.462085 -24.952457 -35.189542 -61.957328
 37.658728  18.312189   5.918080  -7.067429  -2.831682 -19.523736 -10.282258  24.695928 -24.566931 -34.599529 -60.907493
 38.655985  18.580187   5.577636  -8.197651  -3.635507 -18.634045  -9.935214  23.929771 -24.181406 -34.009516 -59.857658
 39.653241  18.848186   5.237192  -9.327874  -4.439332 -17.744354  -9.588169  23.163614 -23.795881 -33.419503 -58.807823
 40.650498  19.116184   4.896748 -10.458096  -5.243156 -16.854663  -9.241125  22.397457 -23.410355 -32.829490 -57.757988
 41.647755  19.384182   4.556305 -11.588319  -6.046981 -15.964972  -8.894080  21.631300 -23.024830 -32.239477 -56.708153
 42.645011  19.652180   4.215861 -12.718542  -6.850806 -15.075281  -8.547036  20.865143 -22.639304 -31.649464 -55.658318
 43.642268  19.920178   3.875417 -13.848764  -7.654631 -14.185590  -8.199991  20.098986 -22.253779 -31.059451 -54.608483
 44.639525  20.188176   3.534973 -14.978987  -8.458456 -13.295899  -7.852947  19.332829 -21.868253 -30.469438 -53.558648
 45.636781  20.456174   3.194530 -16.109209  -9.262281 -12.406208  -7.505902  18.566672 -21.482728 -29.879425 -52.508813
 46.634038  20.724172   2.854086 -17.239432 -10.066105 -11.516517  -7.158858  17.800515 -21.097202 -29.289413 -51.458978
 47.631295  20.992171   2.513642 -18.369654 -10.869930 -10.626826  -6.811813  17.034357 -20.711677 -28.699400 -50.409143
 48.628551  21.260169   2.173198 -19.499877 -11.673755  -9.737135  -6.464768  16.268200 -20.326151 -28.109387 -49.359308
 49.625808  21.528167   1.832754 -20.630099 -12.477580  -8.847444  -6.117724  15.502043 -19.940626 -27.519374 -48.309473
 50.623065  21.796165   1.492311 -21.760322 -13.281405  -7.957753  -5.770679  14.735886 -19.555101 -26.929361 -47.259638
 51.620321  22.064163   1.151867 -22.890545 -14.085230  -7.068062  -5.423635  13.969729 -19.169575 -26.339348 -46.209803
 52.617578  22.332161   0.811423 -24.020767 -14.889055  -6.178371  -5.076590  13.203572 -18.784050 -25.749335 -45.159968
 53.614835  22.600159   0.470979 -25.150990 -15.692879  -5.288679  -4.729546  12.437415 -18.398524 -25.159322 -44.110133
 54.612091  22.868158   0.130536 -26.281212 -16.496704  -4.398988  -4.382501  11.671258 -18.012999 -24.569309 -43.060298
 55.609348  23.136156  -0.209908 -27.411435 -17.300529  -3.509297  -4.035457  10.905101 -17.627473 -23.979296 -42.010463
 56.606605  23.404154  -0.550352 -28.541657 -18.104354  -2.619606  -3.688412  10.138944 -17.241948 -23.389284 -40.960628
 57.603861  23.672152  -0.890796 -29.671880 -18.908179  -1.729915  -3.341368   9.372787 -16.856422 -22.799271 -39.910793
 58.601118  23.940150  -1.231240 -30.802102 -19.712004  -0.840224  -2.994323   8.606630 -16.470897 -22.209258 -38.860957
 59.598375  24.208148  -1.571683 -31.932325 -20.515828   0.049467  -2.647279   7.840472 -16.085372 -21.619245 -37.811122
 60.595631  24.476146  -1.912127 -33.062548 -21.319653   0.939158  -2.300234   7.074315 -15.699846 -21.029232 -36.761287
 61.592888  24.744145  -2.252571 -34.192770 -22.123478   1.828849  -1.953189   6.308158 -15.314321 -20.439219 -35.711452
 62.590145  25.012143  -2.593015 -35.322993 -22.927303   2.718540  -1.606145   5.542001 -14.928795 -19.849206 -34.661617
 63.587401  25.280141  -2.933458 -36.453215 -23.731128   3.608231  -1.259100   4.775844 -14.543270 -19.259193 -33.611782
 64.584658  25.548139  -3.273902 -37.583438 -24.534953   4.497922  -0.912056   4.009687 -14.157744 -18.669180 -32.561947
 65.581915  25.816137  -3.614346 -38.713660 -25.338778   5.387613  -0.565011   3.243530 -13.772219 -18.079168 -31.512112
 66.579171  26.084135  -3.954790 -39.843883 -26.142602   6.277304  -0.217967   2.477373 -13.386693 -17.489155 -30.462277
 67.576428  26.352133  -4.295233 -40.974106 -26.946427   7.166995   0.129078   1.711216 -13.001168 -16.899142 -29.412442
 68.573685  26.620132  -4.635677 -42.104328 -27.750252   8.056686   0.476122   0.945059 -12.615643 -16.309129 -28.362607
 69.570942  26.888130  -4.976121 -43.234551 -28.554077   8.946377   0.823167   0.178902 -12.230117 -15.719116 -27.312772
 70.568198  27.156128  -5.316565 -44.364773 -29.357902   9.836068   1.170211  -0.587255 -11.844592 -15.129103 -26.262937
 71.565455  27.424126  -5.657009 -45.494996 -30.161727  10.725760   1.517256  -1.353412 -11.459066 -14.539090 -25.213102
 72.562712  27.692124  -5.997452 -46.625218 -30.965551  11.615451   1.864300  -2.119570 -11.073541 -13.949077 -24.163267
 73.559968  27.960122  -6.337896 -47.755441 -31.769376  12.505142   2.211345  -2.885727 -10.688015 -13.359064 -23.113432
 74.557225  28.228120  -6.678340 -48.885663 -32.573201  13.394833   2.558390  -3.651884 -10.302490 -12.769051 -22.063597
 75.554482  28.496118  -7.018784 -50.015886 -33.377026  14.284524   2.905434  -4.418041  -9.916964 -12.179039 -21.013762
 76.551738  28.764117  -7.359227 -51.146109 -34.180851  15.174215   3.252479  -5.184198  -9.531439 -11.589026 -19.963927
 77.548995  29.032115  -7.699671 -52.276331 -34.984676  16.063906   3.599523  -5.950355  -9.145913 -10.999013 -18.914092
 78.546252  29.300113  -8.040115 -53.406554 -35.788501  16.953597   3.946568  -6.716512  -8.760388 -10.409000 -17.864257
 79.543508  29.568111  -8.380559 -54.536776 -36.592325  17.843288   4.293612  -7.482669  -8.374863  -9.818987 -16.814422
 80.540765  29.836109  -8.721003 -55.666999 -37.396150  18.732979   4.640657  -8.248826  -7.989337  -9.228974 -15.764587
 81.538022  30.104107  -9.061446 -56.797221 -38.199975  19.622670   4.987701  -9.014983  -7.603812  -8.638961 -14.714752
 82.535278  30.372105  -9.401890 -57.927444 -39.003800  20.512361   5.334746  -9.781140  -7.218286  -8.048948 -13.664917
 83.532535  30.640104  -9.742334 -59.057667 -39.807625  21.402052   5.681790 -10.547297  -6.832761  -7.458935 -12.615082
 84.529792  30.908102 -10.082778 -60.187889 -40.611450  22.291743   6.028835 -11.313455  -6.447235  -6.868922 -11.565247
 85.527048  31.176100 -10.423221 -61.318112 -41.415274  23.181434   6.375879 -12.079612  -6.061710  -6.278910 -10.515412
 86.524305  31.444098 -10.763665 -62.448334 -42.219099  24.071125   6.722924 -12.845769  -5.676184  -5.688897  -9.465576
 87.521562  31.712096 -11.104109 -63.578557 -43.022924  24.960816   7.069969 -13.611926  -5.290659  -5.098884  -8.415741
 88.518818  31.980094 -11.444553 -64.708779 -43.826749  25.850507   7.417013 -14.378083  -4.905134  -4.508871  -7.365906
 89.516075  32.248092 -11.784996 -65.839002 -44.630574  26.740198   7.764058 -15.144240  -4.519608  -3.918858  -6.316071
 90.513332  32.516091 -12.125440 -66.969224 -45.434399  27.629890   8.111102 -15.910397  -4.134083  -3.328845  -5.266236
 91.510588  32.784089 -12.465884 -68.099447 -46.238224  28.519581   8.458147 -16.676554  -3.748557  -2.738832  -4.216401
 92.507845  33.052087 -12.806328 -69.229670 -47.042048  29.409272   8.805191 -17.442711  -3.363032  -2.148819  -3.166566
 93.505102  33.320085 -13.146772 -70.359892 -47.845873  30.298963   9.152236 -18.208868  -2.977506  -1.558806  -2.116731
 94.502358  33.588083 -13.487215 -71.490115 -48.649698  31.188654   9.499280 -18.975025  -2.591981  -0.968793  -1.066896
 95.499615  33.856081 -13.827659 -72.620337 -49.453523  32.078345   9.846325 -19.741182  -2.206455  -0.378781  -0.017061
 96.496872  34.124079 -14.168103 -73.750560 -50.257348  32.968036  10.193369 -20.507340  -1.820930   0.211232   1.032774
 97.494128  34.392077 -14.508547 -74.880782 -51.061173  33.857727  10.540414 -21.273497  -1.435404   0.801245   2.082609
 98.491385  34.660076 -14.848990 -76.011005 -51.864997  34.747418  10.887459 -22.039654  -1.049879   1.391258   3.132444
 99.488642  34.928074 -15.189434 -77.141228 -52.668822  35.637109  11.234503 -22.805811  -0.664354   1.981271   4.182279
100.485899  35.196072 -15.529878 -78.271450 -53.472647  36.526800  11.581548 -23.571968  -0.278828   2.571284   5.232114
101.483155  35.464070 -15.870322 -79.401673 -54.276472  37.416491  11.928592 -24.338125   0.106697   3.161297   6.281949