  3.118338
  4.289953
  5.509433
  6.752040
  7.957455
  9.038804
  9.923363
 10.595324
 11.096844
 11.492586
 11.836425
 12.157107
 12.455029
 12.702279
 12.849597
 12.849180
 12.686216
 12.389664
 12.009032
 11.581899
 11.116287
 10.586879
  9.937176
  9.090756
  7.983325
  6.611706
  5.058133
  3.452010
  1.903288
  0.471265
 -0.822014
 -1.964873
 -2.939363
 -3.724047
 -4.317308
 -4.765639
 -5.163008
 -5.609957
 -6.171164
 -6.866053
 -7.680611
 -8.573442
 -9.466001
-10.228952
-10.696227
-10.732191
-10.313937
 -9.541754
 -8.566121
 -7.513109
 -6.461526
 -5.457913
 -4.539397
 -3.745859
 -3.111823
 -2.641745
 -2.294485
 -1.999846
 -1.691457
 -1.325791
 -0.883818
 -0.370802
  0.175059
  0.669990
  0.990985
  1.022899
  0.721079
  0.125778
 -0.683443
 -1.638777
 -2.701488
 -3.848299
 -5.041509
 -6.198454
 -7.187735
 -7.878408
 -8.214467
 -8.239271
 -8.050508
 -7.742680
 -7.379788
 -6.994042
 -6.593159
 -6.168395
 -5.704551
 -5.192696
 -4.638345
 -4.057758
 -3.467372
 -2.875961
 -2.281335
 -1.668304
 -1.007242
 -0.258435
  0.611297
  1.605891
  2.693829
  3.827835
  4.969438
  6.098295