  3.118338
  3.292292
  3.467402
  3.643683
  3.821146
  3.999791
  4.179609
  4.360584
  4.542685
  4.725870
  4.910082
  5.095249
  5.281282
  5.468074
  5.655497
  5.843404
  6.031628
  6.219978
  6.408246
  6.596197
  6.783581
  6.970127
  7.155545
  7.339535
  7.521780
  7.701959
  7.879744
  8.054809
  8.226830
  8.395496
  8.560508
  8.721587
  8.878476
  9.030949
  9.178808
  9.321892
  9.460075
  9.593270
  9.721426
  9.844535
  9.962623
 10.075752
 10.184017
 10.287545
 10.386488
 10.481023
 10.571346
 10.657669
 10.740215
 10.819216
 10.894911
 10.967537
 11.037332
 11.104531
 11.169361
 11.232042
 11.292786
 11.351791
 11.409247
 11.465328
 11.520195
 11.573997
 11.626868
 11.678926
 11.730277
 11.781010
 11.831200
 11.880908
 11.930179
 11.979044
 12.027517
 12.075600
 12.123276
 12.170517
 12.217277
 12.263495
 12.309095
 12.353986
 12.398063
 12.441205
 12.483279
 12.524137
 12.563619
 12.601557
 12.637770
 12.672072
 12.704271
 12.734171
 12.761577
 12.786296
 12.808141
 12.826932
 12.842503
 12.854701
 12.863393
 12.868465
 12.869825
 12.867408
 12.861173
 12.851108
 12.837226
 12.819568
 12.798201
 12.773216
 12.744725
 12.712863
 12.677779
 12.639637
 12.598611
 12.554884
 12.508640
 12.460069
 12.409353
 12.356674
 12.302206
 12.246111
 12.188542
 12.129639
 12.069528
 12.008318
 11.946103
 11.882961
 11.818952
 11.754119
 11.688487
 11.622062
 11.554835
 11.486776
 11.417841
 11.347965
 11.277067
 11.205048
 11.131792
 11.057166
 10.981020
 10.903187
 10.823484
 10.741711
 10.657654
 10.571085
 10.481761
 10.389428
 10.293822
 10.194667
 10.091686
  9.984593
  9.873104
  9.756936
  9.635815
  9.509473
  9.377662
  9.240149
  9.096729
  8.947222
  8.791485
  8.629412
  8.460940
  8.286050
  8.104774
  7.917192
  7.723439
  7.523697
  7.318202
  7.107237
  6.891130
  6.670248
  6.444995
  6.215803
  5.983129
  5.747444
  5.509231
  5.268971
  5.027147
  4.784228
  4.540669
  4.296906
  4.053351
  3.810389
  3.568375
  3.327636
  3.088466
  2.851130
  2.615860
  2.382863
  2.152316
  1.924371
  1.699157
  1.476784
  1.257342
  1.040907
  0.827539
  0.617292
  0.410210
  0.206329
  0.005684
 -0.191692
 -0.385767
 -0.576508
 -0.763877
 -0.947834
 -1.128334
 -1.305326
 -1.478753
 -1.648554
 -1.814660
 -1.976997
 -2.135487
 -2.290049
 -2.440597
 -2.587047
 -2.729313
 -2.867315
 -3.000976
 -3.130229
 -3.255016
 -3.375294
 -3.491037
 -3.602236
 -3.708909
 -3.811095
 -3.908863
 -4.002311
 -4.091569
 -4.176798
 -4.258191
 -4.335976
 -4.410407
 -4.481772
 -4.550381
 -4.616571
 -4.680694
 -4.743119
 -4.804225
 -4.864397
 -4.924018
 -4.983469
 -5.043120
 -5.103329
 -5.164437
 -5.226764
 -5.290608
 -5.356244
 -5.423917
 -5.493849
 -5.566234
 -5.641238
 -5.719001
 -5.799639
 -5.883243
 -5.969883
 -6.059604
 -6.152436
 -6.248386
 -6.347449
 -6.449600
 -6.554802
 -6.663003
 -6.774138
 -6.888130
 -7.004888
 -7.124310
 -7.246280
 -7.370668
 -7.497330
 -7.626105
 -7.756819
 -7.889276
 -8.023262
 -8.158540
 -8.294854
 -8.431920
 -8.569427
 -8.707040
 -8.844393
 -8.981089
 -9.116703
 -9.250780
 -9.382833
 -9.512347
 -9.638782
 -9.761573
 -9.880135
 -9.993868
-10.102160
-10.204399
-10.299974
-10.388284
-10.468751
-10.540823
-10.603985
-10.657768
-10.701759
-10.735601
-10.759009
-10.771770
-10.773746
-10.764879
-10.745190
-10.714777
-10.673816
-10.622553
-10.561299
-10.490424
-10.410352
-10.321546
-10.224507
-10.119762
-10.007854
 -9.889337
 -9.764767
 -9.634696
 -9.499665
 -9.360200
 -9.216807
 -9.069970
 -8.920145
 -8.767763
 -8.613227
 -8.456911
 -8.299159
 -8.140290
 -7.980597
 -7.820345
 -7.659778
 -7.499120
 -7.338572
 -7.178322
 -7.018540
 -6.859384
 -6.701003
 -6.543534
 -6.387111
 -6.231860
 -6.077906
 -5.925372
 -5.774380
 -5.625053
 -5.477517
 -5.331901
 -5.188336
 -5.046957
 -4.907903
 -4.771315
 -4.637337
 -4.506116
 -4.377796
 -4.252523
 -4.130437
 -4.011675
 -3.896365
 -3.784625
 -3.676559
 -3.572257
 -3.471790
 -3.375209
 -3.282543
 -3.193794
 -3.108939
 -3.027930
 -2.950689
 -2.877110
 -2.807064
 -2.740393
 -2.676918
 -2.616436
 -2.558729
 -2.503560
 -2.450682
 -2.399838
 -2.350764
 -2.303197
 -2.256870
 -2.211523
 -2.166900
 -2.122753
 -2.078845
 -2.034950
 -1.990853
 -1.946354
 -1.901266
 -1.855417
 -1.808648
 -1.760815
 -1.711787
 -1.661446
 -1.609688
 -1.556422
 -1.501568
 -1.445059
 -1.386838
 -1.326862
 -1.265097
 -1.201523
 -1.136132
 -1.068926
 -0.999922
 -0.929151
 -0.856658
 -0.782504
 -0.706768
 -0.629546
 -0.550955
 -0.471132
 -0.390236
 -0.308452
 -0.225989
 -0.143081
 -0.059990
  0.022994
  0.105554
  0.187346
  0.268002
  0.347124
  0.424298
  0.499086
  0.571036
  0.639685
  0.704561
  0.765195
  0.821119
  0.871880
  0.917041
  0.956189
  0.988942
  1.014957
  1.033930
  1.045604
  1.049772
  1.046279
  1.035022
  1.015955
  0.989080
  0.954453
  0.912174
  0.862388
  0.805277
  0.741058
  0.669974
  0.592292
  0.508294
  0.418273
  0.322529
  0.221363
  0.115071
  0.003944
 -0.111737
 -0.231705
 -0.355707
 -0.483507
 -0.614885
 -0.749641
 -0.887592
 -1.028572
 -1.172433
 -1.319042
 -1.468283
 -1.620052
 -1.774256
 -1.930812
 -2.089646
 -2.250687
 -2.413869
 -2.579124
 -2.746383
 -2.915573
 -3.086610
 -3.259402
 -3.433841
 -3.609803
 -3.787146
 -3.965702
 -4.145282
 -4.325669
 -4.506614
 -4.687841
 -4.869042
 -5.049874
 -5.229964
 -5.408909
 -5.586276
 -5.761604
 -5.934412
 -6.104198
 -6.270449
 -6.432645
 -6.590265
 -6.742794
 -6.889735
 -7.030610
 -7.164974
 -7.292416
 -7.412570
 -7.525122
 -7.629807
 -7.726421
 -7.814821
 -7.894922
 -7.966701
 -8.030195
 -8.085497
 -8.132752
 -8.172153
 -8.203938
 -8.228379
 -8.245783
 -8.256480
 -8.260819
 -8.259164
 -8.251886
 -8.239361
 -8.221962
 -8.200058
 -8.174009
 -8.144164
 -8.110858
 -8.074410
 -8.035124
 -7.993283
 -7.949154
 -7.902985
 -7.855005
 -7.805422
 -7.754430
 -7.702202
 -7.648893
 -7.594645
 -7.539580
 -7.483808
 -7.427421
 -7.370500
 -7.313112
 -7.255310
 -7.197136
 -7.138620
 -7.079784
 -7.020635
 -6.961174
 -6.901391
 -6.841270
 -6.780784
 -6.719900
 -6.658581
 -6.596781
 -6.534450
 -6.471536
 -6.407982
 -6.343730
 -6.278723
 -6.212900
 -6.146207
 -6.078590
 -6.009998
 -5.940389
 -5.869722
 -5.797967
 -5.725101
 -5.651109
 -5.575983
 -5.499727
 -5.422353
 -5.343880
 -5.264338
 -5.183763
 -5.102199
 -5.019695
 -4.936307
 -4.852093
 -4.767117
 -4.681442
 -4.595135
 -4.508261
 -4.420886
 -4.333072
 -4.244881
 -4.156372
 -4.067598
 -3.978610
 -3.889454
 -3.800171
 -3.710798
 -3.621366
 -3.531900
 -3.442421
 -3.352941
 -3.263471
 -3.174012
 -3.084562
 -2.995109
 -2.905639
 -2.816128
 -2.726547
 -2.636860
 -2.547024
 -2.456988
 -2.366694
 -2.276077
 -2.185062
 -2.093567
 -2.001504
 -1.908774
 -1.815271
 -1.720882
 -1.625487
 -1.528956
 -1.431157
 -1.331950
 -1.231191
 -1.128734
 -1.024431
 -0.918134
 -0.809698
 -0.698982
 -0.585850
 -0.470177
 -0.351848
 -0.230761
 -0.106829
  0.020016
  0.149825
  0.282627
  0.418430
  0.557221
  0.698962
  0.843598
  0.991048
  1.141215
  1.293982
  1.449218
  1.606776
  1.766499
  1.928223
  2.091775
  2.256981
  2.423665
  2.591653
  2.760775
  2.930865
  3.101765
  3.273325
  3.445405
  3.617873
  3.790610
  3.963506
  4.136461
  4.309388
  4.482209
  4.654855
  4.827267
  4.999396
  5.171199
  5.342643
  5.513699
  5.684346
  5.854569
  6.024356
  6.098295
  6.098295
  6.098295
  6.098295
  6.098295
  6.098295
  6.098295
  6.098295
  6.098295
  6.098295
  6.098295
  6.098295
  6.098295
  6.098295
  6.098295
  6.098295
  6.098295
  6.098295
  6.098295
  6.098295
  6.098295
  6.098295
  6.098295
  6.098295
  6.098295
  6.098295
  6.098295
  6.098295
  6.098295
  6.098295
  6.098295
  6.098295
  6.098295
  6.098295
  6.098295
  6.098295
  6.098295
  6.098295
  6.098295
  6.098295
  6.098295
  6.098295
  6.098295
  6.098295
  6.098295
  6.098295
  6.098295
  6.098295
  6.098295
  6.098295
  6.098295
  6.098295
  6.098295
  6.098295
  6.098295
  6.098295
  6.098295
  6.098295
  6.098295
  6.098295
  6.098295
  6.098295
  6.098295
  6.098295
  6.098295
  6.098295
  6.098295
  6.098295
  6.098295
  6.098295
  6.098295
  6.098295