    9.627354
  137.519108
   72.396872
 -669.341982
  886.705702
 -440.467740
   18.256339
  332.906213
 -464.683757
  320.260520
 -442.381193
  480.399262
 -284.648149
  -87.613750
  507.045972
 -316.611471
 -121.798190
  375.155728
 -489.617153
  399.232973
    2.180148
 -175.947869
 -366.281711
  728.300337
 -476.547196
  139.516547
  171.198395
 -281.099931
 -122.078694
  551.776609
 -440.878267
  123.554707
   91.594563
  242.383621
 -198.062615
 -254.540387
  -69.567355
  561.775413
 -370.086621
  643.201396
 -703.539952
  198.745338
 -200.321540
  393.857790
 -301.058414
  116.848603
  111.585003
  236.863103
 -552.104096
  543.081478
 -226.182160
 -150.544032
  250.209927
 -241.659045
   96.123660
  668.226734
 -377.319567
 -462.305583
  309.677367
  -13.114466
  231.593666
   65.186711
 -131.095210
 -104.512406
  116.351343
   60.745373
   41.991302
 -257.684621
  340.712156
 -410.425673
  388.806231
 -334.242565
  586.303116
 -641.486977
  396.805416
  263.353699
 -409.661654
 -229.505836
  717.240885
 -266.975229
    7.136858
 -611.823872
  859.895596
 -578.070426
  282.896737
  325.960232
 -561.984669
  -41.405553
  456.732233
 -145.301568
 -585.404042
 1309.767250
 -788.980370
  283.021790
 -283.594257
  -37.039602
  381.061123
 -367.429445
  398.208321
 -258.564126
  273.687086
 -369.497734
  139.675800
  227.592222
  266.877346
  -56.603413
 -366.709508
 -206.581546
   -3.228820
  439.771328
  -20.437879
  -46.260875
  185.602236
 -208.741199
 -311.894333
  463.393699
 -424.869264
  442.209426
 -220.241357
   74.780231
  360.463938
 -404.793287
  118.066703
 -155.629165
   77.230179
  128.982405
  243.902526
 -248.571033
  -91.879156
  474.229067
 -498.355447
  107.423158
  -62.400265
  275.268711
   15.442979
 -213.566396
  301.130960
 -500.980059
  152.466803
  430.848087
 -135.689307
  -33.257423
  280.870041
 -180.050914
 -460.464047
  190.506103
  253.222621
   26.886147
 -152.726287
  130.658345
   11.811930
 -299.673402
  266.903358
 -123.891737
  432.355009
 -429.714873
  277.949038
 -384.700805
  174.002102
  318.529218
   -2.434233
  -27.910528
 -211.048101
  272.867048
   45.370254
 -181.749793
  -88.549196
 -150.020561
  446.366112
   48.576111
   -8.499073
  -94.555449
  -31.726636
   21.052938
 -259.985991
  369.672971
  -85.994776
  -76.177496
  219.860684
 -148.417439
  225.294986
 -315.602201
  139.419978
 -116.973177
 -244.028608
  555.454187
 -183.009563
  357.329474
 -826.133033
  447.101485
   -5.222821
  -33.326403
 -201.882723
  392.957082
 -224.630981
   93.507626
 -372.325646
  279.322135
 -263.011343
  246.177652
  -67.573089
 -136.364106
  -35.254736
   79.416809
  -79.075109
   82.708680
  -60.895249
 -326.541648
 -143.957590
  685.909425
 -158.983774
  -58.794551
 -299.289797
   68.097394
  362.685093
    0.156807
 -394.894533
 -184.913809
  548.095899
  -24.369678
   -6.675677
  158.402331
 -193.836697
  128.196827
 -352.959310
  274.505827
  -29.521086
  202.621980
 -214.714231
   -4.886787
 -171.719420
  465.640936
 -158.162902
 -290.844682
  136.619548
  -22.999953
 -180.470466
  300.720198
  -47.559693
  -58.558508
 -409.258242
  249.744997
  468.830867
 -391.646869
  -75.060759
  364.529554
 -214.095666
 -274.211870
  237.703521
    3.055264
 -145.147690
 -133.659176
   56.228134
   24.059553
  -26.776992
   -5.260987
   35.052015
  226.043483
 -132.241074
  261.285288
 -102.313466
 -228.014250
 -147.781543
 -101.560382
   59.704496
  600.633728
 -184.736199
 -484.352527
  556.128892
  -42.922631
 -415.597755
   48.654807
  153.956943
  -50.549995
   76.836896
   21.981588
  111.636884
  -66.475335
 -255.622845
  186.724632
  -60.200206
  201.287691
 -272.628450
  -14.578408
  156.767243
 -186.662527
  115.577439
  172.161957
 -109.699034
 -293.038049
   -4.119320
  121.215211
  -27.412082
 -119.597197
 -120.754597
  160.066571
 -132.159241
  -20.235714
  124.234820
 -317.602315
  284.043625
 -356.174126
   90.039869
  429.324997
 -326.684132
 -111.863126
 -240.836701
  297.626489
  153.804460
   69.528452
 -244.907903
 -444.095406
  554.179622
   81.544180
 -165.033796
   33.531726
  -36.902115
  167.100456
 -176.731347
 -114.506079
  209.662348
 -381.888262
   39.672134
  762.474265
 -184.844649
 -909.606690
  294.624815
  688.868223
 -448.982696
 -353.261424
   36.399254
  622.004117
 -317.538153
 -340.708658
  314.435619
    9.422631
  201.918464
 -329.050794
   33.588280
  143.732111
   40.919160
 -164.992878
 -190.193639
  225.746768
    8.042949
 -136.671973
   67.925516
  234.402895
 -190.588252
  -56.755687
  -16.598928
  -33.755190
   73.193374
   -2.284574
   -7.064233
 -334.350975
  491.656154
  283.874050
 -559.961597
  -67.354139
   32.112473
  135.494571
  118.080204
   67.990714
  153.296933
 -523.627891
  -53.395853
  405.968997
 -317.950513
  205.692474
  187.642678
 -446.774484
  174.414767
  178.423925
 -249.889749
  143.050525
 -122.747943
   53.991021
 -178.359171
  305.175079
 -154.027164
  106.533750
   58.349328
 -498.338637
  424.484969
 -149.001632
   28.196956
  -37.829790
   68.568265
  183.277814
 -462.886112
  344.680046
  121.164011
 -113.369278
   22.280132
 -318.137727
  176.810822
  210.824461
 -429.907426
  322.848844
 -103.195695
 -337.608933
  477.073076
  276.935932
 -861.819046
  326.623109
  136.165992
   61.721044
 -155.842642
 -403.975079
  446.759932
  147.777007
 -155.892123
    6.728957
   27.902630
  -25.965430
  220.375028
 -415.555332
  226.435223
  103.892709
 -336.533809
  264.630101
   38.504425
  241.345482
 -318.085426
 -491.322764
  858.252536
 -272.476483
 -205.745812
  287.849974
 -246.173040
   40.897559
  124.932629
 -117.004276
  -67.809257
  236.290983
   -9.059508
 -172.356988
   65.215748
  -92.709242
 -101.562941
  219.542449
  109.100848
  -25.070475
 -121.114986
   35.670457
 -333.976996
   92.791969
  392.744351
 -111.910864
   -4.215642
  -21.529442
 -139.591029
   96.979037
 -271.755434
  224.875528
  182.548595
  -11.295206
  -81.068825
 -374.926867
  477.356645
   95.206025
 -279.038685
  -84.984627
 -138.932900
  522.628142
 -372.239801
  485.414905
 -268.829108
 -259.596194
  291.515983
   32.573952
 -328.428645
  147.253165
  212.875965
 -485.823525
  183.379060
  484.817815
 -136.202526
 -281.320325
  -56.378027
  -54.458811
  436.154368
 -549.784612
  700.657766
 -441.768997
 -517.146751
  390.724233
  142.937901
  231.704768
 -494.560075
  361.139950
    2.857355
 -123.711767
 -380.552614
  419.935414
  136.402742
-1005.304056
  648.882806
  478.878530
 -153.881822
 -664.471835
  421.860688
 -107.822803
   14.769545
 -185.427646
  115.144191
   52.151978
 -163.202301
  -16.749485
 -207.220230
  397.166670
   45.613903
 -345.925907
  186.332781
 -526.112017
  745.375549
 -553.055295
  -17.222387
  283.005046
   43.341376
  106.683980
 -135.273052
 -388.007113
  275.531040
  256.068933
    3.686649
 -273.689979
 -133.484296
  620.598624
 -218.896719
 -581.788912
  558.054841
  -83.951133
 -676.445591
  454.796514
   58.128595
   85.314215
 -372.981230
  329.374957
  -19.393222
   87.520374
 -275.295467
  206.809221
  -33.828551
 -349.649228
  299.562731
  -51.937824
  131.295199
 -461.991539
 -217.181528
  719.203001
  -61.500210
 -109.390983
 -264.384937
  438.111764
   43.421316
 -280.224092
 -136.552868
  -42.000314
  363.137232
 -157.004493
 -229.289841
  243.009189
  230.501420
 -322.011274
 -252.525672
  807.378470
 -436.199814
 -403.876045
  573.200505
 -558.651337
  445.716866
  -64.943337
   40.069560
 -366.316315
 -256.718847
 1013.005289
 -350.609139
 -110.234687
  156.164828
 -679.725193
  825.442371
 -124.600927
 -678.321137
  769.177042
 -331.405119
 -441.895280
  776.831852
 -378.070953
 -410.362081
  565.938724
  148.294983
 -866.333565
  351.446792
  187.184563
  186.451594
 -438.398350
  783.062613
-1370.316949
  995.183485
 -344.867545
  462.093796
 -894.746419
 1200.920409
 -544.779611
 -469.117816
  156.465965
  702.738447
 -534.449784
  107.336659
 -125.991425
 -372.930839
  320.978882
   58.033609
  -58.191998
  234.914968
   55.870623
  -71.356688
 -408.275871
  266.018682
   18.758479
  181.452803
 -297.004924
  488.888711
 -433.444875
  347.978684
 -739.182349
  125.220612
  702.604322
 -311.638824
 -567.759945
 1059.952341
  -14.686820
 -882.644965
  480.724392
 -306.515263
  430.275955
  -97.228590
 -282.156731
 -130.354580
  571.961993
 -318.610232
  120.914821
 -346.177036
  455.561597
 -364.183754
  354.432770
   48.456500
 -455.209716
  190.756623
  135.072894
 -202.776478
  597.915976
 -199.129464
 -566.927377
  551.235404
 -194.418622
   55.193179
  407.089665
 -911.939359
  303.536451
  163.136819
  101.924390
 -110.651822
   55.767532
  584.446144
-1216.296823
 1004.204332
 -159.472671
  -77.277483
  199.927859
 -701.601721
  597.703126
 -347.529053
  620.911744
 -494.176761
  141.810764
 -405.532901
  494.566178
 -281.008787
  270.233559
 -219.632236
    3.218798
  421.189478
 -408.258312
 -116.026519
  721.188328
-1046.436097
  731.228323
 -127.387482
  158.951944
  -27.389376
  -81.404787
 -775.108333
 1250.968788
 -345.111261
 -246.746921
  116.931472
  276.411839
 -616.449313
  128.316286
  163.155800
  198.885339
 -563.604279
  976.370588
 -834.027334
  554.771154
 -168.398739
 -655.472138
 1220.476541
 -623.167461
 -521.516323
  588.848721
   34.152756
  208.108555
 -326.083492
  459.511831
 -705.828430
  541.652507
 -496.449718
  134.558554
  523.770492
 -235.630640
   34.702765
 -273.229273
  121.620585