0.150843 0.092691 0.058152 0.000000
0.281295 0.216544 0.064751 0.000000
0.184166 0.125035 0.059131 0.000000
0.312419 0.256513 0.055907 0.000000
0.213205 0.157891 0.055314 0.000000
0.326098 0.258869 0.067229 0.000000
0.185887 0.130119 0.055768 0.000000
0.258555 0.201756 0.056799 0.000000
0.275321 0.219229 0.056092 0.000000
0.161566 0.101207 0.060358 0.000000
0.152166 0.086063 0.066103 0.000000
0.352672 0.294970 0.057702 0.000000
0.127302 0.064927 0.062375 0.000000
0.249710 0.198795 0.050915 0.000000
0.123673 0.062414 0.061259 0.000000