1.300000
1.293939
1.287879
1.281818
1.275758
1.269697
1.263636
1.257576
1.251515
1.245455
1.239394
1.233333
1.227273
1.221212
1.215152
1.209091
1.203030
1.196970
1.190909
1.184848
1.178788
1.172727
1.166667
1.160606
1.154545
1.148485
1.142424
1.136364
1.130303
1.124242
1.118182
1.112121
1.106061
1.100000
1.093939
1.087879
1.081818
1.075758
1.069697
1.063636
1.057576
1.051515
1.045455
1.039394
1.033333
1.027273
1.021212
1.015152
1.009091
1.003030
0.996970
0.990909
0.984848
0.978788
0.972727
0.966667
0.960606
0.954545
0.948485
0.942424
0.936364
0.930303
0.924242
0.918182
0.912121
0.906061
0.900000
0.893939
0.887879
0.881818
0.875758
0.869697
0.863636
0.857576
0.851515
0.845455
0.839394
0.833333
0.827273
0.821212
0.815152
0.809091
0.803030
0.796970
0.790909
0.784848
0.778788
0.772727
0.766667
0.760606
0.754545
0.748485
0.742424
0.736364
0.730303
0.724242
0.718182
0.712121
0.706061
0.700000