0.415891 0.036856 0.379034 0.000000
0.391644 0.021074 0.370571 0.000000
0.396057 0.020174 0.375882 0.000000
0.403114 0.030038 0.373076 0.000000
0.412471 0.045392 0.367078 0.000000
0.386545 0.008729 0.377815 0.000000
0.378927 0.005622 0.373305 0.000000
0.397910 0.015513 0.382397 0.000000
0.388310 0.016403 0.371907 0.000000
0.388210 0.010158 0.378052 0.000000
0.423981 0.043629 0.380353 0.000000
0.381777 0.005295 0.376483 0.000000
0.403610 0.033549 0.370061 0.000000
0.408523 0.029138 0.379385 0.000000
0.394900 0.019892 0.375008 0.000000