0.403451 0.030879 0.372572 0.000000
0.392472 0.014834 0.377638 0.000000
0.377924 0.003616 0.374308 0.000000
0.399578 0.020425 0.379152 0.000000
0.389509 0.015441 0.374068 0.000000
0.390743 0.020465 0.370278 0.000000
0.388037 0.013620 0.374417 0.000000
0.377484 0.000792 0.376692 0.000000
0.393214 0.017951 0.375263 0.000000
0.382981 0.008283 0.374698 0.000000
0.386656 0.010888 0.375768 0.000000
0.377568 0.002124 0.375444 0.000000
0.388018 0.012631 0.375387 0.000000
0.395675 0.016546 0.379129 0.000000
0.386663 0.011096 0.375568 0.000000