 -48.358546
 -49.032690
 -49.706835
 -50.380980
 -51.055124
 -51.729269
 -52.403414
 -53.077558
 -53.751703
 -54.425848
 -55.099993
 -55.774137
 -56.448282
 -57.122427
 -57.796571
 -58.470716
 -59.144861
 -59.819005
 -60.493150
 -61.167295
 -61.841440
 -62.515584
 -63.189729
 -63.863874
 -64.538018
 -65.212163
 -65.886308
 -66.560453
 -67.234597
 -67.908742
 -68.582887
 -69.257031
 -69.931176
 -70.605321
 -71.279465
 -71.953610
 -72.627755
 -73.301900
 -73.976044
 -74.650189
 -75.324334
 -75.998478
 -76.672623
 -77.346768
 -78.020912
 -78.695057
 -79.369202
 -80.043347
 -80.717491
 -81.391636
 -82.065781
 -82.739925
 -83.414070
 -84.088215
 -84.762360
 -85.436504
 -86.110649
 -86.784794
 -87.458938
 -88.133083
 -88.807228
 -89.481372
 -90.155517
 -90.829662
 -91.503807
 -92.177951
 -92.852096
 -93.526241
 -94.200385
 -94.874530
 -95.548675
 -96.222819
 -96.896964
 -97.571109
 -98.245254
 -98.919398
 -99.593543
-100.267688
-100.941832
-101.615977
-102.290122
-102.964267
-103.638411
-104.312556
-104.986701
-105.660845
-106.334990
-107.009135
-107.683279
-108.357424
-109.031569
-109.705714
-110.379858
-111.054003
-111.728148
-112.402292
-113.076437
-113.750582
-114.424726
-115.098871