0.059852 0.000036 0.059816 0.000000
0.059841 0.000026 0.059815 0.000000
0.059870 0.000055 0.059815 0.000000
0.059900 0.000085 0.059815 0.000000
0.059821 0.000004 0.059817 0.000000
0.059850 0.000036 0.059814 0.000000
0.059884 0.000065 0.059819 0.000000
0.059852 0.000036 0.059816 0.000000
0.059838 0.000022 0.059815 0.000000
0.059904 0.000089 0.059815 0.000000
0.059857 0.000039 0.059818 0.000000
0.059841 0.000027 0.059815 0.000000
0.059881 0.000063 0.059818 0.000000
0.059849 0.000033 0.059816 0.000000
0.059878 0.000061 0.059817 0.000000