  0.000000   0.000000   0.000000   0.000000   0.000000  -0.059870   3.537370
  0.010000   0.000000   0.000000  -0.000599   0.035374 -20.613423 -35.640063
  0.020000  -0.000006   0.000354  -0.206733  -0.321027 -35.258880 -61.611153
  0.030000  -0.002073  -0.002857  -0.559322  -0.937138 -45.088612 -68.711897
  0.040000  -0.007667  -0.012228  -1.010208  -1.624257 -49.957380 -80.635347
  0.050000  -0.017769  -0.028470  -1.509782  -2.430611 -51.838402 -81.316921
  0.060000  -0.032866  -0.052777  -2.028166  -3.243780 -49.488233 -79.494796
  0.070000  -0.053148  -0.085214  -2.523048  -4.038728 -45.753658 -72.656084
  0.080000  -0.078379  -0.125602  -2.980585  -4.765289 -38.464008 -61.674807
  0.090000  -0.108184  -0.173255  -3.365225  -5.382037 -30.908367 -49.353995
  0.100000  -0.141837  -0.227075  -3.674308  -5.875577 -20.818917 -33.351493
  0.110000  -0.178580  -0.285831  -3.882498  -6.209092 -10.989220 -17.641159
  0.120000  -0.217405  -0.347922  -3.992390  -6.385503  -0.075940  -0.124086
  0.130000  -0.257329  -0.411777  -3.993149  -6.386744  10.535904  16.766252
  0.140000  -0.297260  -0.475644  -3.887790  -6.219082  20.516552  32.835802
  0.150000  -0.336138  -0.537835  -3.682625  -5.890724  30.328545  48.447914
  0.160000  -0.372964  -0.596742  -3.379339  -5.406245  37.886361  60.627072
  0.170000  -0.406758  -0.650805  -3.000475  -4.799974  45.136413  72.166374
  0.180000  -0.436762  -0.698804  -2.549111  -4.078310  49.060263  78.499198
  0.190000  -0.462254  -0.739587  -2.058509  -3.293318  51.779472  82.821511
  0.200000  -0.482839  -0.772521  -1.540714  -2.465103  51.099859  81.754849
  0.210000  -0.498246  -0.797172  -1.029715  -1.647555  47.117654  75.413095
  0.220000  -0.508543  -0.813647  -0.558539  -0.893424  40.792175  65.455568
  0.230000  -0.514128  -0.822581  -0.150617  -0.238868  25.804760  43.089979
  0.240000  -0.515634  -0.824970   0.107430   0.192032  11.580188  21.553125
  0.250000  -0.514560  -0.823050   0.223232   0.407563   8.228429  -0.127568
  0.260000  -0.512328  -0.818974   0.305517   0.406287  14.402778 -10.058541
  0.270000  -0.509273  -0.814911   0.449544   0.305702  36.910156  -7.070093
  0.280000  -0.504777  -0.811854   0.818646   0.235001  50.633340  -4.759263
  0.290000  -0.496591  -0.809504   1.324979   0.187408  57.898565  -3.709014
  0.300000  -0.483341  -0.807630   1.903965   0.150318  60.195435  -2.961247
  0.310000  -0.464301  -0.806127   2.505919   0.120706  58.113128  -2.377595
  0.320000  -0.439242  -0.804920   3.087051   0.096930  53.617079  -1.909039
  0.330000  -0.408372  -0.803951   3.623221   0.077839  45.361416  -1.533347
  0.340000  -0.372139  -0.803172   4.076836   0.062506  36.269606  -1.231283
  0.350000  -0.331371  -0.802547   4.439532   0.050193  24.463047  -0.988834
  0.360000  -0.286976  -0.802045   4.684162   0.040305  12.706976  -0.794080
  0.370000  -0.240134  -0.801642   4.811232   0.032364  -0.304669  -0.637651
  0.380000  -0.192022  -0.801319   4.808185   0.025988 -12.863532  -0.512077
  0.390000  -0.143940  -0.801059   4.679550   0.020867 -24.972013  -0.411170
  0.400000  -0.097144  -0.800850   4.429830   0.016755 -36.472533  -0.330197
  0.410000  -0.052846  -0.800682   4.065104   0.013453 -45.747567  -0.265117
  0.420000  -0.012195  -0.800548   3.607629   0.010802 -54.304901  -0.212902
  0.430000   0.023881  -0.800440   3.064580   0.008673 -58.975723  -0.170935
  0.440000   0.054527  -0.800353   2.474823   0.006964 -62.580571  -0.137264
  0.450000   0.079275  -0.800284   1.849017   0.005591 -61.184866  -0.110205
  0.460000   0.097765  -0.800228   1.237168   0.004489 -57.355398  -0.088492
  0.470000   0.110137  -0.800183   0.663614   0.003604 -48.920236  -0.071047
  0.480000   0.116773  -0.800147   0.174412   0.002893 -32.651076  -0.057047
  0.490000   0.118517  -0.800118  -0.152099   0.002323 -16.362574  -0.045801
  0.500000   0.116996  -0.800095  -0.315725   0.001865   4.307152  -0.036772
  0.510000   0.113839  -0.800076  -0.272653   0.001497   4.059402  -0.029535
  0.520000   0.111113  -0.800061  -0.232059   0.001202   3.716902  -0.023717
  0.530000   0.108792  -0.800049  -0.194890   0.000965   3.327362  -0.019041
  0.540000   0.106843  -0.800039  -0.161617   0.000774   2.923983  -0.015284
  0.550000   0.105227  -0.800032  -0.132377   0.000622   2.529136  -0.012267
  0.560000   0.103903  -0.800025  -0.107085   0.000499   2.157168  -0.009845
  0.570000   0.102832  -0.800020  -0.085514   0.000400   1.816539  -0.007901
  0.580000   0.101977  -0.800016  -0.067348   0.000321   1.511469  -0.006340
  0.590000   0.101304  -0.800013  -0.052234   0.000258   1.243190  -0.005087
  0.600000   0.100781  -0.800011  -0.039802   0.000207   1.010913  -0.004082
  0.610000   0.100383  -0.800008  -0.029693   0.000166   0.812540  -0.003276
  0.620000   0.100086  -0.800007  -0.021567   0.000134   0.645207  -0.002629
  0.630000   0.099871  -0.800005  -0.015115   0.000107   0.505669  -0.002110
  0.640000   0.099720  -0.800004  -0.010058   0.000086   0.390572  -0.001694
  0.650000   0.099619  -0.800004  -0.006153   0.000069   0.296638  -0.001360
  0.660000   0.099557  -0.800003  -0.003186   0.000056   0.220787  -0.001092
  0.670000   0.099526  -0.800002  -0.000978   0.000045   0.160202  -0.000877
  0.680000   0.099516  -0.800002   0.000624   0.000036   0.112363  -0.000704
  0.690000   0.099522  -0.800001   0.001747   0.000029   0.075058  -0.000565
  0.700000   0.099540  -0.800001   0.002498   0.000023   0.046370  -0.000454