  0.000000   0.000000   0.000000   0.000000   0.000000  -0.059870   3.537370
  0.010000   0.000000   0.000000  -0.000599   0.035374 -36.164329  88.767191
  0.020000  -0.000006   0.000354  -0.362242   0.923046 -56.109819 105.196360
  0.030000  -0.003628   0.009584  -0.923340   1.975009 -65.511658  94.672469
  0.040000  -0.012862   0.029334  -1.578457   2.921734 -67.077660  56.326897
  0.050000  -0.028646   0.058552  -2.249233   3.485003 -64.521418  20.147205
  0.060000  -0.051139   0.093402  -2.894448   3.686475 -57.610112 -14.519765
  0.070000  -0.080083   0.130266  -3.470549   3.541277 -49.732206 -40.827705
  0.080000  -0.114789   0.165679  -3.967871   3.133000 -38.965442 -57.663333
  0.090000  -0.154467   0.197009  -4.357525   2.556367 -28.670829 -67.254296
  0.100000  -0.198043   0.222573  -4.644233   1.883824 -16.552299 -67.484436
  0.110000  -0.244485   0.241411  -4.809756   1.208980  -5.323783 -62.964655
  0.120000  -0.292583   0.253501  -4.862994   0.579333   6.458791 -52.401936
  0.130000  -0.341212   0.259294  -4.798406   0.055314  17.514253 -39.060535
  0.140000  -0.389197   0.259847  -4.623264  -0.335292  27.609810 -23.910262
  0.150000  -0.435429   0.256494  -4.347166  -0.574394  37.293200  -7.269326
  0.160000  -0.478901   0.250750  -3.974234  -0.647088  44.550563   7.313450
  0.170000  -0.518643   0.244280  -3.528728  -0.573953  51.386533  22.165413
  0.180000  -0.553930   0.238540  -3.014863  -0.352299  54.828536  32.353017
  0.190000  -0.584079   0.235017  -2.466577  -0.028769  57.033204  40.791653
  0.200000  -0.608745   0.234729  -1.896245   0.379148  55.832340  43.894999
  0.210000  -0.627707   0.238521  -1.337922   0.818098  51.340721  41.628556
  0.220000  -0.641087   0.246702  -0.824515   1.234383  44.530285  35.550685
  0.230000  -0.649332   0.259046  -0.379212   1.589890  29.090375  16.805061
  0.240000  -0.653124   0.274945  -0.088308   1.757941  14.450264  -1.407483
  0.250000  -0.654007   0.292524   0.056194   1.743866  10.721819 -20.074688
  0.260000  -0.653445   0.309963   0.163413   1.543119  16.558362 -27.303217
  0.270000  -0.651811   0.325394   0.328996   1.270087  38.765551 -21.913251
  0.280000  -0.648521   0.338095   0.716652   1.050954  52.224049 -17.484935
  0.290000  -0.641354   0.348604   1.238892   0.876105  59.257470 -14.580256
  0.300000  -0.628965   0.357365   1.831467   0.730302  61.352536 -12.218054
  0.310000  -0.610651   0.364668   2.444992   0.608122  59.095461 -10.236263
  0.320000  -0.586201   0.370750   3.035947   0.505759  54.448766  -8.562530
  0.330000  -0.555841   0.375807   3.580435   0.420134  46.063790  -7.152334
  0.340000  -0.520037   0.380008   4.041073   0.348611  36.861397  -5.965611
  0.350000  -0.479626   0.383495   4.409686   0.288955  24.960596  -4.969225
  0.360000  -0.435529   0.386384   4.659292   0.239262  13.124458  -4.133935
  0.370000  -0.388936   0.388777   4.790537   0.197923   0.044982  -3.434856
  0.380000  -0.341031   0.390756   4.790987   0.163574 -12.571197  -2.850756
  0.390000  -0.293121   0.392392   4.665275   0.135067 -24.727993  -2.363332
  0.400000  -0.246468   0.393742   4.417995   0.111434 -36.269149  -1.957263
  0.410000  -0.202289   0.394857   4.055303   0.091861 -45.578293  -1.619306
  0.420000  -0.161735   0.395775   3.599521   0.075668 -54.164204  -1.338480
  0.430000  -0.125740   0.396532   3.057878   0.062283 -58.858924  -1.105326
  0.440000  -0.095162   0.397155   2.469289   0.051230 -62.483726  -0.912028
  0.450000  -0.070469   0.397667   1.844452   0.042109 -61.104655  -0.751898
  0.460000  -0.052024   0.398088   1.233405   0.034591 -57.289033  -0.619412
  0.470000  -0.039690   0.398434   0.660515   0.028396 -48.865382  -0.509879
  0.480000  -0.033085   0.398718   0.171861   0.023298 -32.605779  -0.419423
  0.490000  -0.031366   0.398951  -0.154197   0.019103 -16.325202  -0.344773
  0.500000  -0.032908   0.399142  -0.317449   0.015656   4.337959  -0.283226
  0.510000  -0.036083   0.399299  -0.274069   0.012823   4.084777  -0.232532
  0.520000  -0.038823   0.399427  -0.233221   0.010498   3.737786  -0.190791
  0.530000  -0.041156   0.399532  -0.195843   0.008590   3.344538  -0.156449
  0.540000  -0.043114   0.399618  -0.162398   0.007026   2.938099  -0.128216
  0.550000  -0.044738   0.399688  -0.133017   0.005744   2.540730  -0.105020
  0.560000  -0.046068   0.399745  -0.107610   0.004693   2.166684  -0.085976
  0.570000  -0.047144   0.399792  -0.085943   0.003834   1.824345  -0.070351
  0.580000  -0.048004   0.399831  -0.067699   0.003130   1.517868  -0.057538
  0.590000  -0.048681   0.399862  -0.052521   0.002555   1.248434  -0.047038
  0.600000  -0.049206   0.399888  -0.040036   0.002084   1.015207  -0.038437
  0.610000  -0.049606   0.399908  -0.029884   0.001700   0.816055  -0.031396
  0.620000  -0.049905   0.399925  -0.021724   0.001386   0.648083  -0.025634
  0.630000  -0.050122   0.399939  -0.015243   0.001130   0.508021  -0.020922
  0.640000  -0.050275   0.399951  -0.010163   0.000920   0.392494  -0.017070
  0.650000  -0.050376   0.399960  -0.006238   0.000750   0.298209  -0.013922
  0.660000  -0.050439   0.399967  -0.003256   0.000610   0.222070  -0.011351
  0.670000  -0.050471   0.399973  -0.001035   0.000497   0.161249  -0.009251
  0.680000  -0.050482   0.399978   0.000578   0.000404   0.113218  -0.007538
  0.690000  -0.050476   0.399982   0.001710   0.000329   0.075755  -0.006140
  0.700000  -0.050459   0.399986   0.002467   0.000268   0.046938  -0.005000