  0.000000   0.000000   0.000000   0.000000   0.000000  -0.059870   3.537370
  0.010000   0.000000   0.000000  -0.000599   0.035374 -46.531601 171.705360
  0.020000  -0.000006   0.000354  -0.465915   1.752427 -70.010446 216.401369
  0.030000  -0.004665   0.017878  -1.166019   3.916441 -79.127022 203.595380
  0.040000  -0.016325   0.057042  -1.957289   5.952395 -78.491181 147.635060
  0.050000  -0.035898   0.116566  -2.742201   7.428745 -72.976762  87.789956
  0.060000  -0.063320   0.190854  -3.471969   8.306645 -63.024698  28.796923
  0.070000  -0.098040   0.273920  -4.102216   8.594614 -52.384571 -19.608786
  0.080000  -0.139062   0.359866  -4.626061   8.398526 -39.299731 -54.989017
  0.090000  -0.185323   0.443852  -5.019059   7.848636 -27.179138 -79.187830
  0.100000  -0.235513   0.522338  -5.290850   7.056758 -13.707887 -90.239731
  0.110000  -0.288422   0.592906  -5.427929   6.154361  -1.546825 -93.180320
  0.120000  -0.342701   0.654449  -5.443397   5.222557  10.815278 -87.253837
  0.130000  -0.397135   0.706675  -5.335245   4.350019  22.166485 -76.278393
  0.140000  -0.450487   0.750175  -5.113580   3.587235  32.338649 -61.740970
  0.150000  -0.501623   0.786047  -4.790193   2.969825  41.936303 -44.414153
  0.160000  -0.549525   0.815746  -4.370830   2.525684  48.993365 -28.228964
  0.170000  -0.593234   0.841002  -3.880896   2.243394  55.553280 -11.168561
  0.180000  -0.632042   0.863436  -3.325364   2.131709  58.674051   1.588896
  0.190000  -0.665296   0.884753  -2.738623   2.147598  60.535692  12.771748
  0.200000  -0.692682   0.906229  -2.133266   2.275315  58.987328  18.655098
  0.210000  -0.714015   0.928983  -1.543393   2.461866  54.156100  19.105530
  0.220000  -0.729449   0.953601  -1.001832   2.652921  47.022359  15.614096
  0.230000  -0.739467   0.980130  -0.531608   2.809062  31.280785  -0.718217
  0.240000  -0.744783   1.008221  -0.218801   2.801880  16.363648 -16.714555
  0.250000  -0.746971   1.036240  -0.055164   2.634735  12.384079 -33.372767
  0.260000  -0.747523   1.062587   0.068677   2.301007  17.995418 -38.799667
  0.270000  -0.746836   1.085597   0.248631   1.913010  40.002480 -31.808690
  0.280000  -0.744350   1.104727   0.648656   1.594923  53.284522 -25.968717
  0.290000  -0.737863   1.120677   1.181501   1.335236  60.163407 -21.827750
  0.300000  -0.726048   1.134029   1.783135   1.116959  62.123936 -18.389259
  0.310000  -0.708217   1.145199   2.404374   0.933066  59.750350 -15.475375
  0.320000  -0.684173   1.154529   3.001878   0.778312  55.003223 -12.998191
  0.330000  -0.654154   1.162312   3.551910   0.648330  46.532039 -10.898325
  0.340000  -0.618635   1.168796   4.017230   0.539347  37.255924  -9.121830
  0.350000  -0.578463   1.174189   4.389790   0.448129  25.292295  -7.622819
  0.360000  -0.534565   1.178670   4.642713   0.371901  13.402779  -6.360504
  0.370000  -0.488138   1.182389   4.776740   0.308296   0.278082  -5.299660
  0.380000  -0.440371   1.185472   4.779521   0.255299 -12.376307  -4.409875
  0.390000  -0.392575   1.188025   4.655758   0.211200 -24.565313  -3.664773
  0.400000  -0.346018   1.190137   4.410105   0.174553 -36.133561  -3.041973
  0.410000  -0.301917   1.191883   4.048769   0.144133 -45.465444  -2.522098
  0.420000  -0.261429   1.193324   3.594115   0.118912 -54.070406  -2.088866
  0.430000  -0.225488   1.194513   3.053411   0.098023 -58.781058  -1.728253
  0.440000  -0.194954   1.195494   2.465600   0.080741 -62.419162  -1.428538
  0.450000  -0.170298   1.196301   1.841409   0.066455 -61.051180  -1.179694
  0.460000  -0.151884   1.196966   1.230897   0.054658 -57.244790  -0.973359
  0.470000  -0.139575   1.197512   0.658449   0.044925 -48.828813  -0.802434
  0.480000  -0.132990   1.197961   0.170161   0.036900 -32.575581  -0.661006
  0.490000  -0.131289   1.198330  -0.155595   0.030290 -16.300288  -0.544088
  0.500000  -0.132845   1.198633  -0.318598   0.024849   4.358497  -0.447528
  0.510000  -0.136031   1.198882  -0.275013   0.020374   4.101693  -0.367863
  0.520000  -0.138781   1.199086  -0.233996   0.016696   3.751709  -0.302174
  0.530000  -0.141121   1.199252  -0.196479   0.013674   3.355989  -0.248055
  0.540000  -0.143085   1.199389  -0.162919   0.011193   2.947510  -0.203503
  0.550000  -0.144715   1.199501  -0.133444   0.009158   2.548459  -0.166855
  0.560000  -0.146049   1.199593  -0.107959   0.007490   2.173028  -0.136730
  0.570000  -0.147129   1.199668  -0.086229   0.006122   1.829550  -0.111984
  0.580000  -0.147991   1.199729  -0.067933   0.005002   1.522135  -0.091670
  0.590000  -0.148670   1.199779  -0.052712   0.004086   1.251930  -0.075004
  0.600000  -0.149197   1.199820  -0.040193   0.003336   1.018070  -0.061340
  0.610000  -0.149599   1.199853  -0.030012   0.002722   0.818398  -0.050142
  0.620000  -0.149899   1.199880  -0.021828   0.002221   0.650000  -0.040971
  0.630000  -0.150118   1.199903  -0.015328   0.001811   0.509588  -0.033463
  0.640000  -0.150271   1.199921  -0.010232   0.001477   0.393775  -0.027320
  0.650000  -0.150373   1.199935  -0.006294   0.001203   0.299255  -0.022297
  0.660000  -0.150436   1.199947  -0.003302   0.000980   0.222925  -0.018190
  0.670000  -0.150469   1.199957  -0.001073   0.000799   0.161947  -0.014834
  0.680000  -0.150480   1.199965   0.000547   0.000650   0.113787  -0.012094
  0.690000  -0.150475   1.199972   0.001685   0.000529   0.076219  -0.009856
  0.700000  -0.150458   1.199977   0.002447   0.000431   0.047317  -0.008030