  0.000000   0.000000   0.000000   0.000000   0.000000  -0.059870   3.537370
  0.010000   0.000000   0.000000  -0.000599   0.035374 -25.797058   5.829022
  0.020000  -0.000006   0.000354  -0.258569   0.093664 -42.209193  -6.008649
  0.030000  -0.002592   0.001290  -0.680661   0.033577 -51.896294 -14.250442
  0.040000  -0.009398   0.001626  -1.199624  -0.108927 -55.664140 -34.981266
  0.050000  -0.021395   0.000537  -1.756266  -0.458740 -56.066074 -47.495545
  0.060000  -0.038957  -0.004051  -2.316926  -0.933695 -52.195526 -57.836452
  0.070000  -0.062126  -0.013387  -2.838882  -1.512060 -47.079841 -62.046625
  0.080000  -0.090515  -0.028508  -3.309680  -2.132526 -38.631152 -60.337649
  0.090000  -0.123612  -0.049833  -3.695991  -2.735902 -30.162521 -55.320762
  0.100000  -0.160572  -0.077192  -3.997617  -3.289110 -19.396711 -44.729141
  0.110000  -0.200548  -0.110083  -4.191584  -3.736401  -9.100741 -32.748991
  0.120000  -0.242464  -0.147447  -4.282591  -4.063891   2.102303 -17.550036
  0.130000  -0.285290  -0.188086  -4.261568  -4.239392  12.862020  -1.842677
  0.140000  -0.327906  -0.230480  -4.132948  -4.257818  22.880972  13.920447
  0.150000  -0.369235  -0.273058  -3.904138  -4.118614  32.650097  29.875501
  0.160000  -0.408276  -0.314245  -3.577637  -3.819859  40.107762  42.855865
  0.170000  -0.444053  -0.352443  -3.176560  -3.391300  47.219787  55.499387
  0.180000  -0.475818  -0.386356  -2.704362  -2.836306  50.983021  63.117137
  0.190000  -0.502862  -0.414719  -2.194532  -2.205135  53.530716  68.811559
  0.200000  -0.524807  -0.436771  -1.659224  -1.517019  52.677353  69.134899
  0.210000  -0.541400  -0.451941  -1.132451  -0.825670  48.525343  64.151582
  0.220000  -0.552724  -0.460198  -0.647197  -0.184155  42.038212  55.487274
  0.230000  -0.559196  -0.462039  -0.226815   0.370718  26.899965  34.328340
  0.240000  -0.561464  -0.458332   0.042184   0.714001  12.536880  13.899589
  0.250000  -0.561042  -0.451192   0.167553   0.852997   9.059559  -6.776608
  0.260000  -0.559367  -0.442662   0.258149   0.785231  15.121306 -15.806767
  0.270000  -0.556785  -0.434810   0.409362   0.627164  37.528621 -12.017812
  0.280000  -0.552692  -0.428538   0.784648   0.506985  51.163576  -9.001154
  0.290000  -0.544845  -0.423468   1.296284   0.416974  58.351533  -7.332762
  0.300000  -0.531882  -0.419298   1.879799   0.343646  60.581135  -6.046850
  0.310000  -0.513084  -0.415862   2.485610   0.283178  58.440572  -4.997151
  0.320000  -0.488228  -0.413030   3.070016   0.233206  53.894308  -4.126869
  0.330000  -0.457528  -0.410698   3.608959   0.191938  45.595541  -3.406343
  0.340000  -0.421439  -0.408779   4.064915   0.157874  36.466870  -2.809392
  0.350000  -0.380789  -0.407200   4.429583   0.129780  24.628897  -2.315631
  0.360000  -0.336494  -0.405902   4.675872   0.106624  12.846137  -1.907365
  0.370000  -0.289735  -0.404836   4.804334   0.087550  -0.188119  -1.570053
  0.380000  -0.241692  -0.403960   4.802452   0.071850 -12.766087  -1.291637
  0.390000  -0.193667  -0.403242   4.674792   0.058933 -24.890673  -1.061890
  0.400000  -0.146919  -0.402653   4.425885   0.048315 -36.404738  -0.872552
  0.410000  -0.102660  -0.402169   4.061837   0.039589 -45.691143  -0.716513
  0.420000  -0.062042  -0.401774   3.604926   0.032424 -54.258002  -0.588094
  0.430000  -0.025993  -0.401449   3.062346   0.026543 -58.936790  -0.482398
  0.440000   0.004631  -0.401184   2.472978   0.021719 -62.548289  -0.395519
  0.450000   0.029361  -0.400967   1.847495   0.017764 -61.158129  -0.324102
  0.460000   0.047836  -0.400789   1.235914   0.014523 -57.333277  -0.265466
  0.470000   0.060195  -0.400644   0.662581   0.011868 -48.901951  -0.217324
  0.480000   0.066821  -0.400525   0.173562   0.009695 -32.635977  -0.177839
  0.490000   0.068556  -0.400428  -0.152798   0.007916 -16.350116  -0.145458
  0.500000   0.067028  -0.400349  -0.316299   0.006462   4.317421  -0.118923
  0.510000   0.063865  -0.400284  -0.273125   0.005273   4.067860  -0.097200
  0.520000   0.061134  -0.400232  -0.232446   0.004301   3.723863  -0.079408
  0.530000   0.058809  -0.400189  -0.195208   0.003507   3.333087  -0.064844
  0.540000   0.056857  -0.400154  -0.161877   0.002858   2.928688  -0.052928
  0.550000   0.055239  -0.400125  -0.132590   0.002329   2.533000  -0.043185
  0.560000   0.053913  -0.400102  -0.107260   0.001897   2.160340  -0.035222
  0.570000   0.052840  -0.400083  -0.085657   0.001545   1.819141  -0.028717
  0.580000   0.051984  -0.400067  -0.067465   0.001258   1.513602  -0.023406
  0.590000   0.051309  -0.400055  -0.052329   0.001024   1.244938  -0.019071
  0.600000   0.050786  -0.400044  -0.039880   0.000833   1.012344  -0.015534
  0.610000   0.050387  -0.400036  -0.029756   0.000677   0.813712  -0.012649
  0.620000   0.050089  -0.400029  -0.021619   0.000551   0.646166  -0.010298
  0.630000   0.049873  -0.400024  -0.015158   0.000448   0.506453  -0.008381
  0.640000   0.049721  -0.400019  -0.010093   0.000364   0.391212  -0.006819
  0.650000   0.049621  -0.400016  -0.006181   0.000296   0.297162  -0.005547
  0.660000   0.049559  -0.400013  -0.003209   0.000241   0.221215  -0.004511
  0.670000   0.049527  -0.400010  -0.000997   0.000195   0.160551  -0.003668
  0.680000   0.049517  -0.400008   0.000608   0.000159   0.112648  -0.002982
  0.690000   0.049523  -0.400007   0.001735   0.000129   0.075290  -0.002424
  0.700000   0.049540  -0.400006   0.002488   0.000105   0.046560  -0.001969