  0.000000   0.000000   0.000000   0.000000   0.000000  -0.059870   3.537370
  0.010000  -0.000385   0.000213  -0.112413   0.043674 -21.170900   5.414908
  0.020000  -0.002829   0.000792  -0.400314   0.053461 -35.410864  -4.571289
  0.030000  -0.008773   0.000987  -0.803847  -0.027809 -44.496980 -11.668426
  0.040000  -0.019124  -0.000141  -1.273719  -0.229079 -48.810576 -29.463141
  0.050000  -0.034337  -0.004122  -1.771395  -0.586373 -50.284463 -40.522058
  0.060000  -0.054542  -0.012171  -2.265707  -1.040717 -48.011052 -50.303208
  0.070000  -0.079544  -0.025196  -2.728856  -1.572424 -44.514465 -54.905169
  0.080000  -0.108964  -0.043675  -3.143973  -2.123347 -37.880404 -54.635064
  0.090000  -0.142179  -0.067596  -3.487575  -2.655721 -31.072881 -51.420494
  0.100000  -0.178475  -0.096613  -3.756131  -3.133982 -21.895182 -43.163742
  0.110000  -0.216971  -0.129945  -3.928277  -3.516346 -13.063935 -33.605002
  0.120000  -0.256761  -0.166606  -4.012491  -3.794050  -2.982976 -20.678783
  0.130000  -0.296858  -0.205339  -3.990524  -3.929932   6.647188  -7.319111
  0.140000  -0.336292  -0.244799  -3.880142  -3.937915  16.123194   6.852505
  0.150000  -0.374117  -0.283573  -3.669516  -3.793056  25.218027  21.059826
  0.160000  -0.409438  -0.320264  -3.381721  -3.523911  32.735716  33.426265
  0.170000  -0.441486  -0.353611  -3.015837  -3.125220  39.764033  45.323568
  0.180000  -0.469583  -0.382462  -2.595902  -2.631320  44.150207  53.360471
  0.190000  -0.493271  -0.405988  -2.136176  -2.063024  47.359923  59.634847
  0.200000  -0.512246  -0.423585  -1.658258  -1.453452  47.613914  61.318178
  0.210000  -0.526487  -0.435095  -1.194284  -0.853133  45.033614  58.512010
  0.220000  -0.536232  -0.440764  -0.763083  -0.291736  40.076681  52.017347
  0.230000  -0.542050  -0.441352  -0.421240   0.145553  27.818324  35.060155
  0.240000  -0.545083  -0.438413  -0.205500   0.413190  15.891623  17.964659
  0.250000  -0.546435  -0.433701  -0.070053   0.499557  12.720736   0.364709
  0.260000  -0.546477  -0.428876   0.070103   0.451572  17.486966  -7.974791
  0.270000  -0.544608  -0.424743   0.334597   0.378215  35.648130  -6.086385
  0.280000  -0.539259  -0.421235   0.754498   0.325766  46.996170  -4.673520
  0.290000  -0.529241  -0.418200   1.260274   0.282325  53.550035  -4.054138
  0.300000  -0.513903  -0.415571   1.811812   0.244292  56.108627  -3.563718
  0.310000  -0.492985  -0.413299   2.370097   0.210863  55.021094  -3.129876
  0.320000  -0.466579  -0.411340   2.905763   0.181560  51.804628  -2.737165
  0.330000  -0.435026  -0.409655   3.393819   0.155981  45.200138  -2.385334
  0.340000  -0.398953  -0.408209   3.808217   0.133727  37.740666  -2.071390
  0.350000  -0.359134  -0.406970   4.138518   0.114433  27.609469  -1.793489
  0.360000  -0.316547  -0.405912   4.361718   0.097748  17.434121  -1.548524
  0.370000  -0.272232  -0.405008   4.481346   0.083361   5.730967  -1.333695
  0.380000  -0.227336  -0.404238   4.478793   0.070984  -5.560933  -1.146057
  0.390000  -0.182996  -0.403582   4.369761   0.060359 -16.956708  -0.982726
  0.400000  -0.140345  -0.403025   4.142192   0.051257 -27.685206  -0.841081
  0.410000  -0.100447  -0.402553   3.821618   0.043474 -36.966410  -0.718537
  0.420000  -0.064242  -0.402152   3.405118   0.036830 -45.384556  -0.612865
  0.430000  -0.032544  -0.401813   2.925049   0.031168 -50.823505  -0.521910
  0.440000  -0.005925  -0.401526   2.391416   0.026349 -55.062897  -0.443839
  0.450000   0.015226  -0.401284   1.838437   0.022254 -55.141726  -0.376931
  0.460000   0.030879  -0.401079   1.295781   0.018778 -52.945757  -0.319722
  0.470000   0.041264  -0.400906   0.792023   0.015832 -46.508009  -0.270872
  0.480000   0.047072  -0.400761   0.391651   0.013337 -33.461046  -0.229241
  0.490000   0.049519  -0.400638   0.121205   0.011226 -19.696243  -0.193806
  0.500000   0.050057  -0.400535   0.016023   0.009443  -4.306620  -0.163693
  0.510000   0.050113  -0.400448   0.016109   0.007937   1.540106  -0.138134
  0.520000   0.050335  -0.400376   0.026988   0.006667   0.691694  -0.116467
  0.530000   0.050629  -0.400314   0.030893   0.005597   0.130500  -0.098116
  0.540000   0.050938  -0.400263   0.030292   0.004695  -0.220713  -0.082590
  0.550000   0.051226  -0.400220   0.026975   0.003937  -0.421404  -0.069469
  0.560000   0.051473  -0.400184   0.022210   0.003299  -0.516884  -0.058391
  0.570000   0.051669  -0.400154   0.016871   0.002763  -0.541247  -0.049047
  0.580000   0.051811  -0.400128   0.011536   0.002313  -0.519757  -0.041172
  0.590000   0.051901  -0.400107   0.006566   0.001936  -0.470794  -0.034541
  0.600000   0.051944  -0.400090   0.002167   0.001619  -0.407422  -0.028961
  0.610000   0.051946  -0.400075  -0.001566   0.001354  -0.338664  -0.024270
  0.620000   0.051915  -0.400062  -0.004610   0.001131  -0.270512  -0.020327
  0.630000   0.051856  -0.400052  -0.006991   0.000945  -0.206723  -0.017017
  0.640000   0.051777  -0.400043  -0.008766   0.000789  -0.149442  -0.014240
  0.650000   0.051683  -0.400036  -0.010005   0.000659  -0.099682  -0.011910
  0.660000   0.051579  -0.400030  -0.010786   0.000550  -0.057681  -0.009957
  0.670000   0.051468  -0.400025  -0.011184   0.000458  -0.023178  -0.008321
  0.680000   0.051356  -0.400021  -0.011272   0.000382   0.004399  -0.006951
  0.690000   0.051244  -0.400017  -0.011117   0.000319   0.025785  -0.005804
  0.700000   0.051134  -0.400014  -0.010775   0.000266   0.041785  -0.004845