  0.000000   0.000000   0.000000   0.000000   0.000000  -0.059870   3.537370
  0.010000  -0.000467   0.000873  -0.136238   0.234274 -25.368150  38.992908
  0.020000  -0.003393   0.005307  -0.475733   0.656814 -41.191524  41.673991
  0.030000  -0.010386   0.013889  -0.938344   1.048170 -50.339959  35.075406
  0.040000  -0.022364   0.025773  -1.463380   1.288208 -53.903901  11.283460
  0.050000  -0.039710   0.038859  -2.006604   1.295304 -54.263834  -8.687092
  0.060000  -0.062445   0.051057  -2.534687   1.111124 -50.783962 -28.119930
  0.070000  -0.090256   0.060503  -3.019760   0.754806 -46.143810 -41.870411
  0.080000  -0.122649   0.065809  -3.446034   0.293135 -38.509086 -49.605609
  0.090000  -0.158902   0.066188  -3.791648  -0.223140 -30.876367 -52.992612
  0.100000  -0.198217   0.061325  -4.054865  -0.744110 -21.052873 -49.902217
  0.110000  -0.239650   0.051487  -4.216064  -1.214050 -11.742991 -44.172553
  0.120000  -0.282246   0.037271  -4.285297  -1.611602  -1.330204 -33.900964
  0.130000  -0.324984   0.019671  -4.245667  -1.888786   8.508382 -22.208667
  0.140000  -0.366875  -0.000139  -4.116057  -2.050594  18.092796  -8.904316
  0.150000  -0.406960  -0.020835  -3.885527  -2.064962  27.217698   5.062463
  0.160000  -0.444341  -0.041042  -3.577839  -1.954963  34.706221  17.662224
  0.170000  -0.478252  -0.059479  -3.192581  -1.711266  41.662380  30.136792
  0.180000  -0.508023  -0.074938  -2.754151  -1.365324  45.946802  38.987714
  0.190000  -0.533206  -0.086506  -2.277051  -0.936029  49.035941  46.226706
  0.200000  -0.553508  -0.093486  -1.783021  -0.455347  49.158971  48.957720
  0.210000  -0.568922  -0.095616  -1.304270   0.026753  46.443775  47.230723
  0.220000  -0.579699  -0.093032  -0.859640   0.480718  41.352792  41.808462
  0.230000  -0.586420  -0.086388  -0.505689   0.821146  28.964655  25.889513
  0.240000  -0.590243  -0.077135  -0.279107   1.002052  16.914779   9.779408
  0.250000  -0.592282  -0.066928  -0.134012   1.011227  13.628808  -6.899872
  0.260000  -0.592920  -0.057335   0.014687   0.894904  18.288874 -14.390057
  0.270000  -0.591567  -0.049076   0.286707   0.761332  36.353130 -11.726379
  0.280000  -0.586663  -0.042007   0.713213   0.656050  47.613492  -9.612096
  0.290000  -0.577028  -0.035905   1.224761   0.566431  54.088633  -8.362922
  0.300000  -0.562019  -0.030641   1.781327   0.488174  56.577003  -7.310726
  0.310000  -0.541384  -0.026109   2.343978   0.419816  55.427191  -6.378651
  0.320000  -0.515220  -0.022215   2.883424   0.360271  52.155769  -5.546295
  0.330000  -0.483873  -0.018877   3.374745   0.308574  45.503004  -4.808257
  0.340000  -0.447977  -0.016020   3.791956   0.263819  38.001294  -4.156410
  0.350000  -0.408307  -0.013580   4.124674   0.225181  27.833275  -3.583934
  0.360000  -0.365848  -0.011499   4.349948   0.191902  17.625931  -3.083005
  0.370000  -0.321642  -0.009727   4.471353   0.163306   5.895057  -2.646417
  0.380000  -0.276838  -0.008219   4.470318   0.138783  -5.420794  -2.267175
  0.390000  -0.232576  -0.006939   4.362582   0.117794 -16.837211  -1.938702
  0.400000  -0.189992  -0.005853   4.136117   0.099860 -27.583461  -1.655045
  0.410000  -0.150149  -0.004933   3.816482   0.084562 -36.879898  -1.410635
  0.420000  -0.113991  -0.004155   3.400780   0.071533 -45.311091  -1.200586
  0.430000  -0.082333  -0.003496   2.921389   0.060451 -50.761194  -1.020393
  0.440000  -0.055748  -0.002940   2.388330   0.051038 -55.010107  -0.866154
  0.450000  -0.034626  -0.002471   1.835837   0.043053 -55.097050  -0.734334
  0.460000  -0.018996  -0.002075   1.293592   0.036287 -52.907986  -0.621886
  0.470000  -0.008632  -0.001741   0.790181   0.030560 -46.476106  -0.526093
  0.480000  -0.002841  -0.001461   0.390103   0.025718 -33.434124  -0.444617
  0.490000  -0.000408  -0.001225   0.119905   0.021627 -19.673544  -0.375402
  0.500000   0.000119  -0.001026   0.014931   0.018175  -4.287496  -0.316684
  0.510000   0.000164  -0.000859   0.015193   0.015264   1.556205  -0.266927
  0.520000   0.000378  -0.000719   0.026220   0.012811   0.705237  -0.224811
  0.530000   0.000665  -0.000602   0.030249   0.010746   0.141884  -0.189194
  0.540000   0.000968  -0.000503   0.029753   0.009008  -0.211149  -0.159103
  0.550000   0.001251  -0.000421   0.026524   0.007548  -0.413374  -0.133706
  0.560000   0.001494  -0.000351   0.021833   0.006321  -0.510147  -0.112289
  0.570000   0.001686  -0.000294   0.016555   0.005291  -0.535597  -0.094244
  0.580000   0.001825  -0.000245   0.011272   0.004427  -0.515022  -0.079053
  0.590000   0.001913  -0.000205   0.006345   0.003702  -0.466827  -0.066272
  0.600000   0.001954  -0.000171   0.001982   0.003095  -0.404101  -0.055528
  0.610000   0.001955  -0.000142  -0.001720   0.002586  -0.335885  -0.046502
  0.620000   0.001922  -0.000119  -0.004738   0.002160  -0.268188  -0.038924
  0.630000   0.001862  -0.000099  -0.007098   0.001803  -0.204779  -0.032566
  0.640000   0.001782  -0.000082  -0.008856   0.001505  -0.147818  -0.027234
  0.650000   0.001687  -0.000069  -0.010080   0.001256  -0.098325  -0.022765
  0.660000   0.001582  -0.000057  -0.010848   0.001047  -0.056548  -0.019022
  0.670000   0.001471  -0.000048  -0.011236   0.000873  -0.022232  -0.015888
  0.680000   0.001358  -0.000040  -0.011316   0.000728   0.005188  -0.013265
  0.690000   0.001246  -0.000033  -0.011153   0.000606   0.026443  -0.011071
  0.700000   0.001136  -0.000027  -0.010805   0.000505   0.042334  -0.009237