  0.621164   1.267835  -0.605922  -0.155699   0.943398   0.091272   1.218748   0.168354   0.000000  -0.000000  -0.000000   0.000000   0.000000   0.000000   0.000000   0.000000  -0.000000  -0.000000   0.000000   0.000000   0.000000   0.000000
  0.631117   1.267835  -0.606671  -0.155699   0.943773   0.091272   1.218373   0.169103   0.000000  -0.075243   0.000000   0.037621   0.000000  -0.037621   0.075243   0.000000  -7.560100   0.000000   3.780050   0.000000  -3.780050   7.560100
  0.641069   1.267835  -0.605952  -0.155699   0.944150   0.090903   1.218364   0.168015   0.000000   0.072285   0.000000   0.037964  -0.037053  -0.000911  -0.109338   0.000000  14.822980   0.000000   0.034399  -3.722944   3.688545 -18.545924
  0.651022   1.267099  -0.606659  -0.156067   0.943429   0.091257   1.219101   0.169076  -0.073992  -0.071034  -0.036996  -0.072513   0.035517   0.073992   0.106551  -7.434418 -14.400077  -3.717209 -11.100257   7.291543   7.525923  21.691620
  0.660974   1.267434  -0.605958  -0.156448   0.943764   0.091272   1.219131   0.168390   0.033651   0.070375  -0.038260   0.033651   0.001536   0.003072  -0.068839  10.815585  14.208221  -0.126994  10.666974  -3.414253  -7.125727 -17.622474
  0.670927   1.267091  -0.606283  -0.155745   0.943782   0.091993   1.218410   0.167633  -0.034409  -0.032601   0.070627   0.001808   0.072435  -0.072435  -0.076052  -6.838486 -10.346645  10.940539  -3.199469   7.123688  -7.586724  -0.724750
  0.680880   1.267790  -0.606667  -0.155699   0.944142   0.091317   1.219807   0.167948   0.070186  -0.038565   0.004629   0.036250  -0.067872   0.140373   0.031622  10.509382  -0.599217  -6.631260   3.460603 -14.097559  21.382160  10.818653
  0.690832   1.267835  -0.605599  -0.155335   0.943802   0.091272   1.218808   0.168334   0.004563   0.107303   0.036528  -0.034247  -0.004563  -0.100458   0.038810  -6.593555  14.656252   3.205147  -7.083269   6.361017 -24.197778   0.722252
  0.700785   1.267835  -0.606623  -0.155677   0.943782   0.091633   1.218748   0.168716   0.000000  -0.102892  -0.034297  -0.002004   0.036301  -0.006011   0.038305  -0.458508 -21.119630  -7.116295   3.239637   4.105912   9.489656  -0.050741
  0.710738   1.268193  -0.606331  -0.155699   0.944140   0.091297   1.218389   0.167663   0.035996   0.029303  -0.002231   0.035996  -0.033765  -0.035996  -0.105756   3.616698  13.282463   3.221921   3.818030  -7.039952  -3.012702 -14.474680
  0.720690   1.267505  -0.606306  -0.156056   0.943451   0.091272   1.218007   0.168301  -0.069202   0.002536  -0.035869  -0.069202  -0.002536  -0.038406   0.064129 -10.569841  -2.689390  -3.379849 -10.569841   3.137691  -0.242158  17.069374
  0.730643   1.267096  -0.606306  -0.155727   0.943398   0.091272   1.218337   0.168354  -0.041082   0.000000   0.033093  -0.005326   0.000000   0.033093   0.005326   2.825430  -0.254856   6.929048   6.418033   0.254856   7.183904  -5.908320
  0.740595   1.267776  -0.606306  -0.156053   0.943752   0.091272   1.218010   0.168708   0.068323   0.000000  -0.032773   0.035550   0.000000  -0.032773   0.035550  10.992568   0.000000  -6.618000   4.107013   0.000000  -6.618000   3.036793
  0.750548   1.267835  -0.606306  -0.156083   0.944133   0.091272   1.218683   0.169089   0.005965   0.000000  -0.002982   0.038238   0.000000   0.067529   0.038238  -6.265551   0.000000   2.993300   0.270086   0.000000  10.077974   0.270086
  0.760501   1.267835  -0.607006  -0.155733   0.943815   0.091272   1.219098   0.168772   0.000000  -0.070294   0.035147  -0.031871   0.000000   0.041700  -0.031871  -0.599303  -7.062895   3.831099  -7.044219   0.000000  -2.595141  -7.044219
  0.770453   1.267488  -0.606726  -0.155699   0.943434   0.091272   1.218437   0.168391  -0.034892   0.028123   0.003385  -0.038277   0.000000  -0.066400  -0.038277  -3.505855   9.888535  -3.191340  -0.643733   0.000000 -10.861486  -0.643733
  0.780406   1.268140  -0.606689  -0.156043   0.943398   0.090928   1.219397   0.168354   0.065542   0.003640  -0.034591  -0.003640  -0.034591   0.096493  -0.003640  10.091251  -2.459942  -3.815655   3.480263  -3.475548  16.366848   3.480263
  0.790358   1.267533  -0.606689  -0.155397   0.943398   0.091574   1.217800   0.168354  -0.061026   0.000000   0.064967   0.000000   0.064967  -0.160447   0.000000 -12.717024  -0.365699  10.003182   0.365699  10.003182 -25.816328   0.365699
  0.800311   1.267452  -0.606689  -0.155655   0.943398   0.090976   1.218276   0.168015  -0.008156   0.000000  -0.025952   0.000000  -0.060060   0.047826  -0.034108   5.312160   0.000000  -9.135204   0.000000 -12.562242  20.926489  -3.427037
  0.810264   1.267113  -0.606689  -0.156375   0.944413   0.091565   1.218702   0.168309  -0.033975   0.000000  -0.072373   0.101924   0.059101   0.042823   0.029551  -2.594171   0.000000  -4.664225  10.240916  11.972850  -0.502733   6.396159
  0.820216   1.267739  -0.607025  -0.155795   0.943878   0.091655   1.219419   0.168690   0.062857  -0.033707   0.058300  -0.053742   0.009115   0.071972   0.038265   9.729268  -3.386773  13.129508 -15.640713  -5.022411   2.928788   0.875567
  0.830169   1.267499  -0.606400  -0.155699   0.943109   0.091319   1.218169   0.168738  -0.024149   0.062772   0.009650  -0.077247  -0.033798  -0.125544   0.004825  -8.742001   9.693862  -4.888149  -2.361639  -4.311768 -19.845640  -3.359906
  0.840122   1.267117  -0.605972  -0.155365   0.944018   0.090938   1.217981   0.168069  -0.038326   0.043060   0.033592   0.091310  -0.038326  -0.018935  -0.067185  -1.424468  -1.980631   2.405657  16.935861  -0.454904  10.711704  -7.235224
  0.850074   1.268055  -0.606251  -0.155973   0.943836   0.091217   1.219954   0.168629   0.094171  -0.028097  -0.061134  -0.018217   0.028097   0.198221   0.056194  13.312764  -7.149544  -9.517726 -11.004843   6.673925  21.818992  12.396613
  0.860027   1.267888  -0.606306  -0.156413   0.943451   0.091603   1.218628   0.168407  -0.016750  -0.005495  -0.044226  -0.038731   0.038731  -0.133208  -0.022246 -11.144935   2.270951   1.698819  -2.061132   1.068465 -33.300783  -7.881317
  0.869979   1.267507  -0.606634  -0.156138   0.944054   0.091655   1.218692   0.169010  -0.038229  -0.032933   0.027637   0.060569   0.005296   0.006452   0.060569  -2.158085  -2.756821   7.220503   9.977324  -3.359411  14.032526   8.320918
  0.879932   1.267777  -0.606689  -0.156408   0.944491   0.091004   1.218097   0.168145   0.027115  -0.005599  -0.027115   0.043913  -0.065429  -0.059830  -0.086945   6.565516   2.746358  -5.501238  -1.673557  -7.106178  -6.659701 -14.821635
  0.889885   1.267509  -0.607342  -0.155813   0.943896   0.091215   1.218960   0.168624  -0.026989  -0.065614   0.059796  -0.059796   0.021172   0.086785   0.048161  -5.436191  -6.030012   8.732497 -10.420292   8.701274  14.731287  13.574867
  0.899837   1.267774  -0.607779  -0.155699   0.943782   0.091272   1.218487   0.168094   0.026643  -0.043819   0.011450  -0.011450   0.005725  -0.047561  -0.053286   5.388743   2.189890  -4.857577   4.857577  -1.551986 -13.498542 -10.192951
  0.909790   1.267519  -0.605945  -0.155383   0.944413   0.091588   1.218364   0.168287  -0.025573   0.184259   0.031737   0.063474   0.031737  -0.012328   0.019409  -5.246472  22.916383   2.038334   7.528164   2.613583   3.540030   7.304112
  0.919742   1.267133  -0.606493  -0.155634   0.944230   0.091019   1.218682   0.168673  -0.038765  -0.055140  -0.025175  -0.018380  -0.057145   0.031970   0.038765  -1.325423 -24.053933  -5.718311  -8.224422  -8.930512   4.450866   1.944756
  0.929695   1.266747  -0.606369  -0.155699   0.944165   0.091209   1.218427   0.168738  -0.038800   0.012551  -0.006562  -0.006562   0.019113  -0.025675   0.006562  -0.003556   6.801333   1.870125   1.187403   7.662096  -5.791971  -3.235569
  0.939648   1.266685  -0.605992  -0.155385   0.943537   0.091272   1.218364   0.168424  -0.006294   0.037828   0.031533  -0.063067   0.006294  -0.006294  -0.031533   3.266048   2.539729   3.827715  -5.677369  -1.287986   1.947340  -3.827715
  0.949600   1.266996  -0.606856  -0.155627   0.943709   0.091583   1.218364   0.168354   0.031264  -0.086793  -0.024265   0.017267   0.031264   0.000000  -0.006999   3.773695 -12.521393  -5.606433   8.071601   2.508835   0.632430   2.465168
  0.959553   1.266755  -0.606760  -0.155699   0.943468   0.091029   1.218991   0.168668  -0.024220   0.009683  -0.007268  -0.024220  -0.055708   0.062976   0.031488  -5.574781   9.693538   1.707782  -4.168395  -8.738588   6.327613   3.866999
  0.969506   1.267305  -0.606689  -0.156009   0.943708   0.091198   1.217891   0.168428   0.055259   0.007044  -0.031151   0.024107   0.017063  -0.110517  -0.024107   7.985699  -0.265188  -2.399676   4.855734   7.311792 -17.431978  -5.586024
  0.979458   1.268070  -0.606071  -0.156083   0.943782   0.090963   1.219451   0.168354   0.076851   0.062089  -0.007381   0.007381  -0.023664   0.156745  -0.007381   2.169494   5.530750   2.388376  -1.680628  -4.092129  26.853503   1.680628
  0.989411   1.267911  -0.606230  -0.155467   0.943474   0.091196   1.218667   0.168662  -0.015941  -0.015941   0.061832  -0.030916   0.023429  -0.078739   0.030916  -9.323379  -7.840201   6.954216  -3.847903   4.731668 -23.660559   3.847903
  0.999363   1.267229  -0.606306  -0.155316   0.943701   0.091575   1.218364   0.168738  -0.068527  -0.007616   0.015232   0.022839   0.038072  -0.030465   0.007616  -5.283631   0.836461  -4.682145   5.401119   1.471279   4.850457  -2.341073
  1.009316   1.267673  -0.606306  -0.155618   0.943782   0.091353   1.218062   0.168738   0.044668   0.000000  -0.030411   0.008077  -0.022334  -0.030411   0.000000  11.373402   0.765241  -4.586025  -1.483297  -6.069322   0.005421  -0.765241
  1.019269   1.267535  -0.607206  -0.155699   0.944082   0.091572   1.218881   0.168738  -0.013912  -0.090466  -0.008121   0.030155   0.022034   0.082344   0.000000  -5.885928  -9.089646   2.239532   2.218373   4.457905  11.329177   0.000000
  1.029221   1.267452  -0.607156  -0.155399   0.943865   0.091355   1.218831   0.168438  -0.008377   0.005044   0.030175  -0.021798  -0.021798  -0.005044  -0.030175   0.556186   9.596497   3.847881  -5.220079  -4.404067  -8.780486  -3.031870
  1.039174   1.267749  -0.607073  -0.155613   0.944079   0.091569   1.219045   0.168057   0.029885   0.008357  -0.021528   0.021528   0.021528   0.021528  -0.038242   3.844415   0.332833  -5.194927   4.353254   4.353254   2.669909  -0.810558
  1.049127   1.268129  -0.607073  -0.155993   0.944165   0.090774   1.217956   0.168558   0.038161   0.000000  -0.038161   0.008647  -0.079894  -0.109408   0.050380   0.831491  -0.839685  -1.671176  -1.294245 -10.190509 -13.155930   8.904458
  1.059079   1.266744  -0.606483  -0.156083   0.943870   0.091095   1.218187   0.168443  -0.139189   0.059283  -0.009018  -0.029641   0.032228   0.023209  -0.011605 -17.819394   5.956518   2.928100  -3.847071  11.265568  13.324856  -6.228022
  1.069032   1.267172  -0.606306  -0.156373   0.943782   0.091853   1.218074   0.168645   0.043077   0.017781  -0.029177  -0.008891   0.076135  -0.011395   0.020286  18.313345  -4.169926  -2.025421   2.084963   4.411584  -3.476947   3.204251
  1.078984   1.267741  -0.606306  -0.156177   0.943492   0.090881   1.219139   0.168738   0.057148   0.000000   0.019726  -0.029082  -0.097617   0.106972   0.009355   1.413854  -1.786592   4.913593  -2.028743 -17.457855  11.893118  -1.098259
  1.088937   1.267549  -0.606879  -0.156083   0.943685   0.091365   1.219228   0.168451  -0.019348  -0.057597   0.009450   0.019348   0.048595   0.009002  -0.028798  -7.686076  -5.787107  -1.032523   4.866076  14.690751  -9.843644  -3.833553
  1.098890   1.267736  -0.607357  -0.156083   0.943497   0.091086   1.218562   0.168354   0.018853  -0.048054   0.000000  -0.018853  -0.027973  -0.066908  -0.009734   3.838347   0.958794  -0.949516  -3.838347  -7.693214  -7.627133   1.915552
  1.108842   1.267835  -0.606319  -0.155798   0.943683   0.091173   1.218649   0.168070   0.009945   0.104341   0.028572   0.018626   0.008681   0.008681  -0.028572  -0.895066  15.312087   2.870754   3.765820   3.682884   7.594889  -1.892753
  1.118795   1.267269  -0.607055  -0.155982   0.943782   0.091272   1.218465   0.167971  -0.056882  -0.073921  -0.018480   0.009961   0.009961  -0.018480  -0.009961  -6.714500 -17.911085  -4.727582  -0.870710   0.128534  -2.729094   1.869954
  1.128747   1.267349  -0.606613  -0.155802   0.943782   0.090991   1.218364   0.168252   0.008052   0.044339   0.018143   0.000000  -0.028235  -0.010091   0.028235   6.524316  11.882343   3.679814  -1.000800  -3.837713   0.842901   3.837713
  1.138700   1.267452  -0.606585  -0.155699   0.943782   0.091447   1.218364   0.168354   0.010297   0.002809   0.010297   0.000000   0.045869   0.000000   0.010297   0.225582  -4.172796  -0.788344   0.000000   7.445651   1.013926  -1.802270
  1.148653   1.267452  -0.606689  -0.155699   0.943782   0.091104   1.218088   0.168354   0.000000  -0.010449   0.000000   0.000000  -0.034523  -0.027710   0.000000  -1.034642  -1.332100  -1.034642   0.000000  -8.077435  -2.784212  -1.034642
  1.158605   1.267452  -0.606414  -0.155975   0.943782   0.090888   1.217981   0.168630   0.000000   0.027714  -0.027714   0.000000  -0.021644  -0.010822   0.027714   0.000000   3.834417  -2.784553   0.000000   1.294011   1.696870   2.784553
  1.168558   1.267452  -0.607124  -0.155537   0.943782   0.091433   1.217981   0.168738   0.000000  -0.071338   0.043953   0.000000   0.054771   0.000000   0.010819   0.000000  -9.952362   7.200758   0.000000   7.677892   1.087342  -1.697551
  1.178511   1.267994  -0.607185  -0.155587   0.944053   0.091384   1.218252   0.168738   0.054498  -0.006191  -0.004956   0.027249  -0.004956   0.027249   0.000000   5.475703   6.545808  -4.914155   2.737852  -6.001157   2.737852  -1.087002
  1.188463   1.267404  -0.607073  -0.155970   0.943894   0.091272   1.219178   0.168738  -0.059240   0.011283  -0.038552  -0.015986  -0.011283   0.093090   0.000000 -11.427927   1.755704  -3.375629  -4.344025  -0.635753   6.615480   0.000000
  1.198416   1.267606  -0.606535  -0.155545   0.943782   0.091003   1.218708   0.168738   0.020230   0.054020   0.042757  -0.011263  -0.027010  -0.047240   0.000000   7.984882   4.293991   8.169595   0.474495  -1.580144 -14.099838   0.000000
  1.208368   1.267835  -0.606039  -0.155582   0.943782   0.090888   1.218631   0.168738   0.023044   0.049814  -0.003725   0.000000  -0.011522  -0.007797   0.000000   0.282756  -0.422565  -4.670314   1.131678   1.556139   3.963097   0.000000
  1.218321   1.267308  -0.606449  -0.155436   0.944308   0.090888   1.219011   0.168475  -0.052925  -0.041163   0.014700   0.052925   0.000000   0.038225  -0.026463  -7.633160  -9.141032   1.851330   5.317744   1.157708   4.624122  -2.658872
  1.228274   1.267331  -0.606164  -0.155578   0.944549   0.090888   1.218606   0.168617   0.002270   0.028678  -0.014339   0.024139   0.000000  -0.040747   0.014339   5.545781   7.017342  -2.917751  -2.892380   0.000000  -7.934834   4.099591
  1.238226   1.267714  -0.606709  -0.155699   0.944024   0.090888   1.218364   0.168214   0.038466  -0.054779  -0.012124  -0.052684   0.000000  -0.024248  -0.040561   3.636876  -8.385413   0.222566  -7.718885   0.000000   1.657815  -5.516086
  1.248179   1.268094  -0.606295  -0.155440   0.943522   0.091148   1.218883   0.168230   0.038237   0.041570   0.026047  -0.050426   0.026047   0.052093   0.001667  -0.023057   9.680775   3.835214   0.226870   2.617061   7.670429   4.242839
  1.258131   1.267703  -0.606180  -0.155831   0.944171   0.091272   1.218616   0.168354  -0.039296   0.011566  -0.039296   0.065187   0.012485  -0.026811   0.012485  -7.790192  -3.014735  -6.565397  11.616401  -1.362568  -7.927965   1.087021
  1.268084   1.267195  -0.606562  -0.155570   0.944036   0.091272   1.218108   0.168611  -0.051031  -0.038390   0.026215  -0.013574   0.000000  -0.051031   0.025749  -1.179074  -5.019335   6.582314  -7.913588  -1.254493  -2.433567   1.332636
  1.278037   1.267576  -0.606435  -0.155316   0.944036   0.090764   1.218235   0.168484   0.038270   0.012743   0.025567  -0.000040  -0.051053   0.012743  -0.012743   8.972603   5.137653  -0.065128   1.359797  -5.129618   6.407794  -3.867513
  1.287989   1.267586  -0.606805  -0.155565   0.943916   0.091004   1.218863   0.168354   0.000957  -0.037102  -0.025054  -0.012048   0.024097   0.063113  -0.013006  -3.749019  -5.008272  -5.086167  -1.206530   7.550761   5.060996  -0.026362
  1.297942   1.267699  -0.606330  -0.155699   0.944029   0.091272   1.218636   0.168354   0.011414   0.047721  -0.013478   0.011414   0.026956  -0.022829   0.000000   1.050692   8.522725   1.163080   2.357438   0.287332  -8.635112   1.306746
  1.307895   1.267587  -0.606419  -0.155699   0.944165   0.091023   1.218613   0.168106  -0.011316  -0.008993   0.000000   0.013640  -0.024956  -0.002323  -0.024956  -2.283903  -5.698460   1.354238   0.223584  -5.215963   2.060319  -2.507488
  1.317847   1.267204  -0.606442  -0.155452   0.943918   0.090888   1.218501   0.168218  -0.038416  -0.002312   0.024840  -0.024840  -0.013576  -0.011264   0.011264  -2.722883   0.671342   2.495853  -3.866304   1.143421  -0.898372   3.639273
  1.327800   1.267558  -0.606551  -0.155316   0.943782   0.091134   1.219100   0.168600   0.035570  -0.010939   0.013692  -0.013692   0.024631   0.060201   0.038323   7.433844  -0.866830  -1.120151   1.120151   3.838880   7.180523   2.718729
  1.337752   1.267592  -0.606203  -0.155316   0.943782   0.091028   1.219515   0.168494   0.003342   0.035020   0.000000   0.000000  -0.010559   0.041704  -0.010559  -3.238142   4.617774  -1.375702   1.375702  -3.535773  -1.858511  -4.911475
  1.347705   1.267452  -0.606404  -0.155316   0.944022   0.091370   1.218792   0.168114  -0.014072  -0.020245   0.000000   0.024194   0.034316  -0.072582  -0.038265  -1.749634  -5.552770   0.000000   2.430906   4.508921 -11.482944  -2.783798
  1.357658   1.267452  -0.606689  -0.155316   0.943925   0.091655   1.218364   0.168211   0.000000  -0.028676   0.000000  -0.009780   0.028676  -0.043015   0.009780   1.413852  -0.847189   0.000000  -3.413535  -0.566664   2.970774   4.827388
  1.367610   1.267689  -0.606927  -0.155791   0.944019   0.091893   1.218127   0.168117   0.023885  -0.023885  -0.047771   0.009471   0.023885  -0.023885  -0.009471   2.399901   0.481395  -4.799803   1.934253  -0.481395   1.922044  -1.934253
  1.377563   1.267600  -0.606838  -0.155848   0.943696   0.091334   1.218216   0.168675  -0.008944   0.008944  -0.005703  -0.032535  -0.056125   0.008944   0.056125  -3.298547   3.298547   4.226795  -4.220569  -8.039145   3.298547   6.590868
  1.387515   1.267910  -0.606689  -0.155470   0.943857   0.091347   1.218364   0.168892   0.031134   0.014941   0.037979   0.016192   0.001251   0.014941   0.021787   4.026840   0.602610   4.388988   4.895883   5.764927   0.602610  -3.450202
  1.397468   1.268219  -0.606463  -0.155542   0.943712   0.091882   1.218138   0.168738   0.030989   0.022742  -0.007248  -0.014495   0.053731  -0.022742  -0.015495  -0.014535   0.783790  -4.544196  -3.083370   5.273022  -3.786301  -3.745872
  1.407421   1.268219  -0.606535  -0.155699   0.943627   0.091352   1.218439   0.168738   0.000000  -0.007217  -0.015790  -0.008573  -0.053231   0.030224   0.000000  -3.113659  -3.010183  -0.858293   0.595060 -10.747136   5.321830   1.556830
  1.417373   1.268447  -0.606461  -0.155470   0.943553   0.091117   1.218062   0.168509   0.022970   0.007445   0.022970  -0.007445  -0.023605  -0.037860  -0.022970   2.307943   1.473173   3.894452   0.113336   2.976651  -6.840799  -2.307943
  1.427326   1.268152  -0.606531  -0.155541   0.943849   0.091272   1.218048   0.168805  -0.029701  -0.007070  -0.007070   0.029701   0.015562  -0.001423   0.029701  -5.292203  -1.458360  -3.018268   3.732295   3.935391   3.661051   5.292203
  1.437279   1.267835  -0.606914  -0.155699   0.943940   0.091272   1.217915   0.168672  -0.031801  -0.038491  -0.015900   0.009210   0.000000  -0.013381  -0.013381  -0.210978  -3.157151  -0.887295  -2.058878  -1.563611  -1.201511  -4.328734
  1.447231   1.268058  -0.606181  -0.155699   0.944005   0.091272   1.217151   0.168577   0.022401   0.073664   0.000000   0.006460   0.000000  -0.076685  -0.009481   5.446019  11.268902   1.597619  -0.276299   0.000000  -6.360486   0.391858
  1.457184   1.268661  -0.606424  -0.155920   0.943722   0.091493   1.216609   0.168517   0.060611  -0.024437  -0.022240  -0.028349   0.022240  -0.054502  -0.006109   3.839191  -9.856732  -2.234599  -3.497508   2.234599   2.228814   0.338790
  1.467136   1.268766  -0.607073  -0.156083   0.943838   0.091435   1.216007   0.168354   0.010490  -0.065168  -0.016292   0.011604  -0.005802  -0.060480  -0.016292  -5.035981  -4.092516   0.597644   4.014353  -2.817563  -0.600647  -1.023129
  1.477089   1.269036  -0.606856  -0.155865   0.943948   0.091706   1.215246   0.168137   0.027183   0.021810   0.021810   0.011066   0.027183  -0.076497  -0.021810   1.677207   8.739238   3.828372  -0.054073   3.314162  -1.609312  -0.554462
  1.487042   1.269369  -0.606473  -0.155915   0.943782   0.091823   1.214913   0.168187   0.033444   0.038417  -0.004973  -0.016722   0.011749  -0.033444   0.004973   0.629077   1.668541  -2.691101  -2.791992  -1.550744   4.325830   2.691101
  1.496994   1.269156  -0.606519  -0.155656   0.943568   0.091655   1.214486   0.168568  -0.021429  -0.004592   0.026021  -0.021429  -0.016837  -0.042858   0.038266  -5.513370  -4.321320   3.114139  -0.472957  -2.872188  -0.945914   3.345145
  1.506947   1.268986  -0.606689  -0.155527   0.943610   0.092078   1.214146   0.168526  -0.017103  -0.017103   0.012961   0.004142   0.042490  -0.034206  -0.004142   0.434635  -1.257099  -1.312158   2.569257   5.960978   0.869269  -4.260990
  1.516899   1.269196  -0.606689  -0.155699   0.943572   0.092422   1.213516   0.168984   0.021093   0.000000  -0.017287  -0.003806   0.034574  -0.063280   0.045993   3.837838   1.718460  -3.039230  -0.798608  -0.795379  -2.921215   5.037365
  1.526852   1.269369  -0.606481  -0.155491   0.943398   0.093048   1.212578   0.168880   0.017439   0.020940   0.020940  -0.017439   0.062821  -0.094197  -0.010505  -0.367202   2.104019   3.840951  -1.369730   2.838191  -3.106431  -5.676730
  1.536805   1.269369  -0.606306  -0.155522   0.943398   0.093986   1.212641   0.168561   0.000000   0.017592  -0.003142   0.000000   0.094242   0.006284  -0.032041  -1.752176  -0.336483  -2.419694   1.752176   3.156976  10.095917  -2.163869
  1.546757   1.269572  -0.606509  -0.155699   0.943398   0.094543   1.212386   0.168941   0.020407  -0.020407  -0.017799   0.000000   0.056004  -0.025623   0.038205   2.050389  -3.817925  -1.472667   0.000000  -3.841956  -3.205833   7.058128
  1.556710   1.269753  -0.606689  -0.155699   0.943398   0.094723   1.211442   0.168719   0.018125  -0.018125   0.000000   0.000000   0.018125  -0.094820  -0.022318  -0.229224   0.229224   1.788343   0.000000  -3.805910  -6.952616  -6.081167
  1.566663   1.270153  -0.606890  -0.155899   0.943598   0.095324   1.210878   0.168154   0.040235  -0.020117  -0.020117   0.020117   0.060352  -0.056738  -0.056738   2.221485  -0.200160  -2.021325   2.021325   4.242811   3.826263  -3.458399
  1.576615   1.270917  -0.606874  -0.156281   0.943583   0.096073   1.210694   0.168170   0.076761   0.001551  -0.038381  -0.001551   0.075210  -0.018415   0.001551   3.670028   2.177207  -1.835014  -2.177207   1.492822   3.850605   5.856715
  1.586568   1.270892  -0.607281  -0.156466   0.943596   0.096652   1.209510   0.168354  -0.002526  -0.040922  -0.018566   0.001263   0.058224  -0.118975   0.018566  -7.966512  -4.267519   1.990895   0.282798  -1.706632 -10.103935   1.709563
  1.596520   1.270715  -0.607840  -0.156271   0.944173   0.097024   1.208002   0.168354  -0.017769  -0.056109   0.019637   0.057976   0.037406  -0.151490   0.000000  -1.531553  -1.525944   3.838446   5.698281  -2.091778  -3.267002  -1.865444
  1.606473   1.270903  -0.607452  -0.156276   0.944549   0.097218   1.207239   0.168548   0.018896   0.038954  -0.000581   0.037791   0.019477  -0.076745   0.019477   3.683939   9.551528  -2.031422  -2.028091  -1.801415   7.510114   1.956973
  1.616426   1.271479  -0.607265  -0.156466   0.944549   0.097792   1.206859   0.168162   0.057904   0.018809  -0.019055   0.000000   0.057657  -0.038110  -0.038848   3.919370  -2.024091  -1.856161  -3.797106   3.836224   3.881889  -5.860314
  1.626378   1.272054  -0.607456  -0.156657   0.944549   0.097603   1.206859   0.168159   0.057693  -0.019231  -0.019137   0.000000  -0.018950   0.000000  -0.000280  -0.021182  -3.822102  -0.008271   0.000000  -7.697261   3.829163   3.875159
  1.636331   1.272054  -0.607456  -0.156850   0.944359   0.096645   1.207049   0.167979   0.000000   0.000000  -0.019395  -0.019055  -0.096295   0.019055  -0.018038  -5.796741   1.932247  -0.025849  -1.914617  -7.771276   1.914617  -1.784182
  1.646284   1.272428  -0.607831  -0.157037   0.944165   0.096445   1.206681   0.167578   0.037638  -0.037638  -0.018819  -0.019477  -0.020135  -0.036980  -0.040269   3.781671  -3.781671   0.057866  -0.042320   7.652301  -5.630187  -2.233714
  1.656236   1.273374  -0.608223  -0.157418   0.944350   0.096641   1.206092   0.167786   0.095056  -0.039427  -0.038256   0.018543   0.019713  -0.059140   0.020884   5.769140  -0.179767  -1.953008   3.820062   4.003758  -2.226588   6.144392
  1.666189   1.273788  -0.608773  -0.157617   0.944549   0.096641   1.205543   0.167771   0.041570  -0.055191  -0.019989   0.019989   0.000000  -0.055191  -0.001592  -5.373990  -1.583970   1.835413   0.145306  -1.980719   0.396749  -2.258275
  1.676141   1.273770  -0.609192  -0.157799   0.944913   0.096641   1.205307   0.168336  -0.001812  -0.042082  -0.018323   0.036646   0.000000  -0.023759   0.056781  -4.358871   1.317188   0.167395   1.673640   0.000000   3.158223   5.865116
  1.686094   1.273790  -0.609171  -0.157819   0.944773   0.096460   1.205347   0.168557   0.002036   0.002036  -0.002036  -0.014099  -0.018172   0.004073   0.022245   0.386669   4.432840   1.636416  -5.098731  -1.825900   2.796424  -3.470017
  1.696047   1.273943  -0.610263  -0.157972   0.944165   0.096257   1.204764   0.168177   0.015387  -0.109727  -0.015387  -0.061079  -0.020360  -0.058593  -0.038233   1.341449 -11.229583  -1.341449  -4.720303  -0.219755  -6.296410  -6.076655
  1.705999   1.274178  -0.611468  -0.158384   0.944165   0.096434   1.205088   0.167971   0.023595  -0.121015  -0.041317   0.000000   0.017722   0.032508  -0.020659   0.824644  -1.134173  -2.605317   6.136964   3.826327   9.153496   1.765824
  1.715952   1.274146  -0.612200  -0.158208   0.944165   0.096641   1.205709   0.167971  -0.003212  -0.073604   0.017598   0.000000   0.020810   0.062429   0.000000  -2.693406   4.763688   5.919575   0.000000   0.310209   3.006320   2.075693
  1.725904   1.274872  -0.613170  -0.158518   0.944165   0.096641   1.205709   0.168316   0.072949  -0.097479  -0.031081   0.000000   0.000000   0.000000   0.034677   7.652345  -2.398839  -4.891110   0.000000  -2.090882  -6.272646   3.484191
  1.735857   1.275846  -0.613763  -0.158980   0.943995   0.096811   1.206220   0.169079   0.097838  -0.059516  -0.046453  -0.017129   0.017129   0.051386   0.076644   2.500743   3.814360  -1.544448  -1.721009   1.721009   5.163027   4.216745
  1.745810   1.275606  -0.613976  -0.158933   0.943948   0.096691   1.206693   0.169005  -0.024099  -0.021404   0.004677  -0.004677  -0.012049   0.047484  -0.007372 -12.251751   3.829382   5.137302   1.251075  -2.931687  -0.392002  -8.441680
  1.755762   1.275396  -0.614634  -0.159315   0.944330   0.096422   1.206640   0.168354  -0.021114  -0.066108  -0.038333   0.038333  -0.027084  -0.005279  -0.065417   0.299872  -4.491743  -4.321449   4.321449  -1.510636  -5.301396  -5.832086
  1.765715   1.276930  -0.616168  -0.159369   0.944878   0.096476   1.207024   0.168190   0.154162  -0.154162  -0.005470   0.055076   0.005470   0.038541  -0.016535  17.611081  -8.847309   3.301950   1.682301   3.270880   4.402770   4.911412
  1.775668   1.277314  -0.617536  -0.159151   0.944988   0.096257   1.207243   0.168299   0.038554  -0.137419   0.021997   0.011038  -0.021997   0.021997   0.010959 -11.615868   1.682225   2.759703  -4.424755  -2.759703  -1.662262   2.762494
  1.785620   1.276817  -0.618517  -0.159312   0.944549   0.095935   1.206759   0.168577  -0.049968  -0.098554  -0.016195  -0.044109  -0.032391  -0.048586   0.027914  -8.894335   3.905058  -3.837374  -5.540956  -1.044335  -7.091847   1.703582
  1.795573   1.277354  -0.619434  -0.159692   0.944549   0.095333   1.206092   0.168354   0.054030  -0.092213  -0.038183   0.000000  -0.060520  -0.067011  -0.022337  10.449312   0.637097  -2.209276   4.431895  -2.826357  -1.851245  -5.048977
  1.805525   1.278278  -0.620427  -0.160075   0.944864   0.095264   1.206250   0.168512   0.092842  -0.099704  -0.038509   0.031647  -0.006862   0.015824   0.015824   3.899729  -0.752673  -0.032753   3.179809   5.391374   8.322859   3.834223
  1.815478   1.278956  -0.621657  -0.160301   0.945004   0.095490   1.206320   0.168582   0.068125  -0.123586  -0.022708   0.014149   0.022708   0.007075   0.007075  -2.483485  -2.399526   1.587615  -1.758156   2.971106  -0.879078  -0.879078
  1.825431   1.278956  -0.623408  -0.160607   0.944549   0.095490   1.206245   0.168507   0.000000  -0.176007  -0.030758  -0.045797   0.000000  -0.007519  -0.007519  -6.844950  -5.267074  -0.808768  -6.023116  -2.281650  -1.466349  -1.466349
  1.835383   1.279259  -0.624784  -0.161219   0.944397   0.095490   1.206325   0.168587   0.030397  -0.138208  -0.061505  -0.015198   0.000000   0.007955   0.007955   3.054134   3.797908  -3.089340   3.074395   0.000000   1.554801   1.554801
  1.845336   1.279723  -0.626077  -0.161302   0.944612   0.095639   1.206540   0.168205   0.046668  -0.129926  -0.008353   0.021609   0.014981   0.021609  -0.038315   1.634841   0.832171   5.340508   3.698291   1.505237   1.371946  -4.649004
  1.855288   1.280018  -0.628047  -0.161805   0.945316   0.095579   1.207243   0.167971   0.029635  -0.197925  -0.050536   0.070653  -0.006084   0.070653  -0.023551  -1.711404  -6.832356  -4.238361   4.927727  -2.116491   4.927727   1.483408
  1.865241   1.280782  -0.630720  -0.163131   0.945461   0.095398   1.206951   0.167825   0.076725  -0.268539  -0.133222   0.014648  -0.018134  -0.029296  -0.014648   4.731498  -7.094972  -8.307999  -5.627186  -1.210753 -10.042483   0.894552
  1.875194   1.281112  -0.632674  -0.163369   0.945844   0.095874   1.206912   0.167733   0.033176  -0.196373  -0.023884   0.038476   0.047768  -0.003993  -0.009292  -4.375627   7.250944  10.985821   2.394160   6.621585   2.542363   0.538113
  1.885146   1.281017  -0.633865  -0.163369   0.945940   0.095874   1.207484   0.167971  -0.009587  -0.119648   0.000000   0.009587   0.000000   0.057467   0.023940  -4.296679   7.709060   2.399789  -2.902688  -4.799578   6.175242   3.339070
  1.895099   1.281257  -0.635901  -0.164063   0.945699   0.095596   1.207243   0.167832   0.024179  -0.204566  -0.069727  -0.024179  -0.027891  -0.024179  -0.013945   3.392612  -8.532226  -7.005909  -3.392612  -2.802364  -8.203448  -3.806600
  1.905052   1.281958  -0.638209  -0.165286   0.945839   0.095247   1.207243   0.167727   0.070356  -0.231948  -0.122933   0.014071  -0.035102   0.000000  -0.010515   4.639761  -2.751235  -5.345954   3.843201  -0.724555   2.429374   0.344636
  1.915004   1.282899  -0.640636  -0.165701   0.946221   0.095628   1.207519   0.168247   0.094565  -0.243853  -0.041609   0.038330   0.038330   0.027739   0.052200   2.432365  -1.196152   8.171156   2.437470   7.378215   2.787138   6.301412
  1.924957   1.282815  -0.643168  -0.166301   0.946195   0.095738   1.207874   0.168602  -0.008455  -0.254378  -0.060364  -0.002584   0.011039   0.035701   0.035701 -10.350976  -1.057536  -1.884417  -4.110974  -2.742143   0.800001  -1.657727
  1.934909   1.283558  -0.645328  -0.166322   0.945968   0.096162   1.207895   0.168354   0.074726  -0.216983  -0.002104  -0.022805   0.042623   0.002104  -0.024909   8.357646   3.757234   5.853723  -2.031644   3.173436  -3.375738  -6.089863
  1.944862   1.283690  -0.647497  -0.166820   0.946730   0.096880   1.208525   0.167958   0.013267  -0.217999  -0.050052   0.076586   0.072061   0.063319  -0.039801  -6.175144  -0.101986  -4.817582   9.986356   2.957769   6.150608  -1.496353
  1.954815   1.284204  -0.650304  -0.167213   0.947233   0.095612   1.208646   0.167727   0.051550  -0.281994  -0.039427   0.050530  -0.127345   0.012123  -0.023225   3.846504  -6.430066   1.067484  -2.617976 -20.035475  -5.143980   1.665488
  1.964767   1.284838  -0.653231  -0.167971   0.947233   0.095495   1.208652   0.168479   0.063773  -0.294073  -0.076169   0.000000  -0.011798   0.000598   0.075571   1.228134  -1.213612  -3.691664  -5.077058  11.609669  -1.157976   9.926699
  1.974720   1.285092  -0.655896  -0.168224   0.947233   0.096511   1.209034   0.167971   0.025538  -0.267849  -0.025451   0.000000   0.102067   0.038351  -0.051077  -3.841663   2.634906   5.095906   0.000000  11.440708   3.793319 -12.725112
  1.984672   1.285338  -0.658801  -0.168984   0.947356   0.096655   1.208777   0.167725   0.024720  -0.291884  -0.076333   0.012360   0.014533  -0.025806  -0.024720  -0.082254  -2.414928  -5.112339   1.241873  -8.795030  -6.446297   2.648254
  1.994625   1.285739  -0.662112  -0.169626   0.947858   0.095753   1.208898   0.167204   0.040210  -0.332627  -0.064479   0.050442  -0.090651   0.012135  -0.052344   1.556371  -4.093753   1.190990   3.826298 -10.568519   3.812170  -2.775616
  2.004578   1.285476  -0.665071  -0.170011   0.948384   0.095858   1.209038   0.167571  -0.026397  -0.297300  -0.038700   0.052795   0.010511   0.014094   0.036909  -6.692427   3.549542   2.590145   0.236448  10.164438   0.196912   8.967822
  2.014530   1.285717  -0.667985  -0.170393   0.948504   0.096399   1.208898   0.168234   0.024268  -0.292809  -0.038363   0.012134   0.054420  -0.014095   0.066553   5.090650   0.451205   0.033891  -4.085449   4.411714  -2.832388   2.978575
  2.024483   1.286243  -0.671171  -0.170890   0.949237   0.095874   1.209160   0.168088   0.052796  -0.320146  -0.049988   0.073577  -0.052796   0.026398  -0.014603   2.866427  -2.746717  -1.167985   6.173559 -10.772632   4.068615  -8.154332
  2.034436   1.286243  -0.673957  -0.171307   0.950647   0.095989   1.209045   0.168008   0.000000  -0.279930  -0.041879   0.141738   0.011596  -0.011596  -0.008051  -5.304768   4.040824   0.814740   6.848504   6.469888  -3.817504   0.658406
  2.044388   1.286356  -0.677118  -0.171039   0.951339   0.096144   1.208777   0.167543   0.011346  -0.317601   0.026936   0.069463   0.015590  -0.026936  -0.046771   1.139979  -3.785048   6.914251  -7.261908   0.401336  -1.541315  -3.890476
  2.054341   1.286295  -0.680326  -0.171260   0.951179   0.096095   1.208777   0.168354  -0.006099  -0.322343  -0.022190  -0.016091  -0.004996   0.000000   0.081559  -1.752783  -0.476449  -4.936021  -8.596107  -2.068445   2.706435  12.894095
  2.064293   1.285695  -0.683225  -0.171916   0.951671   0.096641   1.208996   0.168245  -0.060275  -0.291219  -0.065892   0.049473   0.054874   0.022036  -0.011018  -5.443423   3.127150  -4.390964   6.587601   6.015512   2.214057  -9.301756
  2.074246   1.286351  -0.686666  -0.172189   0.952544   0.096641   1.209761   0.167971   0.065931  -0.345751  -0.027514   0.087736   0.000000   0.076834  -0.027514  12.680718  -5.479102   3.856025   3.844551  -5.513523   5.505874  -1.657498
  2.084199   1.286410  -0.690225  -0.172189   0.953586   0.096749   1.209986   0.167863   0.005848  -0.357576   0.000000   0.104671   0.010891   0.022586  -0.010891  -6.036943  -1.188187   2.764526   1.701544   1.094284  -5.450550   1.670243
  2.094151   1.285963  -0.693703  -0.172397   0.954136   0.096920   1.209056   0.167691  -0.044838  -0.349524  -0.020889   0.055282   0.017196  -0.093368  -0.017196  -5.092654   0.809105  -2.098874  -4.962371   0.633551 -11.650631  -0.633551
  2.104104   1.286141  -0.696478  -0.172854   0.954443   0.096641   1.208777   0.168277   0.017823  -0.278729  -0.045910   0.030794  -0.028087  -0.028087   0.058881   6.295875   7.113161  -2.514013  -2.460497  -4.549952   6.559133   7.643996
  2.114056   1.285658  -0.699735  -0.172774   0.955589   0.096842   1.209180   0.168719  -0.048504  -0.327323   0.008031   0.115158   0.020237   0.040473   0.044329  -6.664280  -4.882565   5.419789   8.476531   4.855422   6.888727  -1.462152
  2.124009   1.285189  -0.703531  -0.173533   0.956631   0.097601   1.210117   0.167684  -0.047100  -0.381413  -0.076283   0.104696   0.076283   0.094200  -0.103927   0.141096  -5.434748  -8.471486  -1.051089   5.631280   5.398221 -14.896230
  2.133962   1.285574  -0.707179  -0.174009   0.957497   0.097882   1.209349   0.167873   0.038616  -0.366539  -0.047797   0.087044   0.028174  -0.077232   0.018993   8.612419   1.494557   2.862094  -1.773638  -4.833774 -17.224838  12.350545
  2.143914   1.285666  -0.710240  -0.173917   0.958548   0.097218   1.208970   0.167491   0.009281  -0.307523   0.009281   0.105601  -0.066721  -0.038001  -0.038440  -2.947535   5.929664   5.734960   1.864542  -9.534710   3.941824  -5.770663
  2.153867   1.285092  -0.713667  -0.174585   0.959216   0.097791   1.209544   0.167204  -0.057624  -0.344283  -0.067106   0.067106   0.057624   0.057624  -0.028812  -6.722333  -3.693471  -7.675060  -3.867800  12.493763   9.608049   0.967406
  2.163820   1.285184  -0.717778  -0.175057   0.960055   0.097700   1.209452   0.167387   0.009218  -0.413125  -0.047486   0.084357  -0.009218  -0.009218   0.018436   6.716039  -6.916994   1.971412   1.733289  -6.716039  -6.716039   4.747282
  2.173772   1.285567  -0.720548  -0.175732   0.961988   0.097408   1.209251   0.167971   0.038454  -0.278321  -0.067769   0.194166  -0.029314  -0.020174   0.058628   2.937578  13.544522  -2.037954  11.033144  -2.019204  -1.100831   4.038408
  2.183725   1.285680  -0.723604  -0.176203   0.962931   0.097587   1.209365   0.167881   0.011409  -0.307067  -0.047375   0.094750   0.017983   0.011409  -0.008992  -2.717445  -2.888298   2.049078  -9.988915   4.752252   3.173314  -6.794195
  2.193677   1.285006  -0.726734  -0.177051   0.964280   0.098088   1.208950   0.167501  -0.067764  -0.314474  -0.085131   0.135529   0.050398  -0.041714  -0.038224  -7.955013  -0.744218  -3.793587   4.097301   3.256895  -5.337608  -2.937150
  2.203630   1.284624  -0.730260  -0.177771   0.965044   0.097706   1.209544   0.167460  -0.038412  -0.354275  -0.072419   0.076825  -0.038412   0.059698  -0.004158   2.949177  -3.999033   1.277265  -5.898353  -8.923296  10.189473   3.422824
  2.213583   1.284409  -0.733827  -0.177509   0.965975   0.097575   1.209544   0.168187  -0.021577  -0.358422   0.026372   0.093501  -0.013186   0.000000   0.073123   1.691523  -0.416699   9.926169   1.675604   2.534632  -5.998173   7.764885
  2.223535   1.284478  -0.736544  -0.178632   0.967252   0.098098   1.209621   0.167665   0.006894  -0.272977  -0.112815   0.128313   0.052533   0.007749  -0.052533   2.860731   8.585182 -13.985004   3.497698   6.603215   0.778573 -12.625442
  2.233488   1.283479  -0.739552  -0.178802   0.967956   0.097871   1.209848   0.167812  -0.100337  -0.302176  -0.017139   0.070719  -0.022796   0.022796   0.014809 -10.774181  -2.933715   9.613131  -5.786825  -7.568790   1.511898   6.766280
  2.243440   1.283100  -0.742351  -0.180775   0.969401   0.098175   1.209395   0.167278  -0.038034  -0.281215  -0.198248   0.145236   0.030545  -0.045523  -0.053601   6.259953   2.105996 -18.197100   7.487231   5.359515  -6.864430  -6.873592
  2.253393   1.282917  -0.745631  -0.181456   0.969280   0.098112   1.208902   0.167712  -0.018477  -0.329655  -0.068370  -0.012193  -0.006283  -0.049520   0.043610   1.965050  -4.867028  13.049664 -15.817893  -3.700367  -0.401590   9.767373
  2.263346   1.283413  -0.748852  -0.181922   0.970461   0.097936   1.209471   0.168282   0.049913  -0.323621  -0.046833   0.118623  -0.017664   0.057205   0.057205   6.871503   0.606238   2.163871  13.143946  -1.143496  10.723307   1.366015
  2.273298   1.282865  -0.752017  -0.182763   0.971613   0.098558   1.209160   0.168044  -0.055126  -0.317924  -0.084539   0.115779   0.062479  -0.031240  -0.023886 -10.553919   0.572451  -3.788531  -0.285791   8.052514  -8.886605  -8.147778
  2.283251   1.283032  -0.754139  -0.183623   0.972544   0.098558   1.209160   0.168069   0.016847  -0.213222  -0.086371   0.093537   0.000000   0.000000   0.002515   7.231586  10.520089  -0.184001  -2.234842  -6.277696   3.138848   2.652728
  2.293204   1.282275  -0.757303  -0.183644   0.972810   0.098692   1.209294   0.166887  -0.076130  -0.317917  -0.002128   0.026795   0.013397   0.013397  -0.118766  -9.341944 -10.519354   8.464410  -6.705929   1.346127   1.346127 -12.185843
  2.303156   1.281575  -0.760735  -0.185360   0.974012   0.099325   1.210126   0.167270  -0.070310  -0.344908  -0.172454   0.120690   0.063667   0.083598   0.038477   0.584714  -2.711998 -17.113747   9.434182   5.050855   7.053444  15.799156
  2.313109   1.281193  -0.762393  -0.186124   0.973630   0.099519   1.211013   0.167587  -0.038382  -0.166513  -0.076763  -0.038382   0.019480   0.089172   0.031888   3.208078  17.924475   9.614646 -15.982869  -4.439756   0.560097  -0.661995
  2.323061   1.280814  -0.764727  -0.186883   0.973371   0.100355   1.210694   0.167587  -0.038085  -0.234559  -0.076171  -0.025992   0.084024  -0.032039   0.000000   0.029760  -6.837018   0.059520   1.244817   6.485154 -12.178813  -3.204025
  2.333014   1.280310  -0.767231  -0.187649   0.973935   0.099949   1.210815   0.167527  -0.050601  -0.251554  -0.077048   0.056640  -0.040817   0.012077  -0.006039  -1.257554  -1.707549  -0.088173   8.302579 -12.543498   4.432614  -0.606734
  2.342967   1.279223  -0.768991  -0.188588   0.975112   0.101243   1.211286   0.167146  -0.109197  -0.176838  -0.094277   0.118258   0.129974   0.047413  -0.038352  -5.887417   7.507106  -1.731078   6.191138  17.160400   3.550399  -3.246678
  2.352919   1.278397  -0.771944  -0.190214   0.974403   0.101243   1.210428   0.166820  -0.083002  -0.296701  -0.163370  -0.071233   0.000000  -0.086253  -0.032674   2.631890 -12.043348  -6.942217 -19.039303 -13.059283 -13.430204   0.570449
  2.362872   1.277255  -0.774172  -0.190325   0.974022   0.101354   1.211022   0.166765  -0.114754  -0.223904  -0.011208  -0.038251   0.011208   0.059691  -0.005604  -3.190271   7.314373  15.288688   3.313860   1.126127  14.663830   2.719899
  2.372825   1.276163  -0.776193  -0.191035   0.973749   0.102010   1.210858   0.166437  -0.109765  -0.203074  -0.071347  -0.027438   0.065856  -0.016457  -0.032928   0.501219   2.092863  -6.042522   1.086519   5.490854  -7.650982  -2.745427
  2.382777   1.275131  -0.778816  -0.191364   0.973971   0.102063   1.211738   0.166276  -0.103692  -0.263527  -0.033042   0.022296   0.005373   0.088379  -0.016118   0.610204  -6.074081   3.848762   4.997045  -6.077149  10.533485   1.688993
  2.392730   1.272668  -0.780999  -0.191263   0.973209   0.102393   1.210976   0.165540  -0.247394  -0.219328   0.010186  -0.076505   0.033159  -0.076505  -0.074013 -14.438623   4.440977   4.343337  -9.927115   2.791889 -16.566889  -5.817043
  2.402682   1.271427  -0.782621  -0.190646   0.972544   0.102442   1.210262   0.166961  -0.124704  -0.163020   0.062001  -0.066878   0.004877  -0.071756   0.142809  12.327460   5.657578   5.206155   0.967233  -2.841666   0.477178  21.785414
  2.412635   1.269658  -0.784962  -0.190981   0.972544   0.102871   1.209833   0.165381  -0.177765  -0.235148  -0.033655   0.000000   0.043146  -0.043146  -0.158783  -5.331375  -7.247102  -9.611103   6.719660   3.845089   2.874571 -30.302723
  2.422588   1.268862  -0.787398  -0.191063   0.972544   0.103503   1.209160   0.166094  -0.079947  -0.244754  -0.008249   0.000000   0.063448  -0.067573   0.071698   9.828403  -0.965219   2.552649   0.000000   2.039894  -2.454319  23.157739
  2.432540   1.267622  -0.788338  -0.191748   0.972586   0.103288   1.209033   0.166352  -0.124629  -0.094503  -0.068815   0.004281  -0.021564  -0.012844   0.025845  -4.489479  15.096720  -6.085410   0.430166  -8.541672   5.498967  -4.607090
  2.442493   1.265748  -0.790596  -0.191790   0.973012   0.104268   1.208052   0.165627  -0.188320  -0.226838  -0.004267   0.042784   0.098486  -0.098486  -0.072768  -6.399482 -13.296523   6.485571   3.868600  12.062112  -8.604982  -9.908265
  2.452445   1.264186  -0.792577  -0.192092   0.973537   0.103967   1.208433   0.165286  -0.156878  -0.199070  -0.030302   0.052678  -0.030302   0.038229  -0.034266   3.159177   2.789965  -2.615966   0.994121 -12.940133  13.736556   3.868600
  2.462398   1.262320  -0.795205  -0.191748   0.972270   0.104274   1.208704   0.165323  -0.187574  -0.264076   0.034569  -0.127228   0.030886   0.027204   0.003682  -3.084167  -6.531551   6.517998 -18.076280   6.148005  -1.107721   3.812860
  2.472351   1.260722  -0.797426  -0.191748   0.973206   0.103997   1.208255   0.165635  -0.160496  -0.223163   0.000000   0.094001  -0.027817  -0.045087   0.031334   2.720727   4.110850  -3.473343  22.228218  -5.898339  -7.263476   2.778282
  2.482303   1.258524  -0.798964  -0.191748   0.972196   0.104658   1.210515   0.165394  -0.220903  -0.154473   0.000000  -0.101446   0.066430   0.227101  -0.024209  -6.069472   6.901675   0.000000 -19.637690   9.469585  27.348294  -5.580721
  2.492256   1.257264  -0.800509  -0.191779   0.972544   0.104342   1.208808   0.166313  -0.126568  -0.155275  -0.003111   0.034930  -0.031819  -0.171538   0.092345   9.478367  -0.080635  -0.312604  13.702478  -9.871606 -40.053638  11.710872
  2.502209   1.254556  -0.802392  -0.192101   0.972604   0.104724   1.209190   0.164783  -0.272131  -0.189197  -0.032398   0.006046   0.038444   0.038444  -0.153776 -14.625628  -3.408301  -2.942593  -2.902104   7.059716  21.098170 -24.729249
  2.512161   1.251606  -0.803990  -0.191748   0.973249   0.105078   1.209482   0.163216  -0.296401  -0.160531   0.035509   0.064853   0.035509   0.029344  -0.157448  -2.438566   2.880282   6.822996   5.908660  -0.294906  -0.914336  -0.368954
  2.522114   1.250073  -0.806208  -0.191788   0.972564   0.105078   1.208777   0.161411  -0.153955  -0.222828  -0.004052  -0.068873   0.000000  -0.070899  -0.181300  14.312505  -6.259377  -3.974933 -13.436282  -3.567800 -10.072048  -2.396553
  2.532066   1.247739  -0.808113  -0.192515   0.972949   0.105078   1.208755   0.160618  -0.234538  -0.191388  -0.073012   0.038721   0.000000  -0.002214  -0.079656  -8.096699   3.158912  -6.928844  10.810604   0.000000   6.901175  10.212842
  2.542019   1.245045  -0.809676  -0.192538   0.973311   0.105054   1.208487   0.159440  -0.270737  -0.157066  -0.002359   0.036318  -0.002359  -0.026881  -0.118389  -3.637101   3.448610   7.098948  -0.241441  -0.237028  -2.478434  -3.891779
  2.551972   1.242424  -0.811516  -0.192898   0.973311   0.104694   1.209887   0.157940  -0.263308  -0.184904  -0.036173   0.000000  -0.036173   0.140653  -0.150750   0.746390  -2.797078  -3.397498  -3.649051  -3.397498  16.833250  -3.251528
  2.561924   1.240491  -0.812359  -0.192917   0.973291   0.104694   1.209199   0.156850  -0.194216  -0.084678  -0.001942  -0.001942   0.000000  -0.069141  -0.109538   6.942058  10.070291   3.439390  -0.195136   3.634526 -21.079357   4.140819
  2.571877   1.238179  -0.814671  -0.193282   0.972927   0.104694   1.209927   0.156850  -0.232293  -0.232293  -0.036590  -0.036590   0.000000   0.073180   0.000000  -3.825810 -14.831784  -3.481283  -3.481283   0.000000  14.299882  11.005975
  2.581829   1.235502  -0.817279  -0.193299   0.972910   0.104660   1.209927   0.156850  -0.268946  -0.262103  -0.001711  -0.001711  -0.003421   0.000000   0.000000  -3.682682  -2.995184   3.504544   3.504544  -0.343749  -7.352837   0.000000
  2.591782   1.232826  -0.818434  -0.193651   0.972544   0.103927   1.209913   0.156863  -0.268932  -0.116055  -0.035424  -0.036821  -0.073643  -0.001398   0.001398   0.001389  14.674335  -3.387374  -3.527805  -7.055611  -0.140431   0.140431
  2.601735   1.229815  -0.819967  -0.193292   0.972544   0.103916   1.209522   0.157233  -0.302516  -0.153978   0.036046   0.000000  -0.001088  -0.039311   0.037134  -3.374431  -3.810383   7.181041   3.699680   7.290029  -3.809354   3.590692
  2.611687   1.227815  -0.821868  -0.193665   0.972531   0.103569   1.208777   0.157245  -0.200975  -0.190971  -0.037444  -0.001251  -0.034943  -0.074888   0.001251  10.202417  -3.716908  -7.384016  -0.125646  -3.401601  -3.574662  -3.605477
  2.621640   1.223676  -0.823012  -0.193671   0.972173   0.104298   1.208783   0.157610  -0.415846  -0.115038  -0.000639  -0.036004   0.073286   0.000639   0.036643 -21.589354   7.629451   3.698048  -3.491911  10.874397   7.588623   3.556087
  2.631593   1.220230  -0.824924  -0.194049   0.972921   0.103537   1.209160   0.157240  -0.346267  -0.192080  -0.037893   0.075133  -0.076440   0.037893  -0.037240   6.990976  -7.740885  -3.743203  11.166664 -15.043872   3.743203  -7.423462
  2.641545   1.217158  -0.826460  -0.194042   0.972530   0.103153   1.209146   0.157617  -0.308610  -0.154305   0.000698  -0.039274  -0.038576  -0.001395   0.037879   3.783672   3.795525   3.877465 -11.495185   3.804415  -3.947551   7.547635
  2.651498   1.214118  -0.827983  -0.193671   0.971777   0.102774   1.208393   0.157617  -0.305489  -0.153026   0.037272  -0.075669  -0.038116  -0.075669   0.000000   0.313613   0.128549   3.674869  -3.656860   0.046266  -7.462765  -3.805905
  2.661450   1.210296  -0.830276  -0.194432   0.971775   0.102395   1.208395   0.157614  -0.384001  -0.230358  -0.076502  -0.000213  -0.038038   0.000213  -0.000213  -7.888633  -7.770070 -11.431550   7.581512   0.007853   7.624362  -0.021425