 0.000000  1.267835 -0.605922 -0.155699  0.943398  0.091272  1.218748  0.168354  0.000000  0.000000  0.000000  0.000000  0.000000  0.000000  0.000000 -1.092017  2.627214 -0.110599  3.408447  0.808006  1.739800 -0.535805
 0.030710  1.267835 -0.605922 -0.155699  0.943398  0.091272  1.218748  0.168354 -0.033536  0.080682 -0.003396  0.104673  0.024814  0.053429 -0.016455 -0.929919  0.868557 -0.218200  2.334971  0.570091  1.095170 -0.390511
 0.061420  1.266805 -0.603444 -0.155803  0.946613  0.092034  1.220389  0.167849 -0.062094  0.107355 -0.010097  0.176380  0.042321  0.087062 -0.028447 -0.735419 -0.200061 -0.252898  1.479585  0.374577  0.615339 -0.266278
 0.092130  1.264898 -0.600147 -0.156113  0.952029  0.093334  1.223062  0.166975 -0.084678  0.101211 -0.017864  0.221818  0.053825  0.105959 -0.036625 -0.533355 -0.791015 -0.241883  0.806583  0.216295  0.263248 -0.162188
 0.122840  1.262298 -0.597039 -0.156662  0.958841  0.094987  1.226316  0.165850 -0.101058  0.076919 -0.025292  0.246588  0.060467  0.114043 -0.041605 -0.339514 -1.059388 -0.204258  0.284932  0.090228  0.009676 -0.076691
 0.153550  1.259194 -0.594677 -0.157439  0.966414  0.096844  1.229819  0.164573 -0.111484  0.044385 -0.031565  0.255339  0.063238  0.114340 -0.043961 -0.163263 -1.117225 -0.153174 -0.112101 -0.008334 -0.168366 -0.007905
 0.184260  1.255771 -0.593314 -0.158408  0.974255  0.098786  1.233330  0.163223 -0.116498  0.010075 -0.036269  0.251896  0.062982  0.109170 -0.044203 -0.009496 -1.044425 -0.097437 -0.407354 -0.083692 -0.288913  0.046184
 0.214970  1.252193 -0.593005 -0.159522  0.981991  0.100720  1.236683  0.161865 -0.116789 -0.021999 -0.039261  0.239386  0.060412  0.100297 -0.042785  0.119940 -0.897036 -0.042717 -0.620190 -0.139706 -0.366071  0.087577
 0.245680  1.248606 -0.593680 -0.160728  0.989343  0.102575  1.239763  0.160551 -0.113106 -0.049547 -0.040573  0.220340  0.056121  0.089055 -0.040095  0.225194 -0.713551  0.007544 -0.766911 -0.179777 -0.410835  0.118182
 0.276390  1.245133 -0.595202 -0.161974  0.996109  0.104299  1.242498  0.159320 -0.106190 -0.071460 -0.040341  0.196788  0.050600  0.076439 -0.036466  0.307669 -0.519655  0.051468 -0.861145 -0.206868 -0.431738  0.139759
 0.307100  1.241872 -0.597396 -0.163212  1.002153  0.105852  1.244845  0.158200 -0.096742 -0.087418 -0.038761  0.170343  0.044248  0.063180 -0.032174  0.369490 -0.331798  0.088241 -0.914212 -0.223524 -0.435373  0.153895
 0.337810  1.238901 -0.600081 -0.164403  1.007384  0.107211  1.246785  0.157212 -0.085395 -0.097608 -0.036051  0.142267  0.037383  0.049810 -0.027448  0.413130 -0.159865  0.117760 -0.935444 -0.231909 -0.426801  0.161991
 0.368520  1.236278 -0.603078 -0.165510  1.011753  0.108359  1.248315  0.156369 -0.072708 -0.102517 -0.032434  0.113540  0.030261  0.036703 -0.022473  0.441169 -0.009148  0.140369 -0.932488 -0.233849 -0.409884  0.165266
 0.399230  1.234046 -0.606227 -0.166506  1.015240  0.109289  1.249442  0.155679 -0.059159 -0.102798 -0.028124  0.084903  0.023080  0.024115 -0.017398  0.456123  0.118193  0.156677 -0.911562 -0.230864 -0.387546  0.164767
 0.429939  1.232229 -0.609384 -0.167370  1.017847  0.109997  1.250183  0.155145 -0.045152 -0.099169 -0.023312  0.056909  0.015990  0.012214 -0.012338  0.460352  0.222077  0.167432 -0.877691 -0.224214 -0.361980  0.161383
 0.460649  1.230842 -0.612429 -0.168086  1.019595  0.110489  1.250558  0.154766 -0.031015 -0.092349 -0.018170  0.029955  0.009104  0.001097 -0.007382  0.456011  0.303739  0.173434 -0.834926 -0.214939 -0.334818  0.155867
 0.491359  1.229890 -0.615265 -0.168644  1.020515  0.110768  1.250592  0.154539 -0.017010 -0.083021 -0.012844  0.004315  0.002504 -0.009185 -0.002595  0.445043  0.365212  0.175488 -0.786560 -0.203904 -0.307275  0.148865
 0.522069  1.229367 -0.617815 -0.169038  1.020647  0.110845  1.250309  0.154459 -0.003343 -0.071805 -0.007455 -0.019841 -0.003758 -0.018621  0.001976  0.429224  0.408992  0.174389 -0.735402 -0.191869 -0.280289  0.140973
 0.552779  1.229265 -0.620020 -0.169267  1.020038  0.110730  1.249738  0.154520  0.009838 -0.059245 -0.002099 -0.042425 -0.009651 -0.027229  0.006306  0.410263  0.437875  0.170932 -0.684179 -0.179598 -0.254656  0.132842
 0.583489  1.229567 -0.621839 -0.169331  1.018735  0.110433  1.248901  0.154714  0.022437 -0.045798  0.003150 -0.063436 -0.015166 -0.035050  0.010385  0.389872  0.454874  0.165915 -0.636045 -0.168018 -0.231107  0.125377
 0.614199  1.230256 -0.623246 -0.169235  1.016787  0.109967  1.247825  0.155033  0.034410 -0.031829  0.008245 -0.082969 -0.020326 -0.042147  0.014236  0.369127  0.462642  0.159826 -0.594259 -0.158208 -0.209771  0.119888
 0.644909  1.231313 -0.624223 -0.168981  1.014239  0.109343  1.246531  0.155470  0.045746 -0.017621  0.013153 -0.101219 -0.025184 -0.048589  0.017917  0.344140  0.459825  0.150975 -0.555483 -0.149706 -0.186774  0.116933
 0.675619  1.232717 -0.624764 -0.168578  1.011130  0.108570  1.245039  0.156020  0.056315 -0.003500  0.017790 -0.118277 -0.029782 -0.054325  0.021508  0.294464  0.430702  0.130782 -0.485556 -0.133772 -0.145728  0.110004
 0.706329  1.234447 -0.624872 -0.168031  1.007498  0.107655  1.243370  0.156680  0.065358  0.009727  0.021806 -0.133189 -0.033890 -0.058800  0.024887  0.193272  0.352223  0.088978 -0.322741 -0.092850 -0.067460  0.081579
 0.737039  1.236454 -0.624573 -0.167362  1.003408  0.106614  1.241564  0.157445  0.071293  0.020544  0.024539 -0.143100 -0.036742 -0.060872  0.027392  0.068401  0.247588  0.039466 -0.097049 -0.033176  0.023232  0.031656
 0.767749  1.238643 -0.623942 -0.166608  0.999013  0.105486  1.239695  0.158286  0.073394  0.028147  0.025751 -0.146081 -0.037760 -0.060158  0.028364 -0.031417  0.161174  0.004874  0.093031  0.017970  0.086541 -0.016376
 0.798459  1.240897 -0.623078 -0.165817  0.994527  0.104327  1.237848  0.159157  0.072429  0.033097  0.025900 -0.143224 -0.037208 -0.057501  0.027861 -0.099447  0.099047 -0.010150  0.211934  0.049200  0.114715 -0.049259
 0.829169  1.243122 -0.622061 -0.165022  0.990129  0.103184  1.236082  0.160013  0.069375  0.036138  0.025589 -0.136715 -0.035698 -0.053978  0.026348 -0.138541  0.045776 -0.012947  0.262330  0.062306  0.115810 -0.063317
 0.859879  1.245252 -0.620952 -0.164236  0.985930  0.102088  1.234424  0.160822  0.065120  0.037544  0.025191 -0.128659 -0.033784 -0.050421  0.024404 -0.140098 -0.006535 -0.020321  0.265450  0.067486  0.109895 -0.061865
 0.890589  1.247252 -0.619799 -0.163462  0.981979  0.101050  1.232876  0.161571  0.060818  0.037344  0.024567 -0.120507 -0.031712 -0.047046  0.022504 -0.114026 -0.048713 -0.040620  0.258791  0.074463  0.113906 -0.057545
 0.921299  1.249120 -0.618652 -0.162708  0.978278  0.100076  1.231431  0.162262  0.057316  0.035848  0.023319 -0.112559 -0.029425 -0.043548  0.020737 -0.086062 -0.077425 -0.067272  0.258756  0.082011  0.123599 -0.058486
 0.952009  1.250880 -0.617551 -0.161992  0.974822  0.099173  1.230094  0.162899  0.054673  0.033470  0.021254 -0.104613 -0.026906 -0.039753  0.018941 -0.076823 -0.096488 -0.091608  0.264940  0.084396  0.127717 -0.065302
 0.982719  1.252559 -0.616523 -0.161339  0.971609  0.098346  1.228873  0.163481  0.052314  0.030507  0.018440 -0.096477 -0.024315 -0.035830  0.016935 -0.100038 -0.101478 -0.095701  0.273067  0.076564  0.116255 -0.070529
 1.013429  1.254165 -0.615586 -0.160773  0.968646  0.097600  1.227772  0.164001  0.049242  0.027390  0.015501 -0.088091 -0.021963 -0.032260  0.014769 -0.137636 -0.085425 -0.066554  0.273212  0.061792  0.092888 -0.061792
 1.044139  1.255678 -0.614745 -0.160297  0.965941  0.096925  1.226782  0.164454  0.045015  0.024767  0.013457 -0.079701 -0.020066 -0.029408  0.012872 -0.158022 -0.057485 -0.023211  0.263153  0.048438  0.073331 -0.040467
 1.074849  1.257060 -0.613984 -0.159883  0.963493  0.096309  1.225879  0.164850  0.040162  0.023002  0.012745 -0.071619 -0.018578 -0.027156  0.011629 -0.155861 -0.029515  0.012355  0.250831  0.038917  0.066249 -0.015581
 1.105559  1.258293 -0.613278 -0.159492  0.961294  0.095738  1.225045  0.165207  0.035376  0.022095  0.013124 -0.063916 -0.017383 -0.025121  0.011150 -0.137246 -0.011581  0.025041  0.239793  0.034930  0.074627  0.002112
 1.136269  1.259380 -0.612600 -0.159089  0.959331  0.095204  1.224273  0.165549  0.031161  0.021740  0.013893 -0.056552 -0.016310 -0.022829  0.011215 -0.113738 -0.017185  0.005222  0.219763  0.040863  0.090661 -0.003577
 1.166979  1.260337 -0.611932 -0.158662  0.957594  0.094704  1.223572  0.165894  0.027668  0.021212  0.014053 -0.049803 -0.015055 -0.020045  0.011105 -0.099856 -0.042349 -0.028527  0.183402  0.053863  0.098329 -0.029759
 1.197689  1.261186 -0.611280 -0.158231  0.956065  0.094241  1.222956  0.166235  0.024601  0.019911  0.013177 -0.044171 -0.013401 -0.017025  0.010192 -0.096454 -0.069452 -0.052414  0.141256  0.066674  0.098963 -0.053979
 1.228399  1.261942 -0.610669 -0.157826  0.954708  0.093830  1.222434  0.166548  0.021639  0.017778  0.011568 -0.039833 -0.011354 -0.013986  0.008534 -0.094026 -0.090212 -0.061712  0.105140  0.076293  0.098345 -0.060205
 1.259109  1.262606 -0.610123 -0.157471  0.953485  0.093481  1.222004  0.166810  0.018752  0.015008  0.009673 -0.036604 -0.009011 -0.010966  0.006685 -0.076099 -0.096173 -0.059164  0.085959  0.076407  0.075863 -0.040870
 1.289818  1.263182 -0.609662 -0.157174  0.952361  0.093204  1.221667  0.167015  0.016415  0.012054  0.007856 -0.033964 -0.006664 -0.008636  0.005430 -0.035070 -0.077609 -0.051455  0.087427  0.058153  0.002025 -0.010724
 1.320528  1.263686 -0.609292 -0.156933  0.951318  0.093000  1.221402  0.167182  0.015338  0.009671  0.006275 -0.031279 -0.004878 -0.008574  0.005101  0.007878 -0.044135 -0.044188  0.094501  0.028004 -0.099511  0.005113
 1.351238  1.264157 -0.608995 -0.156740  0.950357  0.092850  1.221139  0.167338  0.015580  0.008316  0.004918 -0.028377 -0.004018 -0.011630  0.005258  0.033853 -0.010584 -0.034981  0.094309  0.002611 -0.196573  0.003836
 1.381948  1.264636 -0.608740 -0.156589  0.949486  0.092726  1.220782  0.167500  0.016619  0.007991  0.003844 -0.025481 -0.003938 -0.017667  0.005375  0.039623  0.011962 -0.021238  0.086204  0.013812 -0.284173 -0.008883
 1.412658  1.265146 -0.608494 -0.156471  0.948703  0.092605  1.220239  0.167665  0.017836  0.008358  0.003192 -0.022834 -0.003514 -0.026394  0.005103  0.036115  0.005497 -0.013456  0.080789  0.107728 -0.343156 -0.027654
 1.443368  1.265694 -0.608237 -0.156373  0.948002  0.092498  1.219429  0.167822  0.018945  0.008527  0.002779 -0.020353 -0.000206 -0.036932  0.004253  0.043974 -0.027497 -0.026626  0.090407  0.253926 -0.345743 -0.043392
 1.474078  1.266276 -0.607976 -0.156287  0.947377  0.092491  1.218294  0.167952  0.020296  0.007682  0.001961 -0.017576  0.007592 -0.047550  0.002921  0.067579 -0.054854 -0.055253  0.113191  0.363234 -0.315925 -0.054468
 1.504788  1.266899 -0.607740 -0.156227  0.946837  0.092724  1.216834  0.168042  0.022371  0.005998  0.000264 -0.014100  0.018747 -0.057252  0.001248  0.100552 -0.064666 -0.089947  0.142858  0.380888 -0.279919 -0.066065
 1.535498  1.267586 -0.607556 -0.156219  0.946404  0.093300  1.215076  0.168080  0.025459  0.004012 -0.002498 -0.009713  0.030444 -0.065848 -0.000781  0.130203 -0.094538 -0.123174  0.160493  0.244323 -0.191073 -0.069924
 1.566208  1.268368 -0.607432 -0.156296  0.946106  0.094235  1.213054  0.168056  0.029458  0.001109 -0.006281 -0.004784  0.037947 -0.071716 -0.002928  0.127302 -0.204211 -0.133013  0.125922 -0.038565  0.030427 -0.039300
 1.596918  1.269273 -0.607398 -0.156489  0.945959  0.095400  1.210851  0.167966  0.033367 -0.005163 -0.010366 -0.000917  0.036763 -0.070782 -0.004135  0.086781 -0.357801 -0.107005  0.043066 -0.294528  0.320676  0.022857
 1.627628  1.270297 -0.607557 -0.156807  0.945931  0.096529  1.208678  0.167839  0.036032 -0.016151 -0.013652  0.000405  0.027718 -0.060934 -0.003433  0.038604 -0.476198 -0.059060 -0.040895 -0.424542  0.562064  0.084033
 1.658338  1.271404 -0.608053 -0.157226  0.945943  0.097381  1.206806  0.167734  0.037218 -0.030775 -0.015465 -0.000851  0.014680 -0.043673 -0.000852  0.008488 -0.544078 -0.008494 -0.089795 -0.435650  0.698656  0.117546
 1.689048  1.272547 -0.608998 -0.157701  0.945917  0.097831  1.205465  0.167708  0.037478 -0.047483 -0.015726 -0.003608  0.001302 -0.022217  0.002757  0.015029 -0.599775  0.002799 -0.070615 -0.329060  0.656310  0.093974
 1.719758  1.273698 -0.610456 -0.158184  0.945806  0.097871  1.204783  0.167793  0.037940 -0.065902 -0.015640 -0.005777 -0.008804 -0.002062  0.005643  0.054960 -0.677239 -0.062063  0.006360 -0.157061  0.432374  0.018566
 1.750468  1.274863 -0.612480 -0.158664  0.945629  0.097601  1.204720  0.167966  0.039628 -0.086700 -0.017546 -0.005582 -0.013627  0.011216  0.006213  0.108928 -0.750304 -0.163368  0.077165 -0.016636  0.185761 -0.052914
 1.781178  1.276080 -0.615143 -0.159203  0.945458  0.097183  1.205064  0.168157  0.042973 -0.109742 -0.022563 -0.003212 -0.014138  0.016921  0.004588  0.175622 -0.796075 -0.252036  0.113124  0.071324  0.024075 -0.089226
 1.811888  1.277400 -0.618513 -0.159896  0.945359  0.096748  1.205584  0.168298  0.048366 -0.134190 -0.030303  0.000262 -0.011948  0.017660  0.001848  0.220813 -0.838680 -0.301476  0.125576  0.125373 -0.031099 -0.085322
 1.842598  1.278885 -0.622634 -0.160827  0.945367  0.096382  1.206126  0.168354  0.055147 -0.159945 -0.039562  0.004119 -0.008097  0.016705 -0.000772  0.123220 -0.916085 -0.280544  0.142779  0.143149 -0.007082 -0.052395
 1.873308  1.280578 -0.627546 -0.162042  0.945494  0.096133  1.206639  0.168331  0.058931 -0.188078 -0.048177  0.008503 -0.003701  0.016488 -0.002381 -0.125239 -0.997611 -0.199561  0.179408  0.118063  0.013557 -0.022990
 1.904018  1.282388 -0.633321 -0.163521  0.945755  0.096019  1.207145  0.168258  0.055085 -0.218715 -0.054306  0.014013 -0.000076  0.016904 -0.003087 -0.350070 -1.026368 -0.107888  0.223832  0.068218 -0.008548 -0.008046
 1.934728  1.284080 -0.640038 -0.165189  0.946185  0.096017  1.207664  0.168163  0.044335 -0.250235 -0.057619  0.020887  0.002019  0.016642 -0.003334 -0.467572 -0.998750 -0.030103  0.268853  0.011732 -0.056454  0.002571
 1.965438  1.285441 -0.647723 -0.166958  0.946826  0.096079  1.208176  0.168060  0.029976 -0.280906 -0.058543  0.029143  0.002380  0.014908 -0.003255 -0.613001 -0.961206  0.009029  0.302784 -0.022959 -0.102423 -0.001158
 1.996148  1.286362 -0.656350 -0.168756  0.947721  0.096152  1.208633  0.167960  0.011150 -0.310425 -0.058266  0.038442  0.001675  0.011763 -0.003291 -1.014959 -0.978273 -0.023289  0.292970  0.006009 -0.114553 -0.048540
 2.026858  1.286704 -0.665883 -0.170546  0.948902  0.096203  1.208995  0.167859 -0.020019 -0.340468 -0.058981  0.047439  0.001859  0.008245 -0.004781 -1.565966 -1.034825 -0.098984  0.238671  0.081354 -0.092306 -0.124933
 2.057568  1.286090 -0.676338 -0.172357  0.950359  0.096260  1.209248  0.167712 -0.068110 -0.372247 -0.062021  0.054769  0.004357  0.005410 -0.008618 -1.486929 -0.734979 -0.087225  0.151464  0.097635 -0.067095 -0.130716
 2.088278  1.283998 -0.687770 -0.174262  0.952041  0.096394  1.209414  0.167448 -0.113773 -0.394818 -0.064700  0.059420  0.007356  0.003350 -0.012632 -0.989063 -0.239107 -0.015212  0.065463  0.065028 -0.050888 -0.085008
 2.118987  1.280504 -0.699895 -0.176249  0.953866  0.096620  1.209517  0.167060 -0.144147 -0.402161 -0.065167  0.061430  0.009353  0.001787 -0.015243 -0.607386  0.124142  0.037098  0.001921  0.040026 -0.038040 -0.050098
 2.149697  1.276077 -0.712245 -0.178250  0.955752  0.096907  1.209572  0.166592 -0.162800 -0.398349 -0.064028  0.061489  0.010582  0.000619 -0.016781 -0.318199  0.383457  0.074006 -0.043976  0.021077 -0.027907 -0.023772
 2.180407  1.271078 -0.724479 -0.180216  0.957640  0.097232  1.209591  0.166076 -0.172572 -0.386573 -0.061755  0.060139  0.011229 -0.000238 -0.017511 -0.102307  0.561896  0.098962 -0.076100  0.006925 -0.019962 -0.004236
 2.211117  1.265778 -0.736350 -0.182113  0.959487  0.097577  1.209583  0.165539 -0.175714 -0.369317 -0.058716  0.057802  0.011442 -0.000852 -0.017642  0.055802  0.677931  0.114730 -0.097558 -0.003444 -0.013777  0.009958
 2.241827  1.260382 -0.747692 -0.183916  0.961262  0.097929  1.209557  0.164997 -0.174000 -0.348498 -0.055192  0.054806  0.011336 -0.001275 -0.017336  0.168633  0.746305  0.123508 -0.110831 -0.010848 -0.009001  0.019975
 2.272537  1.255038 -0.758394 -0.185611  0.962945  0.098277  1.209518  0.164464 -0.168822 -0.325579 -0.051400  0.051402  0.011003 -0.001551 -0.016722  0.246234  0.778738  0.127045 -0.117899 -0.015945 -0.005351  0.026751
 2.303247  1.249854 -0.768393 -0.187189  0.964524  0.098615  1.209470  0.163951 -0.161260 -0.301664 -0.047498  0.047781  0.010513 -0.001715 -0.015901  0.296653  0.784499  0.126719 -0.120328 -0.019263 -0.002596  0.031034
 2.333957  1.244901 -0.777657 -0.188648  0.965991  0.098938  1.209418  0.163463 -0.152150 -0.277572 -0.043606  0.044086  0.009922 -0.001795 -0.014948  0.326316  0.770883  0.123612 -0.119355 -0.021220 -0.000549  0.033422
 2.364667  1.240229 -0.786181 -0.189987  0.967345  0.099242  1.209363  0.163004 -0.142128 -0.253898 -0.039810  0.040421  0.009270 -0.001812 -0.013921  0.340328  0.743592  0.118570 -0.115948 -0.022152  0.000940  0.034388
 2.395377  1.235864 -0.793978 -0.191210  0.968587  0.099527  1.209307  0.162576 -0.131677 -0.231062 -0.036169  0.036860  0.008590 -0.001783 -0.012865  0.342730  0.707052  0.112246 -0.110863 -0.022322  0.001994  0.034306
 2.426087  1.231820 -0.801074 -0.192320  0.969719  0.099791  1.209252  0.162181 -0.121152 -0.209349 -0.032722  0.033455  0.007904 -0.001722 -0.011812  0.336698  0.664666  0.105139 -0.104682 -0.021939  0.002709  0.033470
 2.456797  1.228100 -0.807503 -0.193325  0.970746  0.100033  1.209199  0.161818 -0.110812 -0.188937 -0.029493  0.030241  0.007231 -0.001639 -0.010784  0.324717  0.619020  0.097628 -0.097850 -0.021166  0.003164  0.032108
 2.487507  1.224697 -0.813306 -0.194231  0.971675  0.100255  1.209149  0.161487 -0.100840 -0.169927 -0.026495  0.027236  0.006581 -0.001541 -0.009798  0.308715  0.572057  0.089997 -0.090703 -0.020129  0.003420  0.030398
 2.518217  1.221600 -0.818524 -0.195045  0.972511  0.100458  1.209102  0.161186 -0.091359 -0.152359 -0.023731  0.024450  0.005962 -0.001436 -0.008864  0.290173  0.525208  0.082450 -0.083491 -0.018924  0.003528  0.028475
 2.548927  1.218794 -0.823203 -0.195773  0.973262  0.100641  1.209058  0.160914 -0.082448 -0.136230 -0.021199  0.021886  0.005381 -0.001328 -0.007990  0.270219  0.479501  0.075137 -0.076395 -0.017626  0.003526  0.026443
 2.579637  1.216262 -0.827387 -0.196424  0.973934  0.100806  1.209017  0.160669 -0.074150 -0.121504 -0.018892  0.019540  0.004840 -0.001220 -0.007178  0.249697  0.435655  0.068157 -0.069543 -0.016290  0.003444  0.024377
 2.610347  1.213985 -0.831118 -0.197005  0.974534  0.100955  1.208979  0.160448 -0.066481 -0.108126 -0.016799  0.017404  0.004340 -0.001114 -0.006429  0.229232  0.394145  0.061577 -0.063024 -0.014957  0.003307  0.022334
 2.641057  1.211944 -0.834438 -0.197520  0.975069  0.101088  1.208945  0.160251 -0.059442 -0.096021 -0.014908  0.015469  0.003880 -0.001013 -0.005743  0.209270  0.355260  0.055433 -0.056891 -0.013656  0.003133  0.020353
 2.671767  1.210118 -0.837387 -0.197978  0.975544  0.101207  1.208914  0.160074 -0.053015 -0.085111 -0.013205  0.013722  0.003461 -0.000916 -0.005118  0.190124  0.319152  0.049743 -0.051177 -0.012408  0.002937  0.018463
 2.702477  1.208490 -0.840001 -0.198384  0.975965  0.101313  1.208886  0.159917 -0.047176 -0.075310 -0.011678  0.012150  0.003080 -0.000826 -0.004551  0.172001  0.285865  0.044511 -0.045894 -0.011226  0.002729  0.016681
 2.733187  1.207041 -0.842314 -0.198742  0.976338  0.101408  1.208860  0.159777 -0.041894 -0.066531 -0.010311  0.010741  0.002735 -0.000742 -0.004039  0.155026  0.255368  0.039726 -0.041042 -0.010119  0.002517  0.015017
 2.763897  1.205755 -0.844357 -0.199059  0.976668  0.101492  1.208838  0.159653 -0.037133 -0.058689 -0.009091  0.009480  0.002425 -0.000665 -0.003578  0.139264  0.227575  0.035374 -0.036610 -0.009091  0.002307  0.013476
 2.794607  1.204614 -0.846159 -0.199338  0.976959  0.101566  1.208817  0.159544 -0.032856 -0.051700 -0.008004  0.008356  0.002145 -0.000594 -0.003164  0.124735  0.202363  0.031431 -0.032583 -0.008143  0.002103  0.012059
 2.825317  1.203605 -0.847747 -0.199584  0.977216  0.101632  1.208799  0.159446 -0.029026 -0.045486 -0.007039  0.007356  0.001895 -0.000530 -0.002794  0.111424  0.179585  0.027875 -0.028939 -0.007274  0.001908  0.010763
 2.856027  1.202714 -0.849144 -0.199800  0.977442  0.101690  1.208783  0.159361 -0.025604 -0.039970 -0.006183  0.006467  0.001672 -0.000471 -0.002463  0.099295  0.159080  0.024676 -0.025654 -0.006483  0.001724  0.009584
 2.886737  1.201928 -0.850371 -0.199990  0.977640  0.101742  1.208768  0.159285 -0.022555 -0.035085 -0.005425  0.005679  0.001473 -0.000418 -0.002169  0.088292  0.140678  0.021809 -0.022702 -0.005765  0.001553  0.008516
 2.917447  1.201235 -0.851449 -0.200157  0.977815  0.101787  1.208755  0.159218 -0.019843 -0.030765 -0.004756  0.004982  0.001296 -0.000370 -0.001907  0.078352  0.124213  0.019246 -0.020057 -0.005116  0.001394  0.007552
 2.948156  1.200626 -0.852394 -0.200303  0.977968  0.101827  1.208744  0.159160 -0.017437 -0.026950 -0.004164  0.004366  0.001139 -0.000328 -0.001675  0.069405  0.109516  0.016961 -0.017695 -0.004532  0.001247  0.006686
 2.978866  1.200090 -0.853221 -0.200431  0.978102  0.101862  1.208734  0.159108 -0.015306 -0.023587 -0.003644  0.003822  0.001000 -0.000289 -0.001470  0.061375  0.096430  0.014927 -0.015589 -0.004008  0.001113  0.005909
 3.009576  1.199620 -0.853946 -0.200543  0.978219  0.101893  1.208725  0.159063 -0.013421 -0.020626 -0.003185  0.003344  0.000876 -0.000255 -0.001289  0.054190  0.084802  0.013122 -0.013716 -0.003539  0.000992  0.005215
 3.040286  1.199208 -0.854579 -0.200640  0.978322  0.101919  1.208717  0.159024 -0.011757 -0.018021 -0.002782  0.002922  0.000768 -0.000225 -0.001128  0.047778  0.074490  0.011521 -0.012054 -0.003120  0.000881  0.004595