 1.267835 -0.605922 -0.155699  0.943398  0.091272  1.218748  0.168354  0.000000  0.000000  0.000000  0.000000  0.000000  0.000000  0.000000  1.267835 -0.605922 -0.155699  0.943398  0.091272  1.218748  0.168354  0.000000  1.000000  0.000000  0.000000  0.000000  0.000000  0.000000  0.000000  0.000000 -2.228028  5.360269 -0.225653  6.954208  1.648564  3.549690 -1.093195 -0.423021 -1.649430 -0.284761  0.208625  0.081775 -0.076114 -0.078960  0.490127 -0.000000  0.000000
 1.267835 -0.605922 -0.155699  0.943398  0.091272  1.218748  0.168354 -0.068423  0.164614 -0.006930  0.213563  0.050627  0.109011 -0.033572  1.256206 -0.651265 -0.163527  0.949133  0.093520  1.216656  0.166183  0.015052  1.000000 -0.033536  0.080682 -0.003396  0.104673  0.024814  0.053429 -0.016455 -1.897301  1.772106 -0.445190  4.764009  1.163149  2.234461 -0.796754 -0.337527 -1.316074 -0.227210  0.166461  0.065248 -0.060731 -0.063001  0.490127 -0.000000  0.030710
 1.266805 -0.603444 -0.155803  0.946613  0.092034  1.220389  0.167849 -0.126689  0.219035 -0.020602  0.359866  0.086348  0.177631 -0.058040  1.246928 -0.687444 -0.169773  0.953709  0.095314  1.214986  0.164451  0.030104  1.000000 -0.062094  0.107355 -0.010097  0.176380  0.042321  0.087062 -0.028447 -1.500465 -0.408182 -0.515985  3.018776  0.764244  1.255468 -0.543284 -0.269312 -1.050090 -0.181290  0.132819  0.052061 -0.048457 -0.050269  0.490127 -0.000000  0.061420
 1.264898 -0.600147 -0.156113  0.952029  0.093334  1.223062  0.166975 -0.172768  0.206500 -0.036447  0.452573  0.109818  0.216186 -0.074725  1.239524 -0.716311 -0.174757  0.957360  0.096745  1.213654  0.163070  0.045155  1.000000 -0.084678  0.101211 -0.017864  0.221818  0.053825  0.105959 -0.036625 -1.088196 -1.613897 -0.493510  1.645661  0.441304  0.537102 -0.330911 -0.214883 -0.837863 -0.144651  0.105976  0.041539 -0.038664 -0.040109  0.490127 -0.000000  0.092130
 1.262298 -0.597039 -0.156662  0.958841  0.094987  1.226316  0.165850 -0.206186  0.156937 -0.051603  0.503111  0.123370  0.232681 -0.084887  1.233617 -0.739343 -0.178733  0.960274  0.097887  1.212591  0.161967  0.060207  1.000000 -0.101058  0.076919 -0.025292  0.246588  0.060467  0.114043 -0.041605 -0.692706 -2.161455 -0.416745  0.581343  0.184090  0.019742 -0.156473 -0.171454 -0.668528 -0.115416  0.084557  0.033144 -0.030850 -0.032003  0.490127 -0.000000  0.122840
 1.259194 -0.594677 -0.157439  0.966414  0.096844  1.229819  0.164573 -0.227459  0.090559 -0.064401  0.520964  0.129023  0.233287 -0.089692  1.228904 -0.757721 -0.181906  0.962598  0.098798  1.211743  0.161087  0.075259  1.000000 -0.111484  0.044385 -0.031565  0.255339  0.063238  0.114340 -0.043961 -0.333104 -2.279459 -0.312519 -0.228719 -0.017003 -0.343515 -0.016128 -0.136803 -0.533416 -0.092090  0.067468  0.026446 -0.024615 -0.025535  0.490127 -0.000000  0.153550
 1.255771 -0.593314 -0.158408  0.974255  0.098786  1.233330  0.163223 -0.237689  0.020557 -0.073999  0.513940  0.128501  0.222738 -0.090187  1.225143 -0.772385 -0.184438  0.964453  0.099525  1.211066  0.160385  0.090311  1.000000 -0.116498  0.010075 -0.036269  0.251896  0.062982  0.109170 -0.044203 -0.019374 -2.130925 -0.198799 -0.831119 -0.170756 -0.589465  0.094228 -0.109154 -0.425610 -0.073478  0.053833  0.021101 -0.019640 -0.020374  0.490127 -0.000000  0.184260
 1.252193 -0.593005 -0.159522  0.981991  0.100720  1.236683  0.161865 -0.238284 -0.044884 -0.080104  0.488416  0.123257  0.204635 -0.087294  1.222142 -0.784085 -0.186457  0.965933  0.100105  1.210527  0.159825  0.105363  1.000000 -0.116789 -0.021999 -0.039261  0.239386  0.060412  0.100297 -0.042785  0.244711 -1.830211 -0.087155 -1.265366 -0.285040 -0.746889  0.178682 -0.087094 -0.339593 -0.058628  0.042953  0.016836 -0.015671 -0.016257  0.490127 -0.000000  0.214970
 1.248606 -0.593680 -0.160728  0.989343  0.102575  1.239763  0.160551 -0.230769 -0.101090 -0.082780  0.449557  0.114504  0.181698 -0.081806  1.219748 -0.793420 -0.188069  0.967113  0.100568  1.210096  0.159378  0.120414  1.000000 -0.113106 -0.049547 -0.040573  0.220340  0.056121  0.089055 -0.040095  0.459460 -1.455848  0.015392 -1.564718 -0.366797 -0.838221  0.241125 -0.069492 -0.270960 -0.046779  0.034272  0.013434 -0.012504 -0.012971  0.490127 -0.000000  0.245680
 1.245133 -0.595202 -0.161974  0.996109  0.104299  1.242498  0.159320 -0.216659 -0.145799 -0.082308  0.401504  0.103239  0.155957 -0.074401  1.217838 -0.800869 -0.189355  0.968056  0.100937  1.209752  0.159022  0.135466  1.000000 -0.106190 -0.071460 -0.040341  0.196788  0.050600  0.076439 -0.036466  0.627733 -1.060244  0.105009 -1.756983 -0.422070 -0.880870  0.285149 -0.055447 -0.216198 -0.037325  0.027345  0.010719 -0.009977 -0.010350  0.490127 -0.000000  0.276390
 1.241872 -0.597396 -0.163212  1.002153  0.105852  1.244845  0.158200 -0.197381 -0.178359 -0.079083  0.347548  0.090278  0.128905 -0.065644  1.216314 -0.806812 -0.190381  0.968807  0.101232  1.209478  0.158737  0.150518  1.000000 -0.096742 -0.087418 -0.038761  0.170343  0.044248  0.063180 -0.032174  0.753865 -0.676964  0.180037 -1.865253 -0.456052 -0.888285  0.313990 -0.044241 -0.172503 -0.029781  0.021819  0.008552 -0.007960 -0.008258  0.490127 -0.000000  0.307100
 1.238901 -0.600081 -0.164403  1.007384  0.107211  1.246785  0.157212 -0.174230 -0.199148 -0.073554  0.290266  0.076272  0.101626 -0.056002  1.215097 -0.811554 -0.191200  0.969407  0.101467  1.209259  0.158510  0.165570  1.000000 -0.085395 -0.097608 -0.036051  0.142267  0.037383  0.049810 -0.027448  0.842904 -0.326171  0.240265 -1.908573 -0.473161 -0.870796  0.330507 -0.035300 -0.137640 -0.023762  0.017409  0.006824 -0.006351 -0.006589  0.490127 -0.000000  0.337810
 1.236278 -0.603078 -0.165510  1.011753  0.108359  1.248315  0.156369 -0.148344 -0.209165 -0.066175  0.231653  0.061742  0.074884 -0.045852  1.214127 -0.815338 -0.191853  0.969886  0.101654  1.209084  0.158329  0.180621  1.000000 -0.072708 -0.102517 -0.032434  0.113540  0.030261  0.036703 -0.022473  0.900110 -0.018665  0.286393 -1.902542 -0.477118 -0.836281  0.337189 -0.028166 -0.109822 -0.018960  0.013891  0.005445 -0.005068 -0.005257  0.490127 -0.000000  0.368520
 1.234046 -0.606227 -0.166506  1.015240  0.109289  1.249442  0.155679 -0.120702 -0.209738 -0.057380  0.173226  0.047089  0.049202 -0.035497  1.213353 -0.818357 -0.192374  0.970267  0.101804  1.208945  0.158185  0.195673  1.000000 -0.059159 -0.102798 -0.028124  0.084903  0.023080  0.024115 -0.017398  0.930621  0.241148  0.319667 -1.859847 -0.471028 -0.790705  0.336171 -0.022473 -0.087627 -0.015128  0.011083  0.004344 -0.004044 -0.004195  0.490127 -0.000000  0.399230
 1.232229 -0.609384 -0.167370  1.017847  0.109997  1.250183  0.155145 -0.092123 -0.202333 -0.047563  0.116111  0.032624  0.024919 -0.025173  1.212735 -0.820766 -0.192790  0.970572  0.101924  1.208834  0.158069  0.210725  1.000000 -0.045152 -0.099169 -0.023312  0.056909  0.015990  0.012214 -0.012338  0.939250  0.453101  0.341609 -1.790741 -0.457461 -0.738543  0.329267 -0.017931 -0.069917 -0.012071  0.008843  0.003466 -0.003226 -0.003347  0.490127 -0.000000  0.429939
 1.230842 -0.612429 -0.168086  1.019595  0.110489  1.250558  0.154766 -0.063278 -0.188418 -0.037073  0.061117  0.018575  0.002239 -0.015061  1.212242 -0.822688 -0.193122  0.970815  0.102019  1.208745  0.157977  0.225777  1.000000 -0.031015 -0.092349 -0.018170  0.029955  0.009104  0.001097 -0.007382  0.930394  0.619715  0.353855 -1.703488 -0.438537 -0.683124  0.318013 -0.014307 -0.055787 -0.009631  0.007056  0.002766 -0.002574 -0.002671  0.490127 -0.000000  0.460649
 1.229890 -0.615265 -0.168644  1.020515  0.110768  1.250592  0.154539 -0.034706 -0.169386 -0.026206  0.008803  0.005108 -0.018740 -0.005295  1.211849 -0.824222 -0.193387  0.971009  0.102095  1.208674  0.157904  0.240829  1.000000 -0.017010 -0.083021 -0.012844  0.004315  0.002504 -0.009185 -0.002595  0.908016  0.745137  0.358046 -1.604807 -0.416022 -0.626930  0.303727 -0.011416 -0.044512 -0.007685  0.005630  0.002207 -0.002054 -0.002131  0.490127 -0.000000  0.491359
 1.229367 -0.617815 -0.169038  1.020647  0.110845  1.250309  0.154459 -0.006821 -0.146503 -0.015210 -0.040481 -0.007668 -0.037993  0.004032  1.211535 -0.825445 -0.193598  0.971164  0.102155  1.208618  0.157845  0.255880  1.000000 -0.003343 -0.071805 -0.007455 -0.019841 -0.003758 -0.018621  0.001976  0.875740  0.834461  0.355804 -1.500431 -0.391468 -0.571870  0.287625 -0.009109 -0.035516 -0.006132  0.004492  0.001761 -0.001639 -0.001700  0.490127 -0.000000  0.522069
 1.229265 -0.620020 -0.169267  1.020038  0.110730  1.249738  0.154520  0.020073 -0.120877 -0.004283 -0.086559 -0.019690 -0.055555  0.012865  1.211285 -0.826421 -0.193767  0.971287  0.102204  1.208573  0.157799  0.270932  1.000000  0.009838 -0.059245 -0.002099 -0.042425 -0.009651 -0.027229  0.006306  0.837054  0.893391  0.348750 -1.395921 -0.366431 -0.519571  0.271036 -0.007268 -0.028338 -0.004892  0.003584  0.001405 -0.001308 -0.001357  0.490127 -0.000000  0.552779
 1.229567 -0.621839 -0.169331  1.018735  0.110433  1.248901  0.154714  0.045779 -0.093441  0.006427 -0.129427 -0.030943 -0.071511  0.021189  1.211085 -0.827201 -0.193901  0.971386  0.102243  1.208537  0.157761  0.285984  1.000000  0.022437 -0.045798  0.003150 -0.063436 -0.015166 -0.035050  0.010385  0.795451  0.928073  0.338514 -1.297714 -0.342805 -0.471524  0.255805 -0.005799 -0.022611 -0.003904  0.002860  0.001121 -0.001043 -0.001082  0.490127 -0.000000  0.583489
 1.230256 -0.623246 -0.169235  1.016787  0.109967  1.247825  0.155033  0.070207 -0.064940  0.016822 -0.169280 -0.041471 -0.085992  0.029045  1.210925 -0.827822 -0.194008  0.971465  0.102273  1.208508  0.157731  0.301036  1.000000  0.034410 -0.031829  0.008245 -0.082969 -0.020326 -0.042147  0.014236  0.753124  0.943922  0.326092 -1.212458 -0.322789 -0.427993  0.244606 -0.004627 -0.018041 -0.003115  0.002282  0.000894 -0.000833 -0.000864  0.490127 -0.000000  0.614199
 1.231313 -0.624223 -0.168981  1.014239  0.109343  1.246531  0.155470  0.093336 -0.035952  0.026837 -0.206515 -0.051384 -0.099135  0.036556  1.210798 -0.828318 -0.194094  0.971527  0.102298  1.208485  0.157708  0.316088  1.000000  0.045746 -0.017621  0.013153 -0.101219 -0.025184 -0.048589  0.017917  0.702145  0.938174  0.308033 -1.133344 -0.305444 -0.381073  0.238577 -0.003692 -0.014395 -0.002485  0.001821  0.000714 -0.000664 -0.000689  0.490127 -0.000000  0.644909
 1.232717 -0.624764 -0.168578  1.011130  0.108570  1.245039  0.156020  0.114898 -0.007141  0.036296 -0.241320 -0.060764 -0.110838  0.043883  1.210697 -0.828714 -0.194162  0.971577  0.102318  1.208467  0.157689  0.331139  1.000000  0.056315 -0.003500  0.017790 -0.118277 -0.029782 -0.054325  0.021508  0.600791  0.878755  0.266832 -0.990673 -0.272933 -0.297327  0.224440 -0.002946 -0.011486 -0.001983  0.001453  0.000569 -0.000530 -0.000550  0.490127 -0.000000  0.675619
 1.234447 -0.624872 -0.168031  1.007498  0.107655  1.243370  0.156680  0.133349  0.019846  0.044491 -0.271743 -0.069145 -0.119969  0.050776  1.210616 -0.829029 -0.194217  0.971617  0.102333  1.208453  0.157674  0.346191  1.000000  0.065358  0.009727  0.021806 -0.133189 -0.033890 -0.058800  0.024887  0.394330  0.718637  0.181541 -0.658484 -0.189440 -0.137638  0.166444 -0.002350 -0.009164 -0.001582  0.001159  0.000454 -0.000423 -0.000439  0.490127 -0.000000  0.706329
 1.236454 -0.624573 -0.167362  1.003408  0.106614  1.241564  0.157445  0.145459  0.041915  0.050066 -0.291965 -0.074963 -0.124196  0.055887  1.210551 -0.829281 -0.194260  0.971649  0.102346  1.208441  0.157662  0.361243  1.000000  0.071293  0.020544  0.024539 -0.143100 -0.036742 -0.060872  0.027392  0.139558  0.505150  0.080521 -0.198008 -0.067689  0.047400  0.064587 -0.001875 -0.007312 -0.001262  0.000925  0.000363 -0.000337 -0.000350  0.490127 -0.000000  0.737039
 1.238643 -0.623942 -0.166608  0.999013  0.105486  1.239695  0.158286  0.149744  0.057428  0.052539 -0.298046 -0.077042 -0.122740  0.057871  1.210500 -0.829482 -0.194295  0.971675  0.102356  1.208432  0.157652  0.376295  1.000000  0.073394  0.028147  0.025751 -0.146081 -0.037760 -0.060158  0.028364 -0.064099  0.328842  0.009944  0.189811  0.036663  0.176568 -0.033412 -0.001496 -0.005834 -0.001007  0.000738  0.000289 -0.000269 -0.000279  0.490127 -0.000000  0.767749
 1.240897 -0.623078 -0.165817  0.994527  0.104327  1.237848  0.159157  0.147776  0.067527  0.052844 -0.292217 -0.075916 -0.117318  0.056844  1.210458 -0.829643 -0.194323  0.971695  0.102364  1.208424  0.157644  0.391347  1.000000  0.072429  0.033097  0.025900 -0.143224 -0.037208 -0.057501  0.027861 -0.202901  0.202084 -0.020710  0.432406  0.100382  0.234050 -0.100502 -0.001194 -0.004655 -0.000804  0.000589  0.000231 -0.000215 -0.000223  0.490127 -0.000000  0.798459
 1.243122 -0.622061 -0.165022  0.990129  0.103184  1.236082  0.160013  0.141545  0.073733  0.052208 -0.278938 -0.072833 -0.110130  0.053758  1.210426 -0.829771 -0.194345  0.971711  0.102370  1.208418  0.157638  0.406398  1.000000  0.069375  0.036138  0.025589 -0.136715 -0.035698 -0.053978  0.026348 -0.282663  0.093396 -0.026415  0.535227  0.127123  0.236286 -0.129185 -0.000953 -0.003714 -0.000641  0.000470  0.000184 -0.000171 -0.000178  0.490127 -0.000000  0.829169
 1.245252 -0.620952 -0.164236  0.985930  0.102088  1.234424  0.160822  0.132864  0.076601  0.051397 -0.262501 -0.068929 -0.102874  0.049791  1.210399 -0.829873 -0.194362  0.971724  0.102375  1.208414  0.157633  0.421450  1.000000  0.065120  0.037544  0.025191 -0.128659 -0.033784 -0.050421  0.024404 -0.285840 -0.013334 -0.041461  0.541595  0.137691  0.224218 -0.126221 -0.000760 -0.002964 -0.000512  0.000375  0.000147 -0.000137 -0.000142  0.490127 -0.000000  0.859879
 1.247252 -0.619799 -0.163462  0.981979  0.101050  1.232876  0.161571  0.124086  0.076192  0.050124 -0.245869 -0.064701 -0.095988  0.045915  1.210378 -0.829954 -0.194376  0.971734  0.102379  1.208410  0.157629  0.436502  1.000000  0.060818  0.037344  0.024567 -0.120507 -0.031712 -0.047046  0.022504 -0.232646 -0.099389 -0.082877  0.528007  0.151926  0.232401 -0.117409 -0.000606 -0.002365 -0.000408  0.000299  0.000117 -0.000109 -0.000113  0.490127 -0.000000  0.890589
 1.249120 -0.618652 -0.162708  0.978278  0.100076  1.231431  0.162262  0.116942  0.073139  0.047578 -0.229654 -0.060035 -0.088851  0.042309  1.210362 -0.830019 -0.194388  0.971743  0.102382  1.208407  0.157626  0.451554  1.000000  0.057316  0.035848  0.023319 -0.112559 -0.029425 -0.043548  0.020737 -0.175592 -0.157970 -0.137255  0.527937  0.167325  0.252178 -0.119328 -0.000484 -0.001887 -0.000326  0.000239  0.000094 -0.000087 -0.000090  0.490127 -0.000000  0.921299
 1.250880 -0.617551 -0.161992  0.974822  0.099173  1.230094  0.162899  0.111549  0.068288  0.043363 -0.213441 -0.054897 -0.081107  0.038644  1.210349 -0.830071 -0.194397  0.971749  0.102385  1.208404  0.157624  0.466606  1.000000  0.054673  0.033470  0.021254 -0.104613 -0.026906 -0.039753  0.018941 -0.156741 -0.196862 -0.186906  0.540553  0.172191  0.260579 -0.133235 -0.000386 -0.001505 -0.000260  0.000190  0.000075 -0.000069 -0.000072  0.490127 -0.000000  0.952009
 1.252559 -0.616523 -0.161339  0.971609  0.098346  1.228873  0.163481  0.106736  0.062242  0.037623 -0.196840 -0.049609 -0.073104  0.034553  1.210338 -0.830113 -0.194404  0.971754  0.102387  1.208403  0.157622  0.481657  1.000000  0.052314  0.030507  0.018440 -0.096477 -0.024315 -0.035830  0.016935 -0.204106 -0.207044 -0.195257  0.557134  0.156212  0.237194 -0.143900 -0.000308 -0.001201 -0.000207  0.000152  0.000060 -0.000055 -0.000058  0.490127 -0.000000  0.982719
 1.254165 -0.615586 -0.160773  0.968646  0.097600  1.227772  0.164001  0.100467  0.055884  0.031627 -0.179731 -0.044811 -0.065820  0.030134  1.210329 -0.830146 -0.194409  0.971759  0.102389  1.208401  0.157620  0.496709  1.000000  0.049242  0.027390  0.015501 -0.088091 -0.021963 -0.032260  0.014769 -0.280817 -0.174291 -0.135789  0.557431  0.126073  0.189519 -0.126073 -0.000246 -0.000958 -0.000165  0.000121  0.000048 -0.000044 -0.000046  0.490127 -0.000000  1.013429
 1.255678 -0.614745 -0.160297  0.965941  0.096925  1.226782  0.164454  0.091844  0.050532  0.027457 -0.162612 -0.040940 -0.060000  0.026262  1.210323 -0.830172 -0.194414  0.971762  0.102390  1.208400  0.157619  0.511761  1.000000  0.045015  0.024767  0.013457 -0.079701 -0.020066 -0.029408  0.012872 -0.322409 -0.117287 -0.047357  0.536908  0.098828  0.149616 -0.082564 -0.000196 -0.000765 -0.000132  0.000097  0.000038 -0.000035 -0.000037  0.490127 -0.000000  1.044139
 1.257060 -0.613984 -0.159883  0.963493  0.096309  1.225879  0.164850  0.081942  0.046930  0.026003 -0.146124 -0.037905 -0.055405  0.023726  1.210317 -0.830193 -0.194418  0.971765  0.102391  1.208399  0.157618  0.526813  1.000000  0.040162  0.023002  0.012745 -0.071619 -0.018578 -0.027156  0.011629 -0.318002 -0.060218  0.025209  0.511766  0.079401  0.135168 -0.031789 -0.000156 -0.000610 -0.000105  0.000077  0.000030 -0.000028 -0.000029  0.490127 -0.000000  1.074849
 1.258293 -0.613278 -0.159492  0.961294  0.095738  1.225045  0.165207  0.072177  0.045080  0.026777 -0.130407 -0.035466 -0.051254  0.022750  1.210313 -0.830210 -0.194421  0.971767  0.102392  1.208398  0.157617  0.541864  1.000000  0.035376  0.022095  0.013124 -0.063916 -0.017383 -0.025121  0.011150 -0.280020 -0.023628  0.051092  0.489245  0.071266  0.152261  0.004309 -0.000125 -0.000487 -0.000084  0.000062  0.000024 -0.000022 -0.000023  0.490127 -0.000000  1.105559
 1.259380 -0.612600 -0.159089  0.959331  0.095204  1.224273  0.165549  0.063577  0.044355  0.028346 -0.115383 -0.033278 -0.046578  0.022882  1.210310 -0.830223 -0.194423  0.971768  0.102392  1.208397  0.157617  0.556916  1.000000  0.031161  0.021740  0.013893 -0.056552 -0.016310 -0.022829  0.011215 -0.232059 -0.035063  0.010655  0.448380  0.083373  0.184975 -0.007297 -0.000100 -0.000388 -0.000067  0.000049  0.000019 -0.000018 -0.000019  0.490127 -0.000000  1.136269
 1.260337 -0.611932 -0.158662  0.957594  0.094704  1.223572  0.165894  0.056451  0.043278  0.028673 -0.101613 -0.030717 -0.040898  0.022658  1.210307 -0.830234 -0.194425  0.971770  0.102393  1.208397  0.157616  0.571968  1.000000  0.027668  0.021212  0.014053 -0.049803 -0.015055 -0.020045  0.011105 -0.203735 -0.086405 -0.058203  0.374192  0.109896  0.200620 -0.060716 -0.000079 -0.000310 -0.000054  0.000039  0.000015 -0.000014 -0.000015  0.490127 -0.000000  1.166979
 1.261186 -0.611280 -0.158231  0.956065  0.094241  1.222956  0.166235  0.050194  0.040625  0.026886 -0.090121 -0.027342 -0.034737  0.020794  1.210305 -0.830242 -0.194426  0.971771  0.102393  1.208397  0.157616  0.587020  1.000000  0.024601  0.019911  0.013177 -0.044171 -0.013401 -0.017025  0.010192 -0.196794 -0.141702 -0.106939  0.288203  0.136034  0.201913 -0.110132 -0.000063 -0.000247 -0.000043  0.000031  0.000012 -0.000011 -0.000012  0.490127 -0.000000  1.197689
 1.261942 -0.610669 -0.157826  0.954708  0.093830  1.222434  0.166548  0.044150  0.036273  0.023602 -0.081271 -0.023165 -0.028536  0.017412  1.210303 -0.830249 -0.194427  0.971772  0.102394  1.208396  0.157615  0.602072  1.000000  0.021639  0.017778  0.011568 -0.039833 -0.011354 -0.013986  0.008534 -0.191839 -0.184058 -0.125911  0.214515  0.155660  0.200652 -0.122834 -0.000051 -0.000197 -0.000034  0.000025  0.000010 -0.000009 -0.000009  0.490127 -0.000000  1.228399
 1.262606 -0.610123 -0.157471  0.953485  0.093481  1.222004  0.166810  0.038259  0.030621  0.019735 -0.074683 -0.018385 -0.022374  0.013639  1.210301 -0.830255 -0.194428  0.971772  0.102394  1.208396  0.157615  0.617123  1.000000  0.018752  0.015008  0.009673 -0.036604 -0.009011 -0.010966  0.006685 -0.155263 -0.196219 -0.120712  0.175380  0.155892  0.154782 -0.083387 -0.000040 -0.000157 -0.000027  0.000020  0.000008 -0.000007 -0.000008  0.490127 -0.000000  1.259109
 1.263182 -0.609662 -0.157174  0.952361  0.093204  1.221667  0.167015  0.033491  0.024595  0.016028 -0.069297 -0.013597 -0.017621  0.011079  1.210300 -0.830259 -0.194429  0.971773  0.102394  1.208396  0.157615  0.632175  1.000000  0.016415  0.012054  0.007856 -0.033964 -0.006664 -0.008636  0.005430 -0.071552 -0.158345 -0.104984  0.178377  0.118648  0.004131 -0.021879 -0.000032 -0.000126 -0.000022  0.000016  0.000006 -0.000006 -0.000006  0.490127 -0.000000  1.289818
 1.263686 -0.609292 -0.156933  0.951318  0.093000  1.221402  0.167182  0.031294  0.019732  0.012804 -0.063819 -0.009953 -0.017494  0.010407  1.210299 -0.830262 -0.194430  0.971773  0.102394  1.208396  0.157615  0.647227  1.000000  0.015338  0.009671  0.006275 -0.031279 -0.004878 -0.008574  0.005101  0.016074 -0.090048 -0.090157  0.192808  0.057136 -0.203032  0.010432 -0.000026 -0.000100 -0.000017  0.000013  0.000005 -0.000005 -0.000005  0.490127 -0.000000  1.320528
 1.264157 -0.608995 -0.156740  0.950357  0.092850  1.221139  0.167338  0.031787  0.016966  0.010035 -0.057898 -0.008199 -0.023729  0.010727  1.210299 -0.830265 -0.194430  0.971774  0.102394  1.208396  0.157615  0.662279  1.000000  0.015580  0.008316  0.004918 -0.028377 -0.004018 -0.011630  0.005258  0.069070 -0.021595 -0.071371  0.192417  0.005327 -0.401065  0.007827 -0.000021 -0.000080 -0.000014  0.000010  0.000004 -0.000004 -0.000004  0.490127 -0.000000  1.351238
 1.264636 -0.608740 -0.156589  0.949486  0.092726  1.220782  0.167500  0.033908  0.016303  0.007843 -0.051989 -0.008035 -0.036046  0.010967  1.210298 -0.830267 -0.194431  0.971774  0.102395  1.208395  0.157614  0.677331  1.000000  0.016619  0.007991  0.003844 -0.025481 -0.003938 -0.017667  0.005375  0.080842  0.024406 -0.043332  0.175881  0.028181 -0.579795 -0.018124 -0.000016 -0.000064 -0.000011  0.000008  0.000003 -0.000003 -0.000003  0.490127 -0.000000  1.381948
 1.265146 -0.608494 -0.156471  0.948703  0.092605  1.220239  0.167665  0.036391  0.017053  0.006513 -0.046588 -0.007170 -0.053851  0.010411  1.210298 -0.830269 -0.194431  0.971774  0.102395  1.208395  0.157614  0.692382  1.000000  0.017836  0.008358  0.003192 -0.022834 -0.003514 -0.026394  0.005103  0.073686  0.011216 -0.027455  0.164833  0.219796 -0.700137 -0.056422 -0.000013 -0.000051 -0.000009  0.000006  0.000003 -0.000002 -0.000002  0.490127 -0.000000  1.412658
 1.265694 -0.608237 -0.156373  0.948002  0.092498  1.219429  0.167822  0.038654  0.017397  0.005669 -0.041526 -0.000420 -0.075352  0.008678  1.210297 -0.830270 -0.194431  0.971774  0.102395  1.208395  0.157614  0.707434  1.000000  0.018945  0.008527  0.002779 -0.020353 -0.000206 -0.036932  0.004253  0.089720 -0.056102 -0.054325  0.184455  0.518081 -0.705415 -0.088532 -0.000010 -0.000041 -0.000007  0.000005  0.000002 -0.000002 -0.000002  0.490127 -0.000000  1.443368
 1.266276 -0.607976 -0.156287  0.947377  0.092491  1.218294  0.167952  0.041409  0.015674  0.004001 -0.035861  0.015490 -0.097016  0.005959  1.210297 -0.830272 -0.194431  0.971774  0.102395  1.208395  0.157614  0.722486  1.000000  0.020296  0.007682  0.001961 -0.017576  0.007592 -0.047550  0.002921  0.137880 -0.111918 -0.112731  0.230942  0.741102 -0.644577 -0.111130 -0.000008 -0.000032 -0.000006  0.000004  0.000002 -0.000001 -0.000002  0.490127 -0.000000  1.474078
 1.266899 -0.607740 -0.156227  0.946837  0.092724  1.216834  0.168042  0.045643  0.012237  0.000539 -0.028769  0.038250 -0.116810  0.002546  1.210297 -0.830272 -0.194431  0.971775  0.102395  1.208395  0.157614  0.737538  1.000000  0.022371  0.005998  0.000264 -0.014100  0.018747 -0.057252  0.001248  0.205155 -0.131937 -0.183518  0.291472  0.777120 -0.571114 -0.134791 -0.000007 -0.000026 -0.000004  0.000003  0.000001 -0.000001 -0.000001  0.490127 -0.000000  1.504788
 1.267586 -0.607556 -0.156219  0.946404  0.093300  1.215076  0.168080  0.051944  0.008186 -0.005097 -0.019818  0.062115 -0.134349 -0.001593  1.210297 -0.830273 -0.194432  0.971775  0.102395  1.208395  0.157614  0.752590  1.000000  0.025459  0.004012 -0.002498 -0.009713  0.030444 -0.065848 -0.000781  0.265651 -0.192885 -0.251311  0.327452  0.498490 -0.389843 -0.142665 -0.000005 -0.000021 -0.000004  0.000003  0.000001 -0.000001 -0.000001  0.490127 -0.000000  1.535498
 1.268368 -0.607432 -0.156296  0.946106  0.094235  1.213054  0.168056  0.060102  0.002262 -0.012814 -0.009762  0.077424 -0.146321 -0.005974  1.210297 -0.830274 -0.194432  0.971775  0.102395  1.208395  0.157614  0.767641  1.000000  0.029458  0.001109 -0.006281 -0.004784  0.037947 -0.071716 -0.002928  0.259732 -0.416650 -0.271384  0.256917 -0.078683  0.062081 -0.080183 -0.000004 -0.000016 -0.000003  0.000002  0.000001 -0.000001 -0.000001  0.490127 -0.000000  1.566208
 1.269273 -0.607398 -0.156489  0.945959  0.095400  1.210851  0.167966  0.068078 -0.010533 -0.021149 -0.001872  0.075007 -0.144415 -0.008437  1.210296 -0.830274 -0.194432  0.971775  0.102395  1.208395  0.157614  0.782693  1.000000  0.033367 -0.005163 -0.010366 -0.000917  0.036763 -0.070782 -0.004135  0.177059 -0.730017 -0.218321  0.087866 -0.600922  0.654272  0.046635 -0.000003 -0.000013 -0.000002  0.000002  0.000001 -0.000001 -0.000001  0.490127 -0.000000  1.596918
 1.270297 -0.607557 -0.156807  0.945931  0.096529  1.208678  0.167839  0.073516 -0.032952 -0.027853  0.000827  0.056553 -0.124322 -0.007005  1.210296 -0.830275 -0.194432  0.971775  0.102395  1.208395  0.157614  0.797745  1.000000  0.036032 -0.016151 -0.013652  0.000405  0.027718 -0.060934 -0.003433  0.078763 -0.971580 -0.120499 -0.083437 -0.866186  1.146772  0.171452 -0.000003 -0.000010 -0.000002  0.000001  0.000001 -0.000000 -0.000001  0.490127 -0.000000  1.627628
 1.271404 -0.608053 -0.157226  0.945943  0.097381  1.206806  0.167734  0.075935 -0.062789 -0.031554 -0.001736  0.029952 -0.089105 -0.001739  1.210296 -0.830275 -0.194432  0.971775  0.102395  1.208395  0.157614  0.812797  1.000000  0.037218 -0.030775 -0.015465 -0.000851  0.014680 -0.043673 -0.000852  0.017318 -1.110075 -0.017331 -0.183207 -0.888850  1.425457  0.239827 -0.000002 -0.000008 -0.000001  0.000001  0.000000 -0.000000 -0.000000  0.490127 -0.000000  1.658338
 1.272547 -0.608998 -0.157701  0.945917  0.097831  1.205465  0.167708  0.076466 -0.096880 -0.032086 -0.007362  0.002656 -0.045329  0.005626  1.210296 -0.830275 -0.194432  0.971775  0.102395  1.208395  0.157614  0.827848  1.000000  0.037478 -0.047483 -0.015726 -0.003608  0.001302 -0.022217  0.002757  0.030664 -1.223713  0.005712 -0.144074 -0.671376  1.339060  0.191735 -0.000002 -0.000007 -0.000001  0.000001  0.000000 -0.000000 -0.000000  0.490127 -0.000000  1.689048
 1.273698 -0.610456 -0.158184  0.945806  0.097871  1.204783  0.167793  0.077408 -0.134460 -0.031911 -0.011786 -0.017962 -0.004207  0.011514  1.210296 -0.830275 -0.194432  0.971775  0.102395  1.208395  0.157614  0.842900  1.000000  0.037940 -0.065902 -0.015640 -0.005777 -0.008804 -0.002062  0.005643  0.112134 -1.381762 -0.126625  0.012975 -0.320450  0.882168  0.037879 -0.000001 -0.000005 -0.000001  0.000001  0.000000 -0.000000 -0.000000  0.490127 -0.000000  1.719758
 1.274863 -0.612480 -0.158664  0.945629  0.097601  1.204720  0.167966  0.080852 -0.176894 -0.035799 -0.011388 -0.027803  0.022885  0.012677  1.210296 -0.830275 -0.194432  0.971775  0.102395  1.208395  0.157614  0.857952  1.000000  0.039628 -0.086700 -0.017546 -0.005582 -0.013627  0.011216  0.006213  0.222245 -1.530836 -0.333318  0.157438 -0.033942  0.379005 -0.107960 -0.000001 -0.000004 -0.000001  0.000001  0.000000 -0.000000 -0.000000  0.490127 -0.000000  1.750468
 1.276080 -0.615143 -0.159203  0.945458  0.097183  1.205064  0.168157  0.087677 -0.223905 -0.046035 -0.006553 -0.028846  0.034524  0.009362  1.210296 -0.830276 -0.194432  0.971775  0.102395  1.208395  0.157614  0.873004  1.000000  0.042973 -0.109742 -0.022563 -0.003212 -0.014138  0.016921  0.004588  0.358318 -1.624221 -0.514225  0.230806  0.145520  0.049119 -0.182047 -0.000001 -0.000003 -0.000001  0.000000  0.000000 -0.000000 -0.000000  0.490127 -0.000000  1.781178
 1.277400 -0.618513 -0.159896  0.945359  0.096748  1.205584  0.168298  0.098681 -0.273785 -0.061827  0.000535 -0.024377  0.036032  0.003771  1.210296 -0.830276 -0.194432  0.971775  0.102395  1.208395  0.157614  0.888056  1.000000  0.048366 -0.134190 -0.030303  0.000262 -0.011948  0.017660  0.001848  0.450523 -1.711148 -0.615098  0.256211  0.255797 -0.063451 -0.174082 -0.000001 -0.000003 -0.000000  0.000000  0.000000 -0.000000 -0.000000  0.490127 -0.000000  1.811888
 1.278885 -0.622634 -0.160827  0.945367  0.096382  1.206126  0.168354  0.112516 -0.326335 -0.080717  0.008403 -0.016521  0.034084 -0.001575  1.210296 -0.830276 -0.194432  0.971775  0.102395  1.208395  0.157614  0.903107  1.000000  0.055147 -0.159945 -0.039562  0.004119 -0.008097  0.016705 -0.000772  0.251403 -1.869075 -0.572390  0.291311  0.292065 -0.014450 -0.106901 -0.000001 -0.000002 -0.000000  0.000000  0.000000 -0.000000 -0.000000  0.490127 -0.000000  1.842598
 1.280578 -0.627546 -0.162042  0.945494  0.096133  1.206639  0.168331  0.120237 -0.383734 -0.098295  0.017349 -0.007552  0.033640 -0.004858  1.210296 -0.830276 -0.194432  0.971775  0.102395  1.208395  0.157614  0.918159  1.000000  0.058931 -0.188078 -0.048177  0.008503 -0.003701  0.016488 -0.002381 -0.255524 -2.035413 -0.407162  0.366045  0.240882  0.027661 -0.046906 -0.000000 -0.000002 -0.000000  0.000000  0.000000 -0.000000 -0.000000  0.490127 -0.000000  1.873308
 1.282388 -0.633321 -0.163521  0.945755  0.096019  1.207145  0.168258  0.112390 -0.446241 -0.110799  0.028591 -0.000154  0.034489 -0.006298  1.210296 -0.830276 -0.194432  0.971775  0.102395  1.208395  0.157614  0.933211  1.000000  0.055085 -0.218715 -0.054306  0.014013 -0.000076  0.016904 -0.003087 -0.714242 -2.094085 -0.220123  0.456681  0.139184 -0.017440 -0.016417 -0.000000 -0.000001 -0.000000  0.000000  0.000000 -0.000000 -0.000000  0.490127 -0.000000  1.904018
 1.284080 -0.640038 -0.165189  0.946185  0.096017  1.207664  0.168163  0.090455 -0.510550 -0.117559  0.042615  0.004120  0.033954 -0.006802  1.210296 -0.830276 -0.194432  0.971775  0.102395  1.208395  0.157614  0.948263  1.000000  0.044335 -0.250235 -0.057619  0.020887  0.002019  0.016642 -0.003334 -0.953981 -2.037736 -0.061420  0.548538  0.023936 -0.115182  0.005246 -0.000000 -0.000001 -0.000000  0.000000  0.000000 -0.000000 -0.000000  0.490127 -0.000000  1.934728
 1.285441 -0.647723 -0.166958  0.946826  0.096079  1.208176  0.168060  0.061159 -0.573129 -0.119445  0.059461  0.004855  0.030417 -0.006641  1.210296 -0.830276 -0.194432  0.971775  0.102395  1.208395  0.157614  0.963315  1.000000  0.029976 -0.280906 -0.058543  0.029143  0.002380  0.014908 -0.003255 -1.250698 -1.961135  0.018421  0.617766 -0.046843 -0.208972 -0.002362 -0.000000 -0.000001 -0.000000  0.000000  0.000000 -0.000000 -0.000000  0.490127 -0.000000  1.965438
 1.286362 -0.656350 -0.168756  0.947721  0.096152  1.208633  0.167960  0.022750 -0.633356 -0.118879  0.078432  0.003417  0.023999 -0.006714  1.210296 -0.830276 -0.194432  0.971775  0.102395  1.208395  0.157614  0.978366  1.000000  0.011150 -0.310425 -0.058266  0.038442  0.001675  0.011763 -0.003291 -2.070808 -1.995956 -0.047517  0.597744  0.012260 -0.233721 -0.099035 -0.000000 -0.000001 -0.000000  0.000000  0.000000 -0.000000 -0.000000  0.490127 -0.000000  1.996148
 1.286704 -0.665883 -0.170546  0.948902  0.096203  1.208995  0.167859 -0.040845 -0.694651 -0.120339  0.096789  0.003793  0.016822 -0.009755  1.210296 -0.830276 -0.194432  0.971775  0.102395  1.208395  0.157614  0.993418  1.000000 -0.020019 -0.340468 -0.058981  0.047439  0.001859  0.008245 -0.004781 -3.195020 -2.111340 -0.201956  0.486958  0.165985 -0.188332 -0.254899 -0.000000 -0.000001 -0.000000  0.000000  0.000000 -0.000000 -0.000000  0.490127 -0.000000  2.026858
 1.286090 -0.676338 -0.172357  0.950359  0.096260  1.209248  0.167712 -0.138964 -0.759491 -0.126541  0.111744  0.008890  0.011038 -0.017583  1.210296 -0.830276 -0.194432  0.971775  0.102395  1.208395  0.157614  1.000000  1.000000 -0.068110 -0.372247 -0.062021  0.054769  0.004357  0.005410 -0.008618 -3.033761 -1.499568 -0.177964  0.309029  0.199202 -0.136893 -0.266698 -0.000000 -0.000000 -0.000000  0.000000  0.000000 -0.000000 -0.000000  0.000000 -0.000000  2.057568
 1.283998 -0.687770 -0.174262  0.952041  0.096394  1.209414  0.167448 -0.232130 -0.805542 -0.132006  0.121234  0.015008  0.006834 -0.025773  1.210296 -0.830276 -0.194432  0.971775  0.102395  1.208395  0.157614  1.000000  1.000000 -0.113773 -0.394818 -0.064700  0.059420  0.007356  0.003350 -0.012632 -2.017973 -0.487846 -0.031038  0.133564  0.132677 -0.103826 -0.173441 -0.000000 -0.000000 -0.000000  0.000000  0.000000 -0.000000 -0.000000  0.000000 -0.000000  2.088278
 1.280504 -0.699895 -0.176249  0.953866  0.096620  1.209517  0.167060 -0.294102 -0.820524 -0.132959  0.125336  0.019082  0.003645 -0.031100  1.210296 -0.830276 -0.194432  0.971775  0.102395  1.208395  0.157614  1.000000  1.000000 -0.144147 -0.402161 -0.065167  0.061430  0.009353  0.001787 -0.015243 -1.239241  0.253285  0.075690  0.003919  0.081664 -0.077612 -0.102215 -0.000000 -0.000000 -0.000000  0.000000  0.000000 -0.000000 -0.000000  0.000000 -0.000000  2.118987
 1.276077 -0.712245 -0.178250  0.955752  0.096907  1.209572  0.166592 -0.332159 -0.812746 -0.130635  0.125456  0.021590  0.001262 -0.034239  1.210296 -0.830276 -0.194432  0.971775  0.102395  1.208395  0.157614  1.000000  1.000000 -0.162800 -0.398349 -0.064028  0.061489  0.010582  0.000619 -0.016781 -0.649218  0.782361  0.150993 -0.089725  0.043003 -0.056938 -0.048501 -0.000000 -0.000000 -0.000000  0.000000  0.000000 -0.000000 -0.000000  0.000000 -0.000000  2.149697
 1.271078 -0.724479 -0.180216  0.957640  0.097232  1.209591  0.166076 -0.352097 -0.788719 -0.125998  0.122700  0.022911 -0.000487 -0.035728  1.210296 -0.830276 -0.194432  0.971775  0.102395  1.208395  0.157614  1.000000  1.000000 -0.172572 -0.386573 -0.061755  0.060139  0.011229 -0.000238 -0.017511 -0.208736  1.146428  0.201911 -0.155267  0.014130 -0.040728 -0.008642 -0.000000 -0.000000 -0.000000  0.000000  0.000000 -0.000000 -0.000000  0.000000 -0.000000  2.180407
 1.265778 -0.736350 -0.182113  0.959487  0.097577  1.209583  0.165539 -0.358507 -0.753513 -0.119797  0.117932  0.023345 -0.001737 -0.035994  1.210296 -0.830276 -0.194432  0.971775  0.102395  1.208395  0.157614  1.000000  1.000000 -0.175714 -0.369317 -0.058716  0.057802  0.011442 -0.000852 -0.017642  0.113853  1.383174  0.234081 -0.199046 -0.007026 -0.028109  0.020318 -0.000000 -0.000000 -0.000000  0.000000  0.000000 -0.000000 -0.000000  0.000000 -0.000000  2.211117
 1.260382 -0.747692 -0.183916  0.961262  0.097929  1.209557  0.164997 -0.355011 -0.711035 -0.112608  0.111820  0.023129 -0.002601 -0.035370  1.210296 -0.830276 -0.194432  0.971775  0.102395  1.208395  0.157614  1.000000  1.000000 -0.174000 -0.348498 -0.055192  0.054806  0.011336 -0.001275 -0.017336  0.344060  1.522677  0.251992 -0.226128 -0.022133 -0.018365  0.040755 -0.000000 -0.000000 -0.000000  0.000000  0.000000 -0.000000 -0.000000  0.000000 -0.000000  2.241827
 1.255038 -0.758394 -0.185611  0.962945  0.098277  1.209518  0.164464 -0.344444 -0.664274 -0.104870  0.104875  0.022449 -0.003165 -0.034118  1.210296 -0.830276 -0.194432  0.971775  0.102395  1.208395  0.157614  1.000000  1.000000 -0.168822 -0.325579 -0.051400  0.051402  0.011003 -0.001551 -0.016722  0.502387  1.588848  0.259208 -0.240548 -0.032533 -0.010918  0.054580 -0.000000 -0.000000 -0.000000  0.000000  0.000000 -0.000000 -0.000000  0.000000 -0.000000  2.272537
 1.249854 -0.768393 -0.187189  0.964524  0.098615  1.209470  0.163951 -0.329016 -0.615481 -0.096909  0.097488  0.021450 -0.003500 -0.032442  1.210296 -0.830276 -0.194432  0.971775  0.102395  1.208395  0.157614  1.000000  1.000000 -0.161260 -0.301664 -0.047498  0.047781  0.010513 -0.001715 -0.015901  0.605257  1.600602  0.258542 -0.245504 -0.039301 -0.005297  0.063319 -0.000000 -0.000000 -0.000000  0.000000  0.000000 -0.000000 -0.000000  0.000000 -0.000000  2.303247
 1.244901 -0.777657 -0.188648  0.965991  0.098938  1.209418  0.163463 -0.310429 -0.566326 -0.088970  0.089949  0.020243 -0.003663 -0.030498  1.210296 -0.830276 -0.194432  0.971775  0.102395  1.208395  0.157614  1.000000  1.000000 -0.152150 -0.277572 -0.043606  0.044086  0.009922 -0.001795 -0.014948  0.665778  1.572822  0.252205 -0.243518 -0.043295 -0.001120  0.068191 -0.000000 -0.000000 -0.000000  0.000000  0.000000 -0.000000 -0.000000  0.000000 -0.000000  2.333957
 1.240229 -0.786181 -0.189987  0.967345  0.099242  1.209363  0.163004 -0.289983 -0.518025 -0.081224  0.082470  0.018914 -0.003697 -0.028403  1.210296 -0.830276 -0.194432  0.971775  0.102395  1.208395  0.157614  1.000000  1.000000 -0.142128 -0.253898 -0.039810  0.040421  0.009270 -0.001812 -0.013921  0.694367  1.517141  0.241918 -0.236568 -0.045196  0.001919  0.070162 -0.000000 -0.000000 -0.000000  0.000000  0.000000 -0.000000 -0.000000  0.000000 -0.000000  2.364667
 1.235864 -0.793978 -0.191210  0.968587  0.099527  1.209307  0.162576 -0.268659 -0.471433 -0.073795  0.075205  0.017526 -0.003638 -0.026249  1.210296 -0.830276 -0.194432  0.971775  0.102395  1.208395  0.157614  1.000000  1.000000 -0.131677 -0.231062 -0.036169  0.036860  0.008590 -0.001783 -0.012865  0.699267  1.442589  0.229013 -0.226193 -0.045543  0.004069  0.069995 -0.000000 -0.000000 -0.000000  0.000000  0.000000 -0.000000 -0.000000  0.000000 -0.000000  2.395377
 1.231820 -0.801074 -0.192320  0.969719  0.099791  1.209252  0.162181 -0.247184 -0.427132 -0.066762  0.068259  0.016127 -0.003513 -0.024099  1.210296 -0.830276 -0.194432  0.971775  0.102395  1.208395  0.157614  1.000000  1.000000 -0.121152 -0.209349 -0.032722  0.033455  0.007904 -0.001722 -0.011812  0.686960  1.356109  0.214513 -0.213582 -0.044763  0.005528  0.068288 -0.000000 -0.000000 -0.000000  0.000000  0.000000 -0.000000 -0.000000  0.000000 -0.000000  2.426087
 1.228100 -0.807503 -0.193325  0.970746  0.100033  1.209199  0.161818 -0.226088 -0.385486 -0.060174  0.061700  0.014753 -0.003343 -0.022002  1.210296 -0.830276 -0.194432  0.971775  0.102395  1.208395  0.157614  1.000000  1.000000 -0.110812 -0.188937 -0.029493  0.030241  0.007231 -0.001639 -0.010784  0.662515  1.262979  0.199189 -0.199643 -0.043185  0.006455  0.065510 -0.000000 -0.000000 -0.000000  0.000000  0.000000 -0.000000 -0.000000  0.000000 -0.000000  2.456797
 1.224697 -0.813306 -0.194231  0.971675  0.100255  1.209149  0.161487 -0.205742 -0.346700 -0.054057  0.055569  0.013426 -0.003145 -0.019990  1.210296 -0.830276 -0.194432  0.971775  0.102395  1.208395  0.157614  1.000000  1.000000 -0.100840 -0.169927 -0.026495  0.027236  0.006581 -0.001541 -0.009798  0.629866  1.167161  0.183619 -0.185061 -0.041068  0.006978  0.062021 -0.000000 -0.000000 -0.000000  0.000000  0.000000 -0.000000 -0.000000  0.000000 -0.000000  2.487507
 1.221600 -0.818524 -0.195045  0.972511  0.100458  1.209102  0.161186 -0.186399 -0.310856 -0.048418  0.049885  0.012165 -0.002931 -0.018086  1.210296 -0.830276 -0.194432  0.971775  0.102395  1.208395  0.157614  1.000000  1.000000 -0.091359 -0.152359 -0.023731  0.024450  0.005962 -0.001436 -0.008864  0.592036  1.071574  0.168223 -0.170345 -0.038610  0.007198  0.058098 -0.000000 -0.000000 -0.000000  0.000000  0.000000 -0.000000 -0.000000  0.000000 -0.000000  2.518217
 1.218794 -0.823203 -0.195773  0.973262  0.100641  1.209058  0.160914 -0.168217 -0.277948 -0.043252  0.044654  0.010979 -0.002710 -0.016301  1.210296 -0.830276 -0.194432  0.971775  0.102395  1.208395  0.157614  1.000000  1.000000 -0.082448 -0.136230 -0.021199  0.021886  0.005381 -0.001328 -0.007990  0.551324  0.978319  0.153301 -0.155867 -0.035962  0.007193  0.053950 -0.000000 -0.000000 -0.000000  0.000000  0.000000 -0.000000 -0.000000  0.000000 -0.000000  2.548927
 1.216262 -0.827387 -0.196424  0.973934  0.100806  1.209017  0.160669 -0.151286 -0.247904 -0.038544  0.039867  0.009875 -0.002489 -0.014645  1.210296 -0.830276 -0.194432  0.971775  0.102395  1.208395  0.157614  1.000000  1.000000 -0.074150 -0.121504 -0.018892  0.019540  0.004840 -0.001220 -0.007178  0.509454  0.888861  0.139061 -0.141888 -0.033236  0.007027  0.049735 -0.000000 -0.000000 -0.000000  0.000000  0.000000 -0.000000 -0.000000  0.000000 -0.000000  2.579637
 1.213985 -0.831118 -0.197005  0.974534  0.100955  1.208979  0.160448 -0.135641 -0.220607 -0.034274  0.035510  0.008854 -0.002273 -0.013117  1.210296 -0.830276 -0.194432  0.971775  0.102395  1.208395  0.157614  1.000000  1.000000 -0.066481 -0.108126 -0.016799  0.017404  0.004340 -0.001114 -0.006429  0.467699  0.804168  0.125634 -0.128586 -0.030516  0.006748  0.045567 -0.000000 -0.000000 -0.000000  0.000000  0.000000 -0.000000 -0.000000  0.000000 -0.000000  2.610347
 1.211944 -0.834438 -0.197520  0.975069  0.101088  1.208945  0.160251 -0.121278 -0.195911 -0.030416  0.031561  0.007917 -0.002066 -0.011718  1.210296 -0.830276 -0.194432  0.971775  0.102395  1.208395  0.157614  1.000000  1.000000 -0.059442 -0.096021 -0.014908  0.015469  0.003880 -0.001013 -0.005743  0.426971  0.724833  0.113098 -0.116074 -0.027862  0.006393  0.041527 -0.000000 -0.000000 -0.000000  0.000000  0.000000 -0.000000 -0.000000  0.000000 -0.000000  2.641057
 1.210118 -0.837387 -0.197978  0.975544  0.101207  1.208914  0.160074 -0.108166 -0.173651 -0.026942  0.027997  0.007062 -0.001869 -0.010443  1.210296 -0.830276 -0.194432  0.971775  0.102395  1.208395  0.157614  1.000000  1.000000 -0.053015 -0.085111 -0.013205  0.013722  0.003461 -0.000916 -0.005118  0.387908  0.651161  0.101490 -0.104415 -0.025315  0.005993  0.037670 -0.000000 -0.000000 -0.000000  0.000000  0.000000 -0.000000 -0.000000  0.000000 -0.000000  2.671767
 1.208490 -0.840001 -0.198384  0.975965  0.101313  1.208886  0.159917 -0.096253 -0.153654 -0.023826  0.024790  0.006284 -0.001685 -0.009286  1.210296 -0.830276 -0.194432  0.971775  0.102395  1.208395  0.157614  1.000000  1.000000 -0.047176 -0.075310 -0.011678  0.012150  0.003080 -0.000826 -0.004551  0.350930  0.583246  0.090814 -0.093636 -0.022904  0.005568  0.034034 -0.000000 -0.000000 -0.000000  0.000000  0.000000 -0.000000 -0.000000  0.000000 -0.000000  2.702477
 1.207041 -0.842314 -0.198742  0.976338  0.101408  1.208860  0.159777 -0.085476 -0.135743 -0.021037  0.021914  0.005581 -0.001514 -0.008241  1.210296 -0.830276 -0.194432  0.971775  0.102395  1.208395  0.157614  1.000000  1.000000 -0.041894 -0.066531 -0.010311  0.010741  0.002735 -0.000742 -0.004039  0.316297  0.521024  0.081053 -0.083737 -0.020645  0.005135  0.030639 -0.000000 -0.000000 -0.000000  0.000000  0.000000 -0.000000 -0.000000  0.000000 -0.000000  2.733187
 1.205755 -0.844357 -0.199059  0.976668  0.101492  1.208838  0.159653 -0.075763 -0.119742 -0.018548  0.019343  0.004947 -0.001357 -0.007300  1.210296 -0.830276 -0.194432  0.971775  0.102395  1.208395  0.157614  1.000000  1.000000 -0.037133 -0.058689 -0.009091  0.009480  0.002425 -0.000665 -0.003578  0.284138  0.464318  0.072173 -0.074696 -0.018547  0.004706  0.027495 -0.000000 -0.000000 -0.000000  0.000000  0.000000 -0.000000 -0.000000  0.000000 -0.000000  2.763897
 1.204614 -0.846159 -0.199338  0.976959  0.101566  1.208817  0.159544 -0.067037 -0.105483 -0.016331  0.017049  0.004377 -0.001212 -0.006455  1.210296 -0.830276 -0.194432  0.971775  0.102395  1.208395  0.157614  1.000000  1.000000 -0.032856 -0.051700 -0.008004  0.008356  0.002145 -0.000594 -0.003164  0.254495  0.412879  0.064129 -0.066479 -0.016613  0.004291  0.024603 -0.000000 -0.000000 -0.000000  0.000000  0.000000 -0.000000 -0.000000  0.000000 -0.000000  2.794607
 1.203605 -0.847747 -0.199584  0.977216  0.101632  1.208799  0.159446 -0.059221 -0.092804 -0.014362  0.015007  0.003867 -0.001080 -0.005700  1.210296 -0.830276 -0.194432  0.971775  0.102395  1.208395  0.157614  1.000000  1.000000 -0.029026 -0.045486 -0.007039  0.007356  0.001895 -0.000530 -0.002794  0.227337  0.366406  0.056872 -0.059044 -0.014841  0.003893  0.021959 -0.000000 -0.000000 -0.000000  0.000000  0.000000 -0.000000 -0.000000  0.000000 -0.000000  2.825317
 1.202714 -0.849144 -0.199800  0.977442  0.101690  1.208783  0.159361 -0.052240 -0.081551 -0.012615  0.013194  0.003411 -0.000961 -0.005025  1.210296 -0.830276 -0.194432  0.971775  0.102395  1.208395  0.157614  1.000000  1.000000 -0.025604 -0.039970 -0.006183  0.006467  0.001672 -0.000471 -0.002463  0.202590  0.324568  0.050347 -0.052341 -0.013226  0.003518  0.019553 -0.000000 -0.000000 -0.000000  0.000000  0.000000 -0.000000 -0.000000  0.000000 -0.000000  2.856027
 1.201928 -0.850371 -0.199990  0.977640  0.101742  1.208768  0.159285 -0.046018 -0.071584 -0.011069  0.011587  0.003005 -0.000853 -0.004425  1.210296 -0.830276 -0.194432  0.971775  0.102395  1.208395  0.157614  1.000000  1.000000 -0.022555 -0.035085 -0.005425  0.005679  0.001473 -0.000418 -0.002169  0.180142  0.287024  0.044497 -0.046318 -0.011761  0.003168  0.017374 -0.000000 -0.000000 -0.000000  0.000000  0.000000 -0.000000 -0.000000  0.000000 -0.000000  2.886737
 1.201235 -0.851449 -0.200157  0.977815  0.101787  1.208755  0.159218 -0.040486 -0.062769 -0.009703  0.010164  0.002644 -0.000756 -0.003891  1.210296 -0.830276 -0.194432  0.971775  0.102395  1.208395  0.157614  1.000000  1.000000 -0.019843 -0.030765 -0.004756  0.004982  0.001296 -0.000370 -0.001907  0.159862  0.253429  0.039268 -0.040923 -0.010438  0.002844  0.015408 -0.000000 -0.000000 -0.000000  0.000000  0.000000 -0.000000 -0.000000  0.000000 -0.000000  2.917447
 1.200626 -0.852394 -0.200303  0.977968  0.101827  1.208744  0.159160 -0.035577 -0.054986 -0.008497  0.008908  0.002323 -0.000668 -0.003418  1.210296 -0.830276 -0.194432  0.971775  0.102395  1.208395  0.157614  1.000000  1.000000 -0.017437 -0.026950 -0.004164  0.004366  0.001139 -0.000328 -0.001675  0.141605  0.223445  0.034605 -0.036102 -0.009246  0.002545  0.013641 -0.000000 -0.000000 -0.000000  0.000000  0.000000 -0.000000 -0.000000  0.000000 -0.000000  2.948156
 1.200090 -0.853221 -0.200431  0.978102  0.101862  1.208734  0.159108 -0.031228 -0.048124 -0.007434  0.007799  0.002039 -0.000590 -0.002999  1.210296 -0.830276 -0.194432  0.971775  0.102395  1.208395  0.157614  1.000000  1.000000 -0.015306 -0.023587 -0.003644  0.003822  0.001000 -0.000289 -0.001470  0.125223  0.196745  0.030456 -0.031805 -0.008177  0.002272  0.012056 -0.000000 -0.000000 -0.000000  0.000000  0.000000 -0.000000 -0.000000  0.000000 -0.000000  2.978866
 1.199620 -0.853946 -0.200543  0.978219  0.101893  1.208725  0.159063 -0.027382 -0.042082 -0.006499  0.006822  0.001788 -0.000520 -0.002629  1.210296 -0.830276 -0.194432  0.971775  0.102395  1.208395  0.157614  1.000000  1.000000 -0.013421 -0.020626 -0.003185  0.003344  0.000876 -0.000255 -0.001289  0.110564  0.173020  0.026772 -0.027984 -0.007220  0.002023  0.010639 -0.000000 -0.000000 -0.000000  0.000000  0.000000 -0.000000 -0.000000  0.000000 -0.000000  3.009576
 1.199208 -0.854579 -0.200640  0.978322  0.101919  1.208717  0.159024 -0.023987 -0.036769 -0.005677  0.005963  0.001567 -0.000458 -0.002302  1.210296 -0.830276 -0.194432  0.971775  0.102395  1.208395  0.157614  1.000000  1.000000 -0.011757 -0.018021 -0.002782  0.002922  0.000768 -0.000225 -0.001128  0.097481  0.151981  0.023507 -0.024593 -0.006366  0.001798  0.009376 -0.000000 -0.000000 -0.000000  0.000000  0.000000 -0.000000 -0.000000  0.000000 -0.000000  3.040286