-4.545814 10.936483 -0.460396 14.188577  3.363543  7.242385 -2.230432
-4.076604 11.442157 -0.264103 13.417703  3.160904  6.948395 -2.079987
-3.607394 11.947832 -0.067809 12.646829  2.958265  6.654406 -1.929542
-3.138183 12.453506  0.128484 11.875955  2.755626  6.360416 -1.779097
-2.668973 12.959180  0.324778 11.105081  2.552987  6.066427 -1.628652
-2.199763 13.464854  0.521071 10.334207  2.350348  5.772437 -1.478207
-1.730552 13.970528  0.717365  9.563333  2.147709  5.478448 -1.327762
-1.261342 14.476203  0.913658  8.792458  1.945070  5.184458 -1.177317
-0.792132 14.981877  1.109952  8.021584  1.742431  4.890468 -1.026872
-0.322921 15.487551  1.306245  7.250709  1.539792  4.596479 -0.876427
 0.146290 15.993227  1.502539  6.479833  1.337153  4.302488 -0.725981
 0.615504 16.498904  1.698834  5.708952  1.134512  4.008496 -0.575535
 1.084724 17.004587  1.895131  4.938058  0.931867  3.714500 -0.425084
 1.553963 17.510287  2.091436  4.167123  0.729211  3.420489 -0.274623
 2.023256 18.016036  2.287764  3.396071  0.526522  3.126438 -0.124131
 2.492705 18.521926  2.484155  2.624678  0.323737  2.832273  0.026453
 2.962580 19.028206  2.680719  1.852329  0.120680  2.537797  0.177301
 3.433574 19.535521  2.877736  1.077387 -0.083121  2.242513  0.328885
 3.907295 20.045399  3.075840  0.295774 -0.288859  1.945295  0.482440
 4.386724 20.560840  3.276159 -0.501368 -0.499218  1.644179  0.640929
 4.873776 21.084709  3.479134 -1.327149 -0.718585  1.338616  0.810064
 5.350726 21.604587  3.676456 -2.171494 -0.946333  1.044328  0.994092
 5.725827 22.045039  3.828815 -2.892352 -1.146909  0.833749  1.168700
 5.854633 22.278907  3.878768 -3.190285 -1.237221  0.811569  1.255785
 5.784196 22.339783  3.855477 -3.067431 -1.210492  0.925150  1.227829
 5.678490 22.373517  3.839764 -2.839788 -1.152988  1.031792  1.152635
 5.585431 22.419349  3.865178 -2.678883 -1.117222  1.073515  1.083105
 5.523783 22.436151  3.922567 -2.644973 -1.115910  1.045836  1.049029
 5.559359 22.396946  3.955989 -2.724388 -1.126403  1.001046  1.057134
 5.694402 22.336626  3.924792 -2.815606 -1.116944  1.000989  1.072923
 5.856355 22.277241  3.839510 -2.862346 -1.089921  1.039900  1.066317
 5.964316 22.216140  3.726414 -2.858673 -1.067843  1.078431  1.028581
 5.940371 22.181378  3.660563 -2.814625 -1.077521  1.068877  0.983353
 5.819999 22.218024  3.719168 -2.768526 -1.117901  1.007408  0.983509
 5.714559 22.314031  3.864252 -2.738884 -1.163635  0.943448  1.040329
 5.664308 22.436591  4.024911 -2.705438 -1.204296  0.915649  1.132842
 5.670253 22.546575  4.132631 -2.657215 -1.229262  0.950226  1.222761
 5.705102 22.577925  4.122044 -2.636554 -1.214239  1.033405  1.236034
 5.716329 22.519466  4.030948 -2.686331 -1.159059  1.108878  1.157055
 5.690545 22.419568  3.939070 -2.784998 -1.084509  1.173217  1.053087
 5.655507 22.307943  3.875266 -2.894063 -1.002104  1.242405  0.990858
 5.678900 22.225222  3.844156 -2.964550 -0.940918  1.229132  1.022132
 5.812029 22.228500  3.831884 -2.963184 -0.948851  0.983170  1.116958
 5.997362 22.307956  3.821839 -2.928529 -1.021963  0.536530  1.186136
 6.162535 22.422289  3.824112 -2.906998 -1.107571 -0.018536  1.202905
 6.276878 22.528637  3.852626 -2.909730 -1.070023 -0.665235  1.170922
 6.363013 22.541430  3.870241 -2.902519 -0.673866 -1.321125  1.098168
 6.495796 22.436780  3.808383 -2.831383  0.058919 -1.842965  1.013677
 6.707372 22.314738  3.664404 -2.685763  0.831515 -2.265519  0.926261
 6.991668 22.228836  3.456778 -2.474409  1.383497 -2.657553  0.818703
 7.309825 22.041938  3.206567 -2.265289  1.349887 -2.814303  0.723685
 7.539110 21.479303  3.003596 -2.237914  0.571952 -2.333908  0.761147
 7.620436 20.587488  2.925896 -2.439728 -0.425358 -1.307776  0.961654
 7.631113 19.630437  2.959561 -2.738089 -1.222761 -0.118450  1.232263
 7.664786 18.701553  3.054124 -2.991655 -1.715892  0.967368  1.466531
 7.816952 17.693405  3.043003 -3.026953 -1.773032  1.532491  1.513094
 8.117108 16.473535  2.728213 -2.806101 -1.465405  1.354521  1.325416
 8.527156 15.118332  2.180700 -2.521130 -1.104702  0.863421  1.068460
 9.062986 13.721317  1.552992 -2.291882 -0.801244  0.457590  0.870074
 9.603160 12.209357  0.962055 -2.108153 -0.530289  0.310049  0.788604
 9.622144 10.424066  0.578340 -1.878370 -0.335872  0.425289  0.824427
 8.911638  8.445519  0.442397 -1.534321 -0.285781  0.553634  0.878806
 7.999758  6.498079  0.425981 -1.098460 -0.356693  0.529240  0.904891
 7.241104  4.655192  0.447811 -0.587519 -0.506577  0.371020  0.929526
 6.185933  2.791437  0.396037 -0.045218 -0.630083  0.160023  0.906987
 3.836552  0.653204  0.093033  0.382860 -0.530959  0.026959  0.698299
 0.305192 -1.761438 -0.430186  0.642014 -0.204644  0.012139  0.309360
-1.389650 -2.855604 -0.686407  0.723762 -0.029214  0.026736  0.114043
-1.389650 -2.855604 -0.686407  0.723762 -0.029214  0.026736  0.114043
-1.389650 -2.855604 -0.686407  0.723762 -0.029214  0.026736  0.114043
-1.389650 -2.855604 -0.686407  0.723762 -0.029214  0.026736  0.114043
-1.389650 -2.855604 -0.686407  0.723762 -0.029214  0.026736  0.114043
-1.389650 -2.855604 -0.686407  0.723762 -0.029214  0.026736  0.114043
-1.389650 -2.855604 -0.686407  0.723762 -0.029214  0.026736  0.114043
-1.389650 -2.855604 -0.686407  0.723762 -0.029214  0.026736  0.114043
-1.389650 -2.855604 -0.686407  0.723762 -0.029214  0.026736  0.114043
-1.389650 -2.855604 -0.686407  0.723762 -0.029214  0.026736  0.114043
-1.389650 -2.855604 -0.686407  0.723762 -0.029214  0.026736  0.114043
-1.389650 -2.855604 -0.686407  0.723762 -0.029214  0.026736  0.114043
-1.389650 -2.855604 -0.686407  0.723762 -0.029214  0.026736  0.114043
-1.389650 -2.855604 -0.686407  0.723762 -0.029214  0.026736  0.114043
-1.389650 -2.855604 -0.686407  0.723762 -0.029214  0.026736  0.114043
-1.389650 -2.855604 -0.686407  0.723762 -0.029214  0.026736  0.114043
-1.389650 -2.855604 -0.686407  0.723762 -0.029214  0.026736  0.114043
-1.389650 -2.855604 -0.686407  0.723762 -0.029214  0.026736  0.114043
-1.389650 -2.855604 -0.686407  0.723762 -0.029214  0.026736  0.114043
-1.389650 -2.855604 -0.686407  0.723762 -0.029214  0.026736  0.114043
-1.389650 -2.855604 -0.686407  0.723762 -0.029214  0.026736  0.114043
-1.389650 -2.855604 -0.686407  0.723762 -0.029214  0.026736  0.114043
-1.389650 -2.855604 -0.686407  0.723762 -0.029214  0.026736  0.114043
-1.389650 -2.855604 -0.686407  0.723762 -0.029214  0.026736  0.114043
-1.389650 -2.855604 -0.686407  0.723762 -0.029214  0.026736  0.114043
-1.389650 -2.855604 -0.686407  0.723762 -0.029214  0.026736  0.114043
-1.389650 -2.855604 -0.686407  0.723762 -0.029214  0.026736  0.114043
-1.389650 -2.855604 -0.686407  0.723762 -0.029214  0.026736  0.114043
-1.389650 -2.855604 -0.686407  0.723762 -0.029214  0.026736  0.114043
-1.389650 -2.855604 -0.686407  0.723762 -0.029214  0.026736  0.114043
-1.389650 -2.855604 -0.686407  0.723762 -0.029214  0.026736  0.114043
-1.389650 -2.855604 -0.686407  0.723762 -0.029214  0.026736  0.114043
-1.389650 -2.855604 -0.686407  0.723762 -0.029214  0.026736  0.114043