-89.302072 -89.302072 -89.302072 -89.302072
-87.653637 -87.653637 -87.653637 -87.653637
-86.005202 -86.005202 -86.005202 -86.005202
-84.356767 -84.356767 -84.356767 -84.356767
-82.708332 -82.708332 -82.708332 -82.708332
-81.059897 -81.059897 -81.059897 -81.059897
-79.411463 -79.411463 -79.411463 -79.411463
-77.763028 -77.763028 -77.763028 -77.763028
-76.114593 -76.114593 -76.114593 -76.114593
-74.466158 -74.466158 -74.466158 -74.466158
-72.817723 -72.817723 -72.817723 -72.817723
-71.169288 -71.169288 -71.169288 -71.169288
-69.520854 -69.520854 -69.520854 -69.520854
-67.872419 -67.872419 -67.872419 -67.872419
-66.223984 -66.223984 -66.223984 -66.223984
-64.575549 -64.575549 -64.575549 -64.575549
-62.927114 -62.927114 -62.927114 -62.927114
-61.278679 -61.278679 -61.278679 -61.278679
-59.630245 -59.630245 -59.630245 -59.630245
-57.981810 -57.981810 -57.981810 -57.981810
-56.333375 -56.333375 -56.333375 -56.333375
-54.684940 -54.684940 -54.684940 -54.684940
-53.036505 -53.036505 -53.036505 -53.036505
-51.388070 -51.388070 -51.388070 -51.388070
-49.739636 -49.739636 -49.739636 -49.739636
-48.091201 -48.091201 -48.091201 -48.091201
-46.442766 -46.442766 -46.442766 -46.442766
-44.794331 -44.794331 -44.794331 -44.794331
-43.145896 -43.145896 -43.145896 -43.145896
-41.497461 -41.497461 -41.497461 -41.497461
-39.849027 -39.849027 -39.849027 -39.849027
-38.200592 -38.200592 -38.200592 -38.200592
-36.552157 -36.552157 -36.552157 -36.552157
-34.903722 -34.903722 -34.903722 -34.903722
-33.255287 -33.255287 -33.255287 -33.255287
-31.606852 -31.606852 -31.606852 -31.606852
-29.958417 -29.958417 -29.958417 -29.958417
-28.309983 -28.309983 -28.309983 -28.309983
-26.661548 -26.661548 -26.661548 -26.661548
-25.013113 -25.013113 -25.013113 -25.013113
-23.364678 -23.364678 -23.364678 -23.364678
-21.716243 -21.716243 -21.716243 -21.716243
-20.067808 -20.067808 -20.067808 -20.067808
-18.419374 -18.419374 -18.419374 -18.419374
-16.770939 -16.770939 -16.770939 -16.770939
-15.122504 -15.122504 -15.122504 -15.122504
-13.474069 -13.474069 -13.474069 -13.474069
-11.825634 -11.825634 -11.825634 -11.825634
-10.177199 -10.177199 -10.177199 -10.177199
 -8.528765  -8.528765  -8.528765  -8.528765
 -6.880330  -6.880330  -6.880330  -6.880330
 -5.231895  -5.231895  -5.231895  -5.231895
 -3.583460  -3.583460  -3.583460  -3.583460
 -1.935025  -1.935025  -1.935025  -1.935025
 -0.286590  -0.286590  -0.286590  -0.286590
  1.361844   1.361844   1.361844   1.361844
  3.010279   3.010279   3.010279   3.010279
  4.658714   4.658714   4.658714   4.658714
  6.307149   6.307149   6.307149   6.307149
  7.955584   7.955584   7.955584   7.955584
  9.604019   9.604019   9.604019   9.604019
 11.252453  11.252453  11.252453  11.252453
 12.900888  12.900888  12.900888  12.900888
 14.549323  14.549323  14.549323  14.549323
 16.197758  16.197758  16.197758  16.197758
 17.846193  17.846193  17.846193  17.846193
 19.494628  19.494628  19.494628  19.494628
 21.143062  21.143062  21.143062  21.143062
 22.791497  22.791497  22.791497  22.791497
 24.439932  24.439932  24.439932  24.439932
 26.088367  26.088367  26.088367  26.088367
 27.736802  27.736802  27.736802  27.736802
 29.385237  29.385237  29.385237  29.385237
 31.033671  31.033671  31.033671  31.033671
 32.682106  32.682106  32.682106  32.682106
 34.330541  34.330541  34.330541  34.330541
 35.978976  35.978976  35.978976  35.978976
 37.627411  37.627411  37.627411  37.627411
 39.275846  39.275846  39.275846  39.275846
 40.924280  40.924280  40.924280  40.924280
 42.572715  42.572715  42.572715  42.572715
 44.221150  44.221150  44.221150  44.221150
 45.869585  45.869585  45.869585  45.869585
 47.518020  47.518020  47.518020  47.518020
 49.166455  49.166455  49.166455  49.166455
 50.814889  50.814889  50.814889  50.814889
 52.463324  52.463324  52.463324  52.463324
 54.111759  54.111759  54.111759  54.111759
 55.760194  55.760194  55.760194  55.760194
 57.408629  57.408629  57.408629  57.408629
 59.057064  59.057064  59.057064  59.057064
 60.705498  60.705498  60.705498  60.705498
 62.353933  62.353933  62.353933  62.353933
 64.002368  64.002368  64.002368  64.002368
 65.650803  65.650803  65.650803  65.650803
 67.299238  67.299238  67.299238  67.299238
 68.947673  68.947673  68.947673  68.947673
 70.596107  70.596107  70.596107  70.596107
 72.244542  72.244542  72.244542  72.244542
 73.892977  73.892977  73.892977  73.892977