0.395046 0.018756 0.376290 0.000000
0.391944 0.022873 0.369070 0.000000
0.402186 0.025331 0.376855 0.000000
0.389288 0.014076 0.375212 0.000000
0.392167 0.020401 0.371766 0.000000
0.394773 0.020178 0.374595 0.000000
0.391543 0.014075 0.377467 0.000000
0.404074 0.028458 0.375616 0.000000
0.398081 0.020440 0.377640 0.000000
0.404102 0.030546 0.373555 0.000000
0.399505 0.024751 0.374755 0.000000
0.398115 0.018732 0.379382 0.000000
0.380800 0.003650 0.377150 0.000000
0.390289 0.017376 0.372913 0.000000
0.404274 0.023960 0.380315 0.000000