  16.313889   17.573402   29.594133   42.608690   11.776402  -22.737841  -44.883906  109.965723  -28.513904   -3.420542 -142.633262
  16.589506   17.786977   29.062664   41.394644   11.490530  -22.263725  -44.003062  108.418640  -28.179962   -3.405847 -141.144844
  16.865122   18.000552   28.531194   40.180597   11.204659  -21.789609  -43.122218  106.871557  -27.846020   -3.391152 -139.656427
  17.140739   18.214126   27.999724   38.966550   10.918787  -21.315493  -42.241375  105.324475  -27.512078   -3.376457 -138.168010
  17.416355   18.427701   27.468254   37.752503   10.632916  -20.841377  -41.360531  103.777392  -27.178135   -3.361762 -136.679592
  17.691972   18.641276   26.936785   36.538456   10.347044  -20.367261  -40.479687  102.230309  -26.844193   -3.347067 -135.191175
  17.967588   18.854850   26.405315   35.324409   10.061172  -19.893145  -39.598844  100.683227  -26.510251   -3.332373 -133.702758
  18.243205   19.068425   25.873845   34.110363    9.775301  -19.419029  -38.718000   99.136144  -26.176309   -3.317678 -132.214340
  18.518821   19.282000   25.342376   32.896316    9.489429  -18.944914  -37.837156   97.589061  -25.842367   -3.302983 -130.725923
  18.794438   19.495574   24.810906   31.682269    9.203558  -18.470798  -36.956313   96.041978  -25.508425   -3.288288 -129.237506
  19.070054   19.709149   24.279436   30.468222    8.917686  -17.996682  -36.075469   94.494896  -25.174483   -3.273593 -127.749088
  19.345671   19.922724   23.747967   29.254175    8.631815  -17.522566  -35.194625   92.947813  -24.840540   -3.258898 -126.260671
  19.621287   20.136298   23.216497   28.040128    8.345943  -17.048450  -34.313782   91.400730  -24.506598   -3.244204 -124.772253
  19.896904   20.349873   22.685027   26.826082    8.060071  -16.574334  -33.432938   89.853648  -24.172656   -3.229509 -123.283836
  20.172520   20.563448   22.153558   25.612035    7.774200  -16.100218  -32.552094   88.306565  -23.838714   -3.214814 -121.795419
  20.448137   20.777022   21.622088   24.397988    7.488328  -15.626102  -31.671251   86.759482  -23.504772   -3.200119 -120.307001
  20.723753   20.990597   21.090618   23.183941    7.202457  -15.151986  -30.790407   85.212400  -23.170830   -3.185424 -118.818584
  20.999370   21.204172   20.559148   21.969894    6.916585  -14.677870  -29.909563   83.665317  -22.836888   -3.170729 -117.330167
  21.274986   21.417746   20.027679   20.755847    6.630713  -14.203754  -29.028720   82.118234  -22.502945   -3.156034 -115.841749
  21.550603   21.631321   19.496209   19.541800    6.344842  -13.729638  -28.147876   80.571152  -22.169003   -3.141340 -114.353332
  21.826219   21.844896   18.964739   18.327754    6.058970  -13.255522  -27.267032   79.024069  -21.835061   -3.126645 -112.864915
  22.101836   22.058470   18.433270   17.113707    5.773099  -12.781406  -26.386189   77.476986  -21.501119   -3.111950 -111.376497
  22.377452   22.272045   17.901800   15.899660    5.487227  -12.307290  -25.505345   75.929903  -21.167177   -3.097255 -109.888080
  22.653069   22.485620   17.370330   14.685613    5.201356  -11.833174  -24.624501   74.382821  -20.833235   -3.082560 -108.399662
  22.928685   22.699194   16.838861   13.471566    4.915484  -11.359058  -23.743658   72.835738  -20.499293   -3.067865 -106.911245
  23.204302   22.912769   16.307391   12.257519    4.629612  -10.884942  -22.862814   71.288655  -20.165350   -3.053171 -105.422828
  23.479918   23.126344   15.775921   11.043473    4.343741  -10.410826  -21.981970   69.741573  -19.831408   -3.038476 -103.934410
  23.755535   23.339918   15.244451    9.829426    4.057869   -9.936710  -21.101127   68.194490  -19.497466   -3.023781 -102.445993
  24.031151   23.553493   14.712982    8.615379    3.771998   -9.462594  -20.220283   66.647407  -19.163524   -3.009086 -100.957576
  24.306768   23.767068   14.181512    7.401332    3.486126   -8.988478  -19.339439   65.100325  -18.829582   -2.994391  -99.469158
  24.582384   23.980642   13.650042    6.187285    3.200254   -8.514362  -18.458596   63.553242  -18.495640   -2.979696  -97.980741
  24.858001   24.194217   13.118573    4.973238    2.914383   -8.040246  -17.577752   62.006159  -18.161697   -2.965002  -96.492324
  25.133617   24.407792   12.587103    3.759192    2.628511   -7.566130  -16.696908   60.459077  -17.827755   -2.950307  -95.003906
  25.409234   24.621366   12.055633    2.545145    2.342640   -7.092014  -15.816065   58.911994  -17.493813   -2.935612  -93.515489
  25.684850   24.834941   11.524164    1.331098    2.056768   -6.617898  -14.935221   57.364911  -17.159871   -2.920917  -92.027072
  25.960467   25.048516   10.992694    0.117051    1.770897   -6.143782  -14.054377   55.817828  -16.825929   -2.906222  -90.538654
  26.236083   25.262090   10.461224   -1.096996    1.485025   -5.669666  -13.173534   54.270746  -16.491987   -2.891527  -89.050237
  26.511700   25.475665    9.929754   -2.311043    1.199153   -5.195550  -12.292690   52.723663  -16.158045   -2.876832  -87.561819
  26.787316   25.689240    9.398285   -3.525090    0.913282   -4.721435  -11.411846   51.176580  -15.824102   -2.862138  -86.073402
  27.062933   25.902814    8.866815   -4.739136    0.627410   -4.247319  -10.531003   49.629498  -15.490160   -2.847443  -84.584985
  27.338549   26.116389    8.335345   -5.953183    0.341539   -3.773203   -9.650159   48.082415  -15.156218   -2.832748  -83.096567
  27.614166   26.329964    7.803876   -7.167230    0.055667   -3.299087   -8.769315   46.535332  -14.822276   -2.818053  -81.608150
  27.889782   26.543538    7.272406   -8.381277   -0.230205   -2.824971   -7.888472   44.988250  -14.488334   -2.803358  -80.119733
  28.165399   26.757113    6.740936   -9.595324   -0.516076   -2.350855   -7.007628   43.441167  -14.154392   -2.788663  -78.631315
  28.441015   26.970688    6.209467  -10.809371   -0.801948   -1.876739   -6.126784   41.894084  -13.820450   -2.773969  -77.142898
  28.716632   27.184262    5.677997  -12.023417   -1.087819   -1.402623   -5.245940   40.347001  -13.486507   -2.759274  -75.654481
  28.992248   27.397837    5.146527  -13.237464   -1.373691   -0.928507   -4.365097   38.799919  -13.152565   -2.744579  -74.166063
  29.267865   27.611412    4.615057  -14.451511   -1.659562   -0.454391   -3.484253   37.252836  -12.818623   -2.729884  -72.677646
  29.543481   27.824986    4.083588  -15.665558   -1.945434    0.019725   -2.603409   35.705753  -12.484681   -2.715189  -71.189228
  29.819098   28.038561    3.552118  -16.879605   -2.231306    0.493841   -1.722566   34.158671  -12.150739   -2.700494  -69.700811
  30.094714   28.252136    3.020648  -18.093652   -2.517177    0.967957   -0.841722   32.611588  -11.816797   -2.685800  -68.212394
  30.370331   28.465710    2.489179  -19.307698   -2.803049    1.442073    0.039122   31.064505  -11.482855   -2.671105  -66.723976
  30.645947   28.679285    1.957709  -20.521745   -3.088920    1.916189    0.919965   29.517423  -11.148912   -2.656410  -65.235559
  30.921564   28.892860    1.426239  -21.735792   -3.374792    2.390305    1.800809   27.970340  -10.814970   -2.641715  -63.747142
  31.197180   29.106434    0.894770  -22.949839   -3.660664    2.864421    2.681653   26.423257  -10.481028   -2.627020  -62.258724
  31.472797   29.320009    0.363300  -24.163886   -3.946535    3.338537    3.562496   24.876175  -10.147086   -2.612325  -60.770307
  31.748413   29.533584   -0.168170  -25.377933   -4.232407    3.812653    4.443340   23.329092   -9.813144   -2.597630  -59.281890
  32.024030   29.747158   -0.699639  -26.591979   -4.518278    4.286769    5.324184   21.782009   -9.479202   -2.582936  -57.793472
  32.299646   29.960733   -1.231109  -27.806026   -4.804150    4.760885    6.205027   20.234926   -9.145260   -2.568241  -56.305055
  32.575263   30.174308   -1.762579  -29.020073   -5.090021    5.235001    7.085871   18.687844   -8.811317   -2.553546  -54.816637
  32.850879   30.387882   -2.294049  -30.234120   -5.375893    5.709117    7.966715   17.140761   -8.477375   -2.538851  -53.328220
  33.126496   30.601457   -2.825518  -31.448167   -5.661765    6.183233    8.847558   15.593678   -8.143433   -2.524156  -51.839803
  33.402112   30.815032   -3.356988  -32.662214   -5.947636    6.657349    9.728402   14.046596   -7.809491   -2.509461  -50.351385
  33.677729   31.028606   -3.888458  -33.876261   -6.233508    7.131465   10.609246   12.499513   -7.475549   -2.494767  -48.862968
  33.953345   31.242181   -4.419927  -35.090307   -6.519379    7.605581   11.490089   10.952430   -7.141607   -2.480072  -47.374551
  34.228962   31.455756   -4.951397  -36.304354   -6.805251    8.079697   12.370933    9.405348   -6.807664   -2.465377  -45.886133
  34.504578   31.669330   -5.482867  -37.518401   -7.091123    8.553813   13.251777    7.858265   -6.473722   -2.450682  -44.397716
  34.780195   31.882905   -6.014336  -38.732448   -7.376994    9.027929   14.132620    6.311182   -6.139780   -2.435987  -42.909299
  35.055811   32.096479   -6.545806  -39.946495   -7.662866    9.502045   15.013464    4.764100   -5.805838   -2.421292  -41.420881
  35.331428   32.310054   -7.077276  -41.160542   -7.948737    9.976160   15.894308    3.217017   -5.471896   -2.406597  -39.932464
  35.607044   32.523629   -7.608746  -42.374588   -8.234609   10.450276   16.775151    1.669934   -5.137954   -2.391903  -38.444046
  35.882661   32.737203   -8.140215  -43.588635   -8.520480   10.924392   17.655995    0.122851   -4.804012   -2.377208  -36.955629
  36.158277   32.950778   -8.671685  -44.802682   -8.806352   11.398508   18.536839   -1.424231   -4.470069   -2.362513  -35.467212
  36.433894   33.164353   -9.203155  -46.016729   -9.092224   11.872624   19.417682   -2.971314   -4.136127   -2.347818  -33.978794
  36.709510   33.377927   -9.734624  -47.230776   -9.378095   12.346740   20.298526   -4.518397   -3.802185   -2.333123  -32.490377
  36.985127   33.591502  -10.266094  -48.444823   -9.663967   12.820856   21.179370   -6.065479   -3.468243   -2.318428  -31.001960
  37.260743   33.805077  -10.797564  -49.658869   -9.949838   13.294972   22.060213   -7.612562   -3.134301   -2.303734  -29.513542
  37.536360   34.018651  -11.329033  -50.872916  -10.235710   13.769088   22.941057   -9.159645   -2.800359   -2.289039  -28.025125
  37.811976   34.232226  -11.860503  -52.086963  -10.521582   14.243204   23.821901  -10.706727   -2.466417   -2.274344  -26.536708
  38.087593   34.445801  -12.391973  -53.301010  -10.807453   14.717320   24.702744  -12.253810   -2.132474   -2.259649  -25.048290
  38.363209   34.659375  -12.923443  -54.515057  -11.093325   15.191436   25.583588  -13.800893   -1.798532   -2.244954  -23.559873
  38.638826   34.872950  -13.454912  -55.729104  -11.379196   15.665552   26.464432  -15.347975   -1.464590   -2.230259  -22.071455
  38.914442   35.086525  -13.986382  -56.943151  -11.665068   16.139668   27.345275  -16.895058   -1.130648   -2.215565  -20.583038
  39.190059   35.300099  -14.517852  -58.157197  -11.950939   16.613784   28.226119  -18.442141   -0.796706   -2.200870  -19.094621
  39.465675   35.513674  -15.049321  -59.371244  -12.236811   17.087900   29.106963  -19.989224   -0.462764   -2.186175  -17.606203
  39.741292   35.727249  -15.580791  -60.585291  -12.522683   17.562016   29.987806  -21.536306   -0.128822   -2.171480  -16.117786
  40.016908   35.940823  -16.112261  -61.799338  -12.808554   18.036132   30.868650  -23.083389    0.205121   -2.156785  -14.629369
  40.292525   36.154398  -16.643730  -63.013385  -13.094426   18.510248   31.749494  -24.630472    0.539063   -2.142090  -13.140951
  40.568141   36.367973  -17.175200  -64.227432  -13.380297   18.984364   32.630337  -26.177554    0.873005   -2.127395  -11.652534
  40.843758   36.581547  -17.706670  -65.441478  -13.666169   19.458480   33.511181  -27.724637    1.206947   -2.112701  -10.164117
  41.119374   36.795122  -18.238140  -66.655525  -13.952041   19.932596   34.392025  -29.271720    1.540889   -2.098006   -8.675699
  41.394991   37.008697  -18.769609  -67.869572  -14.237912   20.406712   35.272868  -30.818802    1.874831   -2.083311   -7.187282
  41.670607   37.222271  -19.301079  -69.083619  -14.523784   20.880828   36.153712  -32.365885    2.208774   -2.068616   -5.698864
  41.946224   37.435846  -19.832549  -70.297666  -14.809655   21.354944   37.034556  -33.912968    2.542716   -2.053921   -4.210447
  42.221840   37.649421  -20.364018  -71.511713  -15.095527   21.829060   37.915399  -35.460051    2.876658   -2.039226   -2.722030
  42.497457   37.862995  -20.895488  -72.725759  -15.381398   22.303176   38.796243  -37.007133    3.210600   -2.024532   -1.233612
  42.773073   38.076570  -21.426958  -73.939806  -15.667270   22.777292   39.677087  -38.554216    3.544542   -2.009837    0.254805
  43.048690   38.290145  -21.958427  -75.153853  -15.953142   23.251408   40.557930  -40.101299    3.878484   -1.995142    1.743222
  43.324306   38.503719  -22.489897  -76.367900  -16.239013   23.725524   41.438774  -41.648381    4.212426   -1.980447    3.231640
  43.599923   38.717294  -23.021367  -77.581947  -16.524885   24.199640   42.319618  -43.195464    4.546369   -1.965752    4.720057