16.388168
16.435430
16.483069
16.531105
16.579557
16.628445
16.677787
16.727602
16.777908
16.828719
16.880052
16.931919
16.984330
17.037294
17.090817
17.144898
17.199537
17.254726
17.310454
17.366706
17.423459
17.480687
17.538358
17.596435
17.654873
17.713626
17.772641
17.831861
17.891226
17.950673
18.010139
18.069557
18.128863
18.187994
18.246889
18.305490
18.363744
18.421605
18.479029
18.535983
18.592438
18.648375
18.703781
18.758652
18.812988
18.866801
18.920107
18.972928
19.025294
19.077237
19.128795
19.180010
19.230927
19.281594
19.332057
19.382368
19.432576
19.482729
19.532878
19.583068
19.633344
19.683746
19.734314
19.785079
19.836072
19.887314
19.938821
19.990604
20.042663
20.094991
20.147569
20.200369
20.253353
20.306466
20.359645
20.412808
20.465860
20.518690
20.571170
20.623157
20.674489
20.724988
20.774458
20.822690
20.869456
20.914519
20.957628
20.998523
21.036938
21.072605
21.105254
21.134621
21.160450
21.182495
21.200528
21.214343
21.223755
21.228606
21.228770
21.224153
21.214692
21.200362
21.181168
21.157153
21.128389
21.094978
21.057051
21.014762
20.968286
20.917814
20.863550
20.805710
20.744512
20.680177
20.612926
20.542972
20.470525
20.395783
20.318931
20.240144
20.159579
20.077378
19.993668
19.908555
19.822130
19.734463
19.645609
19.555602
19.464457
19.372173
19.278729
19.184086
19.088187
18.990959
18.892309
18.792130
18.690296
18.586665
18.481081
18.373372
18.263353
18.150827
18.035583
17.917402
17.796058
17.671318
17.542946
17.410705
17.274363
17.133692
16.988475
16.838508
16.683605
16.523602
16.358362
16.187775
16.011767
15.830299
15.643371
15.451022
15.253337
15.050440
14.842496
14.629712
14.412331
14.190629
13.964913
13.735517
13.502792
13.267104
13.028830
12.788348
12.546035
12.302260
12.057383
11.811745
11.565670
11.319460
11.073392
10.827719
10.582669
10.338444
10.095218
 9.853144
 9.612351
 9.372943
 9.135010
 8.898619
 8.663826
 8.430670
 8.199181
 7.969380
 7.741283
 7.514900
 7.290240
 7.067312
 6.846129
 6.626705
 6.409064
 6.193235
 5.979258
 5.767183
 5.557074
 5.349006
 5.143072
 4.939379
 4.738050
 4.539226
 4.343062
 4.149734
 3.959430
 3.772356
 3.588731
 3.408786
 3.232763
 3.060908
 2.893475
 2.730717
 2.572882
 2.420211
 2.272934
 2.131263
 1.995387
 1.865469
 1.741644
 1.624008
 1.512622
 1.407507
 1.308639
 1.215953
 1.129340
 1.048647
 0.973683
 0.904218
 0.839987
 0.780697
 0.726027
 0.675637
 0.629170
 0.586262
 0.546539
 0.509631
 0.475170
 0.442797
 0.412161
 0.382931
 0.354789
 0.327437
 0.300597
 0.274012
 0.247446
 0.220686
 0.193540
 0.165836
 0.137425
 0.108175
 0.077975
 0.046732
 0.014370
-0.019170
-0.053930
-0.089939
-0.127209
-0.165738
-0.205510
-0.246494
-0.288647
-0.331909
-0.376208
-0.421457
-0.467554
-0.514379
-0.561802
-0.609672
-0.657826
-0.706081
-0.754240
-0.802092
-0.849407
-0.895943
-0.941445
-0.985646
-1.028269
-1.069030
-1.107642
-1.143815
-1.177262
-1.207702
-1.234865
-1.258494
-1.278351
-1.294219
-1.305907
-1.313256
-1.316133
-1.314445
-1.308130
-1.297163
-1.281556
-1.261357
-1.236644
-1.207531
-1.174158
-1.136692
-1.095322
-1.050256
-1.001715
-0.949932
-0.895148
-0.837607
-0.777553
-0.715227
-0.650868
-0.584703
-0.516953
-0.447827
-0.377523
-0.306225
-0.234105
-0.161319
-0.088011
-0.014311
 0.059667
 0.133820
 0.208060
 0.282312
 0.356513
 0.430612
 0.504571
 0.578365
 0.651976
 0.725403
 0.798652
 0.871742
 0.944702
 1.017572
 1.090403
 1.163257
 1.236207
 1.309336
 1.382737
 1.456514
 1.530781
 1.605661
 1.681286
 1.757796
 1.835339
 1.914066
 1.994136
 2.075709
 2.158945
 2.244008
 2.331053
 2.420233
 2.511696
 2.605577
 2.702002
 2.801083
 2.902916
 3.007583
 3.115146
 3.225652
 3.339126
 3.455577
 3.574996
 3.697356
 3.822614
 3.950714
 4.081587
 4.215152
 4.351321
 4.489996
 4.631077
 4.774460
 4.920040
 5.067708
 5.217362
 5.368899
 5.522217
 5.677221
 5.833816
 5.991911
 6.151420
 6.312256
 6.474335
 6.637571
 6.801879
 6.967169
 7.133348
 7.300314
 7.467959
 7.636161
 7.804788
 7.973687
 8.142692
 8.311610
 8.480229
 8.648306
 8.815570
 8.981717
 9.146408
 9.309268
 9.469880
 9.627787
 9.782491
 9.933449
10.080077
10.221749
10.357798
10.487521
10.610183
10.725020
10.831248
10.928070
11.014685
11.090296
11.154126
11.205425
11.243482
11.267642
11.277313
11.271980
11.251215
11.214685
11.162161
11.093522
11.008759
10.907974
10.791380
10.659297
10.512144
10.350432
10.174755
 9.985776
 9.784217
 9.570847
 9.346466
 9.111898
 8.867971
 8.615517
 8.355349
 8.088265
 7.815031
 7.536380
 7.253007
 6.965565
 6.674660
 6.380856
 6.084672
 5.786582
 5.487017
 5.186371
 4.885001
 4.583229
 4.281350
 3.979632
 3.678324
 3.377656
 3.077849
 2.779114
 2.481657
 2.185689
 1.891423
 1.599081
 1.308900
 1.021131
 0.736045
 0.453938
 0.175127
-0.100039
-0.371187
-0.637911
-0.899778
-1.156325
-1.407060
-1.651468
-1.889013
-2.119139
-2.341282
-2.554871
-2.759336
-2.954119
-3.138680
-3.312510
-3.475134
-3.626126
-3.765116
-3.891799
-4.005941
-4.107386
-4.196060
-4.271976
-4.335233
-4.386015
-4.424591
-4.451308
-4.466586
-4.470911
-4.464826
-4.448923
-4.423831
-4.390209
-4.348732
-4.300086
-4.244957
-4.184022
-4.117944
-4.047365
-3.972899
-3.895131
-3.814613
-3.731859
-3.647350
-3.561526
-3.474794
-3.387522
-3.300046
-3.212667
-3.125658
-3.039261
-2.953694
-2.869151
-2.785806
-2.703813
-2.623311
-2.544426
-2.467272
-2.391953
-2.318568
-2.247208
-2.177960
-2.110910
-2.046141
-1.983734
-1.923773
-1.866340
-1.811517
-1.759388
-1.710036
-1.663544
-1.619993
-1.579463
-1.542029
-1.507762
-1.476725
-1.448975
-1.424558
-1.403508
-1.385846
-1.371578
-1.360695
-1.353170
-1.348958
-1.347995
-1.350202
-1.355478
-1.363708
-1.374760
-1.388489
-1.404736
-1.423336
-1.444114
-1.466891
-1.491488
-1.517723
-1.545421
-1.574410
-1.604528
-1.635621
-1.667545
-1.700170
-1.733376
-1.767060
-1.801129
-1.835505
-1.870122
-1.904926
-1.939876
-1.974937
-2.010088
-2.045312
-2.080599
-2.115944
-2.151346
-2.186803
-2.222313
-2.257874
-2.293478
-2.329112
-2.364754
-2.400373
-2.435927
-2.471359
-2.506597
-2.541552
-2.576114
-2.610153
-2.643513
-2.676015
-2.707453
-2.737592
-2.766170
-2.792894
-2.817442
-2.839461
-2.858572
-2.874367
-2.886414
-2.894262
-2.897438
-2.895460
-2.887836
-2.874074
-2.853688
-2.826203
-2.791165
-2.748150
-2.696768
-2.636672
-2.567565
-2.489206
-2.401414
-2.304073
-2.197133
-2.080613
-1.954596
-1.819234
-1.674737
-1.521375
-1.359468
-1.189382
-1.011522
-0.826324
-0.634246
-0.435764
-0.231363
-0.021531
 0.193249
 0.412500
 0.635762
 0.862589
 1.092557
 1.325265
 1.560338
 1.797424
 2.036201
 2.276371
 2.517664
 2.759835
 3.002663
 3.245953
 3.489531
 3.733244
 3.976957
 4.220557
 4.326777
 4.326777
 4.326777
 4.326777
 4.326777
 4.326777
 4.326777
 4.326777
 4.326777
 4.326777
 4.326777
 4.326777
 4.326777
 4.326777
 4.326777
 4.326777
 4.326777
 4.326777
 4.326777
 4.326777
 4.326777
 4.326777
 4.326777
 4.326777
 4.326777
 4.326777
 4.326777
 4.326777
 4.326777
 4.326777
 4.326777
 4.326777
 4.326777
 4.326777
 4.326777
 4.326777
 4.326777
 4.326777
 4.326777
 4.326777
 4.326777
 4.326777
 4.326777
 4.326777
 4.326777
 4.326777
 4.326777
 4.326777
 4.326777
 4.326777
 4.326777
 4.326777
 4.326777
 4.326777
 4.326777
 4.326777
 4.326777
 4.326777
 4.326777
 4.326777
 4.326777
 4.326777
 4.326777
 4.326777
 4.326777
 4.326777
 4.326777
 4.326777
 4.326777
 4.326777
 4.326777
 4.326777