16.388168
16.708141
17.049071
17.413856
17.798787
18.191083
18.573459
18.934589
19.275714
19.607901
19.944229
20.291327
20.639952
20.954936
21.172982
21.222989
21.066265
20.720554
20.241067
19.681390
19.067945
18.392944
17.616540
16.677185
15.518720
14.131936
12.577101
10.954760
 9.350730
 7.808721
 6.341091
 4.954678
 3.673680
 2.550352
 1.652148
 1.020529
 0.630205
 0.394845
 0.215354
 0.020665
-0.222525
-0.515755
-0.832433
-1.116929
-1.292253
-1.290388
-1.091784
-0.734653
-0.284492
 0.201594
 0.690429
 1.173014
 1.661871
 2.188907
 2.797594
 3.523968
 4.376953
 5.337937
 6.378097
 7.470913
 8.585871
 9.664998
10.592143
11.179296
11.211534
10.560784
 9.279253
 7.564095
 5.633423
 3.641523
 1.677013
-0.193570
-1.878167
-3.238095
-4.123790
-4.464244
-4.330309
-3.894655
-3.333600
-2.767074
-2.258669
-1.841458
-1.539942
-1.375928
-1.357485
-1.464288
-1.651494
-1.873966
-2.106083
-2.340932
-2.574126
-2.781186
-2.895111
-2.799786
-2.365173
-1.522254
-0.312799
 1.142454
 2.717602
 4.326777