  16.194343
 229.576879
 -80.580590
-277.804024
  83.067291
 344.627210
-240.080715
 260.345819
-519.268584
 549.425145
-408.442694
 544.213541
-540.787408
 326.941236
 307.699218
-464.581205
  28.109648
 129.681402
-225.087742
 562.300215
-257.783707
  -2.150392
-112.508492
 108.641745
  31.100386
 109.164899
 -51.423516
  47.499611
-152.878796
 281.950899
-177.620421
 143.735061
-197.648948
 435.918444
-145.640019
-349.676412
 293.493515
 -13.835057
-187.233475
 677.189453
-477.329541
  90.105097
-175.578028
 312.826225
-170.522089
  78.869093
  49.544972
 290.401746
-623.323251
 595.301488
-366.417788
 253.981873
 -56.107827
 129.165598
-412.379215
 712.338397
-272.767171
-174.170900
 151.977427
  21.892958
 409.177154
-500.877823
 249.268890
 -92.415660
-148.643249
 233.556440
 124.743316
-183.686543
 239.244857
-325.174617
 349.456219
-194.258208
  53.259834
  84.044205
 252.369480
-241.794428
  48.693793
 -61.663293
 502.740342
-577.257219
 137.557717
 109.091579
-107.953058
 244.824554
-377.289021
 771.685279
-482.426472
-439.220968
 550.353431
  68.292350
-272.025783
 590.837923
-243.227246
   9.627668
-182.286553
 156.756929
  88.537503
-187.306038
 368.392442
-311.885667
  79.489707
-177.206184
 396.580411
 -72.184992
 266.677080
 -55.298270
-261.471591
-200.224371
 223.028670
 260.246617
-182.507864
  42.880461
   3.858063
 121.537731
-121.854859
 304.506280
-534.897754
 629.271800
-220.905633
-134.861975
 370.306085
-261.153325
 280.699713
-327.967440
  35.058812
 230.818280
  88.877429
  22.473859
-216.566566
 -24.897334
 399.209692
-248.559091
-189.783400
 553.401112
-165.078915
 -96.933289
 -41.773670
 -12.579962
  46.529583
 113.749442
 239.769637
-188.804595
 102.465168
 -59.306267
-105.735285
  87.638265
 244.305778
-132.310063
-180.483412
  96.172718
 236.117491
-155.083055
  52.023159
  42.750826
  24.401803
 -13.628563
 253.913666
-350.054023
 109.349785
 326.815001
-106.479025
  85.013383
-314.804920
 174.859284
 403.391709
-517.391473
  -2.875878
 146.507060
 129.700417
 -25.664293
 -25.474507
  -2.330618
 -75.250479
 160.265856
 -67.216345
   5.310982
  52.302111
-227.136731
 369.877060
-217.088576
 206.274858
-127.296647
 -48.646056
  88.416154
-227.426351
 419.024597
-105.711614
 131.833875
-197.503015
 151.560585
   2.767746
  86.648556
-176.818275
 234.974428
-319.830900
 146.576344
  59.411305
  64.554816
-245.117843
 271.829273
-233.743481
 -93.387793
 143.062004
-310.497229
 261.034922
 101.922590
-324.856633
  12.561739
 -97.865399
 301.366551
  40.787787
 -64.562035
-159.998838
 100.477822
  15.075556
 139.297235
-116.820216
 -65.236802
  59.766670
 327.972287
  49.722456
-281.906451
  33.969885
  27.686351
 -32.748378
 132.297657
 -63.072841
 -13.615457
  23.943551
 -39.692517
 -75.929177
 298.958703
-114.693575
   2.210037
   9.040271
-119.212343
  -6.955158
  91.678559
 -56.825021
  87.671285
-214.331978
 170.062429
 134.530400
-155.784043
 -32.481359
 293.361642
-349.468812
-190.097851
 442.447352
-388.824974
  91.346436
 152.745557
-151.855067
 -71.623696
  -4.117131
  65.823802
 111.839478
  21.370451
-200.949285
  77.621902
 218.357255
-167.089088
-227.489794
  81.344823
 -34.751000
 375.077087
-280.903329
-276.685276
 483.443845
   3.248455
-215.117231
  53.618056
 -52.522906
  90.840282
  -3.333063
 178.498644
  -9.332963
  69.052211
-105.451503
-201.430656
 365.373897
  65.956275
-281.188885
 248.742727
-103.905082
-103.147836
 113.859745
 -88.079565
 240.953057
-185.854909
-141.945667
  48.296114
 -53.899041
   1.435833
  67.290133
 -71.338558
-269.652186
  91.172789
 200.804753
-119.511949
  78.423892
-172.330005
 -72.714366
 204.109218
 -57.883158
-259.161749
  72.098507
 450.852545
-169.043883
-103.579440
 -93.873316
-120.164094
 521.203486
-103.421956
 -52.239230
-101.111882
-105.675652
 270.944627
 -60.470936
-156.458764
 122.199056
 -67.421625
 -52.246265
 203.534799
  23.992806
-364.085467
 -30.909317
 503.101662
 -93.761339
-169.431568
 -49.559286
 174.435731
 -87.729137
-108.662024
  54.410450
 133.192866
  42.020366
-407.079080
 263.234079
 229.368273
 -44.943232
-202.548739
-147.461485
 150.777964
  47.824287
 -97.926154
 177.946550
 124.820602
-185.061682
 -95.775769
 -64.133854
 210.486980
-132.382586
-101.719144
 219.884569
-225.143618
  59.673877
 383.694137
-165.339060
-189.907811
 -38.604843
 106.117668
  60.565461
  59.067466
 139.470304
-249.550513
 -97.559560
 190.367817
-118.036789
  63.956289
 176.125770
-184.885513
 178.503575
  16.648843
-155.387037
  95.256316
-245.219396
 304.196279
-105.955708
-179.866577
 359.488192
-147.414113
-124.371634
-123.188417
 257.348992
-131.901949
  13.368199
 170.029873
-151.972576
 110.052920
 -75.033160
  73.735062
 183.854536
-237.746869
 137.484823
 -91.632673
 -97.889057
 175.673197
-285.804121
 184.549055
 -20.767796
-108.265009
 297.829723
  -2.715627
-184.665797
 244.533089
 -76.777726
-100.974820
 132.588952
-119.196527
  97.226041
 101.405846
 -62.601917
 -12.786456
 -17.501472
 -39.520670
 365.252565
-202.974826
 -24.235372
 199.169794
-353.372935
 281.367132
 285.964488
-199.899065
-114.790685
-298.668606
 509.225701
 -15.220844
 -67.532029
  13.311937
  65.462079
  28.662708
-244.792878
 112.537638
 -34.149175
 261.924676
 -99.359876
 137.359361
  22.780528
-276.989017
  27.912896
  81.893464
 137.571237
   4.923805
-104.839849
 -66.983810
 -11.381312
  74.283157
  96.023849
 148.102030
 -68.641801
-239.368093
 139.045677
 -78.456021
  97.209813
  83.271343
 -80.118666
 -60.737849
   1.288531
-253.906400
 311.860710
 218.366309
-386.575771
-176.695275
 235.563620
  36.927796
-131.740025
 516.777803
-267.557409
-203.221418
 267.393832
-189.660211
-154.105355
 330.772341
  43.451762
-455.836430
 187.748963
 266.281816
-192.036499
  51.130786
-128.488814
 272.264180
-310.717970
  25.119101
 166.731763
  47.240747
-451.925114
 357.403474
-102.437665
  62.114555
 -68.587857
  80.197989
 -24.262343
  49.687753
 -61.600417
-312.774358
 359.687836
-442.351230
 128.355325
 377.139684
 -76.419769
-411.544512
 429.717840
-338.442375
 -30.335729
 214.738286
  74.149430
-138.445537
-141.983964
   8.370840
  82.864687
 113.231496
 108.285009
-316.291585
 139.547769
 -60.560645
 216.412205
-381.760593
  43.476264
 356.160285
-300.645499
 206.440248
  13.193871
-197.227542
   7.047861
 279.781765
 -72.749902
-247.084039
 262.748922
  74.283720
   2.858259
-486.127047
 300.123387
 219.498905
-516.559977
 402.903478
 -35.493179
 -47.646474
-307.711638
 508.401688
-187.768131
 -59.934604
 -46.523980
 -75.817726
 174.012834
 -91.892940
 184.405055
-391.500349
 279.982004
-187.245171
  31.026413
 321.185320
-156.655906
-201.993851
 146.188093
 -17.902348
 380.542211
-487.870548
 -38.911784
 316.653516
-272.496966
 176.011887
-269.110180
 209.840405
 276.929892
-205.874098
-545.329633
 789.512013
-173.245086
-231.213109
 137.670651
-431.369820
 792.822504
-595.057866
 372.111569
-380.608297
  60.823419
 280.178519
 129.816127
-161.408409
-108.230980
-136.201867
  99.692500
 284.292807
-372.125547
 252.408370
-137.414198
-256.717285
 400.498153
  -1.691273
-383.451263
  49.119929
 483.035972
-608.803459
 212.734132
   6.829142
 171.716357
-321.939402
 392.824929
-549.793954
 465.159019
-221.154291
 338.626975
-564.044591
 449.303329
  31.788352
-330.192729
-207.196248
 312.650153
 169.432926
 -82.764901
-111.671211
-197.121812
  86.440785
 154.082633
  67.050612
-162.420469
   1.327722
 244.030310
-377.971748
 112.285450
 259.106692
-124.633056
-196.659936
 355.833797
-239.348976
 -59.993686
 -64.381569
-257.338440
 670.896199
-129.937016
-533.487075
 447.785632
 151.226298
-354.127616
 -25.760464
  65.940854
  30.253308
 310.342303
-296.942091
-302.995318
 223.997670
 284.044990
-561.646550
 406.928856
 163.195339
-215.071387
 274.538665
-590.815874
 329.337345
 -69.568446
 145.955135
-418.037116
 512.773547
 -81.041477
-285.914997
  61.527383
 127.428435
 126.000473
-251.159559
 112.009543
-253.287373
  66.840206
 171.185623
 -22.121299
-254.056936
 644.548554
-494.084607
  30.826313
 226.179669
  58.993288
-459.214652
  92.514953
 357.171939
-682.423273
 966.402938
-532.776059
 -33.469785
-130.411004
 241.789290
-133.611002
 171.278331
  32.022041
-336.489653
 574.078889
-334.406126
-441.645988
 916.876048
-738.295334
 548.178900
-305.498437
 305.384721
-327.144944
 206.446921
-529.587757
 567.123106
 155.909999
-497.727486
 369.540072
 133.110094
-497.871430
 155.029233
-115.762576
 479.295652
-380.691520
 400.485587
-797.841999
 632.869335
 295.403422
-997.432780
 885.220394
-152.678227
-397.304634
 556.423539
 -55.846628
-342.950586
 102.002239
 573.432239
-793.050726
 516.279657
 -97.346173
-288.037782
 464.490325
 -77.363772
 -49.472958
-189.021641
 243.438648