710.006879 710.006879 710.006879 710.006879
702.181309 702.181309 702.181309 702.181309
694.355740 694.355740 694.355740 694.355740
686.530170 686.530170 686.530170 686.530170
678.704600 678.704600 678.704600 678.704600
670.879030 670.879030 670.879030 670.879030
663.053460 663.053460 663.053460 663.053460
655.227890 655.227890 655.227890 655.227890
647.402320 647.402320 647.402320 647.402320
639.576750 639.576750 639.576750 639.576750
631.751180 631.751180 631.751180 631.751180
623.925610 623.925610 623.925610 623.925610
616.100040 616.100040 616.100040 616.100040
608.274470 608.274470 608.274470 608.274470
600.448900 600.448900 600.448900 600.448900
592.623330 592.623330 592.623330 592.623330
584.797760 584.797760 584.797760 584.797760
576.972190 576.972190 576.972190 576.972190
569.146620 569.146620 569.146620 569.146620
561.321050 561.321050 561.321050 561.321050
553.495480 553.495480 553.495480 553.495480
545.669910 545.669910 545.669910 545.669910
537.844340 537.844340 537.844340 537.844340
530.018770 530.018770 530.018770 530.018770
522.193201 522.193201 522.193201 522.193201
514.367631 514.367631 514.367631 514.367631
506.542061 506.542061 506.542061 506.542061
498.716491 498.716491 498.716491 498.716491
490.890921 490.890921 490.890921 490.890921
483.065351 483.065351 483.065351 483.065351
475.239781 475.239781 475.239781 475.239781
467.414211 467.414211 467.414211 467.414211
459.588641 459.588641 459.588641 459.588641
451.763071 451.763071 451.763071 451.763071
443.937501 443.937501 443.937501 443.937501
436.111931 436.111931 436.111931 436.111931
428.286361 428.286361 428.286361 428.286361
420.460791 420.460791 420.460791 420.460791
412.635221 412.635221 412.635221 412.635221
404.809651 404.809651 404.809651 404.809651
396.984081 396.984081 396.984081 396.984081
389.158511 389.158511 389.158511 389.158511
381.332941 381.332941 381.332941 381.332941
373.507371 373.507371 373.507371 373.507371
365.681801 365.681801 365.681801 365.681801
357.856231 357.856231 357.856231 357.856231
350.030662 350.030662 350.030662 350.030662
342.205092 342.205092 342.205092 342.205092
334.379522 334.379522 334.379522 334.379522
326.553952 326.553952 326.553952 326.553952
318.728382 318.728382 318.728382 318.728382
310.902812 310.902812 310.902812 310.902812
303.077242 303.077242 303.077242 303.077242
295.251672 295.251672 295.251672 295.251672
287.426102 287.426102 287.426102 287.426102
279.600532 279.600532 279.600532 279.600532
271.774962 271.774962 271.774962 271.774962
263.949392 263.949392 263.949392 263.949392
256.123822 256.123822 256.123822 256.123822
248.298252 248.298252 248.298252 248.298252
240.472682 240.472682 240.472682 240.472682
232.647112 232.647112 232.647112 232.647112
224.821542 224.821542 224.821542 224.821542
216.995972 216.995972 216.995972 216.995972
209.170402 209.170402 209.170402 209.170402
201.344832 201.344832 201.344832 201.344832
193.519262 193.519262 193.519262 193.519262
185.693692 185.693692 185.693692 185.693692
177.868123 177.868123 177.868123 177.868123
170.042553 170.042553 170.042553 170.042553
162.216983 162.216983 162.216983 162.216983
154.391413 154.391413 154.391413 154.391413
146.565843 146.565843 146.565843 146.565843
138.740273 138.740273 138.740273 138.740273
130.914703 130.914703 130.914703 130.914703
123.089133 123.089133 123.089133 123.089133
115.263563 115.263563 115.263563 115.263563
107.437993 107.437993 107.437993 107.437993
 99.612423  99.612423  99.612423  99.612423
 91.786853  91.786853  91.786853  91.786853
 83.961283  83.961283  83.961283  83.961283
 76.135713  76.135713  76.135713  76.135713
 68.310143  68.310143  68.310143  68.310143
 60.484573  60.484573  60.484573  60.484573
 52.659003  52.659003  52.659003  52.659003
 44.833433  44.833433  44.833433  44.833433
 37.007863  37.007863  37.007863  37.007863
 29.182293  29.182293  29.182293  29.182293
 21.356723  21.356723  21.356723  21.356723
 13.531153  13.531153  13.531153  13.531153
  5.705584   5.705584   5.705584   5.705584
 -2.119986  -2.119986  -2.119986  -2.119986
 -9.945556  -9.945556  -9.945556  -9.945556
-17.771126 -17.771126 -17.771126 -17.771126
-25.596696 -25.596696 -25.596696 -25.596696
-33.422266 -33.422266 -33.422266 -33.422266
-41.247836 -41.247836 -41.247836 -41.247836
-49.073406 -49.073406 -49.073406 -49.073406
-56.898976 -56.898976 -56.898976 -56.898976
-64.724546 -64.724546 -64.724546 -64.724546