710.006879
702.181309
694.355740
686.530170
678.704600
670.879030
663.053460
655.227890
647.402320
639.576750
631.751180
623.925610
616.100040
608.274470
600.448900
592.623330
584.797760
576.972190
569.146620
561.321050
553.495480
545.669910
537.844340
530.018770
522.193201
514.367631
506.542061
498.716491
490.890921
483.065351
475.239781
467.414211
459.588641
451.763071
443.937501
436.111931
428.286361
420.460791
412.635221
404.809651
396.984081
389.158511
381.332941
373.507371
365.681801
357.856231
350.030662
342.205092
334.379522
326.553952
318.728382
310.902812
303.077242
295.251672
287.426102
279.600532
271.774962
263.949392
256.123822
248.298252
240.472682
232.647112
224.821542
216.995972
209.170402
201.344832
193.519262
185.693692
177.868123
170.042553
162.216983
154.391413
146.565843
138.740273
130.914703
123.089133
115.263563
107.437993
 99.612423
 91.786853
 83.961283
 76.135713
 68.310143
 60.484573
 52.659003
 44.833433
 37.007863
 29.182293
 21.356723
 13.531153
  5.705584
 -2.119986
 -9.945556
-17.771126
-25.596696
-33.422266
-41.247836
-49.073406
-56.898976
-64.724546