  0.000000   0.000000   0.000000   0.000000   0.800000
  0.010000   0.000482   0.141558  27.131904   0.800000
  0.020000   0.003620   0.520028  47.480832   0.800000
  0.030000   0.011455   1.070531  61.636608   0.800000
  0.040000   0.025407   1.734083  70.189056   0.800000
  0.050000   0.046336   2.457600  73.728000   0.800000
  0.060000   0.074601   3.193897  72.843264   0.800000
  0.070000   0.110118   3.901686  68.124672   0.800000
  0.080000   0.152421   4.545577  60.162048   0.800000
  0.090000   0.200718   5.096079  49.545216   0.800000
  0.100000   0.253952   5.529600  36.864000   0.800000
  0.110000   0.310860   5.828444  22.708224   0.800000
  0.120000   0.370032   5.980815   7.667712   0.800000
  0.130000   0.429968   5.980815  -7.667712   0.800000
  0.140000   0.489140   5.828444 -22.708224   0.800000
  0.150000   0.546048   5.529600 -36.864000   0.800000
  0.160000   0.599282   5.096079 -49.545216   0.800000
  0.170000   0.647579   4.545577 -60.162048   0.800000
  0.180000   0.689882   3.901686 -68.124672   0.800000
  0.190000   0.725399   3.193897 -72.843264   0.800000
  0.200000   0.753664   2.457600 -73.728000   0.800000
  0.210000   0.774593   1.734083 -70.189056   0.800000
  0.220000   0.788545   1.070531 -61.636608   0.800000
  0.230000   0.796380   0.520028 -47.480832   0.800000
  0.240000   0.799518   0.141558 -27.131904   0.800000
  0.250000   0.800000   0.000000   0.000000   0.800000
  0.260000   0.800120   0.035389   6.782976   0.800000
  0.270000   0.800905   0.130007  11.870208   0.800000
  0.280000   0.802864   0.267633  15.409152   0.800000
  0.290000   0.806352   0.433521  17.547264   0.800000
  0.300000   0.811584   0.614400  18.432000   0.800000
  0.310000   0.818650   0.798474  18.210816   0.800000
  0.320000   0.827530   0.975421  17.031168   0.800000
  0.330000   0.838105   1.136394  15.040512   0.800000
  0.340000   0.850179   1.274020  12.386304   0.800000
  0.350000   0.863488   1.382400   9.216000   0.800000
  0.360000   0.877715   1.457111   5.677056   0.800000
  0.370000   0.892508   1.495204   1.916928   0.800000
  0.380000   0.907492   1.495204  -1.916928   0.800000
  0.390000   0.922285   1.457111  -5.677056   0.800000
  0.400000   0.936512   1.382400  -9.216000   0.800000
  0.410000   0.949821   1.274020 -12.386304   0.800000
  0.420000   0.961895   1.136394 -15.040512   0.800000
  0.430000   0.972470   0.975421 -17.031168   0.800000
  0.440000   0.981350   0.798474 -18.210816   0.800000
  0.450000   0.988416   0.614400 -18.432000   0.800000
  0.460000   0.993648   0.433521 -17.547264   0.800000
  0.470000   0.997136   0.267633 -15.409152   0.800000
  0.480000   0.999095   0.130007 -11.870208   0.800000
  0.490000   0.999880   0.035389  -6.782976   0.800000
  0.500000   1.000000  -0.000000  -0.000000   0.800000