 -9.786862
 -9.559924
 -9.357857
 -9.185532
 -9.047618
 -8.947833
 -8.887954
 -8.866757
 -8.879181
 -8.916147
 -8.965314
 -9.012784
 -9.045316
 -9.052399
 -9.027556
 -8.968683
 -8.877565
 -8.758957
 -8.619607
 -8.467430
 -8.310919
 -8.158742
 -8.019394
 -7.900788
 -7.809672
 -7.750801
 -7.725960
 -7.733044
 -7.765575
 -7.813041
 -7.862203
 -7.899161
 -7.911575
 -7.890364
 -7.830471
 -7.730669
 -7.592738
 -7.420395
 -7.218310
 -6.991354
-28.918855
-28.560722
-28.216670
-27.889458
-27.581730
-27.295591
-27.032047
-26.790404
-26.567798
-26.359086
-26.157283
-25.954517
-25.743293
-25.517659
-25.273948
-25.010968
-24.729730
-24.432928
-24.124381
-23.808571
-23.490308
-23.174499
-22.865954
-22.569155
-22.287921
-22.024945
-21.781237
-21.555606
-21.344384
-21.141619
-20.939813
-20.731097
-20.508484
-20.266831
-20.003275
-19.717122
-19.409379
-19.082151
-18.738083
-18.379932
-46.462143
-45.897712
-45.344134
-44.803536
-44.277953
-43.769010
-43.277481
-42.802832
-42.342855
-41.893586
-41.449642
-41.004956
-40.553751
-40.091439
-39.615195
-39.124100
-38.618933
-38.101771
-37.575556
-37.043744
-36.510042
-35.978232
-35.452020
-34.934861
-34.429698
-33.938609
-33.462370
-33.000062
-32.548861
-32.104177
-31.660233
-31.210962
-30.750980
-30.276324
-29.784785
-29.275830
-28.750235
-28.209623
-27.656030
-27.091583
-57.486937
-56.694555
-55.911929
-55.140968
-54.383504
-53.640994
-52.914137
-52.202451
-51.503952
-50.815079
-50.130990
-49.446235
-48.755621
-48.055025
-47.341906
-46.615440
-45.876327
-45.126432
-44.368401
-43.605339
-42.840578
-42.077518
-41.319489
-40.569598
-39.830488
-39.104027
-38.390913
-37.690322
-36.999711
-36.314959
-35.630871
-34.941995
-34.243492
-33.531799
-32.804934
-32.062414
-31.304938
-30.533965
-29.751325
-28.958929
-63.108740
-62.144811
-61.183454
-60.225173
-59.270450
-58.319670
-57.373017
-56.430364
-55.491186
-54.554547
-53.619168
-52.683612
-51.746511
-50.806777
-49.863742
-48.917187
-47.967296
-47.014564
-46.059686
-45.103482
-44.146830
-43.190627
-42.235751
-41.283021
-40.333135
-39.386583
-38.443551
-37.503821
-36.566723
-35.631169
-34.695790
-33.759147
-32.819966
-31.877305
-30.930644
-29.979854
-29.025121
-28.066827
-27.105458
-26.141516
-67.544186
-66.430827
-65.309978
-64.180175
-63.040011
-61.888366
-60.724705
-59.549396
-58.363963
-57.171139
-55.974640
-54.778651
-53.587157
-52.403325
-51.229104
-50.065129
-48.910862
-47.764872
-46.625128
-45.489246
-44.354669
-43.218788
-42.079045
-40.933057
-39.778793
-38.614821
-37.440603
-36.256774
-35.065282
-33.869293
-32.672793
-31.479966
-30.294528
-29.119213
-27.955544
-26.803889
-25.663715
-24.533900
-23.413040
-22.299669
-71.572614
-70.264449
-68.944367
-67.610035
-66.259216
-64.890127
-63.501917
-62.095174
-60.672319
-59.237704
-57.797242
-56.357591
-54.925096
-53.504792
-52.099784
-50.711080
-49.337826
-47.977742
-46.627597
-45.283598
-43.941675
-42.597677
-41.247533
-39.887451
-38.514198
-37.125496
-35.720490
-34.300188
-32.867693
-31.428042
-29.987578
-28.552960
-27.130102
-25.723352
-24.335136
-22.966040
-21.615212
-20.280871
-18.960780
-17.652605
-73.565840
-72.034772
-70.496095
-68.948318
-67.390013
-65.820042
-64.237862
-62.643847
-61.039544
-59.427732
-57.812187
-56.197159
-54.586701
-52.984028
-51.391121
-49.808626
-48.235996
-46.671776
-45.113902
-43.559953
-42.007330
-40.453381
-38.895508
-37.331288
-35.758659
-34.176165
-32.583259
-30.980586
-29.370128
-27.755100
-26.139552
-24.527738
-22.923432
-21.329414
-19.747229
-18.177253
-16.618943
-15.071161
-13.532478
-12.001403
-73.425446
-71.740533
-70.051526
-68.357624
-66.658058
-64.952216
-63.239805
-61.521028
-59.796716
-58.068364
-56.338004
-54.607922
-52.880299
-51.156864
-49.438683
-47.726103
-46.018831
-44.316083
-42.616749
-40.919527
-39.223018
-37.525796
-35.826463
-34.123715
-32.416443
-30.703864
-28.985683
-27.262248
-25.534624
-23.804542
-22.074180
-20.345827
-18.621513
-16.902733
-15.190320
-13.484475
-11.784906
-10.091001
 -8.401991
 -6.717075
-72.766255
-71.001103
-69.229202
-67.449232
-65.659924
-63.860270
-62.049788
-60.228810
-58.398709
-56.561948
-54.721876
-52.882264
-51.046705
-49.218050
-47.398057
-45.587298
-43.785288
-41.990736
-40.201813
-38.416371
-36.632104
-34.846662
-33.057739
-31.263188
-29.461178
-27.650418
-25.830426
-24.001771
-22.166211
-20.326599
-18.486526
-16.649764
-14.819662
-12.998683
-11.188199
 -9.388544
 -7.599234
 -5.819262
 -4.047359
 -2.282205
-72.355853
-70.542103
-68.716336
-66.876198
-65.019432
-63.144243
-61.249771
-59.336609
-57.407200
-55.465931
-53.518766
-51.572420
-49.633291
-47.706457
-45.795050
-43.900084
-42.020700
-40.154597
-38.298518
-36.448636
-34.600848
-32.750967
-30.894887
-29.028785
-27.149400
-25.254435
-23.343028
-21.416194
-19.477065
-17.530719
-15.583553
-13.642284
-11.712874
 -9.799711
 -7.905238
 -6.030048
 -4.173281
 -2.333142
 -0.507374
  1.306377
-72.716555
-70.877780
-69.025502
-67.157073
-65.269960
-63.362142
-61.432655
-59.482164
-57.513416
-55.531341
-53.542639
-51.554859
-49.575188
-47.609335
-45.660816
-43.730775
-41.818243
-39.920637
-38.034295
-36.154917
-34.277892
-32.398515
-30.512172
-28.614566
-26.702034
-24.771993
-22.823475
-20.857621
-18.877950
-16.890169
-14.901467
-12.919392
-10.950643
 -9.000152
 -7.070665
 -5.162847
 -3.275733
 -1.407304
  0.444975
  2.283750
-74.123484
-72.291207
-70.450105
-68.598451
-66.734587
-64.857193
-62.965640
-61.060361
-59.143153
-57.217235
-55.286988
-53.357342
-51.432996
-49.517679
-47.613690
-45.721774
-43.841301
-41.970580
-40.107220
-38.248411
-36.391140
-34.532331
-32.668971
-30.798250
-28.917776
-27.025861
-25.121871
-23.206554
-21.282207
-19.352562
-17.422314
-15.496396
-13.579187
-11.673908
 -9.782354
 -7.904961
 -6.041096
 -4.189442
 -2.348340
 -0.516063
-76.060258
-74.256993
-72.450980
-70.641680
-68.828580
-67.011266
-65.189544
-63.363548
-61.533837
-59.701415
-57.867645
-56.034062
-54.202129
-52.373008
-50.547413
-48.725579
-46.907306
-45.092071
-43.279127
-41.467601
-39.656553
-37.845027
-36.032083
-34.216847
-32.398575
-30.576740
-28.751145
-26.922024
-25.090090
-23.256507
-21.422736
-19.590313
-17.760602
-15.934606
-14.112883
-12.295569
-10.482467
 -8.673168
 -6.867154
 -5.063888
-78.143582
-76.391767
-74.641013
-72.891530
-71.143515
-69.397128
-67.652445
-65.909413
-64.167817
-62.427268
-60.687240
-58.947140
-57.206402
-55.464578
-53.721391
-51.976751
-50.230735
-48.483544
-46.735469
-44.986846
-43.238038
-41.489414
-39.741339
-37.994149
-36.248133
-34.503493
-32.760305
-31.018481
-29.277743
-27.537642
-25.797613
-24.057063
-22.315465
-20.572432
-18.827747
-17.081358
-15.333341
-13.583855
-11.833099
-10.081282
-79.963127
-78.295234
-76.628513
-74.963194
-73.299498
-71.637599
-69.977582
-68.319388
-66.662780
-65.007329
-63.352452
-61.697496
-60.041835
-58.384974
-56.726608
-55.066637
-53.405146
-51.742358
-50.078593
-48.414223
-46.749649
-45.085280
-43.421515
-41.758728
-40.097238
-38.437268
-36.778902
-35.122041
-33.466380
-31.811422
-30.156544
-28.501091
-26.844479
-25.186281
-23.526260
-21.864356
-20.200654
-18.535330
-16.868603
-15.200703
-80.849454
-79.271751
-77.693296
-76.113944
-74.533554
-72.952012
-71.369267
-69.785353
-68.200424
-66.614754
-65.028715
-63.442727
-61.857189
-60.272419
-58.688612
-57.105832
-55.524024
-53.943047
-52.362695
-50.782731
-49.202898
-47.622934
-46.042583
-44.461607
-42.879802
-41.297023
-39.713217
-38.128448
-36.542911
-34.956922
-33.370881
-31.785208
-30.200274
-28.616355
-27.033601
-25.452052
-23.871652
-22.292291
-20.713827
-19.136113
-81.123719
-79.607483
-78.089238
-76.568592
-75.045168
-73.518665
-71.988939
-70.456090
-68.920526
-67.382979
-65.844446
-64.306050
-62.768859
-61.233722
-59.701162
-58.171350
-56.644141
-55.119151
-53.595836
-52.073558
-50.551629
-49.029351
-47.506038
-45.981051
-44.453844
-42.924034
-41.391477
-39.856343
-38.319153
-36.780757
-35.242223
-33.704673
-32.169103
-30.636248
-29.106514
-27.580001
-26.056566
-24.535909
-23.017652
-21.501404
-81.352276
-79.888197
-78.419879
-76.946492
-75.467240
-73.981489
-72.488937
-70.989792
-69.484915
-67.975855
-66.464715
-64.953863
-63.445556
-61.941585
-60.443054
-58.950323
-57.463088
-55.980537
-54.501522
-53.024693
-51.548603
-50.071776
-48.592762
-47.110214
-45.622981
-44.130254
-42.631727
-41.127759
-39.619454
-38.108603
-36.597462
-35.088400
-33.583519
-32.084368
-30.591808
-29.106048
-27.626786
-26.153387
-24.685057
-23.220965
-80.124797
-78.747436
-77.360393
-75.961771
-74.549753
-73.122890
-71.680491
-70.223031
-68.752482
-67.272376
-65.787519
-64.303321
-62.824937
-61.356460
-59.900410
-58.457608
-57.027360
-55.607813
-54.196342
-52.789865
-51.385076
-49.978600
-48.567130
-47.147586
-45.717341
-44.274543
-42.818497
-41.350023
-39.871642
-38.387446
-36.902589
-35.422482
-33.951929
-32.494465
-31.052058
-29.625188
-28.213160
-26.814528
-25.427475
-24.050103
-73.953067
-72.710475
-71.454509
-70.182551
-68.892088
-67.581123
-66.248697
-64.895471
-63.524164
-62.139659
-60.748590
-59.358433
-57.976307
-56.607863
-55.256586
-53.923607
-52.607968
-51.307109
-50.017405
-48.734598
-47.454123
-46.171317
-44.881614
-43.580758
-42.265121
-40.932145
-39.580871
-38.212432
-36.830307
-35.440152
-34.049084
-32.664578
-31.293268
-29.940038
-28.607607
-27.296635
-26.006165
-24.734198
-23.478224
-22.235623
-63.253695
-62.146637
-61.031012
-59.905141
-58.767417
-57.616558
-56.451953
-55.274022
-54.084509
-52.886541
-51.684369
-50.482780
-49.286335
-48.098655
-46.921972
-45.757011
-44.603157
-43.458771
-42.321532
-41.188711
-40.057382
-38.924562
-37.787323
-36.642940
-35.489088
-34.324129
-33.147448
-31.959771
-30.763328
-29.561741
-28.359568
-27.161599
-25.972083
-24.794149
-23.629539
-22.478674
-21.340944
-20.215066
-19.099433
-17.992367
-51.437426
-50.462076
-49.486753
-48.511463
-47.536211
-46.561001
-45.585834
-44.610711
-43.635624
-42.660564
-41.685517
-40.710468
-39.735401
-38.760306
-37.785175
-36.810007
-35.834803
-34.859568
-33.884310
-32.909039
-31.933762
-30.958491
-29.983235
-29.008001
-28.032799
-27.057632
-26.082503
-25.107409
-24.132344
-23.157295
-22.182248
-21.207187
-20.232097
-19.256971
-18.281800
-17.306586
-16.331328
-15.356032
-14.380703
-13.405346
-39.250387
-38.464438
-37.682144
-36.904220
-36.131351
-35.364084
-34.602681
-33.846960
-33.096180
-32.349005
-31.603623
-30.857991
-30.110165
-29.358600
-28.602344
-27.841088
-27.075095
-26.305062
-25.531983
-24.757018
-23.981417
-23.206453
-22.433374
-21.663343
-20.897350
-20.136095
-19.379840
-18.628275
-17.880450
-17.134818
-16.389436
-15.642260
-14.891478
-14.135756
-13.374350
-12.607080
-11.834208
-11.056281
-10.273983
 -9.488031
-26.552655
-26.042415
-25.531390
-25.019427
-24.506377
-23.992124
-23.476611
-22.959878
-22.442083
-21.923514
-21.404559
-20.885658
-20.367229
-19.849602
-19.332983
-18.817438
-18.302911
-17.789252
-17.276247
-16.763646
-16.251183
-15.738583
-15.225578
-14.711918
-14.197390
-13.681845
-13.165225
-12.647599
-12.129169
-11.610267
-11.091313
-10.572744
-10.054949
 -9.538216
 -9.022705
 -8.508453
 -7.995404
 -7.483442
 -6.972418
 -6.462180
-14.464277
-14.207163
-13.946968
-13.683087
-13.414942
-13.142074
-12.864261
-12.581655
-12.294883
-12.005071
-11.713747
-11.422633
-11.133370
-10.847260
-10.565106
-10.287169
-10.013226
 -9.742690
 -9.474724
 -9.208346
 -8.942506
 -8.676128
 -8.408161
 -8.137624
 -7.863680
 -7.585741
 -7.303585
 -7.017474
 -6.728210
 -6.437096
 -6.145772
 -5.855961
 -5.569192
 -5.286589
 -5.008780
 -4.735916
 -4.467776
 -4.203901
 -3.943711
 -3.686602
 -3.282795
 -3.191158
 -3.102688
 -3.018004
 -2.937703
 -2.862257
 -2.791893
 -2.726454
 -2.665298
 -2.607267
 -2.550790
 -2.494098
 -2.435505
 -2.373672
 -2.307773
 -2.237542
 -2.163205
 -2.085368
 -2.004889
 -1.922777
 -1.840112
 -1.758000
 -1.677520
 -1.599681
 -1.525342
 -1.455108
 -1.389208
 -1.327373
 -1.268778
 -1.212086
 -1.155610
 -1.097580
 -1.036427
 -0.970993
 -0.900634
 -0.825194
 -0.744899
 -0.660223
 -0.571761
 -0.480131
  7.678688
  7.631867
  7.573038
  7.499848
  7.410043
  7.301826
  7.174341
  7.028178
  6.865779
  6.691529
  6.511386
  6.332062
  6.159948
  6.000121
  5.855709
  5.727727
  5.615314
  5.516174
  5.427050
  5.344120
  5.263282
  5.180353
  5.091230
  4.992092
  4.879682
  4.751702
  4.607292
  4.447468
  4.275356
  4.096032
  3.915889
  3.741637
  3.579235
  3.433068
  3.305576
  3.197353
  3.107540
  3.034341
  2.975503
  2.928673
 17.206799
 16.999499
 16.777398
 16.537597
 16.277316
 15.994344
 15.687620
 15.357876
 15.008121
 14.643758
 14.272132
 13.901516
 13.539786
 13.193201
 12.865615
 12.558281
 12.270136
 11.998351
 11.738911
 11.487105
 11.237879
 10.986074
 10.726635
 10.454852
 10.166710
  9.859379
  9.531796
  9.185214
  8.823487
  8.452871
  8.081244
  7.716880
  7.367121
  7.037371
  6.730641
  6.447661
  6.187371
  5.947560
  5.725449
  5.518139
 22.404675
 22.057405
 21.700115
 21.330844
 20.947710
 20.549215
 20.134642
 19.704486
 19.260784
 18.807194
 18.348687
 17.890862
 17.439054
 16.997497
 16.568801
 16.153813
 15.751815
 15.360892
 14.978325
 14.600926
 14.225274
 13.847876
 13.465311
 13.074390
 12.672395
 12.257411
 11.828718
 11.387164
 10.935358
 10.477534
 10.019026
  9.565434
  9.121727
  8.691565
  8.276985
  7.878481
  7.495336
  7.126054
  6.768753
  6.421471
 24.312410
 23.897833
 23.476905
 23.048384
 22.611077
 22.164034
 21.706801
 21.239692
 20.763998
 20.282036
 19.796958
 19.312312
 18.831479
 18.357143
 17.890957
 17.433460
 16.984196
 16.541950
 16.105001
 15.671327
 15.238760
 14.805088
 14.368140
 13.925897
 13.476636
 13.019142
 12.552959
 12.078626
 11.597795
 11.113150
 10.628071
 10.146106
  9.670407
  9.203291
  8.746050
  8.298997
  7.861679
  7.433146
  7.012207
  6.597617
 25.508582
 25.084609
 24.652653
 24.211148
 23.758597
 23.293806
 22.816204
 22.326183
 21.825369
 21.316675
 20.804063
 20.291995
 19.784721
 19.285615
 18.796757
 18.318823
 17.851240
 17.392481
 16.940381
 16.492400
 16.045809
 15.597829
 15.145730
 14.686974
 14.219394
 13.741462
 13.252608
 12.753505
 12.246232
 11.734164
 11.221551
 10.712854
 10.212035
  9.722008
  9.244398
  8.779597
  8.327036
  7.885520
  7.453551
  7.029566
 25.322879
 24.943090
 24.550444
 24.142424
 23.716615
 23.271095
 22.804944
 22.318797
 21.815268
 21.299050
 20.776523
 20.254873
 19.740942
 19.240166
 18.755893
 18.289210
 17.839197
 17.403394
 16.978314
 16.559865
 16.143657
 15.725209
 15.300130
 14.864329
 14.414318
 13.947638
 13.463368
 12.962594
 12.448665
 11.927015
 11.404487
 10.888267
 10.384734
  9.898582
  9.432424
  8.986896
  8.561078
  8.153048
  7.760393
  7.380593
 20.784582
 20.501385
 20.204213
 19.890329
 19.557110
 19.202464
 18.825395
 18.426589
 18.008890
 17.577399
 17.139050
 16.701654
 16.272649
 15.857942
 15.461174
 15.083527
 14.723998
 14.379916
 14.047488
 13.722270
 13.399486
 13.074267
 12.741841
 12.397760
 12.038233
 11.660588
 11.263822
 10.849118
 10.420115
  9.982719
  9.544370
  9.112877
  8.695175
  8.296366
  7.919291
  7.564640
  7.231414
  6.917523
  6.620344
  6.337139
 12.459765
 12.278873
 12.090938
 11.894581
 11.688479
 11.471579
 11.243379
 11.004224
 10.755547
 10.499919
 10.240835
  9.982231
  9.727856
  9.480686
  9.242556
  9.014063
  8.794700
  8.583122
  8.377417
  8.175345
  7.974501
  7.772429
  7.566725
  7.355148
  7.135787
  6.907294
  6.669166
  6.421998
  6.167623
  5.909019
  5.649935
  5.394306
  5.145627
  4.906469
  4.678264
  4.461360
  4.255253
  4.058891
  3.870950
  3.690052
  3.356221
  3.263036
  3.173288
  3.087650
  3.006767
  2.931153
  2.861054
  2.796300
  2.736192
  2.679476
  2.624445
  2.569179
  2.511849
  2.451003
  2.385744
  2.315782
  2.241365
  2.163148
  2.082066
  1.999210
  1.915756
  1.832901
  1.751819
  1.673603
  1.599186
  1.529225
  1.463966
  1.403119
  1.345789
  1.290523
  1.235491
  1.178772
  1.118662
  1.053905
  0.983802
  0.908185
  0.827298
  0.741656
  0.651904
  0.558715
 -5.149396
 -5.147672
 -5.134274
 -5.106916
 -5.063408
 -5.002004
 -4.921869
 -4.823579
 -4.709507
 -4.583917
 -4.452598
 -4.322077
 -4.198565
 -4.086997
 -3.990414
 -3.909802
 -3.844324
 -3.791749
 -3.748909
 -3.712091
 -3.677305
 -3.640487
 -3.597647
 -3.545072
 -3.479596
 -3.398985
 -3.302402
 -3.190836
 -3.067325
 -2.936805
 -2.805489
 -2.679900
 -2.565831
 -2.467544
 -2.387411
 -2.326009
 -2.282503
 -2.255148
 -2.241752
 -2.240029
-10.750004
-10.645807
-10.529310
-10.398103
-10.249877
-10.082794
 -9.895972
 -9.690020
 -9.467439
 -9.232718
 -8.991962
 -8.752045
 -8.519514
 -8.299570
 -8.095414
 -7.908089
 -7.736711
 -7.578928
 -7.431405
 -7.290226
 -7.151190
 -7.010011
 -6.862488
 -6.704707
 -6.533330
 -6.346006
 -6.141853
 -5.921910
 -5.689382
 -5.449466
 -5.208712
 -4.973993
 -4.751412
 -4.545460
 -4.358638
 -4.191553
 -4.043326
 -3.912117
 -3.795618
 -3.691419
-11.783445
-11.612761
-11.435370
-11.249956
-11.055259
-10.850278
-10.634532
-10.408352
-10.173103
 -9.931233
 -9.686071
 -9.441366
 -9.200689
 -8.966877
 -8.741676
 -8.525653
 -8.318328
 -8.118418
 -7.924103
 -7.733249
 -7.543563
 -7.352709
 -7.158395
 -6.958487
 -6.751163
 -6.535143
 -6.309943
 -6.076132
 -5.835457
 -5.590753
 -5.345590
 -5.103719
 -4.868467
 -4.642284
 -4.426535
 -4.221549
 -4.026847
 -3.841427
 -3.664030
 -3.493340
-10.696241
-10.503511
-10.309225
-10.113079
 -9.914781
 -9.714098
 -9.510919
 -9.305321
 -9.097619
 -8.888382
 -8.678381
 -8.468487
 -8.259525
 -8.052156
 -7.846782
 -7.643537
 -7.442309
 -7.242800
 -7.044588
 -6.847179
 -6.650041
 -6.452632
 -6.254421
 -6.054913
 -5.853685
 -5.650441
 -5.445068
 -5.237699
 -5.028737
 -4.818841
 -4.608838
 -4.399597
 -4.191891
 -3.986287
 -3.783101
 -3.582411
 -3.384105
 -3.187951
 -2.993658
 -2.800919