 -8.994710
-21.570799
-33.642216
-42.732640
-47.342599
-49.117652
-50.114836
-50.941870
-51.174200
-50.335992
-48.765404
-47.074796
-45.527221
-44.394954
-44.295967
-45.560581
-47.668262
-50.053801
-52.530698
-54.895564
-56.679154
-57.692307
-58.303074
-58.762398
-58.562781
-56.302972
-51.205309
-44.445906
-37.374451
-30.349912
-23.308252
-16.410717
 -9.982475
 -4.000798
  1.745412
  7.110798
 11.240639
 13.312770
 13.835419
 13.829833
 13.621505
 12.757598
 10.557454
  7.249234
  3.814848
  0.838257
 -1.465324
 -2.808983
 -3.048656
 -2.623142
 -2.076351