 -7.825722
-18.213163
-27.827623
-34.233180
-36.206504
-35.547869
-34.183661
-32.545010
-30.261092
-27.252413
-24.114582
-21.260289
-18.706815
-16.746241
-16.289935
-17.838093
-20.620792
-23.805742
-27.160264
-30.506687
-33.271201
-35.079758
-36.271265
-37.211190
-37.607060
-36.383278
-32.907260
-28.112873
-23.140613
-18.411284
-14.005189
 -9.941467
 -6.114151
 -2.347961
  1.398332
  4.865735
  7.389973
  8.495825
  8.669367
  8.632325
  8.572550
  8.148086
  6.831766
  4.699873
  2.412516
  0.413557
 -1.106907
 -1.937901
 -2.011974
 -1.669220
 -1.282018