  0.000000   0.000000   0.000000 -35.832543
  0.010000   0.000000  -0.358325  24.849692
  0.020000  -0.003583  -0.109829  37.722651
  0.030000  -0.004682   0.267398  36.373515
  0.040000  -0.002008   0.631133  37.227817
  0.050000   0.004304   1.003411  36.698439
  0.060000   0.014338   1.370396  29.801921
  0.070000   0.028042   1.668415  18.833759
  0.080000   0.044726   1.856753   9.582282
  0.090000   0.063294   1.952575   5.814763
  0.100000   0.082819   2.010723   5.168507
  0.110000   0.102927   2.062408   3.785981
  0.120000   0.123551   2.100268   0.875631
  0.130000   0.144553   2.109024  -3.239467
  0.140000   0.165644   2.076629  -8.974298
  0.150000   0.186410   1.986887 -16.043821
  0.160000   0.206279   1.826448 -22.417105
  0.170000   0.224543   1.602277 -26.747179
  0.180000   0.240566   1.334805 -29.053537
  0.190000   0.253914   1.044270 -29.110250
  0.200000   0.264357   0.753168 -25.996827
  0.210000   0.271888   0.493199 -20.457894
  0.220000   0.276820   0.288620 -15.068025
  0.230000   0.279707   0.137940 -10.843514
  0.240000   0.281086   0.029505  -5.071991
  0.250000   0.281381  -0.021215   8.148761
  0.260000   0.281169   0.060273  29.687877
  0.270000   0.281772   0.357151  50.514860
  0.280000   0.285343   0.862300  63.670458
  0.290000   0.293966   1.499005  69.569461
  0.300000   0.308956   2.194699  70.855862
  0.310000   0.330903   2.903258  68.360979
  0.320000   0.359936   3.586868  61.891836
  0.330000   0.395804   4.205786  53.129669
  0.340000   0.437862   4.737083  44.210010
  0.350000   0.485233   5.179183  34.754881
  0.360000   0.537025   5.526732  20.989460
  0.370000   0.592292   5.736626   0.890594
  0.380000   0.649658   5.745532 -19.824207
  0.390000   0.707114   5.547290 -34.914964
  0.400000   0.762587   5.198140 -44.163699
  0.410000   0.814568   4.756503 -51.610830
  0.420000   0.862133   4.240395 -61.080079
  0.430000   0.904537   3.629594 -70.336222
  0.440000   0.940833   2.926232 -74.111157
  0.450000   0.970095   2.185121 -71.250390
  0.460000   0.991947   1.472617 -63.150702
  0.470000   1.006673   0.841110 -50.562127
  0.480000   1.015084   0.335488 -34.884820
  0.490000   1.018439  -0.013360 -20.096875
  0.500000   1.018305  -0.214329  -9.227543