 -9.786862
-24.688142
-39.284126
-51.068075
-58.338462
-62.633701
-66.113510
-69.500828
-72.261002
-73.532958
-73.481193
-72.965019
-72.478522
-72.234213
-72.508263
-73.443741
-74.803021
-76.323806
-77.883934
-79.263216
-80.086873
-80.324540
-80.368008
-80.373692
-79.636888
-76.406780
-69.694237
-60.897892
-51.626238
-42.240193
-32.574734
-22.904979
-13.895437
 -5.640523
  2.201667
  9.540127
 15.281277
 18.266181
 19.087704
 19.101913
 18.768468
 17.500532
 14.424575
  9.898796
  5.248696
  1.229187
 -1.898774
 -3.759667
 -4.139874
 -3.602372
 -2.877017