  0.000000   0.000000   0.000000 -39.147447
  0.010000   0.000000  -0.391474  20.579121
  0.020000  -0.003915  -0.185683  32.332068
  0.030000  -0.005772   0.137637  29.902968
  0.040000  -0.004395   0.436667  30.459863
  0.050000  -0.000029   0.741266  30.573915
  0.060000   0.007384   1.047005  24.592561
  0.070000   0.017854   1.292930  14.155229
  0.080000   0.030783   1.434483   4.976106
  0.090000   0.045128   1.484244   1.564884
  0.100000   0.059971   1.499893   2.176394
  0.110000   0.074970   1.521657   2.532525
  0.120000   0.090186   1.546982   1.202651
  0.130000   0.105656   1.559008  -1.656375
  0.140000   0.121246   1.542445  -6.227526
  0.150000   0.136671   1.480169 -12.093571
  0.160000   0.151472   1.359234 -17.462241
  0.170000   0.165065   1.184611 -21.144219
  0.180000   0.176911   0.973169 -23.033423
  0.190000   0.186642   0.742835 -22.761612
  0.200000   0.194071   0.515219 -19.576051
  0.210000   0.199223   0.319458 -14.500194
  0.220000   0.202418   0.174456  -9.961443
  0.230000   0.204162   0.074842  -6.556398
  0.240000   0.204911   0.009278  -1.181508
  0.250000   0.205003  -0.002537  12.251815
  0.260000   0.204978   0.119981  34.268751
  0.270000   0.206178   0.462668  55.309185
  0.280000   0.210804   1.015760  68.452923
  0.290000   0.220962   1.700290  74.576205
  0.300000   0.237965   2.446052  76.623670
  0.310000   0.262425   3.212288  74.881812
  0.320000   0.294548   3.961106  68.127577
  0.330000   0.334159   4.642382  58.058802
  0.340000   0.380583   5.222970  47.639712
  0.350000   0.432813   5.699367  37.049639
  0.360000   0.489807   6.069864  22.399772
  0.370000   0.550505   6.293861   1.102139
  0.380000   0.613444   6.304883 -21.226505
  0.390000   0.676493   6.092618 -37.897438
  0.400000   0.737419   5.713643 -48.441853
  0.410000   0.794555   5.229225 -56.990793
  0.420000   0.846848   4.659317 -67.414730
  0.430000   0.893441   3.985170 -77.188874
  0.440000   0.933292   3.213281 -80.854142
  0.450000   0.965425   2.404739 -77.443452
  0.460000   0.989473   1.630305 -68.596733
  0.470000   1.005776   0.944338 -55.122724
  0.480000   1.015219   0.393110 -38.371734
  0.490000   1.019150   0.009393 -22.445417
  0.500000   1.019244  -0.215061 -10.603361