 -6.991354
-15.939643
-23.926004
-28.542902
-28.761934
-26.493472
-23.572713
-20.304095
-16.344374
-11.879909
 -7.690179
 -4.061666
 -0.845658
  1.658403
  2.350625
  0.620098
 -2.601893
 -6.310232
-10.244114
-14.244310
-17.665829
-20.007555
-21.588183
-22.852450
-23.653834
-23.130348
-20.736424
-17.241545
-13.653997
-10.445126
 -7.797804
 -5.632302
 -3.541813
 -1.244181
  1.182864
  3.395913
  4.850579
  5.304422
  5.237884
  5.178171
  5.220861
  5.094543
  4.368622
  3.014933
  1.482231
  0.125491
 -0.878922
 -1.368802
 -1.328810
 -1.036958
 -0.753376