  0.000000   0.000000   0.000000 -27.965414
  0.010000   0.000000  -0.279654  51.100305
  0.020000  -0.002797   0.231349  76.635992
  0.030000  -0.000483   0.997709  83.485396
  0.040000   0.009494   1.832563  87.374451
  0.050000   0.027820   2.706307  85.393889
  0.060000   0.054883   3.560246  75.226652
  0.070000   0.090485   4.312513  61.106460
  0.080000   0.133610   4.923577  47.948102
  0.090000   0.182846   5.403058  36.337388
  0.100000   0.236877   5.766432  23.916498
  0.110000   0.294541   6.005597  10.959779
  0.120000   0.354597   6.115195  -0.758709
  0.130000   0.415749   6.107608 -12.067036
  0.140000   0.476825   5.986938 -26.803233
  0.150000   0.536694   5.718905 -45.397167
  0.160000   0.593883   5.264934 -61.850183
  0.170000   0.646533   4.646432 -72.150002
  0.180000   0.692997   3.924932 -76.979189
  0.190000   0.732246   3.155140 -77.419779
  0.200000   0.763798   2.380942 -72.411616
  0.210000   0.787607   1.656826 -62.080662
  0.220000   0.804175   1.036019 -50.007839
  0.230000   0.814536   0.535941 -39.064813
  0.240000   0.819895   0.145293 -28.683709
  0.250000   0.821348  -0.141544 -15.620052
  0.260000   0.819933  -0.297745   0.827181
  0.270000   0.816955  -0.289473  15.709283
  0.280000   0.814060  -0.132380  24.965124
  0.290000   0.812737   0.117271  28.367391
  0.300000   0.813909   0.400945  27.157912
  0.310000   0.817919   0.672524  23.365770
  0.320000   0.824644   0.906182  19.700797
  0.330000   0.833706   1.103190  17.393302
  0.340000   0.844738   1.277123  15.736607
  0.350000   0.857509   1.434489  13.189523
  0.360000   0.871854   1.566384   7.997276
  0.370000   0.887518   1.646357   0.350316
  0.380000   0.903981   1.649860  -6.639822
  0.390000   0.920480   1.583462 -10.821024
  0.400000   0.936314   1.475251 -12.654840
  0.410000   0.951067   1.348703 -13.998545
  0.420000   0.964554   1.208718 -16.697153
  0.430000   0.976641   1.041746 -20.267570
  0.440000   0.987059   0.839070 -22.458073
  0.450000   0.995449   0.614490 -22.257893
  0.460000   1.001594   0.391911 -19.830205
  0.470000   1.005513   0.193609 -15.425182
  0.480000   1.007449   0.039357  -9.869495
  0.490000   1.007843  -0.059338  -4.911662
  0.500000   1.007250  -0.108455  -1.575273