  0.000000   0.000000   0.000000 -31.302888
  0.010000   0.000000  -0.313029  43.341216
  0.020000  -0.003130   0.120383  65.601638
  0.030000  -0.001926   0.776400  70.154014
  0.040000   0.005838   1.477940  73.243693
  0.050000   0.020617   2.210377  71.894615
  0.060000   0.042721   2.929323  62.884604
  0.070000   0.072014   3.558169  49.705057
  0.080000   0.107596   4.055219  37.421424
  0.090000   0.148148   4.429434  27.671666
  0.100000   0.192442   4.706150  18.403966
  0.110000   0.239504   4.890190   8.796513
  0.120000   0.288406   4.978155  -0.245181
  0.130000   0.338187   4.975703  -9.384709
  0.140000   0.387944   4.881856 -21.609879
  0.150000   0.436763   4.665757 -37.131353
  0.160000   0.483420   4.294444 -50.920939
  0.170000   0.526365   3.785235 -59.616936
  0.180000   0.564217   3.189065 -63.697123
  0.190000   0.596108   2.552094 -63.891982
  0.200000   0.621629   1.913174 -59.254736
  0.210000   0.640760   1.320627 -50.182785
  0.220000   0.653967   0.818799 -39.967833
  0.230000   0.662155   0.419121 -30.874564
  0.240000   0.666346   0.110375 -21.680220
  0.250000   0.667450  -0.106427  -8.477103
  0.260000   0.666385  -0.191198   9.300859
  0.270000   0.664473  -0.098190  25.565335
  0.280000   0.663491   0.157464  35.652466
  0.290000   0.665066   0.513988  39.702256
  0.300000   0.670206   0.911011  39.407050
  0.310000   0.679316   1.305081  36.267868
  0.320000   0.692367   1.667760  31.859137
  0.330000   0.709045   1.986351  27.516225
  0.340000   0.728908   2.261514  23.554701
  0.350000   0.751523   2.497061  18.960233
  0.360000   0.776494   2.686663  11.487706
  0.370000   0.803360   2.801540   0.571493
  0.380000   0.831376   2.807255 -10.167532
  0.390000   0.859448   2.705580 -17.476544
  0.400000   0.886504   2.530814 -21.546486
  0.410000   0.911812   2.315349 -24.748368
  0.420000   0.934966   2.067866 -29.375226
  0.430000   0.955644   1.774113 -34.423822
  0.440000   0.973386   1.429875 -36.899917
  0.450000   0.987684   1.060876 -35.855096
  0.460000   0.998293   0.702325 -31.838276
  0.470000   1.005316   0.383942 -25.236135
  0.480000   1.009156   0.131581 -16.973663
  0.490000   1.010472  -0.038156  -9.339450
  0.500000   1.010090  -0.131550  -3.902197