 -7.820166
-17.338856
-26.065418
-31.567213
-32.637408
-31.079348
-28.804392
-26.247388
-23.112905
-19.442241
-15.831379
-12.578238
 -9.633204
 -7.335706
 -6.744269
 -8.433433
-11.515962
-15.034009
-18.720979
-22.398682
-25.468753
-27.522130
-28.893513
-29.966152
-30.501077
-29.555621
-26.613253
-22.547211
-18.377674
-14.481019
-10.941458
 -7.759550
 -4.779207
 -1.810407
  1.171294
  3.929468
  5.912686
  6.751003
  6.859395
  6.823757
  6.789604
  6.475514
  5.445638
  3.747898
  1.912919
  0.306407
 -0.910940
 -1.566382
 -1.610806
 -1.325435
 -1.010774