  0.000000   0.000000   0.000000 -33.556697
  0.010000   0.000000  -0.335567  35.839619
  0.020000  -0.003356   0.022829  54.484042
  0.030000  -0.003127   0.567670  56.694238
  0.040000   0.002549   1.134612  58.917210
  0.050000   0.013895   1.723784  57.983937
  0.060000   0.031133   2.303623  49.909630
  0.070000   0.054170   2.802720  37.630869
  0.080000   0.082197   3.179028  26.462141
  0.090000   0.113987   3.443650  18.951189
  0.100000   0.148423   3.633162  13.046506
  0.110000   0.184755   3.763627   6.746207
  0.120000   0.222391   3.831089   0.222016
  0.130000   0.260702   3.833309  -6.861671
  0.140000   0.299035   3.764692 -16.515357
  0.150000   0.336682   3.599539 -28.745358
  0.160000   0.372678   3.312085 -39.656214
  0.170000   0.405799   2.915523 -46.647128
  0.180000   0.434954   2.449052 -50.006343
  0.190000   0.459444   1.948988 -50.090758
  0.200000   0.478934   1.448081 -45.993910
  0.210000   0.493415   0.988142 -38.290494
  0.220000   0.503296   0.605237 -29.984676
  0.230000   0.509349   0.305390 -22.810607
  0.240000   0.512403   0.077284 -14.932583
  0.250000   0.513175  -0.072042  -1.684079
  0.260000   0.512455  -0.088883  17.548003
  0.270000   0.511566   0.086597  35.509260
  0.280000   0.512432   0.441690  46.709043
  0.290000   0.516849   0.908780  51.471821
  0.300000   0.525937   1.423499  51.890832
  0.310000   0.540172   1.942407  49.123851
  0.320000   0.559596   2.433645  43.914251
  0.330000   0.583932   2.872788  37.726100
  0.340000   0.612660   3.250049  31.688186
  0.350000   0.645161   3.566931  25.119591
  0.360000   0.680830   3.818127  15.198525
  0.370000   0.719011   3.970112   0.726225
  0.380000   0.758712   3.977374 -13.933170
  0.390000   0.798486   3.838042 -24.359246
  0.400000   0.836867   3.594450 -30.548375
  0.410000   0.872811   3.288966 -35.494714
  0.420000   0.905701   2.934019 -42.055998
  0.430000   0.935041   2.513459 -48.728277
  0.440000   0.960176   2.026176 -51.656149
  0.450000   0.980437   1.509615 -49.850700
  0.460000   0.995534   1.011108 -44.213490
  0.470000   1.005645   0.568973 -35.273979
  0.480000   1.011334   0.216233 -24.120649
  0.490000   1.013497  -0.024973 -13.678575
  0.500000   1.013247  -0.161759  -6.089346