 -8.952632
-22.414743
-35.382608
-45.377886
-50.893976
-53.579386
-55.502641
-57.259985
-58.344344
-58.160495
-57.056816
-55.766414
-54.617377
-53.829576
-53.867708
-54.985552
-56.784124
-58.828304
-60.967803
-63.000877
-64.481562
-65.252413
-65.685005
-66.015028
-65.683730
-63.153908
-57.523451
-50.026610
-42.139662
-34.274066
-26.367360
-18.595800
-11.323066
 -4.536699
  1.986249
  8.070358
 12.741940
 15.074839
 15.656285
 15.647821
 15.416835
 14.447035
 11.961464
  8.213879
  4.318431
  0.941138
 -1.670778
 -3.190566
 -3.456717
 -2.970124
 -2.348392