0.090709 0.029232 0.061477 0.000000
0.074966 0.015042 0.059924 0.000000
0.111478 0.051574 0.059904 0.000000
0.092166 0.031461 0.060705 0.000000
0.089964 0.030058 0.059905 0.000000
0.082384 0.022337 0.060047 0.000000
0.086502 0.026527 0.059975 0.000000
0.068480 0.009478 0.059003 0.000000
0.063679 0.002887 0.060793 0.000000
0.093185 0.033088 0.060097 0.000000
0.141426 0.079409 0.062018 0.000000
0.072965 0.012033 0.060932 0.000000
0.090073 0.029741 0.060333 0.000000
0.076585 0.015559 0.061026 0.000000
0.085240 0.025912 0.059328 0.000000