  1.295920   0.847835   0.423870   1.645197   1.672845  10.572233   4.251011 -32.217051  14.836750   6.494595  -2.514392
  1.158694   0.873952   0.452284   1.620078   1.658499  10.366999   4.144035 -31.761597  14.656254   6.429623  -2.488746
  1.021468   0.900069   0.480697   1.594960   1.644152  10.161764   4.037059 -31.306142  14.475758   6.364651  -2.463100
  0.884241   0.926186   0.509111   1.569842   1.629806   9.956530   3.930084 -30.850688  14.295262   6.299679  -2.437454
  0.747015   0.952303   0.537524   1.544723   1.615459   9.751296   3.823108 -30.395233  14.114766   6.234707  -2.411808
  0.609789   0.978420   0.565938   1.519605   1.601112   9.546061   3.716132 -29.939778  13.934270   6.169735  -2.386162
  0.472562   1.004537   0.594351   1.494487   1.586766   9.340827   3.609156 -29.484324  13.753774   6.104763  -2.360516
  0.335336   1.030654   0.622765   1.469368   1.572419   9.135592   3.502180 -29.028869  13.573278   6.039791  -2.334870
  0.198110   1.056771   0.651178   1.444250   1.558072   8.930358   3.395204 -28.573415  13.392782   5.974819  -2.309224
  0.060884   1.082888   0.679592   1.419131   1.543726   8.725124   3.288228 -28.117960  13.212286   5.909847  -2.283578
 -0.076343   1.109005   0.708005   1.394013   1.529379   8.519889   3.181253 -27.662505  13.031790   5.844875  -2.257932
 -0.213569   1.135122   0.736419   1.368895   1.515032   8.314655   3.074277 -27.207051  12.851294   5.779903  -2.232286
 -0.350795   1.161239   0.764832   1.343776   1.500686   8.109421   2.967301 -26.751596  12.670798   5.714931  -2.206641
 -0.488021   1.187356   0.793246   1.318658   1.486339   7.904186   2.860325 -26.296142  12.490302   5.649959  -2.180995
 -0.625248   1.213473   0.821659   1.293540   1.471993   7.698952   2.753349 -25.840687  12.309806   5.584987  -2.155349
 -0.762474   1.239590   0.850073   1.268421   1.457646   7.493717   2.646373 -25.385232  12.129310   5.520015  -2.129703
 -0.899700   1.265707   0.878486   1.243303   1.443299   7.288483   2.539397 -24.929778  11.948814   5.455043  -2.104057
 -1.036926   1.291824   0.906900   1.218185   1.428953   7.083249   2.432422 -24.474323  11.768318   5.390071  -2.078411
 -1.174153   1.317941   0.935313   1.193066   1.414606   6.878014   2.325446 -24.018868  11.587822   5.325100  -2.052765
 -1.311379   1.344058   0.963727   1.167948   1.400259   6.672780   2.218470 -23.563414  11.407326   5.260128  -2.027119
 -1.448605   1.370175   0.992140   1.142830   1.385913   6.467545   2.111494 -23.107959  11.226830   5.195156  -2.001473
 -1.585831   1.396292   1.020554   1.117711   1.371566   6.262311   2.004518 -22.652505  11.046334   5.130184  -1.975827
 -1.723058   1.422409   1.048967   1.092593   1.357219   6.057077   1.897542 -22.197050  10.865838   5.065212  -1.950181
 -1.860284   1.448526   1.077381   1.067474   1.342873   5.851842   1.790566 -21.741595  10.685342   5.000240  -1.924535
 -1.997510   1.474643   1.105794   1.042356   1.328526   5.646608   1.683590 -21.286141  10.504846   4.935268  -1.898889
 -2.134736   1.500760   1.134208   1.017238   1.314179   5.441374   1.576615 -20.830686  10.324350   4.870296  -1.873244
 -2.271963   1.526877   1.162621   0.992119   1.299833   5.236139   1.469639 -20.375232  10.143854   4.805324  -1.847598
 -2.409189   1.552994   1.191034   0.967001   1.285486   5.030905   1.362663 -19.919777   9.963358   4.740352  -1.821952
 -2.546415   1.579111   1.219448   0.941883   1.271140   4.825670   1.255687 -19.464322   9.782862   4.675380  -1.796306
 -2.683641   1.605228   1.247861   0.916764   1.256793   4.620436   1.148711 -19.008868   9.602366   4.610408  -1.770660
 -2.820868   1.631345   1.276275   0.891646   1.242446   4.415202   1.041735 -18.553413   9.421870   4.545436  -1.745014
 -2.958094   1.657462   1.304688   0.866528   1.228100   4.209967   0.934759 -18.097959   9.241374   4.480464  -1.719368
 -3.095320   1.683579   1.333102   0.841409   1.213753   4.004733   0.827784 -17.642504   9.060878   4.415492  -1.693722
 -3.232547   1.709696   1.361515   0.816291   1.199406   3.799499   0.720808 -17.187049   8.880382   4.350520  -1.668076
 -3.369773   1.735813   1.389929   0.791173   1.185060   3.594264   0.613832 -16.731595   8.699886   4.285548  -1.642430
 -3.506999   1.761930   1.418342   0.766054   1.170713   3.389030   0.506856 -16.276140   8.519390   4.220576  -1.616784
 -3.644225   1.788047   1.446756   0.740936   1.156366   3.183795   0.399880 -15.820686   8.338894   4.155604  -1.591138
 -3.781452   1.814164   1.475169   0.715817   1.142020   2.978561   0.292904 -15.365231   8.158398   4.090632  -1.565492
 -3.918678   1.840281   1.503583   0.690699   1.127673   2.773327   0.185928 -14.909776   7.977902   4.025660  -1.539846
 -4.055904   1.866398   1.531996   0.665581   1.113327   2.568092   0.078953 -14.454322   7.797406   3.960688  -1.514201
 -4.193130   1.892515   1.560410   0.640462   1.098980   2.362858  -0.028023 -13.998867   7.616910   3.895716  -1.488555
 -4.330357   1.918632   1.588823   0.615344   1.084633   2.157623  -0.134999 -13.543413   7.436414   3.830744  -1.462909
 -4.467583   1.944749   1.617237   0.590226   1.070287   1.952389  -0.241975 -13.087958   7.255918   3.765772  -1.437263
 -4.604809   1.970866   1.645650   0.565107   1.055940   1.747155  -0.348951 -12.632503   7.075422   3.700800  -1.411617
 -4.742035   1.996983   1.674064   0.539989   1.041593   1.541920  -0.455927 -12.177049   6.894926   3.635828  -1.385971
 -4.879262   2.023100   1.702477   0.514871   1.027247   1.336686  -0.562903 -11.721594   6.714430   3.570856  -1.360325
 -5.016488   2.049217   1.730891   0.489752   1.012900   1.131452  -0.669879 -11.266140   6.533934   3.505884  -1.334679
 -5.153714   2.075334   1.759304   0.464634   0.998553   0.926217  -0.776854 -10.810685   6.353438   3.440912  -1.309033
 -5.290940   2.101451   1.787718   0.439516   0.984207   0.720983  -0.883830 -10.355230   6.172942   3.375940  -1.283387
 -5.428167   2.127568   1.816131   0.414397   0.969860   0.515748  -0.990806  -9.899776   5.992446   3.310969  -1.257741
 -5.565393   2.153685   1.844545   0.389279   0.955514   0.310514  -1.097782  -9.444321   5.811950   3.245997  -1.232095
 -5.702619   2.179802   1.872958   0.364160   0.941167   0.105280  -1.204758  -8.988867   5.631454   3.181025  -1.206449
 -5.839845   2.205919   1.901372   0.339042   0.926820  -0.099955  -1.311734  -8.533412   5.450958   3.116053  -1.180803
 -5.977072   2.232036   1.929785   0.313924   0.912474  -0.305189  -1.418710  -8.077957   5.270462   3.051081  -1.155158
 -6.114298   2.258153   1.958199   0.288805   0.898127  -0.510423  -1.525685  -7.622503   5.089966   2.986109  -1.129512
 -6.251524   2.284269   1.986612   0.263687   0.883780  -0.715658  -1.632661  -7.167048   4.909469   2.921137  -1.103866
 -6.388750   2.310386   2.015026   0.238569   0.869434  -0.920892  -1.739637  -6.711594   4.728973   2.856165  -1.078220
 -6.525977   2.336503   2.043439   0.213450   0.855087  -1.126127  -1.846613  -6.256139   4.548477   2.791193  -1.052574
 -6.663203   2.362620   2.071852   0.188332   0.840740  -1.331361  -1.953589  -5.800684   4.367981   2.726221  -1.026928
 -6.800429   2.388737   2.100266   0.163214   0.826394  -1.536595  -2.060565  -5.345230   4.187485   2.661249  -1.001282
 -6.937656   2.414854   2.128679   0.138095   0.812047  -1.741830  -2.167541  -4.889775   4.006989   2.596277  -0.975636
 -7.074882   2.440971   2.157093   0.112977   0.797701  -1.947064  -2.274517  -4.434321   3.826493   2.531305  -0.949990
 -7.212108   2.467088   2.185506   0.087859   0.783354  -2.152299  -2.381492  -3.978866   3.645997   2.466333  -0.924344
 -7.349334   2.493205   2.213920   0.062740   0.769007  -2.357533  -2.488468  -3.523411   3.465501   2.401361  -0.898698
 -7.486561   2.519322   2.242333   0.037622   0.754661  -2.562767  -2.595444  -3.067957   3.285005   2.336389  -0.873052
 -7.623787   2.545439   2.270747   0.012503   0.740314  -2.768002  -2.702420  -2.612502   3.104509   2.271417  -0.847406
 -7.761013   2.571556   2.299160  -0.012615   0.725967  -2.973236  -2.809396  -2.157047   2.924013   2.206445  -0.821761
 -7.898239   2.597673   2.327574  -0.037733   0.711621  -3.178470  -2.916372  -1.701593   2.743517   2.141473  -0.796115
 -8.035466   2.623790   2.355987  -0.062852   0.697274  -3.383705  -3.023348  -1.246138   2.563021   2.076501  -0.770469
 -8.172692   2.649907   2.384401  -0.087970   0.682927  -3.588939  -3.130323  -0.790684   2.382525   2.011529  -0.744823
 -8.309918   2.676024   2.412814  -0.113088   0.668581  -3.794174  -3.237299  -0.335229   2.202029   1.946557  -0.719177
 -8.447144   2.702141   2.441228  -0.138207   0.654234  -3.999408  -3.344275   0.120226   2.021533   1.881585  -0.693531
 -8.584371   2.728258   2.469641  -0.163325   0.639888  -4.204642  -3.451251   0.575680   1.841037   1.816613  -0.667885
 -8.721597   2.754375   2.498055  -0.188443   0.625541  -4.409877  -3.558227   1.031135   1.660541   1.751641  -0.642239
 -8.858823   2.780492   2.526468  -0.213562   0.611194  -4.615111  -3.665203   1.486589   1.480045   1.686669  -0.616593
 -8.996049   2.806609   2.554882  -0.238680   0.596848  -4.820345  -3.772179   1.942044   1.299549   1.621697  -0.590947
 -9.133276   2.832726   2.583295  -0.263798   0.582501  -5.025580  -3.879154   2.397499   1.119053   1.556725  -0.565301
 -9.270502   2.858843   2.611709  -0.288917   0.568154  -5.230814  -3.986130   2.852953   0.938557   1.491753  -0.539655
 -9.407728   2.884960   2.640122  -0.314035   0.553808  -5.436049  -4.093106   3.308408   0.758061   1.426781  -0.514009
 -9.544954   2.911077   2.668536  -0.339154   0.539461  -5.641283  -4.200082   3.763862   0.577565   1.361809  -0.488363
 -9.682181   2.937194   2.696949  -0.364272   0.525114  -5.846517  -4.307058   4.219317   0.397069   1.296838  -0.462718
 -9.819407   2.963311   2.725363  -0.389390   0.510768  -6.051752  -4.414034   4.674772   0.216573   1.231866  -0.437072
 -9.956633   2.989428   2.753776  -0.414509   0.496421  -6.256986  -4.521010   5.130226   0.036077   1.166894  -0.411426
-10.093859   3.015545   2.782190  -0.439627   0.482075  -6.462220  -4.627986   5.585681  -0.144419   1.101922  -0.385780
-10.231086   3.041662   2.810603  -0.464745   0.467728  -6.667455  -4.734961   6.041135  -0.324915   1.036950  -0.360134
-10.368312   3.067779   2.839017  -0.489864   0.453381  -6.872689  -4.841937   6.496590  -0.505411   0.971978  -0.334488
-10.505538   3.093896   2.867430  -0.514982   0.439035  -7.077924  -4.948913   6.952045  -0.685907   0.907006  -0.308842
-10.642765   3.120013   2.895844  -0.540100   0.424688  -7.283158  -5.055889   7.407499  -0.866403   0.842034  -0.283196
-10.779991   3.146130   2.924257  -0.565219   0.410341  -7.488392  -5.162865   7.862954  -1.046899   0.777062  -0.257550
-10.917217   3.172247   2.952671  -0.590337   0.395995  -7.693627  -5.269841   8.318408  -1.227395   0.712090  -0.231904
-11.054443   3.198364   2.981084  -0.615455   0.381648  -7.898861  -5.376817   8.773863  -1.407891   0.647118  -0.206258
-11.191670   3.224481   3.009497  -0.640574   0.367301  -8.104096  -5.483792   9.229318  -1.588387   0.582146  -0.180612
-11.328896   3.250598   3.037911  -0.665692   0.352955  -8.309330  -5.590768   9.684772  -1.768883   0.517174  -0.154966
-11.466122   3.276715   3.066324  -0.690811   0.338608  -8.514564  -5.697744  10.140227  -1.949379   0.452202  -0.129321
-11.603348   3.302832   3.094738  -0.715929   0.324261  -8.719799  -5.804720  10.595681  -2.129875   0.387230  -0.103675
-11.740575   3.328949   3.123151  -0.741047   0.309915  -8.925033  -5.911696  11.051136  -2.310371   0.322258  -0.078029
-11.877801   3.355066   3.151565  -0.766166   0.295568  -9.130267  -6.018672  11.506591  -2.490867   0.257286  -0.052383
-12.015027   3.381183   3.179978  -0.791284   0.281222  -9.335502  -6.125648  11.962045  -2.671363   0.192314  -0.026737
-12.152253   3.407300   3.208392  -0.816402   0.266875  -9.540736  -6.232623  12.417500  -2.851859   0.127342  -0.001091
-12.289480   3.433417   3.236805  -0.841521   0.252528  -9.745971  -6.339599  12.872954  -3.032355   0.062370   0.024555