 1.269550
 1.172366
 1.078830
 0.991993
 0.915971
 0.855532
 0.815062
 0.797098
 0.801100
 0.823297
 0.857809
 0.898382
 0.939761
 0.978248
 1.011560
 1.038389
 1.057961
 1.069782
 1.073630
 1.069767
 1.059262
 1.044195
 1.027468
 1.012193
 1.000916
 0.995107
 0.995111
 1.000434
 1.010103
 1.022916
 1.037542
 1.052508
 1.066140
 1.076591
 1.082023
 1.081005
 1.072971
 1.058488
 1.039113
 1.016914
 0.993940
 0.971901
 0.952127
 0.935688
 0.923565
 0.916760
 0.916274
 0.922918
 0.936959
 0.957744
 0.983550
 1.011886
 1.040205
 1.066669
 1.090554
 1.112201
 1.132655
 1.153194
 1.174850
 1.197898
 1.221304
 1.242178
 1.255523
 1.254666
 1.232654
 1.184279
 1.107696
 1.004671
 0.879386
 0.736660
 0.580520
 0.413522
 0.236732
 0.050143
-0.146631
-0.353448
-0.568658
-0.788379
-1.006569
-1.216263
-1.411619
-1.589716
-1.751113
-1.899080
-2.038156
-2.172696
-2.305668
-2.437568
-2.565298
-2.681069
-2.771872
-2.820472
-2.808763
-2.723011
-2.558646
-2.321684
-2.025917
-1.687913
-1.322755
-0.942096
-0.554438
-0.166770
 0.213212
 0.574972
 0.903818
 1.181409
 1.388959
 1.512712
 1.549265
 1.507399
 1.405102
 1.263801
 1.103184
 0.938601
 0.780929
 0.637782
 0.514976
 0.417532
 0.349862
 0.314973
 0.312936
 0.339470
 0.385810
 0.440482
 0.492257
 0.532649
 0.556873
 0.563335
 0.552490
 0.525778
 0.485002
 0.432186
 0.369814
 0.301241
 0.230944
 0.164251
 0.106400
 0.061259
 0.030430
 0.013245
 0.007507
 0.010451
 0.019469
 0.026736
 0.026736
 0.026736
 0.026736
 0.026736
 0.026736
 0.026736
 0.026736
 0.026736
 0.026736
 0.026736
 0.026736
 0.026736
 0.026736
 0.026736
 0.026736
 0.026736
 0.026736
 0.026736
 0.026736
 0.026736
 0.026736
 0.026736
 0.026736
 0.026736
 0.026736
 0.026736
 0.026736
 0.026736
 0.026736
 0.026736
 0.026736
 0.026736
 0.026736
 0.026736
 0.026736
 0.026736
 0.026736
 0.026736
 0.026736
 0.026736
 0.026736
 0.026736
 0.026736
 0.026736
 0.026736
 0.026736
 0.026736
 0.026736
 0.026736
 0.026736
 0.026736
 0.026736
 0.026736
 0.026736
 0.026736
 0.026736
 0.026736
 0.026736
 0.026736
 0.026736
 0.026736
 0.026736