 1.269550
 1.130579
 1.001885
 0.894651
 0.822734
 0.796216
 0.813596
 0.860988
 0.920163
 0.976889
 1.023199
 1.055393
 1.071682
 1.071562
 1.057035
 1.034083
 1.011591
 0.997372
 0.994916
 1.003523
 1.020240
 1.041252
 1.062115
 1.077591
 1.082299
 1.072890
 1.050307
 1.019484
 0.986539
 0.956451
 0.932772
 0.918481
 0.916568
 0.929444
 0.957026
 0.995010
 1.036046
 1.073874
 1.106541
 1.136127
 1.166258
 1.199112
 1.232148
 1.254985
 1.249279
 1.195485
 1.083997
 0.919892
 0.716517
 0.485926
 0.234175
-0.037985
-0.331216
-0.642006
-0.958015
-1.259724
-1.530391
-1.765840
-1.974479
-2.169574
-2.360869
-2.547549
-2.711405
-2.812855
-2.799186
-2.630495
-2.305822
-1.861567
-1.345520
-0.795444
-0.236346
 0.309534
 0.809749
 1.215208
 1.471538
 1.549141
 1.466423
 1.278841
 1.046718
 0.814252
 0.608511
 0.447265
 0.344719
 0.309952
 0.338848
 0.408660
 0.485743
 0.541863
 0.563372
 0.548692
 0.501805
 0.428355
 0.335644
 0.234685
 0.140591
 0.068068
 0.024577
 0.008162
 0.011457
 0.026736