   1.024467
 -16.282858
  16.304981
  35.409847
 -28.471840
 -33.543539
  95.871256
-103.794258
  40.287176
 -13.016177
  -1.619220
  32.244613
 -27.929524
  45.732380
  -8.035016
 -46.922816
  73.165688
-113.077184
  90.048906
   0.682668
  16.228565
 -86.760668
  44.774079
 100.069792
-143.037747
  59.705358
 -29.195681
  65.919261
 -57.124288
  15.228860
  20.859973
 -24.156314
   8.845322
   3.628574
  29.968840
 -76.126307
 119.285806
-100.679968
  19.944408
  -0.252374
  51.568848
 -35.713967
  13.057153
 -58.273942
  57.394114
 -13.971284
  54.947307
 -39.526553
 -33.463856
  32.995027
 -11.108049
   4.093642
   5.217377
 -11.751692
   7.580400
   5.484688
  13.494416
  32.415451
 -59.590907
  17.202669
  21.870384
 -33.672713
   6.908418
  35.104535
 -33.074379
 -11.241584
  28.178001
  24.689805
 -35.853563
   9.503480
  -3.188922
  33.417747
  -4.922933
 -49.722951
  11.608227
   7.999425
  15.078013
   4.115058
 -15.715301
  24.391145
 -29.054952
  16.147245
  -4.595755
 -28.730837
   7.875363
  -4.207157
  -9.135710
  17.294454
  -5.077410
   2.797767
 -14.230496
 -16.356852
  42.707914
 -13.991658
 -32.506639
  13.860806
  15.507629
 -46.803749
 -19.820758
  28.015537
  14.450674
  15.786302
   8.613029
 -25.117600
 -11.912337
  -0.885791
  11.868569
  11.502232
 -28.964569
  39.099623
  14.793424
 -26.380234
  23.371795
   0.135554
 -22.459395
  19.763231
  -6.137284
 -31.667914
 -10.671030
  35.077272
  -3.578235
  -6.625911
   6.589795
   6.407298
  23.280779
 -43.144388
  10.271951
  27.959893
 -35.250943
   9.997661
  12.646481
   4.734920
 -14.016586
  28.200310
 -20.893472
  -4.770346
  17.419474
 -27.849355
  16.414561
   1.459074
 -12.315526
  18.090386
 -16.299624
  -7.477146
  11.304398
  10.175856
  26.191462
 -21.608713
 -52.242735
  26.196159
  30.406140
  26.487607
 -74.759234
  14.915731
  42.462320
 -28.227796
  -5.320136
  13.772254
 -23.865992
  44.967253
 -24.854169
   3.679765
   7.369132
 -30.332698
  -3.641771
  47.080522
 -38.191155
  13.142784
   6.240129
  32.946140
   6.232058
 -51.775065
  19.186667
  17.003303
 -59.223187
  63.740512
 -32.274510
  47.789076
 -71.827859
  -0.754974
  10.349306
 -12.897638
  22.430529
 -39.873652
  58.745789
  -3.470298
 -32.090024
 123.323577
-173.692523
  89.475030
  -2.500067
 -44.782563
  28.673564
 -11.404883
  75.961557
 -90.489491
  62.666446
 -30.454973
  -0.489821
 -17.348889
 -17.898211
  31.654519
  17.204840
 -16.414569
 -34.153709
  31.747155