 0.781146 -0.456579  0.177094  0.251694  0.963285 -0.037385  0.085640  0.000000  0.000000  0.000000  0.000000  0.000000  0.000000  0.000000  0.781146 -0.456579  0.177094  0.251694  0.963285 -0.037385  0.085640  0.000000  1.000000  0.000000  0.000000  0.000000  0.000000  0.000000  0.000000  0.000000 -2.245993 -1.108755 -5.382040  2.632527  1.810347  1.838481 -4.663753  0.428777 -0.257973  1.511610 -0.339134 -0.540470 -0.433941  1.192541  0.137916  0.000000  0.000000
 0.781146 -0.456579  0.177094  0.251694  0.963285 -0.037385  0.085640 -0.093121 -0.045970 -0.223146  0.109148  0.075059  0.076226 -0.193365  0.798182 -0.466829  0.237154  0.238219  0.941811 -0.054626  0.133023  0.005718  1.000000 -0.012843 -0.006340 -0.030775  0.015053  0.010352  0.010513 -0.026668 -1.768508 -1.036838 -4.071802  2.130898  1.357460  1.414322 -3.566385  0.393533 -0.236768  1.387360 -0.311258 -0.496045 -0.398272  1.094517  0.137916  0.000000  0.041461
 0.780613 -0.456842  0.175818  0.252318  0.963714 -0.036949  0.084535 -0.166446 -0.088959 -0.391967  0.197497  0.131341  0.134865 -0.341231  0.813819 -0.476237  0.292278  0.225852  0.922102 -0.070451  0.176511  0.011436  1.000000 -0.022956 -0.012269 -0.054059  0.027238  0.018114  0.018600 -0.047061 -1.357602 -0.957862 -2.961936  1.693293  0.974808  1.052211 -2.633006  0.361186 -0.217307  1.273323 -0.285674 -0.455272 -0.365535  1.004551  0.137916  0.000000  0.082922
 0.779662 -0.457351  0.173577  0.253447  0.964465 -0.036178  0.082583 -0.222734 -0.128673 -0.514772  0.267703  0.171758  0.178491 -0.450398  0.828170 -0.484871  0.342871  0.214501  0.904012 -0.084975  0.216425  0.017155  1.000000 -0.030719 -0.017746 -0.070996  0.036921  0.023688  0.024617 -0.062117 -1.005632 -0.873809 -2.028228  1.312769  0.653842  0.744836 -1.844045  0.331497 -0.199445  1.168660 -0.262192 -0.417850 -0.335489  0.921980  0.137916  0.000000  0.124383
 0.778388 -0.458086  0.170633  0.254978  0.965448 -0.035157  0.080008 -0.264428 -0.164902 -0.598865  0.322132  0.198867  0.209373 -0.526855  0.841341 -0.492795  0.389305  0.204084  0.887410 -0.098304  0.253058  0.022873  1.000000 -0.036469 -0.022743 -0.082593  0.044427  0.027427  0.028876 -0.072662 -0.705747 -0.786376 -1.249043  0.983070  0.386931  0.485648 -1.181995  0.304249 -0.183051  1.072599 -0.240641 -0.383504 -0.307913  0.846196  0.137916  0.000000  0.165845
 0.776876 -0.459029  0.167209  0.256820  0.966585 -0.033960  0.076995 -0.293689 -0.197506 -0.650652  0.362891  0.214909  0.229508 -0.575861  0.853430 -0.500068  0.431922  0.194522  0.872172 -0.110539  0.286680  0.028591  1.000000 -0.040505 -0.027239 -0.089736  0.050049  0.029640  0.031653 -0.079421 -0.451803 -0.697004 -0.605073  0.698562  0.167267  0.268794 -0.631220  0.279241 -0.168005  0.984435 -0.220861 -0.351981 -0.282603  0.776641  0.137916  0.000000  0.207306
 0.775197 -0.460159  0.163488  0.258895  0.967814 -0.032647  0.073702 -0.312422 -0.226405 -0.675739  0.391854  0.221844  0.240653 -0.602033  0.864525 -0.506744  0.471037  0.185747  0.858187 -0.121767  0.317538  0.034309  1.000000 -0.043088 -0.031225 -0.093195  0.054043  0.030596  0.033190 -0.083030 -0.238301 -0.606904 -0.079109  0.454173 -0.011215  0.089043 -0.177767  0.256288 -0.154195  0.903517 -0.202707 -0.323049 -0.259374  0.712803  0.137916  0.000000  0.248767
 0.773410 -0.461453  0.159624  0.261136  0.969082 -0.031271  0.070260 -0.322302 -0.251568 -0.679019  0.410685  0.221379  0.244344 -0.609403  0.874708 -0.512870  0.506936  0.177693  0.845351 -0.132073  0.345859  0.040027  1.000000 -0.044451 -0.034695 -0.093648  0.056640  0.030532  0.033699 -0.084047 -0.060321 -0.517083  0.344168  0.245338 -0.153908 -0.058270  0.190799  0.235222 -0.141521  0.829250 -0.186045 -0.296495 -0.238054  0.654213  0.137916  0.000000  0.290228
 0.771567 -0.462892  0.155741  0.263484  0.970348 -0.029874  0.066775 -0.324803 -0.273006 -0.664749  0.420857  0.214998  0.241928 -0.601492  0.884054 -0.518493  0.539884  0.170301  0.833571 -0.141532  0.371853  0.045745  1.000000 -0.044796 -0.037652 -0.091680  0.058043  0.029652  0.033366 -0.082956  0.086535 -0.428365  0.678368  0.067951 -0.265601 -0.177303  0.485542  0.215887 -0.129888  0.761089 -0.170753 -0.272124 -0.218487  0.600439  0.137916  0.000000  0.331689
 0.769710 -0.464453  0.151940  0.265891  0.971577 -0.028491  0.063336 -0.321215 -0.290767 -0.636623  0.423674  0.203986  0.234577 -0.581361  0.892631 -0.523654  0.570124  0.163516  0.822759 -0.150213  0.395710  0.051464  1.000000 -0.044301 -0.040102 -0.087801  0.058432  0.028133  0.032352 -0.080179  0.206191 -0.341405  0.935567 -0.081680 -0.350539 -0.271751  0.716290  0.198142 -0.119212  0.698529 -0.156717 -0.249757 -0.200528  0.551084  0.137916  0.000000  0.373150
 0.767873 -0.466116  0.148300  0.268313  0.972744 -0.027149  0.060011 -0.312666 -0.304922 -0.597834  0.420287  0.189452  0.223310 -0.551663  0.900504 -0.528391  0.597879  0.157289  0.812835 -0.158180  0.417606  0.057182  1.000000 -0.043122 -0.042054 -0.082451  0.057965  0.026129  0.030798 -0.076083  0.302148 -0.256712  1.126454 -0.206876 -0.412475 -0.344898  0.891757  0.181855 -0.109413  0.641112 -0.143835 -0.229227 -0.184045  0.505787  0.137916  0.000000  0.414611
 0.766085 -0.467859  0.144881  0.270717  0.973827 -0.025872  0.056857 -0.300139 -0.315566 -0.551130  0.411710  0.172351  0.209010 -0.514690  0.907730 -0.532738  0.623352  0.151574  0.803727 -0.165493  0.437703  0.062900  1.000000 -0.041394 -0.043522 -0.076010  0.056782  0.023770  0.028826 -0.070984  0.377522 -0.174653  1.260469 -0.310623 -0.454717 -0.399650  1.019655  0.166907 -0.100419  0.588415 -0.132013 -0.210385 -0.168917  0.464213  0.137916  0.000000  0.456073
 0.764369 -0.469664  0.141730  0.273071  0.974813 -0.024677  0.053914 -0.284486 -0.322807 -0.498869  0.398831  0.153497  0.192440 -0.472414  0.914362 -0.536728  0.646731  0.146329  0.795368 -0.172204  0.456147  0.068618  1.000000 -0.039235 -0.044520 -0.068802  0.055005  0.021170  0.026541 -0.065154  0.435087 -0.095468  1.345931 -0.395610 -0.480177 -0.438574  1.106790  0.153188 -0.092165  0.540049 -0.121162 -0.193092 -0.155033  0.426056  0.137916  0.000000  0.497534
 0.762742 -0.471510  0.138877  0.275351  0.975690 -0.023577  0.051212 -0.266447 -0.326765 -0.443065  0.382429  0.133589  0.174257 -0.426525  0.920448 -0.540390  0.668189  0.141515  0.787696 -0.178364  0.473076  0.074336  1.000000 -0.036747 -0.045066 -0.061106  0.052743  0.018424  0.024033 -0.058825  0.477306 -0.019278  1.390151 -0.464260 -0.491405 -0.463928  1.159157  0.140596 -0.084590  0.495658 -0.111202 -0.177221 -0.142290  0.391035  0.137916  0.000000  0.538995
 0.761219 -0.473378  0.136344  0.277538  0.976454 -0.022580  0.048774 -0.246657 -0.327564 -0.385428  0.363180  0.113215  0.155022 -0.378465  0.926034 -0.543751  0.687883  0.137097  0.780654 -0.184018  0.488612  0.080054  1.000000 -0.034018 -0.045177 -0.053157  0.050089  0.015614  0.021380 -0.052197  0.506365  0.053902  1.399537 -0.518757 -0.490632 -0.477691  1.182020  0.129040 -0.077637  0.454917 -0.102062 -0.162654 -0.130594  0.358893  0.137916  0.000000  0.580456
 0.759808 -0.475251  0.134140  0.279615  0.977102 -0.021694  0.046609 -0.225663 -0.325330 -0.327402  0.341672  0.092872  0.135216 -0.329457  0.931162 -0.546836  0.705958  0.133041  0.774192 -0.189207  0.502872  0.085773  1.000000 -0.031123 -0.044868 -0.045154  0.047122  0.012809  0.018649 -0.045438  0.524201  0.124152  1.379706 -0.561076 -0.479802 -0.481586  1.179996  0.118433 -0.071255  0.417524 -0.093673 -0.149284 -0.119859  0.329393  0.137916  0.000000  0.621917
 0.758518 -0.477111  0.132268  0.281569  0.977633 -0.020921  0.044726 -0.203929 -0.320182 -0.270197  0.318409  0.072979  0.115249 -0.280533  0.935867 -0.549667  0.722547  0.129320  0.768260 -0.193969  0.515960  0.091491  1.000000 -0.028125 -0.044158 -0.037265  0.043914  0.010065  0.015895 -0.038690  0.532535  0.191620  1.335587 -0.592998 -0.460610 -0.477105  1.157134  0.108698 -0.065398  0.383205 -0.085973 -0.137013 -0.110007  0.302318  0.137916  0.000000  0.663378
 0.757352 -0.478942  0.130723  0.283389  0.978050 -0.020262  0.043121 -0.181849 -0.312237 -0.214822  0.293823  0.053882  0.095468 -0.232557  0.940186 -0.552265  0.737773  0.125904  0.762816 -0.198340  0.527972  0.097209  1.000000 -0.025080 -0.043063 -0.029628  0.040523  0.007431  0.013167 -0.032073  0.532888  0.256482  1.271544 -0.616127 -0.434549 -0.465528  1.117002  0.099764 -0.060023  0.351706 -0.078906 -0.125751 -0.100965  0.277468  0.137916  0.000000  0.704839
 0.756312 -0.480728  0.129494  0.285069  0.978358 -0.019716  0.041792 -0.159755 -0.301603 -0.162103  0.268277  0.035865  0.076166 -0.186245  0.944150 -0.554650  0.751748  0.122768  0.757820 -0.202352  0.538997  0.102927  1.000000 -0.022033 -0.041596 -0.022357  0.037000  0.004946  0.010505 -0.025686  0.526611  0.318872  1.191518 -0.631886 -0.402957 -0.447952  1.062784  0.091563 -0.055089  0.322797 -0.072420 -0.115415 -0.092666  0.254661  0.137916  0.000000  0.746301
 0.755398 -0.482452  0.128567  0.286604  0.978563 -0.019280  0.040727 -0.137921 -0.288382 -0.112701  0.242079  0.019158  0.057594 -0.142180  0.947788 -0.556839  0.764573  0.119891  0.753234 -0.206033  0.549115  0.108645  1.000000 -0.019022 -0.039773 -0.015543  0.033387  0.002642  0.007943 -0.019609  0.514907  0.378775  1.099196 -0.641507 -0.367082 -0.425320  0.997396  0.084037 -0.050561  0.296264 -0.066468 -0.105928 -0.085049  0.233729  0.137916  0.000000  0.787762
 0.754610 -0.484101  0.127923  0.287988  0.978673 -0.018951  0.039914 -0.116573 -0.272678 -0.067127  0.215481  0.003938  0.039959 -0.100827  0.951127 -0.558848  0.776345  0.117250  0.749025 -0.209413  0.558402  0.114363  1.000000 -0.016077 -0.037607 -0.009258  0.029718  0.000543  0.005511 -0.013906  0.498846  0.435872  0.998202 -0.645989 -0.328157 -0.398465  0.923619  0.077129 -0.046405  0.271912 -0.061004 -0.097221 -0.078058  0.214517  0.137916  0.000000  0.829223
 0.753943 -0.485661  0.127539  0.289220  0.978695 -0.018723  0.039337 -0.095890 -0.254606 -0.025740  0.188698 -0.009667  0.023439 -0.062533  0.954192 -0.560692  0.787148  0.114826  0.745162 -0.212514  0.566925  0.120082  1.000000 -0.013225 -0.035114 -0.003550  0.026024 -0.001333  0.003233 -0.008624  0.479377  0.489363  0.892278 -0.646049 -0.287481 -0.368163  0.844224  0.070790 -0.042590  0.249562 -0.055990 -0.089230 -0.071642  0.196884  0.137916  0.000000  0.870684
 0.753395 -0.487116  0.127392  0.290299  0.978640 -0.018589  0.038979 -0.076014 -0.234317  0.011254  0.161912 -0.021587  0.008174 -0.027530  0.957004 -0.562384  0.797064  0.112602  0.741617 -0.215361  0.574748  0.125800  1.000000 -0.010484 -0.032316  0.001552  0.022330 -0.002977  0.001127 -0.003797  0.457334  0.537814  0.785399 -0.642057 -0.246469 -0.335207  0.762069  0.064971 -0.039090  0.229048 -0.051388 -0.081895 -0.065753  0.180701  0.137916  0.000000  0.912145
 0.752960 -0.488456  0.127456  0.291225  0.978517 -0.018542  0.038822 -0.057053 -0.212018  0.043818  0.135291 -0.031806 -0.005724  0.004066  0.959586 -0.563937  0.806165  0.110560  0.738363 -0.217973  0.581928  0.131518  1.000000 -0.007869 -0.029241  0.006043  0.018659 -0.004387 -0.000789  0.000561  0.433429  0.579148  0.681688 -0.634019 -0.206647 -0.300462  0.680076  0.059631 -0.035877  0.210221 -0.047164 -0.075164 -0.060349  0.165848  0.137916  0.000000  0.953606
 0.752634 -0.489669  0.127707  0.291998  0.978335 -0.018575  0.038845 -0.039082 -0.188006  0.072081  0.109004 -0.040373 -0.018182  0.032263  0.961955 -0.565363  0.814518  0.108686  0.735377 -0.220371  0.588517  0.137236  1.000000 -0.005390 -0.025929  0.009941  0.015033 -0.005568 -0.002508  0.004450  0.408233  0.610893  0.585061 -0.621628 -0.169533 -0.264890  0.601039  0.054729 -0.032928  0.192942 -0.043287 -0.068986 -0.055388  0.152216  0.137916  0.000000  0.995067
 0.752411 -0.490744  0.128119  0.292622  0.978104 -0.018678  0.039030 -0.022157 -0.162678  0.096339  0.083231 -0.047402 -0.029164  0.057182  0.964130 -0.566671  0.822184  0.106966  0.732636 -0.222572  0.594565  0.142954  1.000000 -0.003056 -0.022436  0.013287  0.011479 -0.006538 -0.004022  0.007886  0.382158  0.630751  0.498622 -0.604436 -0.136404 -0.229506  0.527264  0.050231 -0.030221  0.177082 -0.039729 -0.063315 -0.050835  0.139704  0.137916  0.000000  1.036529
 0.752284 -0.491674  0.128670  0.293098  0.977833 -0.018845  0.039357 -0.006312 -0.136526  0.117012  0.058170 -0.053058 -0.038680  0.079043  0.966125 -0.567872  0.829220  0.105387  0.730120 -0.224592  0.600116  0.148672  1.000000 -0.000870 -0.018829  0.016138  0.008023 -0.007318 -0.005335  0.010901  0.355460  0.637317  0.424006 -0.582116 -0.108032 -0.195248  0.460153  0.046102 -0.027737  0.162527 -0.036463 -0.058111 -0.046657  0.128221  0.137916  0.000000  1.077990
 0.752248 -0.492455  0.129339  0.293430  0.977529 -0.019066  0.039809  0.008426 -0.110102  0.134592  0.034035 -0.057537 -0.046775  0.098122  0.967957 -0.568974  0.835677  0.103939  0.727811 -0.226445  0.605211  0.154391  1.000000  0.001162 -0.015185  0.018562  0.004694 -0.007935 -0.006451  0.013533  0.328255  0.630644  0.361054 -0.554704 -0.084515 -0.162823  0.399955  0.042312 -0.025457  0.149168 -0.033466 -0.053334 -0.042822  0.117681  0.137916  0.000000  1.119451
 0.752296 -0.493084  0.130109  0.293625  0.977200 -0.019334  0.040370  0.022036 -0.083955  0.149562  0.011036 -0.061041 -0.053526  0.114704  0.969638 -0.569985  0.841604  0.102609  0.725692 -0.228147  0.609886  0.160109  1.000000  0.003039 -0.011579  0.020627  0.001522 -0.008419 -0.007382  0.015820  0.300567  0.612323  0.308009 -0.522698 -0.065306 -0.132593  0.345847  0.038834 -0.023365  0.136906 -0.030715 -0.048950 -0.039302  0.108008  0.137916  0.000000  1.160912
 0.752422 -0.493564  0.130964  0.293688  0.976851 -0.019640  0.041026  0.034498 -0.058567  0.162332 -0.010635 -0.063749 -0.059023  0.129044  0.971181 -0.570913  0.847044  0.101388  0.723747 -0.229708  0.614178  0.165827  1.000000  0.004758 -0.008077  0.022388 -0.001467 -0.008792 -0.008140  0.017797  0.272370  0.585069  0.262175 -0.486989 -0.049436 -0.104558  0.296303  0.035642 -0.021444  0.125653 -0.028191 -0.044927 -0.036071  0.099130  0.137916  0.000000  1.202373
 0.752619 -0.493899  0.131892  0.293627  0.976487 -0.019977  0.041764  0.045790 -0.034310  0.173202 -0.030827 -0.065798 -0.063358  0.141329  0.972597 -0.571766  0.852036  0.100268  0.721962 -0.231142  0.618117  0.171545  1.000000  0.006315 -0.004732  0.023887 -0.004251 -0.009075 -0.008738  0.019492  0.243625  0.552031  0.220701 -0.448664 -0.035810 -0.078443  0.249571  0.032713 -0.019681  0.115325 -0.025873 -0.041234 -0.033107  0.090982  0.137916  0.000000  1.243834
 0.752881 -0.494095  0.132882  0.293451  0.976111 -0.020340  0.042572  0.055891 -0.011422  0.182353 -0.049429 -0.067283 -0.066611  0.151676  0.973897 -0.572548  0.856619  0.099240  0.720324 -0.232457  0.621731  0.177263  1.000000  0.007708 -0.001575  0.025149 -0.006817 -0.009279 -0.009187  0.020919  0.214297  0.516158  0.181180 -0.408792 -0.023454 -0.053829  0.204077  0.030024 -0.018064  0.105845 -0.023747 -0.037845 -0.030385  0.083504  0.137916  0.000000  1.285295
 0.753201 -0.494161  0.133925  0.293168  0.975726 -0.020721  0.043439  0.064776  0.009979  0.189865 -0.066378 -0.068256 -0.068842  0.160137  0.975090 -0.573265  0.860824  0.098297  0.718820 -0.233664  0.625049  0.182982  1.000000  0.008934  0.001376  0.026185 -0.009155 -0.009414 -0.009495  0.022086  0.184370  0.479799  0.141951 -0.368284 -0.011654 -0.030286  0.158651  0.027556 -0.016579  0.097145 -0.021795 -0.034734 -0.027888  0.076640  0.137916  0.000000  1.326757
 0.753571 -0.494104  0.135011  0.292789  0.975336 -0.021114  0.044355  0.072421  0.029872  0.195750 -0.081647 -0.068739 -0.070098  0.166715  0.976185 -0.573924  0.864684  0.097431  0.717440 -0.234772  0.628094  0.188700  1.000000  0.009988  0.004120  0.026997 -0.011260 -0.009480 -0.009668  0.022993  0.153867  0.444547  0.102143 -0.327831  0.000007 -0.007490  0.112629  0.025291 -0.015216  0.089160 -0.020003 -0.031879 -0.025595  0.070340  0.137916  0.000000  1.368218
 0.753985 -0.493933  0.136130  0.292322  0.974943 -0.021515  0.045308  0.078800  0.048303  0.199985 -0.095239 -0.068739 -0.070409  0.171385  0.977190 -0.574529  0.868227  0.096636  0.716173 -0.235789  0.630889  0.194418  1.000000  0.010868  0.006662  0.027581 -0.013135 -0.009480 -0.009711  0.023637  0.122897  0.411233  0.061614 -0.287924  0.011660  0.014673  0.065894  0.023212 -0.013965  0.081831 -0.018359 -0.029259 -0.023492  0.064559  0.137916  0.000000  1.409679
 0.754436 -0.493657  0.137274  0.291777  0.974549 -0.021918  0.046288  0.083896  0.065353  0.202540 -0.107177 -0.068255 -0.069800  0.174117  0.978112 -0.575083  0.871478  0.095907  0.715011 -0.236723  0.633454  0.200136  1.000000  0.011571  0.009013  0.027934 -0.014781 -0.009414 -0.009627  0.024014  0.091742  0.379987  0.020855 -0.248920  0.023184  0.036004  0.018937  0.021304 -0.012818  0.075105 -0.016850 -0.026854 -0.021561  0.059252  0.137916  0.000000  1.451140
 0.754915 -0.493283  0.138432  0.291164  0.974159 -0.022317  0.047284  0.087699  0.081108  0.203404 -0.117498 -0.067294 -0.068308  0.174902  0.978959 -0.575593  0.874462  0.095237  0.713944 -0.237579  0.635809  0.205854  1.000000  0.012095  0.011186  0.028053 -0.016205 -0.009281 -0.009421  0.024122  0.060970  0.350303 -0.019067 -0.211136  0.034237  0.055873 -0.027041  0.019553 -0.011764  0.068932 -0.015465 -0.024646 -0.019788  0.054382  0.137916  0.000000  1.492601
 0.755417 -0.492819  0.139595  0.290493  0.973774 -0.022707  0.048284  0.090227  0.095632  0.202614 -0.126252 -0.065874 -0.065991  0.173781  0.979736 -0.576060  0.877201  0.094623  0.712965 -0.238366  0.637969  0.211572  1.000000  0.012444  0.013189  0.027944 -0.017412 -0.009085 -0.009101  0.023967  0.031572  0.321118 -0.056558 -0.174952  0.044284  0.073137 -0.070017  0.017946 -0.010797  0.063266 -0.014194 -0.022620 -0.018162  0.049912  0.137916  0.000000  1.534062
 0.755933 -0.492272  0.140753  0.289771  0.973398 -0.023085  0.049278  0.091536  0.108946  0.200269 -0.133505 -0.064038 -0.062959  0.170878  0.980449 -0.576489  0.879715  0.094059  0.712066 -0.239087  0.639952  0.217291  1.000000  0.012624  0.015025  0.027620 -0.018413 -0.008832 -0.008683  0.023567  0.005038  0.290937 -0.089612 -0.140903  0.052656  0.086124 -0.107134  0.016471 -0.009910  0.058066 -0.013027 -0.020761 -0.016669  0.045809  0.137916  0.000000  1.575523
 0.756456 -0.491649  0.141899  0.289007  0.973031 -0.023445  0.050255  0.091745  0.121008  0.196553 -0.139347 -0.061855 -0.059388  0.166436  0.981103 -0.576883  0.882022  0.093541  0.711241 -0.239750  0.641773  0.223009  1.000000  0.012653  0.016689  0.027108 -0.019218 -0.008531 -0.008191  0.022954 -0.016703  0.258093 -0.116068 -0.109705  0.058656  0.092806 -0.134944  0.015117 -0.009095  0.053293 -0.011956 -0.019055 -0.015299  0.042044  0.137916  0.000000  1.616985
 0.756981 -0.490957  0.143023  0.288210  0.972678 -0.023784  0.051206  0.091053  0.131709  0.191741 -0.143896 -0.059423 -0.055540  0.160841  0.981704 -0.577244  0.884139  0.093066  0.710484 -0.240358  0.643443  0.228727  1.000000  0.012558  0.018165  0.026444 -0.019846 -0.008195 -0.007660  0.022183 -0.031574  0.221146 -0.134068 -0.082190  0.061722  0.091212 -0.150017  0.013874 -0.008347  0.048912 -0.010974 -0.017488 -0.014041  0.038588  0.137916  0.000000  1.658446
 0.757502 -0.490204  0.144119  0.287388  0.972338 -0.024102  0.052126  0.089743  0.140878  0.186182 -0.147303 -0.056864 -0.051758  0.154621  0.982255 -0.577576  0.886083  0.092630  0.709789 -0.240915  0.644976  0.234445  1.000000  0.012377  0.019429  0.025678 -0.020316 -0.007843 -0.007138  0.021325 -0.037860  0.179348 -0.142625 -0.059127  0.061620  0.080016 -0.149864  0.012734 -0.007661  0.044892 -0.010072 -0.016051 -0.012887  0.035416  0.137916  0.000000  1.699907
 0.758015 -0.489399  0.145184  0.286545  0.972013 -0.024398  0.053010  0.088174  0.148314  0.180269 -0.149755 -0.054309 -0.048441  0.148408  0.982761 -0.577880  0.887866  0.092230  0.709151 -0.241427  0.646383  0.240163  1.000000  0.012161  0.020455  0.024862 -0.020654 -0.007490 -0.006681  0.020468 -0.034763  0.132977 -0.142065 -0.040980  0.058572  0.059074 -0.133802  0.011687 -0.007032  0.041202 -0.009244 -0.014732 -0.011828  0.032505  0.137916  0.000000  1.741368
 0.758519 -0.488551  0.146214  0.285689  0.971702 -0.024675  0.053859  0.086732  0.153828  0.174379 -0.151454 -0.051881 -0.045991  0.142860  0.983225 -0.578160  0.889503  0.091863  0.708566 -0.241897  0.647675  0.245881  1.000000  0.011962  0.021215  0.024050 -0.020888 -0.007155 -0.006343  0.019703 -0.022713  0.083344 -0.134086 -0.027731  0.053240  0.029614 -0.103316  0.010726 -0.006454  0.037815 -0.008484 -0.013521 -0.010856  0.029833  0.137916  0.000000  1.782829
 0.759015 -0.487671  0.147212  0.284823  0.971406 -0.024938  0.054676  0.085791  0.157283  0.168820 -0.152604 -0.049673 -0.044764  0.138577  0.983651 -0.578416  0.891006  0.091525  0.708029 -0.242329  0.648860  0.251600  1.000000  0.011832  0.021692  0.023283 -0.021047 -0.006851 -0.006174  0.019112 -0.003265  0.032416 -0.121357 -0.018851  0.046562 -0.006058 -0.061659  0.009845 -0.005923  0.034707 -0.007787 -0.012409 -0.009963  0.027381  0.137916  0.000000  1.824290
 0.759505 -0.486772  0.148177  0.283950  0.971122 -0.025194  0.055468  0.085655  0.158627  0.163788 -0.153385 -0.047743 -0.045015  0.136020  0.984043 -0.578651  0.892385  0.091216  0.707536 -0.242725  0.649948  0.257318  1.000000  0.011813  0.021877  0.022589 -0.021154 -0.006585 -0.006208  0.018759  0.021384 -0.017738 -0.106841 -0.013441  0.039517 -0.045184 -0.012901  0.009036 -0.005436  0.031854 -0.007147 -0.011389 -0.009144  0.025130  0.137916  0.000000  1.865751
 0.759995 -0.485865  0.149113  0.283073  0.970849 -0.025451  0.056246  0.086542  0.157892  0.159358 -0.153943 -0.046105 -0.046888  0.135485  0.984402 -0.578867  0.893651  0.090932  0.707083 -0.243088  0.650947  0.263036  1.000000  0.011936  0.021776  0.021978 -0.021231 -0.006359 -0.006467  0.018686  0.049000 -0.065455 -0.093156 -0.010442  0.032915 -0.085206  0.039132  0.008293 -0.004989  0.029236 -0.006559 -0.010453 -0.008393  0.023065  0.137916  0.000000  1.907213
 0.760490 -0.484962  0.150025  0.282193  0.970585 -0.025719  0.057021  0.088574  0.155178  0.155496 -0.154376 -0.044740 -0.050421  0.137108  0.984731 -0.579066  0.894812  0.090671  0.706668 -0.243421  0.651863  0.268754  1.000000  0.012216  0.021402  0.021445 -0.021291 -0.006170 -0.006954  0.018909  0.077811 -0.109775 -0.082142 -0.008848  0.027278 -0.124229  0.091642  0.007611 -0.004579  0.026833 -0.006020 -0.009594 -0.007703  0.021169  0.137916  0.000000  1.948674
 0.760997 -0.484074  0.150914  0.281310  0.970329 -0.026008  0.057805  0.091800  0.150626  0.152090 -0.154742 -0.043609 -0.055572  0.140907  0.985034 -0.579248  0.895878  0.090432  0.706287 -0.243727  0.652704  0.274472  1.000000  0.012661  0.020774  0.020976 -0.021342 -0.006014 -0.007664  0.019433  0.106819 -0.150530 -0.074660 -0.007839  0.022812 -0.161212  0.143258  0.006986 -0.004203  0.024627 -0.005525 -0.008805 -0.007070  0.019429  0.137916  0.000000  1.990135
 0.761522 -0.483213  0.151784  0.280425  0.970080 -0.026326  0.058610  0.096229  0.144385  0.148995 -0.155067 -0.042663 -0.062256  0.146847  0.985311 -0.579415  0.896857  0.090213  0.705937 -0.244008  0.653476  0.280190  1.000000  0.013271  0.019913  0.020549 -0.021386 -0.005884 -0.008586  0.020253  0.135931 -0.188302 -0.070507 -0.006853  0.019408 -0.195974  0.194142  0.006411 -0.003857  0.022603 -0.005071 -0.008082 -0.006489  0.017832  0.137916  0.000000  2.031596
 0.762072 -0.482387  0.152636  0.279539  0.969836 -0.026682  0.059450  0.101864  0.136578  0.146071 -0.155352 -0.041858 -0.070381  0.154896  0.985566 -0.579568  0.897755  0.090011  0.705616 -0.244266  0.654185  0.285909  1.000000  0.014049  0.018836  0.020146 -0.021426 -0.005773 -0.009707  0.021363  0.166003 -0.224335 -0.068325 -0.005626  0.016663 -0.229102  0.245939  0.005884 -0.003540  0.020745 -0.004654 -0.007417 -0.005955  0.016366  0.137916  0.000000  2.073057
 0.762654 -0.481606  0.153471  0.278650  0.969596 -0.027084  0.060336  0.108747  0.127277  0.143239 -0.155585 -0.041167 -0.079880  0.165093  0.985800 -0.579709  0.898579  0.089826  0.705321 -0.244503  0.654835  0.291627  1.000000  0.014998  0.017554  0.019755 -0.021458 -0.005678 -0.011017  0.022769  0.198823 -0.260429 -0.065459 -0.004219  0.013882 -0.261831  0.301642  0.005401 -0.003249  0.019040 -0.004272 -0.006808 -0.005466  0.015021  0.137916  0.000000  2.114518
 0.763276 -0.480879  0.154290  0.277761  0.969361 -0.027541  0.061280  0.116991  0.116479  0.140525 -0.155760 -0.040592 -0.090736  0.177600  0.986014 -0.579838  0.899336  0.089657  0.705050 -0.244720  0.655432  0.297345  1.000000  0.016135  0.016064  0.019381 -0.021482 -0.005598 -0.012514  0.024494  0.237010 -0.298783 -0.057803 -0.003054  0.010076 -0.295872  0.365331  0.004957 -0.002982  0.017475 -0.003921 -0.006248 -0.005017  0.013786  0.137916  0.000000  2.155980
 0.763945 -0.480213  0.155093  0.276870  0.969129 -0.028060  0.062295  0.126817  0.104091  0.138128 -0.155886 -0.040174 -0.103003  0.192747  0.986211 -0.579956  0.900030  0.089501  0.704802 -0.244919  0.655980  0.303063  1.000000  0.017490  0.014356  0.019050 -0.021499 -0.005541 -0.014206  0.026583  0.283741 -0.341734 -0.039799 -0.002938  0.004003 -0.333170  0.441647  0.004549 -0.002737  0.016038 -0.003598 -0.005734 -0.004604  0.012653  0.137916  0.000000  2.197441
 0.764670 -0.479617  0.155883  0.275979  0.968899 -0.028649  0.063398  0.138581  0.089923  0.136478 -0.156008 -0.040008 -0.116816  0.211058  0.986392 -0.580065  0.900667  0.089358  0.704574 -0.245102  0.656482  0.308781  1.000000  0.019113  0.012402  0.018823 -0.021516 -0.005518 -0.016111  0.029108  0.342174 -0.391292 -0.004868 -0.005024 -0.005706 -0.375501  0.534838  0.004175 -0.002512  0.014720 -0.003302 -0.005263 -0.004226  0.011613  0.137916  0.000000  2.238902
 0.765463 -0.479103  0.156664  0.275086  0.968670 -0.029317  0.064604  0.152768  0.073699  0.136276 -0.156217 -0.040245 -0.132385  0.233233  0.986558 -0.580165  0.901252  0.089227  0.704365 -0.245270  0.656944  0.314500  1.000000  0.021069  0.010164  0.018795 -0.021545 -0.005550 -0.018258  0.032167  0.414554 -0.448510  0.053492 -0.010662 -0.020283 -0.423934  0.647387  0.003832 -0.002306  0.013510 -0.003031 -0.004830 -0.003878  0.010658  0.137916  0.000000  2.280363
 0.766336 -0.478682  0.157443  0.274193  0.968440 -0.030074  0.065938  0.169956  0.055103  0.138494 -0.156659 -0.041086 -0.149962  0.260074  0.986710 -0.580256  0.901789  0.089106  0.704173 -0.245424  0.657367  0.320218  1.000000  0.023440  0.007600  0.019101 -0.021606 -0.005666 -0.020682  0.035869  0.501161 -0.512840  0.139955 -0.021104 -0.040453 -0.478268  0.778549  0.003517 -0.002116  0.012400 -0.002782 -0.004433 -0.003560  0.009782  0.137916  0.000000  2.321824
 0.767308 -0.478367  0.158235  0.273297  0.968205 -0.030931  0.067425  0.190735  0.033840  0.144297 -0.157534 -0.042763 -0.169791  0.292354  0.986850 -0.580340  0.902282  0.088996  0.703997 -0.245566  0.657756  0.325936  1.000000  0.026305  0.004667  0.019901 -0.021726 -0.005898 -0.023417  0.040320  0.599587 -0.581815  0.255521 -0.037128 -0.066076 -0.536733  0.923505  0.003228 -0.001942  0.011380 -0.002553 -0.004069 -0.003267  0.008978  0.137916  0.000000  2.363285
 0.768399 -0.478173  0.159060  0.272397  0.967961 -0.031902  0.069097  0.215595  0.009718  0.154891 -0.159073 -0.045503 -0.192045  0.330643  0.986978 -0.580418  0.902734  0.088894  0.703835 -0.245695  0.658113  0.331654  1.000000  0.029734  0.001340  0.021362 -0.021939 -0.006276 -0.026486  0.045601  0.704840 -0.651362  0.396495 -0.058740 -0.096014 -0.596196  1.073841  0.002963 -0.001783  0.010445 -0.002343 -0.003735 -0.002998  0.008240  0.137916  0.000000  2.404746
 0.769631 -0.478118  0.159946  0.271487  0.967701 -0.033000  0.070988  0.244818 -0.017288  0.171330 -0.161508 -0.049483 -0.216764  0.375166  0.987096 -0.580488  0.903149  0.088801  0.703687 -0.245815  0.658440  0.337372  1.000000  0.033764 -0.002384  0.023629 -0.022275 -0.006825 -0.029895  0.051742  0.810408 -0.716722  0.555038 -0.085122 -0.128328 -0.652903  1.219389  0.002719 -0.001636  0.009586 -0.002151 -0.003428 -0.002752  0.007563  0.137916  0.000000  2.446208
 0.771031 -0.478216  0.160925  0.270563  0.967418 -0.034240  0.073133  0.278418 -0.047005  0.194342 -0.165038 -0.054804 -0.243834  0.425723  0.987204 -0.580553  0.903530  0.088716  0.703551 -0.245924  0.658741  0.343090  1.000000  0.038398 -0.006483  0.026803 -0.022761 -0.007558 -0.033629  0.058714  0.909860 -0.773598  0.721119 -0.114867 -0.160750 -0.703411  1.350669  0.002496 -0.001502  0.008798 -0.001974 -0.003146 -0.002526  0.006941  0.137916  0.000000  2.487669
 0.772623 -0.478485  0.162037  0.269620  0.967104 -0.035634  0.075567  0.316142 -0.079079  0.224241 -0.169800 -0.061469 -0.272998  0.481724  0.987303 -0.580613  0.903879  0.088637  0.703426 -0.246024  0.659016  0.348809  1.000000  0.043601 -0.010906  0.030927 -0.023418 -0.008478 -0.037651  0.066438  0.998201 -0.818982  0.884903 -0.146368 -0.191196 -0.745305  1.460781  0.002291 -0.001378  0.008075 -0.001812 -0.002887 -0.002318  0.006371  0.137916  0.000000  2.529130
 0.774431 -0.478937  0.163319  0.268649  0.966753 -0.037195  0.078322  0.357529 -0.113035  0.260930 -0.175869 -0.069396 -0.303899  0.542289  0.987394 -0.580668  0.904200  0.088565  0.703311 -0.246116  0.659270  0.354527  1.000000  0.049309 -0.015589  0.035987 -0.024255 -0.009571 -0.041913  0.074791  1.072510 -0.851421  1.038541 -0.178168 -0.218119 -0.777446  1.546119  0.002102 -0.001265  0.007411 -0.001663 -0.002650 -0.002128  0.005847  0.137916  0.000000  2.570591
 0.776476 -0.479584  0.164811  0.267643  0.966356 -0.038933  0.081423  0.401996 -0.148336  0.303989 -0.183256 -0.078440 -0.336133  0.606393  0.987478 -0.580718  0.904495  0.088499  0.703206 -0.246201  0.659502  0.360245  1.000000  0.055442 -0.020458  0.041925 -0.025274 -0.010818 -0.046358  0.083632  1.131806 -0.870761  1.176873 -0.209148 -0.240631 -0.799779  1.605976  0.001930 -0.001161  0.006802 -0.001526 -0.002432 -0.001953  0.005366  0.137916  0.000000  2.612052
 0.778774 -0.480432  0.166549  0.266595  0.965907 -0.040855  0.084890  0.448922 -0.184438  0.352784 -0.191927 -0.088416 -0.369293  0.672979  0.987554 -0.580764  0.904765  0.088439  0.703109 -0.246279  0.659715  0.365963  1.000000  0.061914 -0.025437  0.048655 -0.026470 -0.012194 -0.050932  0.092815  1.176445 -0.877661  1.297202 -0.238525 -0.258452 -0.812928  1.641569  0.001771 -0.001065  0.006243 -0.001401 -0.002232 -0.001792  0.004925  0.137916  0.000000  2.653513
 0.781341 -0.481487  0.168566  0.265498  0.965402 -0.042966  0.088738  0.497699 -0.220827  0.406567 -0.201817 -0.099132 -0.402998  0.741040  0.987625 -0.580807  0.905013  0.088383  0.703020 -0.246350  0.659911  0.371681  1.000000  0.068641 -0.030456  0.056072 -0.027834 -0.013672 -0.055580  0.102202  1.207355 -0.873093  1.398535 -0.265710 -0.271794 -0.817742  1.654965  0.001625 -0.000978  0.005730 -0.001286 -0.002049 -0.001645  0.004520  0.137916  0.000000  2.694974
 0.784187 -0.482749  0.170891  0.264344  0.964835 -0.045271  0.092976  0.547757 -0.257027  0.464552 -0.212833 -0.110401 -0.436902  0.809657  0.987689 -0.580845  0.905241  0.088332  0.702939 -0.246415  0.660090  0.377399  1.000000  0.075545 -0.035448  0.064069 -0.029353 -0.015226 -0.060256  0.111665  1.225329 -0.857976  1.480681 -0.290081 -0.281252 -0.814903  1.648228  0.001492 -0.000898  0.005259 -0.001180 -0.001880 -0.001510  0.004149  0.137916  0.000000  2.736436
 0.787319 -0.484219  0.173548  0.263127  0.964204 -0.047769  0.097606  0.598561 -0.292599  0.525943 -0.224861 -0.122062 -0.470689  0.877994  0.987748 -0.580881  0.905449  0.088285  0.702864 -0.246475  0.660255  0.383118  1.000000  0.082551 -0.040354  0.072536 -0.031012 -0.016834 -0.064916  0.121090  1.230441 -0.832984  1.543399 -0.310722 -0.287744 -0.804650  1.622859  0.001369 -0.000824  0.004827 -0.001083 -0.001726 -0.001386  0.003808  0.137916  0.000000  2.777897
 0.790742 -0.485892  0.176555  0.261841  0.963506 -0.050461  0.102626  0.649576 -0.327136  0.589934 -0.237743 -0.133992 -0.504051  0.945280  0.987803 -0.580914  0.905641  0.088242  0.702796 -0.246530  0.660407  0.388836  1.000000  0.089587 -0.045117  0.081362 -0.032789 -0.018480 -0.069517  0.130370  1.221663 -0.798544  1.585760 -0.326178 -0.292489 -0.786620  1.579586  0.001257 -0.000756  0.004430 -0.000994 -0.001584 -0.001272  0.003495  0.137916  0.000000  2.819358
 0.794456 -0.487763  0.179928  0.260482  0.962740 -0.053343  0.108031  0.700228 -0.360244  0.655681 -0.251267 -0.146119 -0.536665  1.010771  0.987853 -0.580944  0.905817  0.088202  0.702733 -0.246581  0.660545  0.394554  1.000000  0.096573 -0.049684  0.090429 -0.034654 -0.020152 -0.074015  0.139402  1.196770 -0.755037  1.605838 -0.334326 -0.296983 -0.759864  1.518505  0.001153 -0.000694  0.004066 -0.000912 -0.001454 -0.001167  0.003208  0.137916  0.000000  2.860819
 0.798461 -0.489823  0.183678  0.259045  0.961904 -0.056412  0.113811  0.749847 -0.391549  0.722261 -0.265129 -0.158432 -0.568170  1.073730  0.987899 -0.580971  0.905979  0.088166  0.702675 -0.246627  0.660673  0.400272  1.000000  0.103416 -0.054001  0.099612 -0.036566 -0.021850 -0.078360  0.148085  1.152688 -0.703146  1.600880 -0.332468 -0.302906 -0.723098  1.439596  0.001059 -0.000637  0.003732 -0.000837 -0.001334 -0.001071  0.002944  0.137916  0.000000  2.902280
 0.802748 -0.492062  0.187808  0.257529  0.960998 -0.059660  0.119951  0.797639 -0.420702  0.788635 -0.278913 -0.170991 -0.598150  1.133418  0.987941 -0.580997  0.906127  0.088133  0.702622 -0.246670  0.660790  0.405990  1.000000  0.110008 -0.058022  0.108766 -0.038467 -0.023582 -0.082495  0.156317  1.086389 -0.644291  1.568107 -0.317792 -0.311900 -0.675217  1.343532  0.000971 -0.000584  0.003425 -0.000768 -0.001225 -0.000983  0.002702  0.137916  0.000000  2.943741
 0.807309 -0.494467  0.192317  0.255934  0.960020 -0.063081  0.126432  0.842682 -0.447415  0.853651 -0.292089 -0.183923 -0.626146  1.189122  0.987979 -0.581020  0.906263  0.088102  0.702573 -0.246709  0.660897  0.411708  1.000000  0.116220 -0.061706  0.117732 -0.040284 -0.025366 -0.086356  0.163999  0.996216 -0.580918  1.506005 -0.288161 -0.325228 -0.615983  1.232532  0.000892 -0.000536  0.003143 -0.000705 -0.001124 -0.000902  0.002480  0.137916  0.000000  2.985202
 0.812128 -0.497026  0.197199  0.254264  0.958969 -0.066661  0.133232  0.883986 -0.471501  0.916092 -0.304037 -0.197407 -0.651685  1.240224  0.988015 -0.581041  0.906388  0.088074  0.702529 -0.246745  0.660996  0.417427  1.000000  0.121916 -0.065028  0.126344 -0.041932 -0.027226 -0.089878  0.171047  0.883157 -0.516443  1.415646 -0.242995 -0.343410 -0.546601  1.110792  0.000818 -0.000492  0.002885 -0.000647 -0.001032 -0.000828  0.002276  0.137916  0.000000  3.026664
 0.817183 -0.499722  0.202437  0.252525  0.957840 -0.070388  0.140323  0.920603 -0.492913  0.974786 -0.314112 -0.211645 -0.674348  1.286279  0.988047 -0.581061  0.906503  0.088049  0.702488 -0.246777  0.661086  0.423145  1.000000  0.126966 -0.067981  0.134439 -0.043321 -0.029189 -0.093004  0.177399  0.751349 -0.454736  1.301313 -0.183799 -0.366033 -0.469853  0.984145  0.000751 -0.000452  0.002648 -0.000594 -0.000947 -0.000760  0.002089  0.137916  0.000000  3.068125
 0.822447 -0.502540  0.208011  0.250729  0.956630 -0.074244  0.147679  0.951755 -0.511767  1.028740 -0.321732 -0.226822 -0.693828  1.327083  0.988077 -0.581079  0.906608  0.088025  0.702450 -0.246808  0.661169  0.428863  1.000000  0.131263 -0.070581  0.141880 -0.044372 -0.031282 -0.095690  0.183026  0.607447 -0.399350  1.169972 -0.113984 -0.391849 -0.389645  0.858979  0.000689 -0.000415  0.002430 -0.000545 -0.000869 -0.000698  0.001917  0.137916  0.000000  3.109586
 0.827889 -0.505467  0.213893  0.248889  0.955333 -0.078211  0.155267  0.976940 -0.528325  1.077248 -0.326458 -0.243068 -0.709983  1.362697  0.988104 -0.581095  0.906704  0.088003  0.702416 -0.246835  0.661245  0.434581  1.000000  0.134736 -0.072865  0.148570 -0.045024 -0.033523 -0.097918  0.187938  0.459098 -0.352835  1.029799 -0.038068 -0.419138 -0.310155  0.740907  0.000633 -0.000381  0.002230 -0.000500 -0.000797 -0.000640  0.001760  0.137916  0.000000  3.151047
 0.833475 -0.508488  0.220053  0.247022  0.953943 -0.082271  0.163059  0.995975 -0.542954  1.119945 -0.328036 -0.260446 -0.722843  1.393416  0.988130 -0.581110  0.906793  0.087984  0.702384 -0.246861  0.661315  0.440299  1.000000  0.137361 -0.074882  0.154459 -0.045242 -0.035920 -0.099692  0.192175  0.313291 -0.316435  0.888523  0.039338 -0.446132 -0.235014  0.633779  0.000581 -0.000349  0.002047 -0.000459 -0.000732 -0.000588  0.001615  0.137916  0.000000  3.192508
 0.839171 -0.511593  0.226457  0.245147  0.952453 -0.086404  0.171027  1.008964 -0.556073  1.156784 -0.326405 -0.278943 -0.732587  1.419693  0.988153 -0.581124  0.906874  0.087965  0.702355 -0.246884  0.661379  0.446017  1.000000  0.139153 -0.076692  0.159540 -0.045017 -0.038471 -0.101036  0.195799  0.175243 -0.290185  0.752256  0.114293 -0.471322 -0.166802  0.539338  0.000533 -0.000321  0.001879 -0.000422 -0.000672 -0.000539  0.001482  0.137916  0.000000  3.233969
 0.844940 -0.514772  0.233072  0.243280  0.950858 -0.090593  0.179145  1.016230 -0.568105  1.187973 -0.321667 -0.298485 -0.739503  1.442054  0.988174 -0.581137  0.906949  0.087949  0.702328 -0.246906  0.661438  0.451736  1.000000  0.140155 -0.078351  0.163841 -0.044363 -0.041166 -0.101990  0.198883  0.048040 -0.273223  0.625081  0.183841 -0.493545 -0.106948  0.457383  0.000489 -0.000294  0.001724 -0.000387 -0.000617 -0.000495  0.001360  0.137916  0.000000  3.275430
 0.850751 -0.518021  0.239865  0.241441  0.949152 -0.094822  0.187391  1.018222 -0.579433  1.213890 -0.314044 -0.318948 -0.743937  1.461018  0.988193 -0.581149  0.907018  0.087933  0.702304 -0.246925  0.661492  0.457454  1.000000  0.140430 -0.079913  0.167415 -0.043312 -0.043988 -0.102601  0.201498 -0.067147 -0.264102  0.509236  0.245909 -0.511893 -0.055870  0.386175  0.000449 -0.000270  0.001583 -0.000355 -0.000566 -0.000454  0.001249  0.137916  0.000000  3.316892
 0.856573 -0.521334  0.246806  0.239645  0.947328 -0.099076  0.195745  1.015438 -0.590383  1.235003 -0.303849 -0.340171 -0.746253  1.477029  0.988211 -0.581159  0.907080  0.087919  0.702281 -0.246943  0.661542  0.463172  1.000000  0.140046 -0.081423  0.170327 -0.041906 -0.046915 -0.102921  0.203707 -0.170564 -0.260962  0.405613  0.298965 -0.525503 -0.013201  0.322807  0.000412 -0.000248  0.001453 -0.000326 -0.000519 -0.000417  0.001146  0.137916  0.000000  3.358353
 0.862380 -0.524710  0.253868  0.237908  0.945383 -0.103343  0.204191  1.008366 -0.601203  1.251821 -0.291453 -0.361959 -0.746800  1.490413  0.988227 -0.581169  0.907138  0.087906  0.702261 -0.246960  0.661587  0.468890  1.000000  0.139070 -0.082916  0.172647 -0.040196 -0.049920 -0.102996  0.205552 -0.263312 -0.261530  0.314300  0.341603 -0.533310  0.022024  0.263454  0.000378 -0.000228  0.001333 -0.000299 -0.000477 -0.000383  0.001052  0.137916  0.000000  3.399814
 0.868146 -0.528148  0.261026  0.236241  0.943313 -0.107613  0.212714  0.997449 -0.612046  1.264852 -0.277290 -0.384071 -0.745887  1.501336  0.988242 -0.581178  0.907191  0.087894  0.702242 -0.246975  0.661629  0.474608  1.000000  0.137565 -0.084411  0.174444 -0.038243 -0.052970 -0.102870  0.207059 -0.346830 -0.262977  0.235058  0.372165 -0.533815  0.051279  0.203530  0.000347 -0.000209  0.001224 -0.000275 -0.000437 -0.000351  0.000965  0.137916  0.000000  3.441275
 0.873849 -0.531648  0.268259  0.234655  0.941117 -0.111879  0.221299  0.983069 -0.622949  1.274598 -0.261860 -0.406204 -0.743761  1.509775  0.988256 -0.581187  0.907240  0.087883  0.702224 -0.246989  0.661668  0.480327  1.000000  0.135581 -0.085915  0.175788 -0.036115 -0.056022 -0.102577  0.208223 -0.422437 -0.261735  0.167654  0.388532 -0.524971  0.076514  0.137891  0.000319 -0.000192  0.001123 -0.000252 -0.000402 -0.000322  0.000886  0.137916  0.000000  3.482736
 0.879471 -0.535210  0.275547  0.233158  0.938794 -0.116132  0.229932  0.965554 -0.633801  1.281549 -0.245751 -0.427969 -0.740589  1.515492  0.988269 -0.581194  0.907284  0.087873  0.702208 -0.247002  0.661703  0.486045  1.000000  0.133166 -0.087412  0.176747 -0.033893 -0.059024 -0.102139  0.209011 -0.490925 -0.253457  0.112024  0.388188 -0.504278  0.100117  0.061293  0.000292 -0.000176  0.001031 -0.000231 -0.000369 -0.000296  0.000813  0.137916  0.000000  3.524197
 0.884992 -0.538834  0.282876  0.231753  0.936347 -0.120366  0.238598  0.945200 -0.644310  1.286193 -0.229656 -0.448877 -0.736438  1.518033  0.988281 -0.581201  0.907325  0.087864  0.702194 -0.247014  0.661735  0.491763  1.000000  0.130359 -0.088861  0.177387 -0.031673 -0.061908 -0.101567  0.209362 -0.552251 -0.233316  0.068253  0.368692 -0.469215  0.124759 -0.030733  0.000268 -0.000161  0.000946 -0.000212 -0.000338 -0.000272  0.000746  0.137916  0.000000  3.565658
 0.890397 -0.542518  0.290230  0.230440  0.933780 -0.124577  0.247278  0.922303 -0.653983  1.289023 -0.214370 -0.468332 -0.731265  1.516759  0.988291 -0.581208  0.907363  0.087856  0.702180 -0.247024  0.661765  0.497481  1.000000  0.127201 -0.090195  0.177777 -0.029565 -0.064591 -0.100853  0.209186 -0.605430 -0.196818  0.036349  0.328531 -0.418013  0.153030 -0.140637  0.000246 -0.000148  0.000868 -0.000195 -0.000310 -0.000249  0.000685  0.137916  0.000000  3.607120
 0.895671 -0.546258  0.297601  0.229214  0.931102 -0.128759  0.255951  0.897201 -0.662144  1.290530 -0.200748 -0.485663 -0.724920  1.510928  0.988301 -0.581213  0.907397  0.087848  0.702168 -0.247034  0.661792  0.503199  1.000000  0.123739 -0.091320  0.177985 -0.027686 -0.066981 -0.099978  0.208382 -0.648746 -0.141002  0.015911  0.268115 -0.350571  0.186879 -0.267640  0.000226 -0.000136  0.000797 -0.000179 -0.000285 -0.000229  0.000629  0.137916  0.000000  3.648581
 0.900801 -0.550044  0.304981  0.228066  0.928325 -0.132904  0.264591  0.870304 -0.667990  1.291190 -0.189632 -0.500198 -0.717172  1.499831  0.988310 -0.581219  0.907429  0.087841  0.702157 -0.247043  0.661817  0.508917  1.000000  0.120029 -0.092127  0.178076 -0.026153 -0.068986 -0.098910  0.206851 -0.680306 -0.065597  0.005831  0.190400 -0.269067  0.227062 -0.407231  0.000207 -0.000125  0.000731 -0.000164 -0.000261 -0.000210  0.000577  0.137916  0.000000  3.690042
 0.905778 -0.553864  0.312364  0.226982  0.925465 -0.137005  0.273167  0.842097 -0.670709  1.291432 -0.181738 -0.511354 -0.707758  1.482947  0.988318 -0.581224  0.907458  0.087834  0.702146 -0.247052  0.661840  0.514636  1.000000  0.116139 -0.092502  0.178110 -0.025065 -0.070524 -0.097611  0.204523 -0.698739  0.026540  0.004224  0.100683 -0.177847  0.272871 -0.551906  0.000190 -0.000115  0.000671 -0.000151 -0.000240 -0.000193  0.000530  0.137916  0.000000  3.731503
 0.910593 -0.557699  0.319748  0.225942  0.922541 -0.141052  0.281647  0.813127 -0.669609  1.291607 -0.177563 -0.518727 -0.696444  1.460065  0.988326 -0.581228  0.907485  0.087828  0.702137 -0.247059  0.661861  0.520354  1.000000  0.112144 -0.092350  0.178134 -0.024489 -0.071541 -0.096051  0.201367 -0.703729  0.130020  0.008666  0.005525 -0.082521  0.322341 -0.692973  0.000175 -0.000105  0.000616 -0.000138 -0.000220 -0.000177  0.000486  0.137916  0.000000  3.772964
 0.915242 -0.561528  0.327134  0.224927  0.919575 -0.145035  0.289996  0.783949 -0.664218  1.291966 -0.177334 -0.522149 -0.683080  1.431333  0.988333 -0.581233  0.907509  0.087823  0.702128 -0.247066  0.661880  0.526072  1.000000  0.108119 -0.091607  0.178183 -0.024457 -0.072013 -0.094208  0.197404 -0.696135  0.238302  0.016604 -0.088686  0.011308  0.372832 -0.822610  0.000160 -0.000096  0.000565 -0.000127 -0.000202 -0.000162  0.000446  0.137916  0.000000  3.814425
 0.919725 -0.565326  0.334522  0.223913  0.916589 -0.148940  0.298180  0.755087 -0.654338  1.292655 -0.181011 -0.521680 -0.667622  1.397227  0.988339 -0.581236  0.907532  0.087818  0.702120 -0.247073  0.661898  0.531790  1.000000  0.104139 -0.090244  0.178278 -0.024964 -0.071948 -0.092076  0.192701 -0.677721  0.345164  0.025761 -0.176872  0.099100  0.421713 -0.935265  0.000147 -0.000089  0.000519 -0.000116 -0.000186 -0.000149  0.000409  0.137916  0.000000  3.855886
 0.924043 -0.569068  0.341913  0.222878  0.913606 -0.152758  0.306170  0.726988 -0.640027  1.293723 -0.188345 -0.517571 -0.650137  1.358450  0.988345 -0.581240  0.907552  0.087813  0.702112 -0.247079  0.661914  0.537508  1.000000  0.100264 -0.088270  0.178426 -0.025976 -0.071382 -0.089665  0.187353 -0.650722  0.445681  0.034358 -0.255724  0.177859  0.466856 -1.028043  0.000135 -0.000081  0.000476 -0.000107 -0.000170 -0.000137  0.000376  0.137916  0.000000  3.897348
 0.928200 -0.572727  0.349311  0.221801  0.910646 -0.156476  0.313938  0.700008 -0.621549  1.295147 -0.198947 -0.510197 -0.630781  1.315826  0.988350 -0.581243  0.907571  0.087809  0.702106 -0.247084  0.661929  0.543226  1.000000  0.096543 -0.085722  0.178622 -0.027438 -0.070365 -0.086995  0.181474 -0.617451  0.536563  0.041155 -0.323532  0.246062  0.506860 -1.100257  0.000124 -0.000075  0.000437 -0.000098 -0.000156 -0.000125  0.000345  0.137916  0.000000  3.938809
 0.932203 -0.576282  0.356717  0.220663  0.907729 -0.160083  0.321462  0.674408 -0.599302  1.296854 -0.212361 -0.499995 -0.609766  1.270208  0.988355 -0.581246  0.907589  0.087805  0.702100 -0.247089  0.661943  0.548945  1.000000  0.093012 -0.082654  0.178857 -0.029288 -0.068958 -0.084097  0.175183 -0.580109  0.615972  0.045353 -0.379631  0.303259  0.541052 -1.152595  0.000114 -0.000068  0.000401 -0.000090 -0.000143 -0.000115  0.000317  0.137916  0.000000  3.980270
 0.936059 -0.579708  0.364133  0.219449  0.904870 -0.163569  0.328725  0.650356 -0.573763  1.298734 -0.228101 -0.487422 -0.587333  1.222420  0.988360 -0.581249  0.907605  0.087801  0.702094 -0.247094  0.661955  0.554663  1.000000  0.089695 -0.079131  0.179117 -0.031459 -0.067223 -0.081003  0.168592 -0.540779  0.683106  0.046472 -0.423744  0.349575  0.569391 -1.186255  0.000104 -0.000063  0.000368 -0.000083 -0.000132 -0.000106  0.000291  0.137916  0.000000  4.021731
 0.939778 -0.582989  0.371559  0.218145  0.902083 -0.166928  0.335715  0.627934 -0.545441  1.300661 -0.245670 -0.472928 -0.563725  1.173236  0.988364 -0.581251  0.907619  0.087798  0.702089 -0.247098  0.661967  0.560381  1.000000  0.086602 -0.075225  0.179382 -0.033882 -0.065225 -0.077747  0.161809 -0.501580  0.737736  0.044243 -0.455360  0.385257  0.592342 -1.202255  0.000096 -0.000058  0.000338 -0.000076 -0.000121 -0.000097  0.000267  0.137916  0.000000  4.063192
 0.943369 -0.586108  0.378996  0.216740  0.899378 -0.170151  0.342424  0.607138 -0.514853  1.302495 -0.264550 -0.456955 -0.539166  1.123390  0.988368 -0.581254  0.907633  0.087795  0.702084 -0.247102  0.661978  0.566099  1.000000  0.083734 -0.071007  0.179635 -0.036486 -0.063022 -0.074360  0.154934 -0.464896  0.779842  0.038573 -0.473273  0.410343  0.610791 -1.200983  0.000088 -0.000053  0.000310 -0.000070 -0.000111 -0.000089  0.000245  0.137916  0.000000  4.104653
 0.946840 -0.589052  0.386444  0.215227  0.896765 -0.173234  0.348848  0.587863 -0.482520  1.304094 -0.284172 -0.439941 -0.513842  1.073595  0.988371 -0.581256  0.907645  0.087792  0.702079 -0.247105  0.661987  0.571817  1.000000  0.081076 -0.066547  0.179856 -0.039192 -0.060675 -0.070867  0.148066 -0.433570  0.809378  0.029590 -0.475354  0.424493  0.625979 -1.182049  0.000081 -0.000049  0.000285 -0.000064 -0.000102 -0.000082  0.000225  0.137916  0.000000  4.146114
 0.950202 -0.591811  0.393901  0.213602  0.894250 -0.176173  0.354987  0.569887 -0.448963  1.305321 -0.303881 -0.422341 -0.487888  1.024586  0.988374 -0.581258  0.907656  0.087790  0.702075 -0.247109  0.661996  0.577535  1.000000  0.078597 -0.061919  0.180025 -0.041910 -0.058248 -0.067288  0.141307 -0.410931  0.826240  0.017753 -0.458701  0.427025  0.639421 -1.144500  0.000074 -0.000045  0.000261 -0.000059 -0.000093 -0.000075  0.000206  0.137916  0.000000  4.187576
 0.953461 -0.594379  0.401365  0.211865  0.891835 -0.178962  0.360845  0.552849 -0.414706  1.306057 -0.322899 -0.404636 -0.461377  0.977134  0.988377 -0.581259  0.907667  0.087788  0.702072 -0.247112  0.662004  0.583254  1.000000  0.076247 -0.057195  0.180127 -0.044533 -0.055806 -0.063631  0.134763 -0.400504  0.830437  0.003981 -0.420306  0.417206  0.652756 -1.087419  0.000068 -0.000041  0.000240 -0.000054 -0.000086 -0.000069  0.000189  0.137916  0.000000  4.229037
 0.956622 -0.596750  0.408834  0.210018  0.889521 -0.181601  0.366433  0.536244 -0.380275  1.306222 -0.340326 -0.387338 -0.434313  0.932048  0.988380 -0.581261  0.907676  0.087785  0.702068 -0.247114  0.662012  0.588972  1.000000  0.073957 -0.052446  0.180150 -0.046936 -0.053420 -0.059899  0.128545 -0.405314  0.822422 -0.010287 -0.358196  0.394752  0.667489 -1.010850  0.000062 -0.000038  0.000220 -0.000049 -0.000079 -0.000063  0.000174  0.137916  0.000000  4.270498
 0.959688 -0.598925  0.416303  0.208072  0.887306 -0.184084  0.371762  0.519439 -0.346176  1.305796 -0.355177 -0.370972 -0.406638  0.890137  0.988383 -0.581263  0.907685  0.087783  0.702065 -0.247117  0.662019  0.594690  1.000000  0.071639 -0.047743  0.180091 -0.048985 -0.051163 -0.056082  0.122765 -0.426956  0.803441 -0.023202 -0.272717  0.360379  0.684678 -0.916682  0.000057 -0.000034  0.000202 -0.000045 -0.000072 -0.000058  0.000159  0.137916  0.000000  4.311959
 0.962658 -0.600904  0.423770  0.206041  0.885185 -0.186409  0.376852  0.501737 -0.312865  1.304834 -0.366484 -0.356030 -0.378251  0.852131  0.988385 -0.581264  0.907693  0.087782  0.702062 -0.247119  0.662025  0.600408  1.000000  0.069198 -0.043149  0.179958 -0.050544 -0.049102 -0.052167  0.117523 -0.464845  0.775691 -0.032813 -0.167319  0.316114  0.704670 -0.809020  0.000053 -0.000032  0.000185 -0.000042 -0.000066 -0.000053  0.000146  0.137916  0.000000  4.353420
 0.965527 -0.602693  0.431231  0.203946  0.883149 -0.188572  0.381725  0.482464 -0.280704  1.303473 -0.373421 -0.342923 -0.349034  0.818588  0.988387 -0.581265  0.907700  0.087780  0.702060 -0.247121  0.662031  0.606126  1.000000  0.066540 -0.038714  0.179770 -0.051501 -0.047295 -0.048138  0.112897 -0.516087  0.742125 -0.037468 -0.048283  0.265124  0.727052 -0.693700  0.000048 -0.000029  0.000170 -0.000038 -0.000061 -0.000049  0.000134  0.137916  0.000000  4.394881
 0.968286 -0.604298  0.438684  0.201810  0.881188 -0.190568  0.386406  0.461066 -0.249934  1.301920 -0.375423 -0.331931 -0.318890  0.789826  0.988389 -0.581266  0.907707  0.087778  0.702057 -0.247123  0.662036  0.611845  1.000000  0.063589 -0.034470  0.179556 -0.051777 -0.045779 -0.043980  0.108930 -0.576147  0.705962 -0.036122  0.076587  0.211106  0.750846 -0.577100  0.000044 -0.000027  0.000156 -0.000035 -0.000056 -0.000045  0.000123  0.137916  0.000000  4.436342
 0.970923 -0.605727  0.446129  0.199664  0.879290 -0.192392  0.390922  0.437179 -0.220664  1.300422 -0.372248 -0.323178 -0.287759  0.765899  0.988391 -0.581267  0.907713  0.087777  0.702055 -0.247125  0.662041  0.617563  1.000000  0.060294 -0.030433  0.179350 -0.051339 -0.044572 -0.039687  0.105630 -0.639948  0.670135 -0.028416  0.199655  0.157530  0.774852 -0.464814  0.000041 -0.000024  0.000143 -0.000032 -0.000051 -0.000041  0.000113  0.137916  0.000000  4.477804
 0.973423 -0.606989  0.453565  0.197535  0.877442 -0.194037  0.395302  0.410646 -0.192880  1.299244 -0.363970 -0.316647 -0.255633  0.746627  0.988392 -0.581268  0.907719  0.087776  0.702053 -0.247127  0.662046  0.623281  1.000000  0.056635 -0.026601  0.179187 -0.050197 -0.043671 -0.035256  0.102972 -0.702897  0.636912 -0.014538  0.314764  0.107060  0.797955 -0.360775  0.000037 -0.000022  0.000132 -0.000030 -0.000047 -0.000038  0.000104  0.137916  0.000000  4.519265
 0.975771 -0.608092  0.460994  0.195454  0.875631 -0.195499  0.399571  0.381503 -0.166473  1.298641 -0.350919 -0.312208 -0.222549  0.731669  0.988394 -0.581269  0.907724  0.087775  0.702051 -0.247128  0.662050  0.628999  1.000000  0.052616 -0.022959  0.179104 -0.048398 -0.043059 -0.030693  0.100909 -0.761433  0.607763  0.005017  0.417755  0.061328  0.819262 -0.267009  0.000034 -0.000021  0.000121 -0.000027 -0.000043 -0.000035  0.000095  0.137916  0.000000  4.560726
 0.977952 -0.609044  0.468420  0.193447  0.873846 -0.196771  0.403755  0.349933 -0.141274  1.298849 -0.333599 -0.309665 -0.188581  0.720599  0.988395 -0.581270  0.907729  0.087774  0.702049 -0.247130  0.662054  0.634717  1.000000  0.048262 -0.019484  0.179133 -0.046009 -0.042708 -0.026008  0.099382 -0.813069  0.583431  0.029642  0.506268  0.021004  0.838043 -0.183908  0.000031 -0.000019  0.000111 -0.000025 -0.000040 -0.000032  0.000087  0.137916  0.000000  4.602187
 0.979953 -0.609852  0.475847  0.191540  0.872075 -0.197850  0.407875  0.316222 -0.117084  1.300078 -0.312608 -0.308795 -0.153835  0.712974  0.988396 -0.581271  0.907733  0.087773  0.702048 -0.247131  0.662057  0.640435  1.000000  0.043612 -0.016148  0.179302 -0.043114 -0.042588 -0.021216  0.098331 -0.856062  0.564051  0.058684  0.579134 -0.013982  0.853507 -0.110728  0.000029 -0.000017  0.000102 -0.000023 -0.000036 -0.000029  0.000080  0.137916  0.000000  4.643648
 0.981761 -0.610521  0.483281  0.189752  0.870310 -0.198729  0.411952  0.280729 -0.093698  1.302512 -0.288597 -0.309374 -0.118447  0.708383  0.988397 -0.581272  0.907738  0.087772  0.702046 -0.247132  0.662060  0.646154  1.000000  0.038717 -0.012923  0.179638 -0.039802 -0.042668 -0.016336  0.097698 -0.888906  0.549239  0.091360  0.635656 -0.044201  0.864469 -0.046115  0.000026 -0.000016  0.000093 -0.000021 -0.000033 -0.000027  0.000074  0.137916  0.000000  4.685109
 0.983367 -0.611057  0.490729  0.188102  0.868541 -0.199407  0.416003  0.243874 -0.070926  1.306299 -0.262242 -0.311207 -0.082606  0.706471  0.988398 -0.581272  0.907741  0.087771  0.702045 -0.247133  0.662063  0.651872  1.000000  0.033634 -0.009782  0.180160 -0.036167 -0.042921 -0.011393  0.097434 -0.909818  0.538071  0.126511  0.674971 -0.070511  0.868964  0.011440  0.000024 -0.000015  0.000086 -0.000019 -0.000031 -0.000025  0.000068  0.137916  0.000000  4.726570
 0.984761 -0.611463  0.498199  0.186602  0.866761 -0.199879  0.420043  0.206152 -0.048617  1.311545 -0.234257 -0.314130 -0.046577  0.706945  0.988399 -0.581273  0.907745  0.087770  0.702044 -0.247134  0.662066  0.657590  1.000000  0.028432 -0.006705  0.180884 -0.032308 -0.043324 -0.006424  0.097499 -0.916332  0.528980  0.162240  0.695626 -0.093906  0.863899  0.063221  0.000022 -0.000013  0.000079 -0.000018 -0.000028 -0.000023  0.000062  0.137916  0.000000  4.768032
 0.985940 -0.611741  0.505699  0.185263  0.864965 -0.200145  0.424085  0.168160 -0.026685  1.318271 -0.205415 -0.318024 -0.010759  0.709566  0.988400 -0.581273  0.907748  0.087769  0.702043 -0.247135  0.662068  0.663308  1.000000  0.023192 -0.003680  0.181811 -0.028330 -0.043861 -0.001484  0.097861 -0.905164  0.519616  0.195540  0.695474 -0.115385  0.844899  0.109978  0.000020 -0.000012  0.000072 -0.000016 -0.000026 -0.000021  0.000057  0.137916  0.000000  4.809493
 0.986902 -0.611893  0.513237  0.184088  0.863146 -0.200207  0.428143  0.130630 -0.005141  1.326379 -0.176580 -0.322808  0.024271  0.714126  0.988401 -0.581274  0.907751  0.087769  0.702042 -0.247136  0.662071  0.669026  1.000000  0.018016 -0.000709  0.182929 -0.024353 -0.044521  0.003347  0.098490 -0.872512  0.506814  0.222081  0.672037 -0.135822  0.806588  0.151692  0.000019 -0.000011  0.000066 -0.000015 -0.000024 -0.000019  0.000052  0.137916  0.000000  4.850954
 0.987649 -0.611923  0.520821  0.183078  0.861300 -0.200068  0.432226  0.094455  0.015872  1.335586 -0.148717 -0.328439  0.057713  0.720415  0.988402 -0.581274  0.907753  0.087768  0.702041 -0.247136  0.662073  0.674744  1.000000  0.013027  0.002189  0.184199 -0.020510 -0.045297  0.007960  0.099357 -0.814939  0.486835  0.236434  0.623385 -0.155832  0.743525  0.187498  0.000017 -0.000010  0.000061 -0.000014 -0.000022 -0.000017  0.000048  0.137916  0.000000  4.892415
 0.988189 -0.611832  0.528458  0.182228  0.859422 -0.199738  0.436346  0.060667  0.036057  1.345389 -0.122870 -0.334900  0.088541  0.728189  0.988403 -0.581275  0.907756  0.087768  0.702040 -0.247137  0.662075  0.680463  1.000000  0.008367  0.004973  0.185551 -0.016946 -0.046188  0.012211  0.100429 -0.730729  0.456007  0.232954  0.549365 -0.175646  0.651784  0.215863  0.000016 -0.000010  0.000056 -0.000013 -0.000020 -0.000016  0.000044  0.137916  0.000000  4.933876
 0.988536 -0.611626  0.536151  0.181525  0.857507 -0.199232  0.440509  0.030370  0.054963  1.355048 -0.100093 -0.342183  0.115565  0.737139  0.988403 -0.581275  0.907758  0.087767  0.702039 -0.247138  0.662076  0.686181  1.000000  0.004189  0.007580  0.186883 -0.013804 -0.047193  0.015938  0.101664 -0.621206  0.411657  0.207204  0.452685 -0.195061  0.530694  0.235070  0.000015 -0.000009  0.000051 -0.000011 -0.000018 -0.000015  0.000040  0.137916  0.000000  4.975337
 0.988709 -0.611311  0.543900  0.180953  0.855551 -0.198571  0.444725  0.004614  0.072031  1.363639 -0.081324 -0.350270  0.137568  0.746886  0.988404 -0.581275  0.907760  0.087767  0.702038 -0.247138  0.662078  0.691899  1.000000  0.000636  0.009934  0.188068 -0.011216 -0.048308  0.018973  0.103008 -0.491288  0.352979  0.157397  0.339179 -0.213523  0.383860  0.243858  0.000013 -0.000008  0.000047 -0.000011 -0.000017 -0.000013  0.000037  0.137916  0.000000  5.016798
 0.988736 -0.610899  0.551697  0.180488  0.853548 -0.197784  0.448995 -0.015755  0.086666  1.370165 -0.067262 -0.359123  0.153483  0.756996  0.988404 -0.581276  0.907762  0.087766  0.702038 -0.247139  0.662079  0.697617  1.000000 -0.002173  0.011953  0.188968 -0.009276 -0.049529  0.021168  0.104402 -0.348785  0.281349  0.085106  0.216919 -0.230324  0.218762  0.241956  0.000012 -0.000007  0.000043 -0.000010 -0.000015 -0.000012  0.000034  0.137916  0.000000  5.058260
 0.988646 -0.610404  0.559532  0.180103  0.851494 -0.196907  0.453324 -0.030216  0.098331  1.373693 -0.058268 -0.368672  0.162553  0.767028  0.988405 -0.581276  0.907764  0.087766  0.702037 -0.247139  0.662081  0.703335  1.000000 -0.004167  0.013561  0.189455 -0.008036 -0.050846  0.022419  0.105786 -0.202678  0.199901 -0.005178  0.094515 -0.244834  0.045011  0.230233  0.000011 -0.000007  0.000040 -0.000009 -0.000014 -0.000011  0.000031  0.137916  0.000000  5.099721
 0.988473 -0.609842  0.567387  0.179770  0.849386 -0.195977  0.457710 -0.038620  0.106619  1.373478 -0.054349 -0.378824  0.164419  0.776574  0.988405 -0.581276  0.907765  0.087765  0.702036 -0.247140  0.662082  0.709053  1.000000 -0.005326  0.014705  0.189425 -0.007496 -0.052246  0.022676  0.107102 -0.061220  0.112593 -0.107346 -0.020575 -0.256673 -0.127871  0.210447  0.000010 -0.000006  0.000036 -0.000008 -0.000013 -0.000010  0.000029  0.137916  0.000000  5.141182
 0.988252 -0.609232  0.575241  0.179459  0.847220 -0.195037  0.462151 -0.041158  0.111287  1.369028 -0.055202 -0.389466  0.159118  0.785299  0.988406 -0.581276  0.907767  0.087765  0.702036 -0.247140  0.662083  0.714772  1.000000 -0.005676  0.015348  0.188811 -0.007613 -0.053714  0.021945  0.108306  0.069333  0.023232 -0.215163 -0.123044 -0.265746 -0.292156  0.184750  0.000009 -0.000006  0.000033 -0.000007 -0.000012 -0.000010  0.000026  0.137916  0.000000  5.182643
 0.988017 -0.608596  0.583069  0.179144  0.844993 -0.194127  0.466641 -0.038283  0.112251  1.360107 -0.060304 -0.400484  0.147005  0.792959  0.988406 -0.581277  0.907768  0.087765  0.702035 -0.247141  0.662084  0.720490  1.000000 -0.005280  0.015481  0.187581 -0.008317 -0.055233  0.020274  0.109362  0.185074 -0.065167 -0.323333 -0.209880 -0.272172 -0.442612  0.155203  0.000009 -0.000005  0.000031 -0.000007 -0.000011 -0.000009  0.000024  0.137916  0.000000  5.224104
 0.987798 -0.607954  0.590847  0.178799  0.842703 -0.193286  0.471175 -0.030610  0.109549  1.346701 -0.069006 -0.411768  0.128653  0.799394  0.988406 -0.581277  0.907769  0.087765  0.702035 -0.247141  0.662085  0.726208  1.000000 -0.004222  0.015109  0.185732 -0.009517 -0.056790  0.017743  0.110250  0.284088 -0.150600 -0.427950 -0.279902 -0.276153 -0.576325  0.123444  0.000008 -0.000005  0.000028 -0.000006 -0.000010 -0.000008  0.000022  0.137916  0.000000  5.265565
 0.987623 -0.607327  0.598547  0.178404  0.840348 -0.192551  0.475746 -0.018831  0.103305  1.328958 -0.080611 -0.423218  0.104758  0.804512  0.988407 -0.581277  0.907770  0.087764  0.702035 -0.247141  0.662086  0.731926  1.000000 -0.002597  0.014247  0.183285 -0.011118 -0.058369  0.014448  0.110955  0.365741 -0.231941 -0.526427 -0.333084 -0.277822 -0.692001  0.090521  0.000007 -0.000004  0.000026 -0.000006 -0.000009 -0.000007  0.000020  0.137916  0.000000  5.307026
 0.987515 -0.606737  0.606147  0.177943  0.837928 -0.191952  0.480347 -0.003667  0.093688  1.307131 -0.094421 -0.434737  0.076067  0.808265  0.988407 -0.581277  0.907771  0.087764  0.702034 -0.247142  0.662087  0.737644  1.000000 -0.000506  0.012921  0.180275 -0.013022 -0.059957  0.010491  0.111473  0.429935 -0.308606 -0.617106 -0.369927 -0.277104 -0.789105  0.056846  0.000007 -0.000004  0.000024 -0.000005 -0.000008 -0.000007  0.000019  0.137916  0.000000  5.348488
 0.987494 -0.606201  0.613621  0.177404  0.835442 -0.191517  0.484969  0.014158  0.080893  1.281546 -0.109758 -0.446226  0.043350  0.810622  0.988407 -0.581277  0.907772  0.087764  0.702034 -0.247142  0.662088  0.743362  1.000000  0.001953  0.011156  0.176746 -0.015137 -0.061542  0.005979  0.111798  0.476515 -0.380109 -0.698742 -0.391037 -0.273590 -0.867066  0.022242  0.000006 -0.000004  0.000022 -0.000005 -0.000008 -0.000006  0.000017  0.137916  0.000000  5.389949
 0.987575 -0.605738  0.620949  0.176776  0.832891 -0.191269  0.489604  0.033915  0.065133  1.252575 -0.125971 -0.457569  0.007400  0.811544  0.988408 -0.581278  0.907773  0.087764  0.702034 -0.247142  0.662088  0.749081  1.000000  0.004677  0.008983  0.172751 -0.017373 -0.063106  0.001021  0.111925  0.504905 -0.445589 -0.769980 -0.396952 -0.266459 -0.924677 -0.013948  0.000006 -0.000003  0.000020 -0.000004 -0.000007 -0.000006  0.000016  0.137916  0.000000  5.431410
 0.987769 -0.605366  0.628111  0.176056  0.830274 -0.191227  0.494244  0.054849  0.046659  1.220651 -0.142429 -0.468617 -0.030938  0.810966  0.988408 -0.581278  0.907774  0.087764  0.702033 -0.247142  0.662089  0.754799  1.000000  0.007565  0.006435  0.168348 -0.019643 -0.064630 -0.004267  0.111846  0.514069 -0.503398 -0.828944 -0.388242 -0.254483 -0.959826 -0.052668  0.000005 -0.000003  0.000018 -0.000004 -0.000007 -0.000005  0.000014  0.137916  0.000000  5.472871
 0.988082 -0.605099  0.635091  0.175241  0.827595 -0.191404  0.498882  0.076163  0.025787  1.186282 -0.158526 -0.479168 -0.070733  0.808782  0.988408 -0.581278  0.907775  0.087763  0.702033 -0.247143  0.662089  0.760517  1.000000  0.010504  0.003556  0.163608 -0.021863 -0.066085 -0.009755  0.111544  0.502863 -0.550886 -0.873085 -0.365849 -0.236195 -0.969710 -0.094829  0.000005 -0.000003  0.000017 -0.000004 -0.000006 -0.000005  0.000013  0.137916  0.000000  5.514332
 0.988518 -0.604952  0.641875  0.174335  0.824855 -0.191808  0.503506  0.097012  0.002947  1.150083 -0.173695 -0.488961 -0.110939  0.804850  0.988408 -0.581278  0.907775  0.087763  0.702033 -0.247143  0.662090  0.766235  1.000000  0.013380  0.000406  0.158615 -0.023955 -0.067436 -0.015300  0.111002  0.470766 -0.584582 -0.899444 -0.331548 -0.210251 -0.951651 -0.140900  0.000004 -0.000003  0.000015 -0.000003 -0.000006 -0.000004  0.000012  0.137916  0.000000  5.555793
 0.989073 -0.604935  0.648451  0.173341  0.822059 -0.192442  0.508109  0.116531 -0.021291  1.112791 -0.187441 -0.497678 -0.150395  0.799009  0.988408 -0.581278  0.907776  0.087763  0.702033 -0.247143  0.662090  0.771953  1.000000  0.016072 -0.002936  0.153472 -0.025851 -0.068638 -0.020742  0.110196  0.418783 -0.600900 -0.905383 -0.288298 -0.175951 -0.904387 -0.190487  0.000004 -0.000002  0.000014 -0.000003 -0.000005 -0.000004  0.000011  0.137916  0.000000  5.597254
 0.989739 -0.605057  0.654814  0.172270  0.819213 -0.193302  0.512678  0.133894 -0.046205  1.075252 -0.199394 -0.504973 -0.187892  0.791111  0.988408 -0.581278  0.907776  0.087763  0.702032 -0.247143  0.662091  0.777672  1.000000  0.018466 -0.006372  0.148295 -0.027500 -0.069644 -0.025913  0.109107  0.350094 -0.597243 -0.889579 -0.240208 -0.133718 -0.829346 -0.242126  0.000004 -0.000002  0.000013 -0.000003 -0.000005 -0.000004  0.000010  0.137916  0.000000  5.638716
 0.990505 -0.605321  0.660963  0.171129  0.816325 -0.194377  0.517201  0.148409 -0.070967  1.038369 -0.209354 -0.510517 -0.222278  0.781072  0.988409 -0.581278  0.907777  0.087763  0.702032 -0.247143  0.662091  0.783390  1.000000  0.020468 -0.009788  0.143208 -0.028873 -0.070409 -0.030656  0.107723  0.269978 -0.573038 -0.852807 -0.191969 -0.085270 -0.731187 -0.293445  0.000003 -0.000002  0.000012 -0.000003 -0.000004 -0.000003  0.000009  0.137916  0.000000  5.680177
 0.991353 -0.605727  0.666900  0.169932  0.813406 -0.195648  0.521668  0.159603 -0.094726  1.003011 -0.217313 -0.514053 -0.252594  0.768905  0.988409 -0.581278  0.907777  0.087763  0.702032 -0.247143  0.662092  0.789108  1.000000  0.022012 -0.013064  0.138332 -0.029971 -0.070896 -0.034837  0.106045  0.184915 -0.530163 -0.798050 -0.147956 -0.033343 -0.617190 -0.341681  0.000003 -0.000002  0.000011 -0.000002 -0.000004 -0.000003  0.000009  0.137916  0.000000  5.721638
 0.992266 -0.606268  0.672636  0.168690  0.810467 -0.197092  0.526064  0.167270 -0.116707  0.969923 -0.223447 -0.515435 -0.278183  0.754739  0.988409 -0.581278  0.907778  0.087763  0.702032 -0.247143  0.662092  0.794826  1.000000  0.023069 -0.016096  0.133768 -0.030817 -0.071087 -0.038366  0.104091  0.101258 -0.472531 -0.729848 -0.111402  0.018926 -0.495724 -0.384313  0.000003 -0.000002  0.000010 -0.000002 -0.000004 -0.000003  0.000008  0.137916  0.000000  5.763099
 0.993222 -0.606936  0.678182  0.167412  0.807519 -0.198683  0.530380  0.171468 -0.136299  0.939663 -0.228066 -0.514650 -0.298736  0.738805  0.988409 -0.581278  0.907778  0.087763  0.702032 -0.247144  0.662092  0.800544  1.000000  0.023648 -0.018798  0.129595 -0.031454 -0.070979 -0.041201  0.101893  0.024102 -0.405093 -0.653233 -0.084018  0.068646 -0.374571 -0.419519  0.000003 -0.000002  0.000009 -0.000002 -0.000003 -0.000003  0.000007  0.137916  0.000000  5.804560
 0.994203 -0.607715  0.683555  0.166108  0.804576 -0.200391  0.534605  0.172467 -0.153094  0.912579 -0.231549 -0.511804 -0.314266  0.721411  0.988409 -0.581279  0.907779  0.087762  0.702032 -0.247144  0.662093  0.806262  1.000000  0.023786 -0.021114  0.125860 -0.031934 -0.070586 -0.043343  0.099494 -0.043250 -0.332771 -0.572766 -0.066098  0.113594 -0.259783 -0.446319  0.000002 -0.000001  0.000008 -0.000002 -0.000003 -0.000002  0.000007  0.137916  0.000000  5.846021
 0.995189 -0.608590  0.688773  0.164784  0.801650 -0.202188  0.538730  0.170674 -0.166891  0.888831 -0.234290 -0.507094 -0.325037  0.702906  0.988409 -0.581279  0.907779  0.087762  0.702032 -0.247144  0.662093  0.811981  1.000000  0.023539 -0.023017  0.122584 -0.032312 -0.069937 -0.044828  0.096942 -0.099215 -0.259713 -0.491978 -0.056933  0.152320 -0.155320 -0.464442  0.000002 -0.000001  0.000008 -0.000002 -0.000003 -0.000002  0.000006  0.137916  0.000000  5.887482
 0.996165 -0.609545  0.693856  0.163444  0.798750 -0.204047  0.542749  0.166560 -0.177659  0.868433 -0.236650 -0.500779 -0.331477  0.683650  0.988409 -0.581279  0.907779  0.087762  0.702031 -0.247144  0.662093  0.817699  1.000000  0.022971 -0.024502  0.119771 -0.032638 -0.069066 -0.045716  0.094287 -0.143520 -0.188975 -0.413251 -0.055275  0.184036 -0.063291 -0.474074  0.000002 -0.000001  0.000007 -0.000002 -0.000003 -0.000002  0.000006  0.137916  0.000000  5.928944
 0.997117 -0.610561  0.698822  0.162091  0.795887 -0.205942  0.546658  0.160610 -0.185494  0.851299 -0.238942 -0.493149 -0.334101  0.663994  0.988409 -0.581279  0.907779  0.087762  0.702031 -0.247144  0.662093  0.823417  1.000000  0.022151 -0.025583  0.117408 -0.032954 -0.068013 -0.046078  0.091576 -0.176699 -0.122518 -0.338014 -0.059698  0.208419  0.015528 -0.475612  0.000002 -0.000001  0.000007 -0.000001 -0.000002 -0.000002  0.000005  0.137916  0.000000  5.970405
 0.998036 -0.611621  0.703690  0.160725  0.793067 -0.207853  0.550455  0.153284 -0.190574  0.837285 -0.241417 -0.484508 -0.333457  0.644275  0.988409 -0.581279  0.907780  0.087762  0.702031 -0.247144  0.662094  0.829135  1.000000  0.021140 -0.026283  0.115475 -0.033295 -0.066822 -0.045989  0.088856 -0.199689 -0.061369 -0.267084 -0.068797  0.225416  0.081143 -0.469511  0.000002 -0.000001  0.000006 -0.000001 -0.000002 -0.000002  0.000005  0.137916  0.000000  6.011866
 0.998912 -0.612711  0.708477  0.159344  0.790296 -0.209759  0.554139  0.145004 -0.193119  0.826211 -0.244270 -0.475162 -0.330093  0.624808  0.988409 -0.581279  0.907780  0.087762  0.702031 -0.247144  0.662094  0.834853  1.000000  0.019999 -0.026634  0.113948 -0.033689 -0.065533 -0.045525  0.086171 -0.213583 -0.005834 -0.201067 -0.081231  0.235141  0.133908 -0.456245  0.000002 -0.000001  0.000006 -0.000001 -0.000002 -0.000002  0.000004  0.137916  0.000000  6.053327
 0.999742 -0.613815  0.713202  0.157947  0.787579 -0.211647  0.557712  0.136149 -0.193361  0.817875 -0.247638 -0.465412 -0.324541  0.605892  0.988410 -0.581279  0.907780  0.087762  0.702031 -0.247144  0.662094  0.840571  1.000000  0.018777 -0.026668  0.112798 -0.034153 -0.064188 -0.044760  0.083562 -0.219538  0.044320 -0.140731 -0.095675  0.237870  0.174258 -0.436402  0.000001 -0.000001  0.000005 -0.000001 -0.000002 -0.000001  0.000004  0.137916  0.000000  6.094788
 1.000520 -0.614921  0.717878  0.156531  0.784918 -0.213503  0.561177  0.127047 -0.191523  0.812040 -0.251605 -0.455550 -0.317316  0.587798  0.988410 -0.581279  0.907780  0.087762  0.702031 -0.247144  0.662094  0.846290  1.000000  0.017522 -0.026414  0.111994 -0.034700 -0.062828 -0.043763  0.081067 -0.218810  0.089696 -0.087302 -0.110715  0.234139  0.202630 -0.410881  0.000001 -0.000001  0.000005 -0.000001 -0.000002 -0.000001  0.000004  0.137916  0.000000  6.136249
 1.001247 -0.616016  0.722522  0.155093  0.782313 -0.215317  0.564538  0.117975 -0.187804  0.808420 -0.256195 -0.445842 -0.308915  0.570763  0.988410 -0.581279  0.907781  0.087762  0.702031 -0.247144  0.662094  0.852008  1.000000  0.016271 -0.025901  0.111494 -0.035333 -0.061489 -0.042604  0.078718 -0.212855  0.131115 -0.042572 -0.124784  0.224908  0.219557 -0.381130  0.000001 -0.000001  0.000004 -0.000001 -0.000002 -0.000001  0.000003  0.137916  0.000000  6.177711
 1.001921 -0.617090  0.727145  0.153628  0.779764 -0.217084  0.567801  0.109149 -0.182368  0.806655 -0.261369 -0.436517 -0.299812  0.554961  0.988410 -0.581279  0.907781  0.087762  0.702031 -0.247144  0.662094  0.857726  1.000000  0.015054 -0.025152  0.111251 -0.036047 -0.060203 -0.041349  0.076538 -0.203398  0.169433 -0.008713 -0.136210  0.211691  0.225881 -0.349297  0.000001 -0.000001  0.000004 -0.000001 -0.000001 -0.000001  0.000003  0.137916  0.000000  6.219172
 1.002545 -0.618133  0.731757  0.152133  0.777268 -0.218798  0.570975  0.100716 -0.175343  0.806294 -0.267016 -0.427740 -0.290447  0.540478  0.988410 -0.581279  0.907781  0.087762  0.702031 -0.247144  0.662095  0.863444  1.000000  0.013890 -0.024183  0.111201 -0.036826 -0.058992 -0.040057  0.074541 -0.192390  0.205355  0.012239 -0.143427  0.196541  0.222965 -0.318138  0.000001 -0.000001  0.000004 -0.000001 -0.000001 -0.000001  0.000003  0.137916  0.000000  6.260633
 1.003121 -0.619135  0.736368  0.150606  0.774822 -0.220459  0.574065  0.092740 -0.166829  0.806802 -0.272963 -0.419592 -0.281202  0.527288  0.988410 -0.581279  0.907781  0.087762  0.702031 -0.247144  0.662095  0.869162  1.000000  0.012790 -0.023008  0.111271 -0.037646 -0.057869 -0.038782  0.072722 -0.181773  0.239271  0.019077 -0.145297  0.181786  0.212762 -0.290602  0.000001 -0.000001  0.000003 -0.000001 -0.000001 -0.000001  0.000003  0.137916  0.000000  6.302094
 1.003652 -0.620089  0.740981  0.149045  0.772422 -0.222067  0.577081  0.085203 -0.156908  0.807592 -0.278987 -0.412055 -0.272381  0.515239  0.988410 -0.581279  0.907781  0.087762  0.702031 -0.247144  0.662095  0.874880  1.000000  0.011751 -0.021640  0.111380 -0.038477 -0.056829 -0.037566  0.071060 -0.173152  0.271194  0.011980 -0.141412  0.169578  0.197609 -0.269218  0.000001 -0.000001  0.000003 -0.000001 -0.000001 -0.000001  0.000002  0.137916  0.000000  6.343555
 1.004139 -0.620987  0.745599  0.147450  0.770066 -0.223624  0.580027  0.078024 -0.145664  0.808089 -0.284850 -0.405024 -0.264188  0.504077  0.988410 -0.581279  0.907781  0.087762  0.702031 -0.247144  0.662095  0.880599  1.000000  0.010761 -0.020089  0.111449 -0.039285 -0.055859 -0.036436  0.069521 -0.167499  0.300824 -0.007393 -0.132189  0.161450  0.179835 -0.255540  0.000001 -0.000000  0.000003 -0.000001 -0.000001 -0.000001  0.000002  0.137916  0.000000  6.385016
 1.004585 -0.621820  0.750220  0.145821  0.767750 -0.225135  0.582909  0.071079 -0.133192  0.807783 -0.290331 -0.398330 -0.256732  0.493482  0.988410 -0.581279  0.907781  0.087762  0.702031 -0.247145  0.662095  0.886317  1.000000  0.009803 -0.018369  0.111406 -0.040041 -0.054936 -0.035408  0.068059 -0.165048  0.327720 -0.036310 -0.118711  0.158079  0.161351 -0.249933  0.000001 -0.000000  0.000003 -0.000001 -0.000001 -0.000001  0.000002  0.137916  0.000000  6.426477
 1.004991 -0.622581  0.754839  0.144161  0.765472 -0.226603  0.585731  0.064236 -0.119604  0.806277 -0.295253 -0.391776 -0.250042  0.483120  0.988410 -0.581279  0.907782  0.087762  0.702031 -0.247145  0.662095  0.892035  1.000000  0.008859 -0.016495  0.111199 -0.040720 -0.054032 -0.034485  0.066630 -0.165404  0.351476 -0.071638 -0.102416  0.159333  0.143416 -0.251730  0.000001 -0.000000  0.000002 -0.000001 -0.000001 -0.000001  0.000002  0.137916  0.000000  6.467939
 1.005359 -0.623265  0.759449  0.142473  0.763232 -0.228033  0.588494  0.057378 -0.105032  0.803307 -0.299499 -0.385169 -0.244096  0.472683  0.988410 -0.581279  0.907782  0.087762  0.702031 -0.247145  0.662095  0.897753  1.000000  0.007913 -0.014486  0.110789 -0.041306 -0.053121 -0.033665  0.065191 -0.167780  0.371852 -0.110450 -0.084769  0.164517  0.126633 -0.259609  0.000001 -0.000000  0.000002 -0.000000 -0.000001 -0.000001  0.000002  0.137916  0.000000  6.509400
 1.005687 -0.623866  0.764043  0.140760  0.761030 -0.229429  0.591196  0.050422 -0.089614  0.798728 -0.303013 -0.378348 -0.238845  0.461919  0.988410 -0.581279  0.907782  0.087762  0.702031 -0.247145  0.662095  0.903471  1.000000  0.006954 -0.012359  0.110158 -0.041791 -0.052180 -0.032941  0.063706 -0.171238  0.388837 -0.150369 -0.067041  0.172661  0.111139 -0.271975  0.000001 -0.000000  0.000002 -0.000000 -0.000001 -0.000001  0.000002  0.137916  0.000000  6.550861
 1.005975 -0.624378  0.768610  0.139028  0.758866 -0.230794  0.593838  0.043322 -0.073492  0.792493 -0.305793 -0.371190 -0.234237  0.450643  0.988410 -0.581279  0.907782  0.087762  0.702030 -0.247145  0.662095  0.909190  1.000000  0.005975 -0.010136  0.109298 -0.042174 -0.051193 -0.032305  0.062151 -0.174882  0.402656 -0.189622 -0.050201  0.182741  0.096886 -0.287214  0.000001 -0.000000  0.000002 -0.000000 -0.000001 -0.000001  0.000001  0.137916  0.000000  6.592322
 1.006223 -0.624798  0.773142  0.137279  0.756744 -0.232134  0.596415  0.036072 -0.056798  0.784631 -0.307874 -0.363613 -0.230220  0.438734  0.988410 -0.581279  0.907782  0.087762  0.702030 -0.247145  0.662095  0.914908  1.000000  0.004975 -0.007833  0.108214 -0.042461 -0.050148 -0.031751  0.060509 -0.177970  0.413776 -0.226891 -0.034904  0.193799  0.083949 -0.303772  0.000000 -0.000000  0.000002 -0.000000 -0.000001 -0.000000  0.000001  0.137916  0.000000  6.633783
 1.006429 -0.625123  0.777628  0.135519  0.754665 -0.233450  0.598923  0.028693 -0.039642  0.775224 -0.309322 -0.355578 -0.226740  0.426140  0.988410 -0.581279  0.907782  0.087762  0.702030 -0.247145  0.662095  0.920626  1.000000  0.003957 -0.005467  0.106916 -0.042661 -0.049040 -0.031271  0.058772 -0.179995  0.422896 -0.261039 -0.021507  0.204974  0.072831 -0.320101  0.000000 -0.000000  0.000002 -0.000000 -0.000001 -0.000000  0.000001  0.137916  0.000000  6.675244
 1.006593 -0.625350  0.782061  0.133750  0.752631 -0.234747  0.601360  0.021230 -0.022109  0.764401 -0.310213 -0.347079 -0.223720  0.412868  0.988410 -0.581279  0.907782  0.087762  0.702030 -0.247145  0.662095  0.926344  1.000000  0.002928 -0.003049  0.105423 -0.042784 -0.047868 -0.030855  0.056941 -0.180733  0.430956 -0.290814 -0.010084  0.215468  0.064749 -0.334520  0.000000 -0.000000  0.000001 -0.000000 -0.000000 -0.000000  0.000001  0.137916  0.000000  6.716705
 1.006715 -0.625476  0.786432  0.131976  0.750647 -0.236026  0.603721  0.013737 -0.004241  0.752343 -0.310631 -0.338146 -0.221035  0.398998  0.988410 -0.581279  0.907782  0.087762  0.702030 -0.247145  0.662095  0.932062  1.000000  0.001894 -0.000585  0.103761 -0.042841 -0.046636 -0.030484  0.055028 -0.180302  0.439116 -0.314588 -0.000439  0.224497  0.061827 -0.345079  0.000000 -0.000000  0.000001 -0.000000 -0.000000 -0.000000  0.000001  0.137916  0.000000  6.758167
 1.006793 -0.625500  0.790734  0.130200  0.748713 -0.237290  0.606002  0.006261  0.013966  0.739300 -0.310650 -0.328838 -0.218472  0.384691  0.988410 -0.581279  0.907782  0.087762  0.702030 -0.247145  0.662095  0.937780  1.000000  0.000863  0.001926  0.101962 -0.042844 -0.045352 -0.030131  0.053055 -0.179204  0.448669 -0.330247  0.007905  0.231255  0.067099 -0.349523  0.000000 -0.000000  0.000001 -0.000000 -0.000000 -0.000000  0.000001  0.137916  0.000000  6.799628
 1.006829 -0.625421  0.794962  0.128423  0.746833 -0.238539  0.608202 -0.001169  0.032568  0.725608 -0.310322 -0.319250 -0.215690  0.370199  0.988410 -0.581279  0.907782  0.087762  0.702030 -0.247145  0.662095  0.943499  1.000000 -0.000161  0.004492  0.100073 -0.042798 -0.044030 -0.029747  0.051057 -0.178310  0.460853 -0.335343  0.015670  0.234948  0.084143 -0.345475  0.000000 -0.000000  0.000001 -0.000000 -0.000000 -0.000000  0.000001  0.137916  0.000000  6.841089
 1.006822 -0.625234  0.799111  0.126649  0.745007 -0.239772  0.610319 -0.008562  0.051675  0.711704 -0.309672 -0.309509 -0.212201  0.355875  0.988410 -0.581279  0.907782  0.087762  0.702030 -0.247145  0.662096  0.949217  1.000000 -0.001181  0.007127  0.098156 -0.042709 -0.042686 -0.029266  0.049081 -0.178749  0.476550 -0.327587  0.023733  0.234905  0.116271 -0.330877  0.000000 -0.000000  0.000001 -0.000000 -0.000000 -0.000000  0.000001  0.137916  0.000000  6.882550
 1.006773 -0.624939  0.803180  0.124878  0.743237 -0.240986  0.612354 -0.015973  0.071434  0.698122 -0.308688 -0.299769 -0.207381  0.342157  0.988410 -0.581279  0.907782  0.087762  0.702030 -0.247145  0.662096  0.954935  1.000000 -0.002203  0.009852  0.096283 -0.042573 -0.041343 -0.028601  0.047189 -0.181652  0.495967 -0.305594  0.032945  0.230751  0.165408 -0.304629  0.000000 -0.000000  0.000001 -0.000000 -0.000000 -0.000000  0.000001  0.137916  0.000000  6.924011
 1.006682 -0.624530  0.807172  0.123113  0.741523 -0.242172  0.614311 -0.023505  0.091997  0.685452 -0.307322 -0.290202 -0.200523  0.329527  0.988410 -0.581279  0.907782  0.087762  0.702030 -0.247145  0.662096  0.960653  1.000000 -0.003242  0.012688  0.094535 -0.042385 -0.040024 -0.027655  0.045447 -0.187835  0.518460 -0.269569  0.043914  0.222562  0.231128 -0.267114  0.000000 -0.000000  0.000001 -0.000000 -0.000000 -0.000000  0.000001  0.137916  0.000000  6.965472
 1.006547 -0.624004  0.811092  0.121356  0.739864 -0.243318  0.616195 -0.031292  0.113493  0.674275 -0.305501 -0.280974 -0.190940  0.318452  0.988410 -0.581279  0.907782  0.087762  0.702030 -0.247145  0.662096  0.966371  1.000000 -0.004316  0.015653  0.092994 -0.042134 -0.038751 -0.026334  0.043920 -0.197544  0.542623 -0.221550  0.056831  0.210902  0.310390 -0.220311  0.000000 -0.000000  0.000001 -0.000000 -0.000000 -0.000000  0.000001  0.137916  0.000000  7.006933
 1.006369 -0.623355  0.814948  0.119609  0.738257 -0.244410  0.618016 -0.039483  0.135991  0.665089 -0.303145 -0.272230 -0.178071  0.309317  0.988410 -0.581279  0.907782  0.087762  0.702030 -0.247145  0.662096  0.972089  1.000000 -0.005445  0.018755  0.091727 -0.041809 -0.037545 -0.024559  0.042660 -0.210393  0.566654 -0.165010  0.071444  0.196704  0.398190 -0.167365  0.000000 -0.000000  0.000001 -0.000000 -0.000000 -0.000000  0.000001  0.137916  0.000000  7.048395
 1.006143 -0.622578  0.818751  0.117875  0.736700 -0.245428  0.619785 -0.048206  0.159485  0.658248 -0.300183 -0.264075 -0.161561  0.302378  0.988410 -0.581279  0.907782  0.087762  0.702030 -0.247145  0.662096  0.977808  1.000000 -0.006648  0.021996  0.090783 -0.041400 -0.036420 -0.022282  0.041703 -0.225514  0.588806 -0.104036  0.087168  0.181044  0.488795 -0.111822  0.000000 -0.000000  0.000001 -0.000000 -0.000000 -0.000000  0.000001  0.137916  0.000000  7.089856
 1.005867 -0.621666  0.822515  0.116159  0.735190 -0.246352  0.621514 -0.057556  0.183897  0.653935 -0.296569 -0.256568 -0.141295  0.297742  0.988410 -0.581279  0.907782  0.087762  0.702030 -0.247145  0.662096  0.983526  1.000000 -0.007938  0.025362  0.090188 -0.040902 -0.035385 -0.019487  0.041064 -0.241824  0.607735 -0.042462  0.103279  0.164923  0.576978 -0.056896  0.000000 -0.000000  0.000001 -0.000000 -0.000000 -0.000000  0.000000  0.137916  0.000000  7.131317
 1.005538 -0.620614  0.826254  0.114463  0.733723 -0.247160  0.623216 -0.067582  0.209095  0.652174 -0.292287 -0.249730 -0.117373  0.295383  0.988410 -0.581279  0.907782  0.087762  0.702030 -0.247145  0.662096  0.989244  1.000000 -0.009321  0.028838  0.089946 -0.040311 -0.034442 -0.016188  0.040738 -0.258273  0.622647  0.016687  0.119078  0.149122  0.658777 -0.005015  0.000000 -0.000000  0.000001 -0.000000 -0.000000 -0.000000  0.000000  0.137916  0.000000  7.172778
 1.005152 -0.619419  0.829983  0.112792  0.732295 -0.247831  0.624905 -0.078291  0.234911  0.652866 -0.287350 -0.243548 -0.090059  0.295175  0.988410 -0.581279  0.907782  0.087762  0.702030 -0.247145  0.662096  0.994962  1.000000 -0.010798  0.032398  0.090041 -0.039630 -0.033589 -0.012421  0.040710 -0.273999  0.633261  0.071391  0.134009  0.134166  0.731712  0.042292  0.000000 -0.000000  0.000000 -0.000000 -0.000000 -0.000000  0.000000  0.137916  0.000000  7.214239
 1.004704 -0.618075  0.833716  0.111148  0.730903 -0.248346  0.626593 -0.089651  0.261166  0.655826 -0.281794 -0.237985 -0.059722  0.296929  0.988410 -0.581279  0.907782  0.087762  0.702030 -0.247145  0.662096  1.000000  1.000000 -0.012364  0.036019  0.090449 -0.038864 -0.032822 -0.008237  0.040951 -0.282166  0.628153  0.107594  0.146896  0.122445  0.778037  0.075962  0.000000 -0.000000  0.000000 -0.000000 -0.000000 -0.000000  0.000000  0.000000  0.000000  7.255700
 1.004191 -0.616582  0.837466  0.109537  0.729542 -0.248688  0.628291 -0.101350  0.287210  0.660287 -0.275703 -0.232908 -0.027463  0.300078  0.988410 -0.581279  0.907782  0.087762  0.702030 -0.247145  0.662096  1.000000  1.000000 -0.013978  0.039611  0.091064 -0.038024 -0.032122 -0.003788  0.041386 -0.242826  0.535718  0.043569  0.152320  0.127210  0.693768  0.043859  0.000000 -0.000000  0.000000 -0.000000 -0.000000 -0.000000  0.000000  0.000000  0.000000  7.297161
 1.003612 -0.614940  0.841242  0.107961  0.728210 -0.248845  0.630007 -0.111418  0.309422  0.662093 -0.269388 -0.227634  0.001301  0.301897  0.988410 -0.581279  0.907782  0.087762  0.702030 -0.247145  0.662096  1.000000  1.000000 -0.015366  0.042674  0.091314 -0.037153 -0.031394  0.000179  0.041636 -0.207063  0.451802 -0.013486  0.156643  0.131030  0.616592  0.015178  0.000000 -0.000000  0.000000 -0.000000 -0.000000 -0.000000  0.000000  0.000000  0.000000  7.338623
 1.002975 -0.613170  0.845028  0.106420  0.726908 -0.248837  0.631733 -0.120003  0.328154  0.661534 -0.262893 -0.222201  0.026866  0.302526  0.988410 -0.581279  0.907782  0.087762  0.702030 -0.247145  0.662096  1.000000  1.000000 -0.016550  0.045258  0.091236 -0.036257 -0.030645  0.003705  0.041723 -0.174596  0.375730 -0.064158  0.159973  0.133997  0.545973 -0.010366  0.000000 -0.000000  0.000000 -0.000000 -0.000000 -0.000000  0.000000  0.000000  0.000000  7.380084
 1.002288 -0.611294  0.848811  0.104917  0.725638 -0.248684  0.633463 -0.127242  0.343732  0.658874 -0.256261 -0.216646  0.049502  0.302096  0.988410 -0.581279  0.907782  0.087762  0.702030 -0.247145  0.662096  1.000000  1.000000 -0.017549  0.047406  0.090870 -0.035343 -0.029879  0.006827  0.041664 -0.145164  0.306881 -0.108991  0.162411  0.136196  0.481415 -0.033039  0.000000 -0.000000  0.000000 -0.000000 -0.000000 -0.000000  0.000000  0.000000  0.000000  7.421545
 1.001561 -0.609328  0.852578  0.103452  0.724399 -0.248401  0.635190 -0.133260  0.356456  0.654355 -0.249527 -0.210999  0.069462  0.300726  0.988410 -0.581279  0.907782  0.087762  0.702030 -0.247145  0.662096  1.000000  1.000000 -0.018379  0.049161  0.090246 -0.034414 -0.029100  0.009580  0.041475 -0.118528  0.244677 -0.148487  0.164046  0.137705  0.422455 -0.053084  0.000000 -0.000000  0.000000 -0.000000 -0.000000 -0.000000  0.000000  0.000000  0.000000  7.463006
 1.000799 -0.607290  0.856320  0.102025  0.723192 -0.248004  0.636910 -0.138175  0.366600  0.648199 -0.242725 -0.205289  0.086978  0.298525  0.988410 -0.581279  0.907783  0.087762  0.702030 -0.247145  0.662096  1.000000  1.000000 -0.019057  0.050560  0.089397 -0.033476 -0.028313  0.011996  0.041172 -0.094464  0.188584 -0.183110  0.164964  0.138597  0.368664 -0.070729  0.000000 -0.000000  0.000000 -0.000000 -0.000000 -0.000000  0.000000  0.000000  0.000000  7.504467
 1.000009 -0.605194  0.860027  0.100637  0.722019 -0.247506  0.638617 -0.142091  0.374419  0.640607 -0.235886 -0.199543  0.102263  0.295593  0.988410 -0.581279  0.907783  0.087762  0.702030 -0.247145  0.662096  1.000000  1.000000 -0.019597  0.051639  0.088350 -0.032533 -0.027520  0.014104  0.040767 -0.072763  0.138106 -0.213287  0.165240  0.138936  0.319643 -0.086183  0.000000 -0.000000  0.000000 -0.000000 -0.000000 -0.000000  0.000000  0.000000  0.000000  7.545928
 0.999196 -0.603053  0.863690  0.099288  0.720878 -0.246921  0.640307 -0.145108  0.380145  0.631764 -0.229035 -0.193783  0.115516  0.292020  0.988410 -0.581279  0.907783  0.087762  0.702030 -0.247145  0.662096  1.000000  1.000000 -0.020013  0.052428  0.087131 -0.031588 -0.026726  0.015932  0.040274 -0.053236  0.092784 -0.239415  0.164945  0.138783  0.275022 -0.099638  0.000000 -0.000000  0.000000 -0.000000 -0.000000 -0.000000  0.000000  0.000000  0.000000  7.587389
 0.998366 -0.600879  0.867302  0.097978  0.719769 -0.246261  0.641977 -0.147315  0.383992  0.621837 -0.222196 -0.188028  0.126918  0.287888  0.988410 -0.581279  0.907783  0.087762  0.702030 -0.247145  0.662096  1.000000  1.000000 -0.020317  0.052959  0.085762 -0.030644 -0.025932  0.017504  0.039705 -0.035704  0.052193 -0.261857  0.164144  0.138194  0.234460 -0.111273  0.000000 -0.000000  0.000000 -0.000000 -0.000000 -0.000000  0.000000  0.000000  0.000000  7.628851
 0.997524 -0.598683  0.870858  0.096708  0.718694 -0.245535  0.643623 -0.148796  0.386156  0.610980 -0.215390 -0.182299  0.136639  0.283275  0.988410 -0.581279  0.907783  0.087762  0.702030 -0.247145  0.662096  1.000000  1.000000 -0.020521  0.053257  0.084264 -0.029706 -0.025142  0.018845  0.039068 -0.020003  0.015941 -0.280950  0.162895  0.137218  0.197637 -0.121251  0.000000 -0.000000  0.000000 -0.000000 -0.000000 -0.000000  0.000000  0.000000  0.000000  7.670312
 0.996673 -0.596475  0.874352  0.095476  0.717652 -0.244754  0.645243 -0.149625  0.386817  0.599332 -0.208636 -0.176610  0.144834  0.278248  0.988410 -0.581279  0.907783  0.087762  0.702030 -0.247145  0.662096  1.000000  1.000000 -0.020636  0.053348  0.082658 -0.028774 -0.024357  0.019975  0.038375 -0.005981 -0.016335 -0.297003  0.161252  0.135902  0.164259 -0.129724  0.000000 -0.000000  0.000000 -0.000000 -0.000000 -0.000000  0.000000  0.000000  0.000000  7.711773
 0.995818 -0.594263  0.877779  0.094283  0.716642 -0.243926  0.646834 -0.149873  0.386140  0.587018 -0.201951 -0.170975  0.151644  0.272869  0.988410 -0.581279  0.907783  0.087762  0.702030 -0.247145  0.662096  1.000000  1.000000 -0.020670  0.053255  0.080959 -0.027852 -0.023580  0.020914  0.037633  0.006503 -0.044973 -0.310302  0.159264  0.134287  0.134052 -0.136832  0.000000 -0.000000  0.000000 -0.000000 -0.000000 -0.000000  0.000000  0.000000  0.000000  7.753234
 0.994961 -0.592055  0.881135  0.093128  0.715664 -0.243059  0.648395 -0.149603  0.384275  0.574152 -0.195347 -0.165407  0.157202  0.267196  0.988410 -0.581279  0.907783  0.087762  0.702030 -0.247145  0.662096  1.000000  1.000000 -0.020633  0.052998  0.079185 -0.026942 -0.022812  0.021681  0.036851  0.017579 -0.070282 -0.321109  0.156977  0.132413  0.106762 -0.142702  0.000000 -0.000000  0.000000 -0.000000 -0.000000 -0.000000  0.000000  0.000000  0.000000  7.794695
 0.994105 -0.589858  0.884419  0.092011  0.714718 -0.242160  0.649922 -0.148875  0.381361  0.560839 -0.188839 -0.159917  0.161628  0.261279  0.988410 -0.581279  0.907783  0.087762  0.702030 -0.247145  0.662096  1.000000  1.000000 -0.020532  0.052596  0.077349 -0.026044 -0.022055  0.022291  0.036035  0.027366 -0.092549 -0.329665  0.154430  0.130315  0.082155 -0.147454  0.000000 -0.000000  0.000000 -0.000000 -0.000000 -0.000000  0.000000  0.000000  0.000000  7.836156
 0.993254 -0.587677  0.887626  0.090931  0.713804 -0.241235  0.651416 -0.147740  0.377524  0.547170 -0.182436 -0.154514  0.165035  0.255166  0.988410 -0.581279  0.907783  0.087762  0.702030 -0.247145  0.662096  1.000000  1.000000 -0.020376  0.052067  0.075464 -0.025161 -0.021310  0.022761  0.035192  0.035977 -0.112040 -0.336193  0.151661  0.128023  0.060013 -0.151196  0.000000 -0.000000  0.000000 -0.000000 -0.000000 -0.000000  0.000000  0.000000  0.000000  7.877617
 0.992409 -0.585519  0.890754  0.089888  0.712921 -0.240292  0.652876 -0.146248  0.372879  0.533231 -0.176148 -0.149206  0.167523  0.248897  0.988410 -0.581279  0.907783  0.087762  0.702030 -0.247145  0.662096  1.000000  1.000000 -0.020170  0.051426  0.073541 -0.024294 -0.020578  0.023104  0.034327  0.043514 -0.129000 -0.340896  0.148704  0.125567  0.040134 -0.154028  0.000000 -0.000000  0.000000 -0.000000 -0.000000 -0.000000  0.000000  0.000000  0.000000  7.919079
 0.991573 -0.583386  0.893803  0.088881  0.712067 -0.239334  0.654299 -0.144444  0.367530  0.519097 -0.169983 -0.144000  0.169187  0.242511  0.988410 -0.581279  0.907783  0.087762  0.702030 -0.247145  0.662096  1.000000  1.000000 -0.019921  0.050688  0.071592 -0.023443 -0.019860  0.023334  0.033446  0.050071 -0.143653 -0.343962  0.145589  0.122974  0.022333 -0.156041  0.000000 -0.000000  0.000000 -0.000000 -0.000000 -0.000000  0.000000  0.000000  0.000000  7.960540
 0.990747 -0.581285  0.896772  0.087909  0.711244 -0.238366  0.655685 -0.142368  0.361574  0.504836 -0.163946 -0.138901  0.170113  0.236041  0.988410 -0.581279  0.907783  0.087762  0.702030 -0.247145  0.662096  1.000000  1.000000 -0.019635  0.049867  0.069625 -0.022611 -0.019157  0.023461  0.032554  0.055736 -0.156209 -0.345563  0.142345  0.120266  0.006436 -0.157321  0.000000 -0.000000  0.000000 -0.000000 -0.000000 -0.000000  0.000000  0.000000  0.000000  8.002001
 0.989933 -0.579217  0.899659  0.086972  0.710450 -0.237394  0.657035 -0.140057  0.355098  0.490509 -0.158045 -0.133915  0.170380  0.229519  0.988410 -0.581279  0.907783  0.087762  0.702030 -0.247145  0.662096  1.000000  1.000000 -0.019316  0.048974  0.067649 -0.021797 -0.018469  0.023498  0.031654  0.060590 -0.166859 -0.345856  0.138995  0.117466 -0.007715 -0.157944  0.000000 -0.000000  0.000000 -0.000000 -0.000000 -0.000000  0.000000  0.000000  0.000000  8.043462
 0.989132 -0.577187  0.902463  0.086068  0.709684 -0.236419  0.658348 -0.137545  0.348179  0.476169 -0.152282 -0.129045  0.170060  0.222970  0.988410 -0.581279  0.907783  0.087762  0.702030 -0.247145  0.662096  1.000000  1.000000 -0.018970  0.048020  0.065672 -0.021002 -0.017797  0.023454  0.030751  0.064706 -0.175781 -0.344986  0.135563  0.114593 -0.020270 -0.157982  0.000000 -0.000000  0.000000 -0.000000 -0.000000 -0.000000  0.000000  0.000000  0.000000  8.084923
 0.988345 -0.575196  0.905186  0.085197  0.708946 -0.235447  0.659623 -0.134862  0.340891  0.461866 -0.146661 -0.124294  0.169219  0.216420  0.988410 -0.581279  0.907783  0.087762  0.702030 -0.247145  0.662096  1.000000  1.000000 -0.018600  0.047015  0.063699 -0.020227 -0.017142  0.023338  0.029848  0.068153 -0.183136 -0.343084  0.132069  0.111665 -0.031363 -0.157498  0.000000 -0.000000  0.000000 -0.000000 -0.000000 -0.000000  0.000000  0.000000  0.000000  8.126384
 0.987574 -0.573246  0.907827  0.084358  0.708235 -0.234479  0.660860 -0.132037  0.333298  0.447641 -0.141185 -0.119664  0.167919  0.209890  0.988410 -0.581279  0.907783  0.087762  0.702030 -0.247145  0.662096  1.000000  1.000000 -0.018210  0.045967  0.061737 -0.019472 -0.016504  0.023159  0.028947  0.070995 -0.189076 -0.340272  0.128531  0.108697 -0.041121 -0.156554  0.000000 -0.000000  0.000000 -0.000000 -0.000000 -0.000000  0.000000  0.000000  0.000000  8.167845
 0.986819 -0.571341  0.910387  0.083551  0.707551 -0.233519  0.662060 -0.129093  0.325459  0.433533 -0.135856 -0.115157  0.166214  0.203399  0.988410 -0.581279  0.907783  0.087762  0.702030 -0.247145  0.662096  1.000000  1.000000 -0.017804  0.044886  0.059791 -0.018737 -0.015882  0.022924  0.028052  0.073288 -0.193737 -0.336659  0.124966  0.105703 -0.049661 -0.155202  0.000000 -0.000000  0.000000 -0.000000 -0.000000 -0.000000  0.000000  0.000000  0.000000  8.209307
 0.986081 -0.569480  0.912866  0.082774  0.706893 -0.232569  0.663223 -0.126055  0.317426  0.419575 -0.130675 -0.110775  0.164155  0.196964  0.988410 -0.581279  0.907783  0.087762  0.702030 -0.247145  0.662096  1.000000  1.000000 -0.017385  0.043778  0.057866 -0.018022 -0.015278  0.022640  0.027165  0.075087 -0.197248 -0.332348  0.121389  0.102696 -0.057090 -0.153493  0.000000 -0.000000  0.000000 -0.000000 -0.000000 -0.000000  0.000000  0.000000  0.000000  8.250768