-16.285171  -8.039328 -39.023922  19.087841  13.126408  13.330396 -33.815787
-16.389125  -7.412280 -39.992651  18.981075  13.491252  13.503594 -34.464615
-16.493087  -6.784949 -40.961668  18.874219  13.856210  13.676836 -35.113625
-16.597060  -6.157232 -41.931075  18.767238  14.221322  13.850137 -35.762880
-16.701049  -5.528991 -42.901006  18.660088  14.586641  14.023521 -36.412467
-16.805056  -4.900038 -43.871643  18.552706  14.952242  14.197020 -37.062501
-16.909088  -4.270123 -44.843226  18.445008  15.318220  14.370677 -37.713136
-17.013152  -3.638913 -45.816068  18.336882  15.684705  14.544555 -38.364576
-17.117255  -3.005960 -46.790584  18.228175  16.051866  14.718736 -39.017088
-17.221407  -2.370678 -47.767308  18.118682  16.419923  14.893336 -39.671023
-17.325617  -1.732294 -48.746925  18.008133  16.789165  15.068512 -40.326832
-17.429896  -1.089806 -49.730301  17.896167  17.159959  15.244478 -40.985092
-17.534250  -0.441930 -50.718506  17.782315  17.532768  15.421525 -41.646526
-17.638681   0.212951 -51.712831  17.665972  17.908160  15.600042 -42.312023
-17.743179   0.876827 -52.714768  17.546366  18.286817  15.780548 -42.982634
-17.847713   1.552056 -53.725935  17.422550  18.669511  15.963720 -43.659548
-17.952215   2.241288 -54.747902  17.293394  19.057057  16.150425 -44.343997
-18.056567   2.947241 -55.781846  17.157633  19.450194  16.341731 -45.037073
-18.160566   3.672242 -56.827967  17.013989  19.849378  16.538896 -45.739392
-18.263907   4.417421 -57.884592  16.861409  20.254442  16.743283 -46.450554
-18.366161   5.181498 -58.946987  16.699476  20.664118  16.956178 -47.168404
-18.466788   5.959241 -60.006047  16.528979  21.075478  17.178466 -47.888180
-18.565201   6.739977 -61.047402  16.352565  21.483469  17.410189 -48.601851
-18.660911   7.506972 -62.051759  16.175200  21.880879  17.650089 -49.298160
-18.753749   8.238706 -62.997314  16.004063  22.259090  17.895370 -49.963937
-18.844096   8.912581 -63.864315  15.847573  22.609733  18.141956 -50.586813
-18.933035   9.510280 -64.640375  15.713641  22.926802  18.385347 -51.158590
-19.022319  10.022507 -65.324084  15.607841  23.208286  18.621811 -51.677760
-19.114183  10.450801 -65.925030  15.532369  23.456498  18.849386 -52.149904
-19.211097  10.805770 -66.460400  15.486201  23.677005  19.068264 -52.585913
-19.315557  11.103085 -66.950149  15.466194  23.876865  19.280486 -52.999134
-19.429977  11.359315 -67.412870  15.468427  24.062967  19.489223 -53.402734
-19.556601  11.588937 -67.863357  15.489251  24.240973  19.697932 -53.807935
-19.697336  11.802769 -68.311701  15.525818  24.414836  19.909546 -54.223017
-19.853376  12.007384 -68.763197  15.576119  24.586692  20.125650 -54.652640
-20.024538  12.204939 -69.218425  15.638660  24.756868  20.345554 -55.096981
-20.208254  12.393104 -69.673190  15.711879  24.923900  20.565234 -55.550512
-20.398395  12.565085 -70.118415  15.793419  25.084585  20.776308 -56.000605
-20.584318  12.710112 -70.540497  15.879433  25.234221  20.965545 -56.426738
-20.750882  12.814893 -70.922827  15.964223  25.367257  21.115640 -56.801517
-20.880161  12.866347 -71.248942  16.040579  25.478467  21.207865 -57.094589
-20.954984  12.855136 -71.506857  16.100970  25.564420  21.226353 -57.279224
-20.963196  12.778632 -71.692968  16.139307  25.624676  21.162470 -57.339337
-20.900669  12.641763 -71.813545  16.152489  25.662059  21.017144 -57.273529
-20.771513  12.455210 -71.882972  16.140981  25.681843  20.799881 -57.094003
-20.585554  12.231908 -71.919722  16.108258  25.690272  20.525158 -56.821153
-20.354510  11.983523 -71.941998  16.059542  25.693119  20.208091 -56.476642
-20.088436  11.718002 -71.964419  16.000473  25.694717  19.861023 -56.077622
-19.793177  11.438397 -71.995981  15.936098  25.697489  19.491628 -55.633082
-19.468780  11.142527 -72.038659  15.870214  25.701773  19.102213 -55.141965
-19.108466  10.823001 -72.085915  15.804909  25.705681  18.689682 -54.592295
-18.697977  10.467437 -72.120694  15.740106  25.704866  18.245817 -53.960923
-18.215497  10.059071 -72.113204  15.673057  25.692289  17.757916 -53.214274
-17.632929   9.578342 -72.019670  15.597877  25.658225  17.210184 -52.311206
-16.919516   9.006031 -71.784135  15.505475  25.590961  16.586370 -51.209333
-16.048315   8.328088 -71.345466  15.384344  25.478567  15.873812 -49.875220
-15.004461   7.541036 -70.649936  15.222505  25.311681  15.068021 -48.296352
-13.792010   6.655571 -69.666017  15.010291  25.086468  14.175912 -46.489869
-12.435421   5.695921 -68.394669  14.742867  24.806317  13.215576 -44.502531
-10.973990   4.694523 -66.869257  14.421220  24.481218  12.212129 -42.400413
 -9.451694   3.684424 -65.144916  14.051153  24.125045  11.191492 -40.252911
 -7.907389   2.692951 -63.283216  13.640969  23.752154  10.175045 -38.118650
 -6.369184   1.738884 -61.339302  13.199125  23.374721   9.177085 -36.038427
 -4.853801   0.833028 -59.355349  12.732795  23.001471   8.205157 -34.035479
 -3.369416  -0.019264 -57.360187  12.247633  22.637527   7.262170 -32.120273
 -1.920091  -0.815154 -55.372847  11.748548  22.284783   6.349123 -30.296660
 -0.510466  -1.551922 -53.407815  11.241212  21.942283   5.467709 -28.567398
  0.849958  -2.225566 -51.480507  10.733996  21.606335   4.622483 -26.938103
  2.143448  -2.830624 -49.611966  10.239991  21.270385   3.822338 -25.419229
  3.342436  -3.361391 -47.831709   9.778443  20.924934   3.080885 -24.025641
  4.411018  -3.814476 -46.177280   9.374625  20.557946   2.415137 -22.773387
  5.310698  -4.192158 -44.689248   9.057070  20.156262   1.842068 -21.673897
  6.009981  -4.505160 -43.401882   8.851968  19.708081   1.373530 -20.727272
  6.494617  -4.773082 -42.332599   8.776281  19.205854   1.011360 -19.917830
  6.773472  -5.021565 -41.475336   8.832719  18.648276   0.745228 -19.214884
  6.876541  -5.277114 -40.801706   9.009267  18.040307   0.554603 -18.579139
  6.846095  -5.561981 -40.269304   9.283395  17.391264   0.413890 -17.971741
  6.725692  -5.891223 -39.832602   9.628393  16.712151   0.298102 -17.361900
  6.551737  -6.272369 -39.451587  10.018745  16.013542   0.186810 -16.730766
  6.349562  -6.706709 -39.095916  10.432827  15.304745   0.065720 -16.071852
  6.133355  -7.190816 -38.745093  10.852910  14.594223  -0.073500 -15.389708
  5.908276  -7.717305 -38.386336  11.263356  13.890930  -0.234040 -14.698478
  5.673355  -8.274430 -38.011658  11.647970  13.206112  -0.414639 -14.021113
  5.424537  -8.844662 -37.615083  11.987368  12.555135  -0.609767 -13.389081
  5.157709  -9.402873 -37.190499  12.257179  11.958733  -0.809388 -12.841590
  4.871696  -9.915335 -36.730457  12.428133  11.442777  -0.998815 -12.422845
  4.570908 -10.341193 -36.226223  12.469062  11.035596  -1.159427 -12.175923
  4.266796 -10.637806 -35.669243  12.353113  10.762430  -1.271022 -12.133227
  3.977093 -10.769677 -35.053657  12.065665  10.638247  -1.315854 -12.306128
  3.722442 -10.717938 -34.378774  11.610417  10.661936  -1.283144 -12.678726
  3.521493 -10.485744 -33.650168  11.010003  10.815251  -1.171963 -13.210077
  3.386671 -10.096495 -32.878663  10.300201  11.067510  -0.990943 -13.844707
  3.322455  -9.586023 -32.077803   9.520695  11.383673  -0.755085 -14.526342
  3.326352  -8.993020 -31.261120   8.706841  11.731841  -0.481450 -15.208617
  3.391323  -8.351783 -30.440321   7.885391  12.087513  -0.185600 -15.859538
  3.508135  -7.688904 -29.624671   7.074408  12.434242   0.120366 -16.460329
  3.666675  -7.023312 -28.821251   6.285993  12.761888   0.428397 -17.001136
  3.855996  -6.368186 -28.035562   5.530271  13.063847   0.734310 -17.475890
  4.063260  -5.733462 -27.272016   4.819546  13.334251   1.037446 -17.877724
  4.272008  -5.128080 -26.534042   4.171887  13.565661   1.340438 -18.195617
  4.460469  -4.561453 -25.823632   3.613355  13.747668   1.649095 -18.412818
  4.600917  -4.043754 -25.140350   3.177684  13.866866   1.972138 -18.507729
  4.661344  -3.584732 -24.480119   2.902180  13.908639   2.320361 -18.457838
  4.610224  -3.191206 -23.834396   2.819576  13.860748   2.704920 -18.246375
  4.423588  -2.864158 -23.190522   2.947931  13.717685   3.134954 -17.869533
  4.091622  -2.596945 -22.533575   3.283086  13.483722   3.615371 -17.340673
  3.621307  -2.375880 -21.849147   3.798051  13.172810   4.145904 -16.688692
  3.033566  -2.183101 -21.125784   4.450039  12.805142   4.721925 -15.950931
  2.356673  -2.000281 -20.356025   5.191349  12.402147   5.336439 -15.164174
  1.619414  -1.811568 -19.535927   5.978806  11.982229   5.982099 -14.357739
  0.846791  -1.604979 -18.663784   6.778572  11.558536   6.652250 -13.550504
  0.059002  -1.372547 -17.738972   7.566217  11.138660   7.340657 -12.751363
 -0.726971  -1.109977 -16.761548   8.323703  10.725483   8.039999 -11.961549
 -1.494273  -0.816536 -15.732954   9.035097  10.318350   8.739379 -11.177501
 -2.222580  -0.495586 -14.657903   9.682323   9.914156   9.421185 -10.393654
 -2.884904  -0.155821 -13.547308  10.241907   9.508222  10.057884  -9.605011
 -3.445977   0.187180 -12.421670  10.683752   9.095105  10.609940  -8.809564
 -3.863728   0.510023 -11.313563  10.973127   8.669492  11.026695  -8.010393
 -4.095169   0.782530 -10.267151  11.076716   8.227284  11.252238  -7.216847
 -4.106407   0.971811  -9.332856  10.971953   7.766678  11.236667  -6.443942
 -3.883588   1.049029  -8.557302  10.656283   7.288829  10.949838  -5.709461
 -3.439394   0.996387  -7.971985  10.151466   6.797621  10.391380  -5.029466
 -2.810941   0.810933  -7.586070   9.499782   6.298525   9.591316  -4.414115
 -2.049828   0.503260  -7.386811   8.753712   5.797033   8.600704  -3.865748
 -1.209535   0.092224  -7.346561   7.964315   5.297409   7.477494  -3.379820
 -0.335820  -0.401352  -7.432095   7.173226   4.802217   6.274332  -2.947696
  0.537314  -0.959389  -7.612125   6.410036   4.312605   5.032172  -2.559793
  1.386785  -1.568672  -7.861185   5.693830   3.829094   3.779719  -2.208035
  2.196864  -2.220679  -8.160127   5.036684   3.352583   2.536677  -1.887375
  2.954805  -2.909802  -8.494326   4.447266   2.885446   1.318708  -1.596531
  3.646934  -3.630566  -8.850624   3.933480   2.432586   0.142609  -1.338191
  4.255990  -4.374273  -9.213845   3.503595   2.002298  -0.969296  -1.118694
  4.760487  -5.125670  -9.563700   3.165572   1.606560  -1.986660  -0.947012
  5.136857  -5.860729  -9.873218   2.924571   1.260202  -2.871903  -0.832722
  5.364644  -6.547098 -10.110051   2.779279   0.978483  -3.585494  -0.782982
  5.433554  -7.148474 -10.241379   2.718637   0.773265  -4.095348  -0.799182
  5.349391  -7.632404 -10.241297   2.721097   0.649027  -4.387164  -0.874718
  5.135345  -7.978556 -10.097533   2.757673   0.600696  -4.470575  -0.995269
  4.827295  -8.183426  -9.813961   2.797918   0.614591  -4.377412  -1.141758
  4.465303  -8.259334  -9.407708   2.816019   0.672001  -4.152906  -1.294561
  4.085462  -8.228919  -8.902820   2.794435   0.753489  -3.844578  -1.436972
  3.715136  -8.118370  -8.323770   2.724294   0.842046  -3.493691  -1.556732
  3.372089  -7.952124  -7.691149   2.603544   0.924382  -3.131368  -1.645745
  3.066158  -7.750006  -7.020062   2.434393   0.990703  -2.778734  -1.698801
  2.801811  -7.526424  -6.320655   2.221169   1.033758  -2.449253  -1.712171
  2.580425  -7.290710  -5.599886   1.969068   1.047844  -2.151654  -1.682659
  2.401740  -7.047896  -4.863930   1.683819   1.028239  -1.892454  -1.607409
  2.264364  -6.799505  -4.120757   1.372058   0.971315  -1.677593  -1.484599
  2.165442  -6.544301  -3.382401   1.042073   0.875387  -1.512945  -1.314982
  2.099824  -6.279119  -2.666148   0.704387   0.742118  -1.403625  -1.103879
  2.059340  -5.999946  -1.993690   0.371570   0.577850  -1.352353  -0.862750
  2.032909  -5.703264  -1.387757   0.056846   0.393939  -1.357618  -0.609141
  2.007943  -5.387322  -0.866989  -0.228329   0.205345  -1.412791  -0.364253
  1.972745  -5.052846  -0.441300  -0.476727   0.027646  -1.507031  -0.148674
  1.918870  -4.702845  -0.110052  -0.686637  -0.126286  -1.627793   0.021873
  1.842361  -4.341669   0.136217  -0.861406  -0.248450  -1.763751   0.138859
  1.743557  -3.973826   0.311848  -1.007708  -0.336043  -1.906800   0.200752
  1.625903  -3.603020   0.432062  -1.133511  -0.390349  -2.052544   0.211134
  1.494508  -3.231579   0.510369  -1.246515  -0.415120  -2.199456   0.176476
  1.354926  -2.860185   0.557780  -1.353273  -0.415206  -2.347214   0.104582
  1.212284  -2.487692   0.583467  -1.458844  -0.395745  -2.494617   0.004038
  1.070650  -2.110931   0.596380  -1.566689  -0.361933  -2.637257  -0.115382
  0.932449  -1.724481   0.607310  -1.678576  -0.319192  -2.765118  -0.241694
  0.797843  -1.320599   0.630874  -1.794383  -0.273519  -2.860538  -0.359565
  0.664153  -0.889629   0.686671  -1.911873  -0.231716  -2.897436  -0.449790
  0.525609  -0.421253   0.798614  -2.026651  -0.201210  -2.843136  -0.490297
  0.373897   0.093334   0.991687  -2.132643  -0.189250  -2.663745  -0.459246
  0.199729   0.658842   1.286472  -2.223239  -0.201564  -2.332392  -0.339806
 -0.004867   1.274045   1.693467  -2.292900  -0.241008  -1.837294  -0.124750
 -0.244462   1.931772   2.210063  -2.338557  -0.306937  -1.185583   0.181538
 -0.519327   2.620870   2.821863  -2.360169  -0.395664  -0.400770   0.564846
 -0.826009   3.329132   3.507452  -2.360254  -0.501764   0.484554   1.005658
 -1.158839   4.045830   4.244031  -2.342810  -0.619534   1.436886   1.484091
 -1.511541   4.763055   5.011624  -2.312191  -0.744050   2.427641   1.983343
 -1.878380   5.475893   5.795030  -2.272328  -0.871637   3.435631   2.491102
 -2.209569   6.098295   6.490049  -2.232070  -0.984631   4.326777   2.939091
 -2.209569   6.098295   6.490049  -2.232070  -0.984631   4.326777   2.939091
 -2.209569   6.098295   6.490049  -2.232070  -0.984631   4.326777   2.939091
 -2.209569   6.098295   6.490049  -2.232070  -0.984631   4.326777   2.939091
 -2.209569   6.098295   6.490049  -2.232070  -0.984631   4.326777   2.939091
 -2.209569   6.098295   6.490049  -2.232070  -0.984631   4.326777   2.939091
 -2.209569   6.098295   6.490049  -2.232070  -0.984631   4.326777   2.939091
 -2.209569   6.098295   6.490049  -2.232070  -0.984631   4.326777   2.939091
 -2.209569   6.098295   6.490049  -2.232070  -0.984631   4.326777   2.939091
 -2.209569   6.098295   6.490049  -2.232070  -0.984631   4.326777   2.939091
 -2.209569   6.098295   6.490049  -2.232070  -0.984631   4.326777   2.939091
 -2.209569   6.098295   6.490049  -2.232070  -0.984631   4.326777   2.939091
 -2.209569   6.098295   6.490049  -2.232070  -0.984631   4.326777   2.939091
 -2.209569   6.098295   6.490049  -2.232070  -0.984631   4.326777   2.939091
 -2.209569   6.098295   6.490049  -2.232070  -0.984631   4.326777   2.939091
 -2.209569   6.098295   6.490049  -2.232070  -0.984631   4.326777   2.939091
 -2.209569   6.098295   6.490049  -2.232070  -0.984631   4.326777   2.939091
 -2.209569   6.098295   6.490049  -2.232070  -0.984631   4.326777   2.939091
 -2.209569   6.098295   6.490049  -2.232070  -0.984631   4.326777   2.939091
 -2.209569   6.098295   6.490049  -2.232070  -0.984631   4.326777   2.939091
 -2.209569   6.098295   6.490049  -2.232070  -0.984631   4.326777   2.939091
 -2.209569   6.098295   6.490049  -2.232070  -0.984631   4.326777   2.939091
 -2.209569   6.098295   6.490049  -2.232070  -0.984631   4.326777   2.939091
 -2.209569   6.098295   6.490049  -2.232070  -0.984631   4.326777   2.939091
 -2.209569   6.098295   6.490049  -2.232070  -0.984631   4.326777   2.939091