 0.000000  0.781146 -0.456579  0.177094  0.251694  0.963285 -0.037385  0.085640  0.000000  0.000000  0.000000  0.000000  0.000000  0.000000  0.000000 -0.309759 -0.152916 -0.742272  0.363069  0.249677  0.253557 -0.643208
 0.041461  0.781146 -0.456579  0.177094  0.251694  0.963285 -0.037385  0.085640 -0.012843 -0.006340 -0.030775  0.015053  0.010352  0.010513 -0.026668 -0.243906 -0.142997 -0.561568  0.293886  0.187216  0.195058 -0.491863
 0.082922  0.780613 -0.456842  0.175818  0.252318  0.963714 -0.036949  0.084535 -0.022956 -0.012269 -0.054059  0.027238  0.018114  0.018600 -0.047061 -0.187236 -0.132105 -0.408500  0.233533  0.134442  0.145117 -0.363135
 0.124383  0.779662 -0.457351  0.173577  0.253447  0.964465 -0.036178  0.082583 -0.030719 -0.017746 -0.070996  0.036921  0.023688  0.024617 -0.062117 -0.138693 -0.120513 -0.279726  0.181052  0.090176  0.102725 -0.254324
 0.165845  0.778388 -0.458086  0.170633  0.254978  0.965448 -0.035157  0.080008 -0.036469 -0.022743 -0.082593  0.044427  0.027427  0.028876 -0.072662 -0.097334 -0.108454 -0.172264  0.135582  0.053364  0.066979 -0.163017
 0.207306  0.776876 -0.459029  0.167209  0.256820  0.966585 -0.033960  0.076995 -0.040505 -0.027239 -0.089736  0.050049  0.029640  0.031653 -0.079421 -0.062311 -0.096128 -0.083450  0.096343  0.023069  0.037071 -0.087056
 0.248767  0.775197 -0.460159  0.163488  0.258895  0.967814 -0.032647  0.073702 -0.043088 -0.031225 -0.093195  0.054043  0.030596  0.033190 -0.083030 -0.032866 -0.083702 -0.010910  0.062638 -0.001547  0.012281 -0.024517
 0.290228  0.773410 -0.461453  0.159624  0.261136  0.969082 -0.031271  0.070260 -0.044451 -0.034695 -0.093648  0.056640  0.030532  0.033699 -0.084047 -0.008319 -0.071314  0.047466  0.033836 -0.021226 -0.008036  0.026314
 0.331689  0.771567 -0.462892  0.155741  0.263484  0.970348 -0.029874  0.066775 -0.044796 -0.037652 -0.091680  0.058043  0.029652  0.033366 -0.082956  0.011935 -0.059079  0.093558  0.009371 -0.036631 -0.024453  0.066964
 0.373150  0.769710 -0.464453  0.151940  0.265891  0.971577 -0.028491  0.063336 -0.044301 -0.040102 -0.087801  0.058432  0.028133  0.032352 -0.080179  0.028437 -0.047085  0.129030 -0.011265 -0.048345 -0.037479  0.098788
 0.414611  0.767873 -0.466116  0.148300  0.268313  0.972744 -0.027149  0.060011 -0.043122 -0.042054 -0.082451  0.057965  0.026129  0.030798 -0.076083  0.041671 -0.035405  0.155356 -0.028532 -0.056887 -0.047567  0.122988
 0.456073  0.766085 -0.467859  0.144881  0.270717  0.973827 -0.025872  0.056857 -0.041394 -0.043522 -0.076010  0.056782  0.023770  0.028826 -0.070984  0.052067 -0.024088  0.173839 -0.042840 -0.062713 -0.055118  0.140627
 0.497534  0.764369 -0.469664  0.141730  0.273071  0.974813 -0.024677  0.053914 -0.039235 -0.044520 -0.068802  0.055005  0.021170  0.026541 -0.065154  0.060006 -0.013167  0.185626 -0.054561 -0.066224 -0.060487  0.152645
 0.538995  0.762742 -0.471510  0.138877  0.275351  0.975690 -0.023577  0.051212 -0.036747 -0.045066 -0.061106  0.052743  0.018424  0.024033 -0.058825  0.065828 -0.002659  0.191725 -0.064029 -0.067773 -0.063983  0.159867
 0.580456  0.761219 -0.473378  0.136344  0.277538  0.976454 -0.022580  0.048774 -0.034018 -0.045177 -0.053157  0.050089  0.015614  0.021380 -0.052197  0.069836  0.007434  0.193019 -0.071545 -0.067666 -0.065881  0.163020
 0.621917  0.759808 -0.475251  0.134140  0.279615  0.977102 -0.021694  0.046609 -0.031123 -0.044868 -0.045154  0.047122  0.012809  0.018649 -0.045438  0.072296  0.017123  0.190284 -0.077382 -0.066173 -0.066419  0.162741
 0.663378  0.758518 -0.477111  0.132268  0.281569  0.977633 -0.020921  0.044726 -0.028125 -0.044158 -0.037265  0.043914  0.010065  0.015895 -0.038690  0.073445  0.026428  0.184199 -0.081784 -0.063526 -0.065801  0.159588
 0.704839  0.757352 -0.478942  0.130723  0.283389  0.978050 -0.020262  0.043121 -0.025080 -0.043063 -0.029628  0.040523  0.007431  0.013167 -0.032073  0.073494  0.035373  0.175367 -0.084974 -0.059931 -0.064204  0.154053
 0.746301  0.756312 -0.480728  0.129494  0.285069  0.978358 -0.019716  0.041792 -0.022033 -0.041596 -0.022357  0.037000  0.004946  0.010505 -0.025686  0.072628  0.043978  0.164330 -0.087148 -0.055574 -0.061780  0.146575
 0.787762  0.755398 -0.482452  0.128567  0.286604  0.978563 -0.019280  0.040727 -0.019022 -0.039773 -0.015543  0.033387  0.002642  0.007943 -0.019609  0.071014  0.052239  0.151597 -0.088474 -0.050627 -0.058659  0.137557
 0.829223  0.754610 -0.484101  0.127923  0.287988  0.978673 -0.018951  0.039914 -0.016077 -0.037607 -0.009258  0.029718  0.000543  0.005511 -0.013906  0.068799  0.060114  0.137668 -0.089093 -0.045258 -0.054955  0.127382
 0.870684  0.753943 -0.485661  0.127539  0.289220  0.978695 -0.018723  0.039337 -0.013225 -0.035114 -0.003550  0.026024 -0.001333  0.003233 -0.008624  0.066114  0.067491  0.123060 -0.089101 -0.039648 -0.050776  0.116432
 0.912145  0.753395 -0.487116  0.127392  0.290299  0.978640 -0.018589  0.038979 -0.010484 -0.032316  0.001552  0.022330 -0.002977  0.001127 -0.003797  0.063074  0.074173  0.108319 -0.088550 -0.033992 -0.046231  0.105102
 0.953606  0.752960 -0.488456  0.127456  0.291225  0.978517 -0.018542  0.038822 -0.007869 -0.029241  0.006043  0.018659 -0.004387 -0.000789  0.000561  0.059777  0.079874  0.094016 -0.087442 -0.028500 -0.041439  0.093794
 0.995067  0.752634 -0.489669  0.127707  0.291998  0.978335 -0.018575  0.038845 -0.005390 -0.025929  0.009941  0.015033 -0.005568 -0.002508  0.004450  0.056302  0.084252  0.080690 -0.085733 -0.023381 -0.036533  0.082893
 1.036529  0.752411 -0.490744  0.128119  0.292622  0.978104 -0.018678  0.039030 -0.003056 -0.022436  0.013287  0.011479 -0.006538 -0.004022  0.007886  0.052706  0.086991  0.068768 -0.083362 -0.018812 -0.031653  0.072718
 1.077990  0.752284 -0.491674  0.128670  0.293098  0.977833 -0.018845  0.039357 -0.000870 -0.018829  0.016138  0.008023 -0.007318 -0.005335  0.010901  0.049024  0.087897  0.058477 -0.080283 -0.014899 -0.026928  0.063463
 1.119451  0.752248 -0.492455  0.129339  0.293430  0.977529 -0.019066  0.039809  0.001162 -0.015185  0.018562  0.004694 -0.007935 -0.006451  0.013533  0.045272  0.086976  0.049795 -0.076503 -0.011656 -0.022456  0.055160
 1.160912  0.752296 -0.493084  0.130109  0.293625  0.977200 -0.019334  0.040370  0.003039 -0.011579  0.020627  0.001522 -0.008419 -0.007382  0.015820  0.041453  0.084449  0.042480 -0.072089 -0.009007 -0.018287  0.047698
 1.202373  0.752422 -0.493564  0.130964  0.293688  0.976851 -0.019640  0.041026  0.004758 -0.008077  0.022388 -0.001467 -0.008792 -0.008140  0.017797  0.037564  0.080691  0.036158 -0.067164 -0.006818 -0.014420  0.040865
 1.243834  0.752619 -0.493899  0.131892  0.293627  0.976487 -0.019977  0.041764  0.006315 -0.004732  0.023887 -0.004251 -0.009075 -0.008738  0.019492  0.033600  0.076134  0.030438 -0.061878 -0.004939 -0.010819  0.034420
 1.285295  0.752881 -0.494095  0.132882  0.293451  0.976111 -0.020340  0.042572  0.007708 -0.001575  0.025149 -0.006817 -0.009279 -0.009187  0.020919  0.029555  0.071187  0.024988 -0.056379 -0.003235 -0.007424  0.028146
 1.326757  0.753201 -0.494161  0.133925  0.293168  0.975726 -0.020721  0.043439  0.008934  0.001376  0.026185 -0.009155 -0.009414 -0.009495  0.022086  0.025428  0.066172  0.019577 -0.050792 -0.001607 -0.004177  0.021881
 1.368218  0.753571 -0.494104  0.135011  0.292789  0.975336 -0.021114  0.044355  0.009988  0.004120  0.026997 -0.011260 -0.009480 -0.009668  0.022993  0.021221  0.061310  0.014087 -0.045213  0.000001 -0.001033  0.015533
 1.409679  0.753985 -0.493933  0.136130  0.292322  0.974943 -0.021515  0.045308  0.010868  0.006662  0.027581 -0.013135 -0.009480 -0.009711  0.023637  0.016950  0.056716  0.008498 -0.039709  0.001608  0.002024  0.009088
 1.451140  0.754436 -0.493657  0.137274  0.291777  0.974549 -0.021918  0.046288  0.011571  0.009013  0.027934 -0.014781 -0.009414 -0.009627  0.024014  0.012653  0.052406  0.002876 -0.034330  0.003197  0.004965  0.002612
 1.492601  0.754915 -0.493283  0.138432  0.291164  0.974159 -0.022317  0.047284  0.012095  0.011186  0.028053 -0.016205 -0.009281 -0.009421  0.024122  0.008409  0.048313 -0.002630 -0.029119  0.004722  0.007706 -0.003729
 1.534062  0.755417 -0.492819  0.139595  0.290493  0.973774 -0.022707  0.048284  0.012444  0.013189  0.027944 -0.017412 -0.009085 -0.009101  0.023967  0.004354  0.044287 -0.007800 -0.024129  0.006107  0.010087 -0.009656
 1.575523  0.755933 -0.492272  0.140753  0.289771  0.973398 -0.023085  0.049278  0.012624  0.015025  0.027620 -0.018413 -0.008832 -0.008683  0.023567  0.000695  0.040125 -0.012359 -0.019433  0.007262  0.011878 -0.014776
 1.616985  0.756456 -0.491649  0.141899  0.289007  0.973031 -0.023445  0.050255  0.012653  0.016689  0.027108 -0.019218 -0.008531 -0.008191  0.022954 -0.002304  0.035595 -0.016008 -0.015130  0.008090  0.012799 -0.018611
 1.658446  0.756981 -0.490957  0.143023  0.288210  0.972678 -0.023784  0.051206  0.012558  0.018165  0.026444 -0.019846 -0.008195 -0.007660  0.022183 -0.004355  0.030500 -0.018490 -0.011335  0.008512  0.012580 -0.020690
 1.699907  0.757502 -0.490204  0.144119  0.287388  0.972338 -0.024102  0.052126  0.012377  0.019429  0.025678 -0.020316 -0.007843 -0.007138  0.021325 -0.005222  0.024735 -0.019670 -0.008155  0.008498  0.011035 -0.020669
 1.741368  0.758015 -0.489399  0.145184  0.286545  0.972013 -0.024398  0.053010  0.012161  0.020455  0.024862 -0.020654 -0.007490 -0.006681  0.020468 -0.004794  0.018340 -0.019593 -0.005652  0.008078  0.008147 -0.018454
 1.782829  0.758519 -0.488551  0.146214  0.285689  0.971702 -0.024675  0.053859  0.011962  0.021215  0.024050 -0.020888 -0.007155 -0.006343  0.019703 -0.003132  0.011494 -0.018493 -0.003825  0.007343  0.004084 -0.014249
 1.824290  0.759015 -0.487671  0.147212  0.284823  0.971406 -0.024938  0.054676  0.011832  0.021692  0.023283 -0.021047 -0.006851 -0.006174  0.019112 -0.000450  0.004471 -0.016737 -0.002600  0.006422 -0.000836 -0.008504
 1.865751  0.759505 -0.486772  0.148177  0.283950  0.971122 -0.025194  0.055468  0.011813  0.021877  0.022589 -0.021154 -0.006585 -0.006208  0.018759  0.002949 -0.002446 -0.014735 -0.001854  0.005450 -0.006232 -0.001779
 1.907213  0.759995 -0.485865  0.149113  0.283073  0.970849 -0.025451  0.056246  0.011936  0.021776  0.021978 -0.021231 -0.006359 -0.006467  0.018686  0.006758 -0.009027 -0.012848 -0.001440  0.004539 -0.011751  0.005397
 1.948674  0.760490 -0.484962  0.150025  0.282193  0.970585 -0.025719  0.057021  0.012216  0.021402  0.021445 -0.021291 -0.006170 -0.006954  0.018909  0.010731 -0.015140 -0.011329 -0.001220  0.003762 -0.017133  0.012639
 1.990135  0.760997 -0.484074  0.150914  0.281310  0.970329 -0.026008  0.057805  0.012661  0.020774  0.020976 -0.021342 -0.006014 -0.007664  0.019433  0.014732 -0.020761 -0.010297 -0.001081  0.003146 -0.022234  0.019758
 2.031596  0.761522 -0.483213  0.151784  0.280425  0.970080 -0.026326  0.058610  0.013271  0.019913  0.020549 -0.021386 -0.005884 -0.008586  0.020253  0.018747 -0.025970 -0.009724 -0.000945  0.002677 -0.027028  0.026775
 2.073057  0.762072 -0.482387  0.152636  0.279539  0.969836 -0.026682  0.059450  0.014049  0.018836  0.020146 -0.021426 -0.005773 -0.009707  0.021363  0.022895 -0.030940 -0.009423 -0.000776  0.002298 -0.031597  0.033919
 2.114518  0.762654 -0.481606  0.153471  0.278650  0.969596 -0.027084  0.060336  0.014998  0.017554  0.019755 -0.021458 -0.005678 -0.011017  0.022769  0.027421 -0.035917 -0.009028 -0.000582  0.001915 -0.036111  0.041601
 2.155980  0.763276 -0.480879  0.154290  0.277761  0.969361 -0.027541  0.061280  0.016135  0.016064  0.019381 -0.021482 -0.005598 -0.012514  0.024494  0.032688 -0.041207 -0.007972 -0.000421  0.001390 -0.040806  0.050385
 2.197441  0.763945 -0.480213  0.155093  0.276870  0.969129 -0.028060  0.062295  0.017490  0.014356  0.019050 -0.021499 -0.005541 -0.014206  0.026583  0.039132 -0.047131 -0.005489 -0.000405  0.000552 -0.045950  0.060910
 2.238902  0.764670 -0.479617  0.155883  0.275979  0.968899 -0.028649  0.063398  0.019113  0.012402  0.018823 -0.021516 -0.005518 -0.016111  0.029108  0.047191 -0.053966 -0.000671 -0.000693 -0.000787 -0.051788  0.073763
 2.280363  0.765463 -0.479103  0.156664  0.275086  0.968670 -0.029317  0.064604  0.021069  0.010164  0.018795 -0.021545 -0.005550 -0.018258  0.032167  0.057174 -0.061857  0.007377 -0.001470 -0.002797 -0.058467  0.089285
 2.321824  0.766336 -0.478682  0.157443  0.274193  0.968440 -0.030074  0.065938  0.023440  0.007600  0.019101 -0.021606 -0.005666 -0.020682  0.035869  0.069118 -0.070729  0.019302 -0.002911 -0.005579 -0.065961  0.107375
 2.363285  0.767308 -0.478367  0.158235  0.273297  0.968205 -0.030931  0.067425  0.026305  0.004667  0.019901 -0.021726 -0.005898 -0.023417  0.040320  0.082693 -0.080242  0.035241 -0.005121 -0.009113 -0.074024  0.127367
 2.404746  0.768399 -0.478173  0.159060  0.272397  0.967961 -0.031902  0.069097  0.029734  0.001340  0.021362 -0.021939 -0.006276 -0.026486  0.045601  0.097209 -0.089833  0.054683 -0.008101 -0.013242 -0.082225  0.148100
 2.446208  0.769631 -0.478118  0.159946  0.271487  0.967701 -0.033000  0.070988  0.033764 -0.002384  0.023629 -0.022275 -0.006825 -0.029895  0.051742  0.111769 -0.098848  0.076549 -0.011740 -0.017699 -0.090046  0.168174
 2.487669  0.771031 -0.478216  0.160925  0.270563  0.967418 -0.034240  0.073133  0.038398 -0.006483  0.026803 -0.022761 -0.007558 -0.033629  0.058714  0.125485 -0.106692  0.099454 -0.015842 -0.022170 -0.097012  0.186279
 2.529130  0.772623 -0.478485  0.162037  0.269620  0.967104 -0.035634  0.075567  0.043601 -0.010906  0.030927 -0.023418 -0.008478 -0.037651  0.066438  0.137668 -0.112951  0.122043 -0.020186 -0.026369 -0.102790  0.201466
 2.570591  0.774431 -0.478937  0.163319  0.268649  0.966753 -0.037195  0.078322  0.049309 -0.015589  0.035987 -0.024255 -0.009571 -0.041913  0.074791  0.147917 -0.117425  0.143232 -0.024572 -0.030082 -0.107223  0.213235
 2.612052  0.776476 -0.479584  0.164811  0.267643  0.966356 -0.038933  0.081423  0.055442 -0.020458  0.041925 -0.025274 -0.010818 -0.046358  0.083632  0.156095 -0.120092  0.162310 -0.028845 -0.033187 -0.110303  0.221491
 2.653513  0.778774 -0.480432  0.166549  0.266595  0.965907 -0.040855  0.084890  0.061914 -0.025437  0.048655 -0.026470 -0.012194 -0.050932  0.092815  0.162251 -0.121044  0.178905 -0.032897 -0.035645 -0.112116  0.226399
 2.694974  0.781341 -0.481487  0.168566  0.265498  0.965402 -0.042966  0.088738  0.068641 -0.030456  0.056072 -0.027834 -0.013672 -0.055580  0.102202  0.166514 -0.120414  0.192881 -0.036646 -0.037485 -0.112780  0.228247
 2.736436  0.784187 -0.482749  0.170891  0.264344  0.964835 -0.045271  0.092976  0.075545 -0.035448  0.064069 -0.029353 -0.015226 -0.060256  0.111665  0.168993 -0.118329  0.204210 -0.040007 -0.038789 -0.112389  0.227318
 2.777897  0.787319 -0.484219  0.173548  0.263127  0.964204 -0.047769  0.097606  0.082551 -0.040354  0.072536 -0.031012 -0.016834 -0.064916  0.121090  0.169698 -0.114882  0.212860 -0.042854 -0.039685 -0.110974  0.223819
 2.819358  0.790742 -0.485892  0.176555  0.261841  0.963506 -0.050461  0.102626  0.089587 -0.045117  0.081362 -0.032789 -0.018480 -0.069517  0.130370  0.168487 -0.110132  0.218702 -0.044985 -0.040339 -0.108488  0.217851
 2.860819  0.794456 -0.487763  0.179928  0.260482  0.962740 -0.053343  0.108031  0.096573 -0.049684  0.090429 -0.034654 -0.020152 -0.074015  0.139402  0.165054 -0.104132  0.221471 -0.046109 -0.040959 -0.104798  0.209427
 2.902280  0.798461 -0.489823  0.183678  0.259045  0.961904 -0.056412  0.113811  0.103416 -0.054001  0.099612 -0.036566 -0.021850 -0.078360  0.148085  0.158975 -0.096975  0.220788 -0.045853 -0.041776 -0.099727  0.198544
 2.943741  0.802748 -0.492062  0.187808  0.257529  0.960998 -0.059660  0.119951  0.110008 -0.058022  0.108766 -0.038467 -0.023582 -0.082495  0.156317  0.149831 -0.088858  0.216268 -0.043829 -0.043016 -0.093123  0.185295
 2.985202  0.807309 -0.494467  0.192317  0.255934  0.960020 -0.063081  0.126432  0.116220 -0.061706  0.117732 -0.040284 -0.025366 -0.086356  0.163999  0.137395 -0.080118  0.207703 -0.039742 -0.044854 -0.084954  0.169986
 3.026664  0.812128 -0.497026  0.197199  0.254264  0.958969 -0.066661  0.133232  0.121916 -0.065028  0.126344 -0.041932 -0.027226 -0.089878  0.171047  0.121802 -0.071226  0.195241 -0.033513 -0.047362 -0.075385  0.153196
 3.068125  0.817183 -0.499722  0.202437  0.252525  0.957840 -0.070388  0.140323  0.126966 -0.067981  0.134439 -0.043321 -0.029189 -0.093004  0.177399  0.103623 -0.062716  0.179472 -0.025349 -0.050482 -0.064800  0.135730
 3.109586  0.822447 -0.502540  0.208011  0.250729  0.956630 -0.074244  0.147679  0.131263 -0.070581  0.141880 -0.044372 -0.031282 -0.095690  0.183026  0.083777 -0.055077  0.161358 -0.015720 -0.054042 -0.053738  0.118467
 3.151047  0.827889 -0.505467  0.213893  0.248889  0.955333 -0.078211  0.155267  0.134736 -0.072865  0.148570 -0.045024 -0.033523 -0.097918  0.187938  0.063317 -0.048662  0.142026 -0.005250 -0.057806 -0.042776  0.102183
 3.192508  0.833475 -0.508488  0.220053  0.247022  0.953943 -0.082271  0.163059  0.137361 -0.074882  0.154459 -0.045242 -0.035920 -0.099692  0.192175  0.043208 -0.043642  0.122542  0.005425 -0.061529 -0.032412  0.087409
 3.233969  0.839171 -0.511593  0.226457  0.245147  0.952453 -0.086404  0.171027  0.139153 -0.076692  0.159540 -0.045017 -0.038471 -0.101036  0.195799  0.024169 -0.040021  0.103749  0.015763 -0.065003 -0.023005  0.074384
 3.275430  0.844940 -0.514772  0.233072  0.243280  0.950858 -0.090593  0.179145  0.140155 -0.078351  0.163841 -0.044363 -0.041166 -0.101990  0.198883  0.006626 -0.037682  0.086209  0.025355 -0.068068 -0.014750  0.063081
 3.316892  0.850751 -0.518021  0.239865  0.241441  0.949152 -0.094822  0.187391  0.140430 -0.079913  0.167415 -0.043312 -0.043988 -0.102601  0.201498 -0.009261 -0.036424  0.070232  0.033915 -0.070598 -0.007705  0.053260
 3.358353  0.856573 -0.521334  0.246806  0.239645  0.947328 -0.099076  0.195745  0.140046 -0.081423  0.170327 -0.041906 -0.046915 -0.102921  0.203707 -0.023524 -0.035991  0.055941  0.041232 -0.072476 -0.001821  0.044520
 3.399814  0.862380 -0.524710  0.253868  0.237908  0.945383 -0.103343  0.204191  0.139070 -0.082916  0.172647 -0.040196 -0.049920 -0.102996  0.205552 -0.036315 -0.036069  0.043347  0.047113 -0.073552  0.003038  0.036335
 3.441275  0.868146 -0.528148  0.261026  0.236241  0.943313 -0.107613  0.212714  0.137565 -0.084411  0.174444 -0.038243 -0.052970 -0.102870  0.207059 -0.047834 -0.036269  0.032418  0.051328 -0.073622  0.007072  0.028070
 3.482736  0.873849 -0.531648  0.268259  0.234655  0.941117 -0.111879  0.221299  0.135581 -0.085915  0.175788 -0.036115 -0.056022 -0.102577  0.208223 -0.058261 -0.036098  0.023122  0.053585 -0.072402  0.010553  0.019017
 3.524197  0.879471 -0.535210  0.275547  0.233158  0.938794 -0.116132  0.229932  0.133166 -0.087412  0.176747 -0.033893 -0.059024 -0.102139  0.209011 -0.067707 -0.034956  0.015450  0.053538 -0.069548  0.013808  0.008453
 3.565658  0.884992 -0.538834  0.282876  0.231753  0.936347 -0.120366  0.238598  0.130359 -0.088861  0.177387 -0.031673 -0.061908 -0.101567  0.209362 -0.076164 -0.032178  0.009413  0.050849 -0.064712  0.017206 -0.004239
 3.607120  0.890397 -0.542518  0.290230  0.230440  0.933780 -0.124577  0.247278  0.127201 -0.090195  0.177777 -0.029565 -0.064591 -0.100853  0.209186 -0.083499 -0.027144  0.005013  0.045310 -0.057651  0.021105 -0.019396
 3.648581  0.895671 -0.546258  0.297601  0.229214  0.931102 -0.128759  0.255951  0.123739 -0.091320  0.177985 -0.027686 -0.066981 -0.099978  0.208382 -0.089473 -0.019446  0.002194  0.036977 -0.048349  0.025774 -0.036912
 3.690042  0.900801 -0.550044  0.304981  0.228066  0.928325 -0.132904  0.264591  0.120029 -0.092127  0.178076 -0.026153 -0.068986 -0.098910  0.206851 -0.093825 -0.009047  0.000804  0.026259 -0.037109  0.031316 -0.056164
 3.731503  0.905778 -0.553864  0.312364  0.226982  0.925465 -0.137005  0.273167  0.116139 -0.092502  0.178110 -0.025065 -0.070524 -0.097611  0.204523 -0.096368  0.003660  0.000583  0.013886 -0.024528  0.037633 -0.076117
 3.772964  0.910593 -0.557699  0.319748  0.225942  0.922541 -0.141052  0.281647  0.112144 -0.092350  0.178134 -0.024489 -0.071541 -0.096051  0.201367 -0.097056  0.017932  0.001195  0.000762 -0.011381  0.044456 -0.095572
 3.814425  0.915242 -0.561528  0.327134  0.224927  0.919575 -0.145035  0.289996  0.108119 -0.091607  0.178183 -0.024457 -0.072013 -0.094208  0.197404 -0.096008  0.032866  0.002290 -0.012231  0.001560  0.051420 -0.113451
 3.855886  0.919725 -0.565326  0.334522  0.223913  0.916589 -0.148940  0.298180  0.104139 -0.090244  0.178278 -0.024964 -0.071948 -0.092076  0.192701 -0.093469  0.047604  0.003553 -0.024394  0.013668  0.058161 -0.128988
 3.897348  0.924043 -0.569068  0.341913  0.222878  0.913606 -0.152758  0.306170  0.100264 -0.088270  0.178426 -0.025976 -0.071382 -0.089665  0.187353 -0.089745  0.061467  0.004739 -0.035269  0.024530  0.064387 -0.141784
 3.938809  0.928200 -0.572727  0.349311  0.221801  0.910646 -0.156476  0.313938  0.096543 -0.085722  0.178622 -0.027438 -0.070365 -0.086995  0.181474 -0.085157  0.074001  0.005676 -0.044620  0.033936  0.069904 -0.151743
 3.980270  0.932203 -0.576282  0.356717  0.220663  0.907729 -0.160083  0.321462  0.093012 -0.082654  0.178857 -0.029288 -0.068958 -0.084097  0.175183 -0.080007  0.084953  0.006255 -0.052357  0.041824  0.074620 -0.158962
 4.021731  0.936059 -0.579708  0.364133  0.219449  0.904870 -0.163569  0.328725  0.089695 -0.079131  0.179117 -0.031459 -0.067223 -0.081003  0.168592 -0.074582  0.094211  0.006409 -0.058441  0.048212  0.078528 -0.163604
 4.063192  0.939778 -0.582989  0.371559  0.218145  0.902083 -0.166928  0.335715  0.086602 -0.075225  0.179382 -0.033882 -0.065225 -0.077747  0.161809 -0.069176  0.101746  0.006102 -0.062802  0.053133  0.081694 -0.165811
 4.104653  0.943369 -0.586108  0.378996  0.216740  0.899378 -0.170151  0.342424  0.083734 -0.071007  0.179635 -0.036486 -0.063022 -0.074360  0.154934 -0.064117  0.107553  0.005320 -0.065272  0.056593  0.084238 -0.165635
 4.146114  0.946840 -0.589052  0.386444  0.215227  0.896765 -0.173234  0.348848  0.081076 -0.066547  0.179856 -0.039192 -0.060675 -0.070867  0.148066 -0.059796  0.111626  0.004081 -0.065559  0.058545  0.086333 -0.163024
 4.187576  0.950202 -0.591811  0.393901  0.213602  0.894250 -0.176173  0.354987  0.078597 -0.061919  0.180025 -0.041910 -0.058248 -0.067288  0.141307 -0.056674  0.113952  0.002448 -0.063262  0.058894  0.088187 -0.157845
 4.229037  0.953461 -0.594379  0.401365  0.211865  0.891835 -0.178962  0.360845  0.076247 -0.057195  0.180127 -0.044533 -0.055806 -0.063631  0.134763 -0.055236  0.114531  0.000549 -0.057967  0.057540  0.090026 -0.149973
 4.270498  0.956622 -0.596750  0.408834  0.210018  0.889521 -0.181601  0.366433  0.073957 -0.052446  0.180150 -0.046936 -0.053420 -0.059899  0.128545 -0.055899  0.113425 -0.001419 -0.049401  0.054443  0.092058 -0.139413
 4.311959  0.959688 -0.598925  0.416303  0.208072  0.887306 -0.184084  0.371762  0.071639 -0.047743  0.180091 -0.048985 -0.051163 -0.056082  0.122765 -0.058884  0.110808 -0.003200 -0.037612  0.049702  0.094428 -0.126425
 4.353420  0.962658 -0.600904  0.423770  0.206041  0.885185 -0.186409  0.376852  0.069198 -0.043149  0.179958 -0.050544 -0.049102 -0.052167  0.117523 -0.064110  0.106981 -0.004525 -0.023076  0.043597  0.097186 -0.111577
 4.394881  0.965527 -0.602693  0.431231  0.203946  0.883149 -0.188572  0.381725  0.066540 -0.038714  0.179770 -0.051501 -0.047295 -0.048138  0.112897 -0.071177  0.102351 -0.005167 -0.006659  0.036565  0.100272 -0.095673
 4.436342  0.968286 -0.604298  0.438684  0.201810  0.881188 -0.190568  0.386406  0.063589 -0.034470  0.179556 -0.051777 -0.045779 -0.043980  0.108930 -0.079460  0.097364 -0.004982  0.010563  0.029115  0.103554 -0.079592
 4.477804  0.970923 -0.605727  0.446129  0.199664  0.879290 -0.192392  0.390922  0.060294 -0.030433  0.179350 -0.051339 -0.044572 -0.039687  0.105630 -0.088259  0.092423 -0.003919  0.027536  0.021726  0.106865 -0.064106
 4.519265  0.973423 -0.606989  0.453565  0.197535  0.877442 -0.194037  0.395302  0.056635 -0.026601  0.179187 -0.050197 -0.043671 -0.035256  0.102972 -0.096941  0.087841 -0.002005  0.043411  0.014765  0.110051 -0.049757
 4.560726  0.975771 -0.608092  0.460994  0.195454  0.875631 -0.195499  0.399571  0.052616 -0.022959  0.179104 -0.048398 -0.043059 -0.030693  0.100909 -0.105014  0.083821  0.000692  0.057615  0.008458  0.112990 -0.036825
 4.602187  0.977952 -0.609044  0.468420  0.193447  0.873846 -0.196771  0.403755  0.048262 -0.019484  0.179133 -0.046009 -0.042708 -0.026008  0.099382 -0.112136  0.080465  0.004088  0.069823  0.002897  0.115580 -0.025364
 4.643648  0.979953 -0.609852  0.475847  0.191540  0.872075 -0.197850  0.407875  0.043612 -0.016148  0.179302 -0.043114 -0.042588 -0.021216  0.098331 -0.118065  0.077792  0.008094  0.079872 -0.001928  0.117713 -0.015271
 4.685109  0.981761 -0.610521  0.483281  0.189752  0.870310 -0.198729  0.411952  0.038717 -0.012923  0.179638 -0.039802 -0.042668 -0.016336  0.097698 -0.122595  0.075749  0.012600  0.087667 -0.006096  0.119224 -0.006360
 4.726570  0.983367 -0.611057  0.490729  0.188102  0.868541 -0.199407  0.416003  0.033634 -0.009782  0.180160 -0.036167 -0.042921 -0.011393  0.097434 -0.125479  0.074209  0.017448  0.093090 -0.009725  0.119844  0.001578
 4.768032  0.984761 -0.611463  0.498199  0.186602  0.866761 -0.199879  0.420043  0.028432 -0.006705  0.180884 -0.032308 -0.043324 -0.006424  0.097499 -0.126377  0.072955  0.022376  0.095938 -0.012951  0.119146  0.008719
 4.809493  0.985940 -0.611741  0.505699  0.185263  0.864965 -0.200145  0.424085  0.023192 -0.003680  0.181811 -0.028330 -0.043861 -0.001484  0.097861 -0.124837  0.071664  0.026968  0.095917 -0.015913  0.116525  0.015168
 4.850954  0.986902 -0.611893  0.513237  0.184088  0.863146 -0.200207  0.428143  0.018016 -0.000709  0.182929 -0.024353 -0.044521  0.003347  0.098490 -0.120334  0.069898  0.030629  0.092685 -0.018732  0.111242  0.020921
 4.892415  0.987649 -0.611923  0.520821  0.183078  0.861300 -0.200068  0.432226  0.013027  0.002189  0.184199 -0.020510 -0.045297  0.007960  0.099357 -0.112394  0.067143  0.032608  0.085975 -0.021492  0.102544  0.025859
 4.933876  0.988189 -0.611832  0.528458  0.182228  0.859422 -0.199738  0.436346  0.008367  0.004973  0.185551 -0.016946 -0.046188  0.012211  0.100429 -0.100780  0.062891  0.032128  0.075766 -0.024224  0.089892  0.029771
 4.975337  0.988536 -0.611626  0.536151  0.181525  0.857507 -0.199232  0.440509  0.004189  0.007580  0.186883 -0.013804 -0.047193  0.015938  0.101664 -0.085675  0.056774  0.028577  0.062433 -0.026902  0.073191  0.032420
 5.016798  0.988709 -0.611311  0.543900  0.180953  0.855551 -0.198571  0.444725  0.000636  0.009934  0.188068 -0.011216 -0.048308  0.018973  0.103008 -0.067757  0.048682  0.021708  0.046778 -0.029448  0.052941  0.033632
 5.058260  0.988736 -0.610899  0.551697  0.180488  0.853548 -0.197784  0.448995 -0.002173  0.011953  0.188968 -0.009276 -0.049529  0.021168  0.104402 -0.048103  0.038803  0.011737  0.029917 -0.031765  0.030171  0.033370
 5.099721  0.988646 -0.610404  0.559532  0.180103  0.851494 -0.196907  0.453324 -0.004167  0.013561  0.189455 -0.008036 -0.050846  0.022419  0.105786 -0.027953  0.027570 -0.000714  0.013035 -0.033767  0.006208  0.031753
 5.141182  0.988473 -0.609842  0.567387  0.179770  0.849386 -0.195977  0.457710 -0.005326  0.014705  0.189425 -0.007496 -0.052246  0.022676  0.107102 -0.008443  0.015528 -0.014805 -0.002838 -0.035399 -0.017636  0.029024
 5.182643  0.988252 -0.609232  0.575241  0.179459  0.847220 -0.195037  0.462151 -0.005676  0.015348  0.188811 -0.007613 -0.053714  0.021945  0.108306  0.009562  0.003204 -0.029675 -0.016970 -0.036651 -0.040293  0.025480
 5.224104  0.988017 -0.608596  0.583069  0.179144  0.844993 -0.194127  0.466641 -0.005280  0.015481  0.187581 -0.008317 -0.055233  0.020274  0.109362  0.025525 -0.008988 -0.044593 -0.028946 -0.037537 -0.061043  0.021405
 5.265565  0.987798 -0.607954  0.590847  0.178799  0.842703 -0.193286  0.471175 -0.004222  0.015109  0.185732 -0.009517 -0.056790  0.017743  0.110250  0.039180 -0.020770 -0.059021 -0.038603 -0.038086 -0.079485  0.017025
 5.307026  0.987623 -0.607327  0.598547  0.178404  0.840348 -0.192551  0.475746 -0.002597  0.014247  0.183285 -0.011118 -0.058369  0.014448  0.110955  0.050442 -0.031988 -0.072603 -0.045938 -0.038316 -0.095438  0.012484
 5.348488  0.987515 -0.606737  0.606147  0.177943  0.837928 -0.191952  0.480347 -0.000506  0.012921  0.180275 -0.013022 -0.059957  0.010491  0.111473  0.059295 -0.042562 -0.085109 -0.051019 -0.038217 -0.108831  0.007840
 5.389949  0.987494 -0.606201  0.613621  0.177404  0.835442 -0.191517  0.484969  0.001953  0.011156  0.176746 -0.015137 -0.061542  0.005979  0.111798  0.065719 -0.052423 -0.096368 -0.053930 -0.037733 -0.119583  0.003068
 5.431410  0.987575 -0.605738  0.620949  0.176776  0.832891 -0.191269  0.489604  0.004677  0.008983  0.172751 -0.017373 -0.063106  0.001021  0.111925  0.069635 -0.061454 -0.106193 -0.054746 -0.036749 -0.127528 -0.001924
 5.472871  0.987769 -0.605366  0.628111  0.176056  0.830274 -0.191227  0.494244  0.007565  0.006435  0.168348 -0.019643 -0.064630 -0.004267  0.111846  0.070899 -0.069427 -0.114325 -0.053545 -0.035097 -0.132376 -0.007264
 5.514332  0.988082 -0.605099  0.635091  0.175241  0.827595 -0.191404  0.498882  0.010504  0.003556  0.163608 -0.021863 -0.066085 -0.009755  0.111544  0.069353 -0.075976 -0.120413 -0.050457 -0.032575 -0.133739 -0.013078
 5.555793  0.988518 -0.604952  0.641875  0.174335  0.824855 -0.191808  0.503506  0.013380  0.000406  0.158615 -0.023955 -0.067436 -0.015300  0.111002  0.064926 -0.080623 -0.124048 -0.045726 -0.028997 -0.131248 -0.019432
 5.597254  0.989073 -0.604935  0.648451  0.173341  0.822059 -0.192442  0.508109  0.016072 -0.002936  0.153472 -0.025851 -0.068638 -0.020742  0.110196  0.057757 -0.082874 -0.124867 -0.039761 -0.024267 -0.124730 -0.026271
 5.638716  0.989739 -0.605057  0.654814  0.172270  0.819213 -0.193302  0.512678  0.018466 -0.006372  0.148295 -0.027500 -0.069644 -0.025913  0.109107  0.048284 -0.082370 -0.122688 -0.033129 -0.018442 -0.114380 -0.033393
 5.680177  0.990505 -0.605321  0.660963  0.171129  0.816325 -0.194377  0.517201  0.020468 -0.009788  0.143208 -0.028873 -0.070409 -0.030656  0.107723  0.037234 -0.079031 -0.117616 -0.026476 -0.011760 -0.100843 -0.040471
 5.721638  0.991353 -0.605727  0.666900  0.169932  0.813406 -0.195648  0.521668  0.022012 -0.013064  0.138332 -0.029971 -0.070896 -0.034837  0.106045  0.025503 -0.073118 -0.110064 -0.020406 -0.004599 -0.085121 -0.047123
 5.763099  0.992266 -0.606268  0.672636  0.168690  0.810467 -0.197092  0.526064  0.023069 -0.016096  0.133768 -0.030817 -0.071087 -0.038366  0.104091  0.013965 -0.065170 -0.100658 -0.015364  0.002610 -0.068369 -0.053003
 5.804560  0.993222 -0.606936  0.678182  0.167412  0.807519 -0.198683  0.530380  0.023648 -0.018798  0.129595 -0.031454 -0.070979 -0.041201  0.101893  0.003324 -0.055869 -0.090092 -0.011587  0.009467 -0.051660 -0.057859
 5.846021  0.994203 -0.607715  0.683555  0.166108  0.804576 -0.200391  0.534605  0.023786 -0.021114  0.125860 -0.031934 -0.070586 -0.043343  0.099494 -0.005965 -0.045895 -0.078994 -0.009116  0.015667 -0.035828 -0.061555
 5.887482  0.995189 -0.608590  0.688773  0.164784  0.801650 -0.202188  0.538730  0.023539 -0.023017  0.122584 -0.032312 -0.069937 -0.044828  0.096942 -0.013683 -0.035819 -0.067852 -0.007852  0.021007 -0.021421 -0.064054
 5.928944  0.996165 -0.609545  0.693856  0.163444  0.798750 -0.204047  0.542749  0.022971 -0.024502  0.119771 -0.032638 -0.069066 -0.045716  0.094287 -0.019794 -0.026063 -0.056994 -0.007623  0.025382 -0.008729 -0.065383
 5.970405  0.997117 -0.610561  0.698822  0.162091  0.795887 -0.205942  0.546658  0.022151 -0.025583  0.117408 -0.032954 -0.068013 -0.046078  0.091576 -0.024370 -0.016897 -0.046618 -0.008233  0.028744  0.002142 -0.065595
 6.011866  0.998036 -0.611621  0.703690  0.160725  0.793067 -0.207853  0.550455  0.021140 -0.026283  0.115475 -0.033295 -0.066822 -0.045989  0.088856 -0.027540 -0.008464 -0.036835 -0.009488  0.031089  0.011191 -0.064753
 6.053327  0.998912 -0.612711  0.708477  0.159344  0.790296 -0.209759  0.554139  0.019999 -0.026634  0.113948 -0.033689 -0.065533 -0.045525  0.086171 -0.029457 -0.000805 -0.027730 -0.011203  0.032430  0.018468 -0.062924
 6.094788  0.999742 -0.613815  0.713202  0.157947  0.787579 -0.211647  0.557712  0.018777 -0.026668  0.112798 -0.034153 -0.064188 -0.044760  0.083562 -0.030278  0.006112 -0.019409 -0.013195  0.032806  0.024033 -0.060187
 6.136249  1.000520 -0.614921  0.717878  0.156531  0.784918 -0.213503  0.561177  0.017522 -0.026414  0.111994 -0.034700 -0.062828 -0.043763  0.081067 -0.030178  0.012371 -0.012040 -0.015269  0.032292  0.027946 -0.056667
 6.177711  1.001247 -0.616016  0.722522  0.155093  0.782313 -0.215317  0.564538  0.016271 -0.025901  0.111494 -0.035333 -0.061489 -0.042604  0.078718 -0.029356  0.018083 -0.005871 -0.017210  0.031018  0.030281 -0.052564
 6.219172  1.001921 -0.617090  0.727145  0.153628  0.779764 -0.217084  0.567801  0.015054 -0.025152  0.111251 -0.036047 -0.060203 -0.041349  0.076538 -0.028052  0.023368 -0.001202 -0.018786  0.029196  0.031153 -0.048174
 6.260633  1.002545 -0.618133  0.731757  0.152133  0.777268 -0.218798  0.570975  0.013890 -0.024183  0.111201 -0.036826 -0.058992 -0.040057  0.074541 -0.026534  0.028322  0.001688 -0.019781  0.027106  0.030751 -0.043876
 6.302094  1.003121 -0.619135  0.736368  0.150606  0.774822 -0.220459  0.574065  0.012790 -0.023008  0.111271 -0.037646 -0.057869 -0.038782  0.072722 -0.025069  0.032999  0.002631 -0.020039  0.025071  0.029343 -0.040079
 6.343555  1.003652 -0.620089  0.740981  0.149045  0.772422 -0.222067  0.577081  0.011751 -0.021640  0.111380 -0.038477 -0.056829 -0.037566  0.071060 -0.023881  0.037402  0.001652 -0.019503  0.023388  0.027253 -0.037130
 6.385016  1.004139 -0.620987  0.745599  0.147450  0.770066 -0.223624  0.580027  0.010761 -0.020089  0.111449 -0.039285 -0.055859 -0.036436  0.069521 -0.023101  0.041489 -0.001020 -0.018231  0.022267  0.024802 -0.035243
 6.426477  1.004585 -0.621820  0.750220  0.145821  0.767750 -0.225135  0.582909  0.009803 -0.018369  0.111406 -0.040041 -0.054936 -0.035408  0.068059 -0.022763  0.045198 -0.005008 -0.016372  0.021802  0.022253 -0.034470
 6.467939  1.004991 -0.622581  0.754839  0.144161  0.765472 -0.226603  0.585731  0.008859 -0.016495  0.111199 -0.040720 -0.054032 -0.034485  0.066630 -0.022812  0.048474 -0.009880 -0.014125  0.021975  0.019779 -0.034718
 6.509400  1.005359 -0.623265  0.759449  0.142473  0.763232 -0.228033  0.588494  0.007913 -0.014486  0.110789 -0.041306 -0.053121 -0.033665  0.065191 -0.023140  0.051285 -0.015233 -0.011691  0.022690  0.017465 -0.035804
 6.550861  1.005687 -0.623866  0.764043  0.140760  0.761030 -0.229429  0.591196  0.006954 -0.012359  0.110158 -0.041791 -0.052180 -0.032941  0.063706 -0.023617  0.053627 -0.020738 -0.009246  0.023813  0.015328 -0.037510
 6.592322  1.005975 -0.624378  0.768610  0.139028  0.758866 -0.230794  0.593838  0.005975 -0.010136  0.109298 -0.042174 -0.051193 -0.032305  0.062151 -0.024119  0.055533 -0.026152 -0.006924  0.025203  0.013362 -0.039612
 6.633783  1.006223 -0.624798  0.773142  0.137279  0.756744 -0.232134  0.596415  0.004975 -0.007833  0.108214 -0.042461 -0.050148 -0.031751  0.060509 -0.024545  0.057066 -0.031292 -0.004814  0.026728  0.011578 -0.041895
 6.675244  1.006429 -0.625123  0.777628  0.135519  0.754665 -0.233450  0.598923  0.003957 -0.005467  0.106916 -0.042661 -0.049040 -0.031271  0.058772 -0.024824  0.058324 -0.036002 -0.002966  0.028269  0.010045 -0.044147
 6.716705  1.006593 -0.625350  0.782061  0.133750  0.752631 -0.234747  0.601360  0.002928 -0.003049  0.105423 -0.042784 -0.047868 -0.030855  0.056941 -0.024926  0.059436 -0.040108 -0.001391  0.029717  0.008930 -0.046136
 6.758167  1.006715 -0.625476  0.786432  0.131976  0.750647 -0.236026  0.603721  0.001894 -0.000585  0.103761 -0.042841 -0.046636 -0.030484  0.055028 -0.024867  0.060561 -0.043387 -0.000060  0.030962  0.008527 -0.047592
 6.799628  1.006793 -0.625500  0.790734  0.130200  0.748713 -0.237290  0.606002  0.000863  0.001926  0.101962 -0.042844 -0.045352 -0.030131  0.053055 -0.024715  0.061879 -0.045546  0.001090  0.031894  0.009254 -0.048205
 6.841089  1.006829 -0.625421  0.794962  0.128423  0.746833 -0.238539  0.608202 -0.000161  0.004492  0.100073 -0.042798 -0.044030 -0.029747  0.051057 -0.024592  0.063559 -0.046249  0.002161  0.032403  0.011605 -0.047647
 6.882550  1.006822 -0.625234  0.799111  0.126649  0.745007 -0.239772  0.610319 -0.001181  0.007127  0.098156 -0.042709 -0.042686 -0.029266  0.049081 -0.024652  0.065724 -0.045180  0.003273  0.032397  0.016036 -0.045633
 6.924011  1.006773 -0.624939  0.803180  0.124878  0.743237 -0.240986  0.612354 -0.002203  0.009852  0.096283 -0.042573 -0.041343 -0.028601  0.047189 -0.025053  0.068402 -0.042146  0.004544  0.031824  0.022812 -0.042013
 6.965472  1.006682 -0.624530  0.807172  0.123113  0.741523 -0.242172  0.614311 -0.003242  0.012688  0.094535 -0.042385 -0.040024 -0.027655  0.045447 -0.025906  0.071504 -0.037178  0.006056  0.030695  0.031876 -0.036839
 7.006933  1.006547 -0.624004  0.811092  0.121356  0.739864 -0.243318  0.616195 -0.004316  0.015653  0.092994 -0.042134 -0.038751 -0.026334  0.043920 -0.027245  0.074837 -0.030555  0.007838  0.029087  0.042808 -0.030384
 7.048395  1.006369 -0.623355  0.814948  0.119609  0.738257 -0.244410  0.618016 -0.005445  0.018755  0.091727 -0.041809 -0.037545 -0.024559  0.042660 -0.029017  0.078151 -0.022758  0.009853  0.027129  0.054917 -0.023082
 7.089856  1.006143 -0.622578  0.818751  0.117875  0.736700 -0.245428  0.619785 -0.006648  0.021996  0.090783 -0.041400 -0.036420 -0.022282  0.041703 -0.031102  0.081206 -0.014348  0.012022  0.024969  0.067413 -0.015422
 7.131317  1.005867 -0.621666  0.822515  0.116159  0.735190 -0.246352  0.621514 -0.007938  0.025362  0.090188 -0.040902 -0.035385 -0.019487  0.041064 -0.033352  0.083817 -0.005856  0.014244  0.022746  0.079575 -0.007847
 7.172778  1.005538 -0.620614  0.826254  0.114463  0.733723 -0.247160  0.623216 -0.009321  0.028838  0.089946 -0.040311 -0.034442 -0.016188  0.040738 -0.035620  0.085873  0.002301  0.016423  0.020566  0.090856 -0.000692
 7.214239  1.005152 -0.619419  0.829983  0.112792  0.732295 -0.247831  0.624905 -0.010798  0.032398  0.090041 -0.039630 -0.033589 -0.012421  0.040710 -0.037789  0.087337  0.009846  0.018482  0.018504  0.100915  0.005833
 7.255700  1.004704 -0.618075  0.833716  0.111148  0.730903 -0.248346  0.626593 -0.012364  0.036019  0.090449 -0.038864 -0.032822 -0.008237  0.040951 -0.038915  0.086633  0.014839  0.020259  0.016887  0.107304  0.010476
 7.297161  1.004191 -0.616582  0.837466  0.109537  0.729542 -0.248688  0.628291 -0.013978  0.039611  0.091064 -0.038024 -0.032122 -0.003788  0.041386 -0.033490  0.073884  0.006009  0.021007  0.017544  0.095682  0.006049
 7.338623  1.003612 -0.614940  0.841242  0.107961  0.728210 -0.248845  0.630007 -0.015366  0.042674  0.091314 -0.037153 -0.031394  0.000179  0.041636 -0.028557  0.062311 -0.001860  0.021604  0.018071  0.085038  0.002093
 7.380084  1.002975 -0.613170  0.845028  0.106420  0.726908 -0.248837  0.631733 -0.016550  0.045258  0.091236 -0.036257 -0.030645  0.003705  0.041723 -0.024080  0.051819 -0.008848  0.022063  0.018480  0.075299 -0.001430
 7.421545  1.002288 -0.611294  0.848811  0.104917  0.725638 -0.248684  0.633463 -0.017549  0.047406  0.090870 -0.035343 -0.029879  0.006827  0.041664 -0.020021  0.042324 -0.015032  0.022399  0.018784  0.066395 -0.004557
 7.463006  1.001561 -0.609328  0.852578  0.103452  0.724399 -0.248401  0.635190 -0.018379  0.049161  0.090246 -0.034414 -0.029100  0.009580  0.041475 -0.016347  0.033745 -0.020479  0.022625  0.018992  0.058263 -0.007321
 7.504467  1.000799 -0.607290  0.856320  0.102025  0.723192 -0.248004  0.636910 -0.019057  0.050560  0.089397 -0.033476 -0.028313  0.011996  0.041172 -0.013028  0.026009 -0.025254  0.022751  0.019115  0.050845 -0.009755
 7.545928  1.000009 -0.605194  0.860027  0.100637  0.722019 -0.247506  0.638617 -0.019597  0.051639  0.088350 -0.032533 -0.027520  0.014104  0.040767 -0.010035  0.019047 -0.029416  0.022789  0.019162  0.044084 -0.011886
 7.587389  0.999196 -0.603053  0.863690  0.099288  0.720878 -0.246921  0.640307 -0.020013  0.052428  0.087131 -0.031588 -0.026726  0.015932  0.040274 -0.007342  0.012796 -0.033019  0.022749  0.019140  0.037930 -0.013742
 7.628851  0.998366 -0.600879  0.867302  0.097978  0.719769 -0.246261  0.641977 -0.020317  0.052959  0.085762 -0.030644 -0.025932  0.017504  0.039705 -0.004924  0.007198 -0.036114  0.022638  0.019059  0.032336 -0.015346
 7.670312  0.997524 -0.598683  0.870858  0.096708  0.718694 -0.245535  0.643623 -0.020521  0.053257  0.084264 -0.029706 -0.025142  0.018845  0.039068 -0.002759  0.002199 -0.038748  0.022466  0.018925  0.027257 -0.016722
 7.711773  0.996673 -0.596475  0.874352  0.095476  0.717652 -0.244754  0.645243 -0.020636  0.053348  0.082658 -0.028774 -0.024357  0.019975  0.038375 -0.000825 -0.002253 -0.040962  0.022239  0.018743  0.022654 -0.017891
 7.753234  0.995818 -0.594263  0.877779  0.094283  0.716642 -0.243926  0.646834 -0.020670  0.053255  0.080959 -0.027852 -0.023580  0.020914  0.037633  0.000897 -0.006202 -0.042796  0.021965  0.018520  0.018488 -0.018871
 7.794695  0.994961 -0.592055  0.881135  0.093128  0.715664 -0.243059  0.648395 -0.020633  0.052998  0.079185 -0.026942 -0.022812  0.021681  0.036851  0.002424 -0.009693 -0.044286  0.021650  0.018262  0.014724 -0.019681
 7.836156  0.994105 -0.589858  0.884419  0.092011  0.714718 -0.242160  0.649922 -0.020532  0.052596  0.077349 -0.026044 -0.022055  0.022291  0.036035  0.003774 -0.012764 -0.045466  0.021298  0.017973  0.011330 -0.020336
 7.877617  0.993254 -0.587677  0.887626  0.090931  0.713804 -0.241235  0.651416 -0.020376  0.052067  0.075464 -0.025161 -0.021310  0.022761  0.035192  0.004962 -0.015452 -0.046366  0.020917  0.017656  0.008277 -0.020852
 7.919079  0.992409 -0.585519  0.890754  0.089888  0.712921 -0.240292  0.652876 -0.020170  0.051426  0.073541 -0.024294 -0.020578  0.023104  0.034327  0.006001 -0.017791 -0.047015  0.020509  0.017318  0.005535 -0.021243
 7.960540  0.991573 -0.583386  0.893803  0.088881  0.712067 -0.239334  0.654299 -0.019921  0.050688  0.071592 -0.023443 -0.019860  0.023334  0.033446  0.006906 -0.019812 -0.047438  0.020079  0.016960  0.003080 -0.021521
 8.002001  0.990747 -0.581285  0.896772  0.087909  0.711244 -0.238366  0.655685 -0.019635  0.049867  0.069625 -0.022611 -0.019157  0.023461  0.032554  0.007687 -0.021544 -0.047659  0.019632  0.016587  0.000888 -0.021697
 8.043462  0.989933 -0.579217  0.899659  0.086972  0.710450 -0.237394  0.657035 -0.019316  0.048974  0.067649 -0.021797 -0.018469  0.023498  0.031654  0.008356 -0.023013 -0.047699  0.019170  0.016201 -0.001064 -0.021783
 8.084923  0.989132 -0.577187  0.902463  0.086068  0.709684 -0.236419  0.658348 -0.018970  0.048020  0.065672 -0.021002 -0.017797  0.023454  0.030751  0.008924 -0.024243 -0.047579  0.018696  0.015804 -0.002796 -0.021788
 8.126384  0.988345 -0.575196  0.905186  0.085197  0.708946 -0.235447  0.659623 -0.018600  0.047015  0.063699 -0.020227 -0.017142  0.023338  0.029848  0.009399 -0.025257 -0.047317  0.018214  0.015400 -0.004325 -0.021722
 8.167845  0.987574 -0.573246  0.907827  0.084358  0.708235 -0.234479  0.660860 -0.018210  0.045967  0.061737 -0.019472 -0.016504  0.023159  0.028947  0.009791 -0.026077 -0.046929  0.017727  0.014991 -0.005671 -0.021591
 8.209307  0.986819 -0.571341  0.910387  0.083551  0.707551 -0.233519  0.662060 -0.017804  0.044886  0.059791 -0.018737 -0.015882  0.022924  0.028052  0.010108 -0.026720 -0.046431  0.017235  0.014578 -0.006849 -0.021405
 8.250768  0.986081 -0.569480  0.912866  0.082774  0.706893 -0.232569  0.663223 -0.017385  0.043778  0.057866 -0.018022 -0.015278  0.022640  0.027165  0.010356 -0.027204 -0.045836  0.016741  0.014163 -0.007874 -0.021169