0.066488 0.006454 0.060033 0.000000
0.064938 0.005137 0.059801 0.000000
0.072161 0.012494 0.059667 0.000000
0.065440 0.005537 0.059902 0.000000
0.069459 0.009923 0.059536 0.000000
0.068718 0.009250 0.059467 0.000000
0.071896 0.011645 0.060251 0.000000
0.061803 0.001956 0.059847 0.000000
0.062582 0.002494 0.060088 0.000000
0.063714 0.003858 0.059856 0.000000
0.069150 0.008931 0.060219 0.000000
0.069364 0.009099 0.060264 0.000000
0.071450 0.011573 0.059877 0.000000
0.066262 0.006679 0.059583 0.000000
0.076330 0.016331 0.059999 0.000000