0.059935 0.000118 0.059816 0.000000
0.060602 0.000810 0.059792 0.000000
0.060072 0.000239 0.059832 0.000000
0.060156 0.000338 0.059818 0.000000
0.060048 0.000222 0.059826 0.000000
0.060042 0.000223 0.059819 0.000000
0.060070 0.000239 0.059831 0.000000
0.060160 0.000329 0.059831 0.000000
0.060153 0.000326 0.059828 0.000000
0.060115 0.000296 0.059819 0.000000
0.060093 0.000269 0.059824 0.000000
0.060033 0.000209 0.059825 0.000000
0.060480 0.000665 0.059814 0.000000
0.059867 0.000047 0.059820 0.000000
0.060173 0.000346 0.059827 0.000000