0.059922 0.000098 0.059823 0.000000
0.059925 0.000100 0.059825 0.000000
0.059990 0.000172 0.059819 0.000000
0.060088 0.000259 0.059829 0.000000
0.060024 0.000200 0.059824 0.000000
0.060129 0.000307 0.059822 0.000000
0.059849 0.000033 0.059816 0.000000
0.060001 0.000176 0.059825 0.000000
0.060039 0.000211 0.059828 0.000000
0.060032 0.000203 0.059829 0.000000
0.059923 0.000096 0.059827 0.000000
0.059893 0.000077 0.059816 0.000000
0.059952 0.000130 0.059821 0.000000
0.059904 0.000084 0.059820 0.000000
0.059840 0.000026 0.059815 0.000000