-85.828553
-84.114533
-82.400513
-80.686493
-78.972473
-77.258453
-75.544433
-73.830413
-72.116393
-70.402373
-68.688353
-66.974333
-65.260313
-63.546293
-61.832273
-60.118253
-58.404233
-56.690213
-54.976193
-53.262173
-51.548153
-49.834133
-48.120113
-46.406093
-44.692073
-42.978053
-41.264033
-39.550013
-37.835993
-36.121973
-34.407953
-32.693932
-30.979912
-29.265892
-27.551872
-25.837852
-24.123832
-22.409812
-20.695792
-18.981772
-17.267752
-15.553732
-13.839712
-12.125692
-10.411672
 -8.697652
 -6.983632
 -5.269612
 -3.555592
 -1.841572
 -0.127552
  1.586468
  3.300488
  5.014508
  6.728528
  8.442548
 10.156568
 11.870588
 13.584608
 15.298628
 17.012648
 18.726668
 20.440688
 22.154708
 23.868728
 25.582748
 27.296768
 29.010788
 30.724808
 32.438828
 34.152848
 35.866868
 37.580888
 39.294908
 41.008928
 42.722948
 44.436968
 46.150988
 47.865008
 49.579028
 51.293048
 53.007068
 54.721088
 56.435108
 58.149128
 59.863148
 61.577168
 63.291188
 65.005208
 66.719228
 68.433248
 70.147268
 71.861288
 73.575308
 75.289328
 77.003348
 78.717368
 80.431388
 82.145408
 83.859428