  0.000000   2.000000
 10.000000   1.600000
 20.000000   1.280000
 30.000000   1.024000
 40.000000   0.819200
 50.000000   0.655360
 60.000000   0.524288
 70.000000   0.419430
 80.000000   0.335544
 90.000000   0.268435
100.000000   0.214748
110.000000   0.171799
120.000000   0.137439
130.000000   0.109951
140.000000   0.087961
150.000000   0.070369
160.000000   0.056295
170.000000   0.045036
180.000000   0.036029
190.000000   0.028823
200.000000   0.023058
210.000000   0.018447
220.000000   0.014757
230.000000   0.011806
240.000000   0.009445
250.000000   0.007556
260.000000   0.006045
270.000000   0.004836
280.000000   0.003869
290.000000   0.003095
300.000000   0.002476
310.000000   0.001981
320.000000   0.001585
330.000000   0.001268
340.000000   0.001014
350.000000   0.000811
360.000000   0.000649
370.000000   0.000519
380.000000   0.000415
390.000000   0.000332