  0.000000  11.313708   4.242641   7.071068
 10.000000   6.571482   1.986783   4.584698
 20.000000   5.321462   1.456435   3.865028
 30.000000   2.839529   0.721711   2.117818
 40.000000   2.830301   1.485751   1.344550
 50.000000   2.829705   1.189711   1.639994
 60.000000   2.833543   0.990552   1.842991
 70.000000   2.830640   1.080505   1.750136
 80.000000   2.828545   0.812292   2.016253
 90.000000   2.836042   0.765899   2.070143
100.000000   2.829132   0.772888   2.056244
110.000000   2.828592   0.863641   1.964952
120.000000   2.830726   0.794746   2.035980
130.000000   2.828696   0.827484   2.001211
140.000000   2.828526   0.758739   2.069787
150.000000   2.828534   0.820017   2.008517
160.000000   2.828623   0.782345   2.046278
170.000000   2.830115   0.800025   2.030090
180.000000   2.828597   0.828592   2.000005
190.000000   2.828474   0.821973   2.006501
200.000000   2.828431   0.832115   1.996317
210.000000   2.828430   0.829276   1.999154
220.000000   2.828427   0.839563   1.988864
230.000000   2.828430   0.840483   1.987947
240.000000   2.828461   0.833801   1.994660
250.000000   2.828428   0.831161   1.997267
260.000000   2.828427   0.829959   1.998468
270.000000   2.828428   0.824156   2.004271
280.000000   2.828427   0.822015   2.006413
290.000000   2.828427   0.819586   2.008841
300.000000   2.828427   0.821597   2.006830
310.000000   2.828427   0.822151   2.006276
320.000000   2.828427   0.819450   2.008977
330.000000   2.828427   0.819119   2.009309
340.000000   2.828427   0.819728   2.008700
350.000000   2.828427   0.819568   2.008859
360.000000   2.828427   0.819085   2.009342
370.000000   2.828427   0.818713   2.009714
380.000000   2.828427   0.818913   2.009514
390.000000   2.828427   0.819025   2.009402