0.061322 0.001448 0.059875 0.000000
0.061766 0.001965 0.059801 0.000000
0.062517 0.002639 0.059878 0.000000
0.062746 0.003022 0.059724 0.000000
0.062959 0.003235 0.059724 0.000000
0.061627 0.001853 0.059775 0.000000
0.064332 0.004399 0.059934 0.000000
0.064352 0.004356 0.059996 0.000000
0.063149 0.003356 0.059792 0.000000
0.063457 0.003711 0.059747 0.000000
0.062582 0.002845 0.059738 0.000000
0.063958 0.004147 0.059811 0.000000
0.064243 0.004427 0.059816 0.000000
0.061999 0.002231 0.059768 0.000000
0.062360 0.002611 0.059749 0.000000