 19.409584  21.707410  25.367487  37.968960  55.153937   0.139799  41.166846  49.358215  -3.908695  -7.402306  17.077080
 19.990050  21.969755  25.375151  37.435159  54.126637   0.402269  40.651088  48.698007  -3.841601  -7.326436  16.893948
 20.570515  22.232100  25.382814  36.901357  53.099336   0.664739  40.135330  48.037799  -3.774506  -7.250566  16.710815
 21.150980  22.494444  25.390478  36.367556  52.072035   0.927208  39.619571  47.377591  -3.707412  -7.174695  16.527683
 21.731446  22.756789  25.398141  35.833754  51.044735   1.189678  39.103813  46.717383  -3.640318  -7.098825  16.344550
 22.311911  23.019134  25.405805  35.299953  50.017434   1.452148  38.588055  46.057175  -3.573223  -7.022955  16.161418
 22.892377  23.281479  25.413468  34.766151  48.990134   1.714617  38.072297  45.396968  -3.506129  -6.947085  15.978285
 23.472842  23.543824  25.421132  34.232350  47.962833   1.977087  37.556539  44.736760  -3.439035  -6.871215  15.795153
 24.053307  23.806169  25.428795  33.698548  46.935532   2.239557  37.040781  44.076552  -3.371940  -6.795344  15.612021
 24.633773  24.068513  25.436459  33.164746  45.908232   2.502026  36.525023  43.416344  -3.304846  -6.719474  15.428888
 25.214238  24.330858  25.444123  32.630945  44.880931   2.764496  36.009264  42.756136  -3.237752  -6.643604  15.245756
 25.794703  24.593203  25.451786  32.097143  43.853631   3.026965  35.493506  42.095928  -3.170657  -6.567734  15.062623
 26.375169  24.855548  25.459450  31.563342  42.826330   3.289435  34.977748  41.435720  -3.103563  -6.491864  14.879491
 26.955634  25.117893  25.467113  31.029540  41.799029   3.551905  34.461990  40.775512  -3.036469  -6.415993  14.696358
 27.536099  25.380237  25.474777  30.495739  40.771729   3.814374  33.946232  40.115304  -2.969374  -6.340123  14.513226
 28.116565  25.642582  25.482440  29.961937  39.744428   4.076844  33.430474  39.455096  -2.902280  -6.264253  14.330094
 28.697030  25.904927  25.490104  29.428136  38.717128   4.339314  32.914716  38.794888  -2.835186  -6.188383  14.146961
 29.277496  26.167272  25.497767  28.894334  37.689827   4.601783  32.398957  38.134680  -2.768092  -6.112513  13.963829
 29.857961  26.429617  25.505431  28.360533  36.662526   4.864253  31.883199  37.474472  -2.700997  -6.036642  13.780696
 30.438426  26.691961  25.513094  27.826731  35.635226   5.126723  31.367441  36.814264  -2.633903  -5.960772  13.597564
 31.018892  26.954306  25.520758  27.292929  34.607925   5.389192  30.851683  36.154056  -2.566809  -5.884902  13.414431
 31.599357  27.216651  25.528422  26.759128  33.580625   5.651662  30.335925  35.493848  -2.499714  -5.809032  13.231299
 32.179822  27.478996  25.536085  26.225326  32.553324   5.914131  29.820167  34.833641  -2.432620  -5.733162  13.048167
 32.760288  27.741341  25.543749  25.691525  31.526023   6.176601  29.304409  34.173433  -2.365526  -5.657291  12.865034
 33.340753  28.003686  25.551412  25.157723  30.498723   6.439071  28.788650  33.513225  -2.298431  -5.581421  12.681902
 33.921218  28.266030  25.559076  24.623922  29.471422   6.701540  28.272892  32.853017  -2.231337  -5.505551  12.498769
 34.501684  28.528375  25.566739  24.090120  28.444122   6.964010  27.757134  32.192809  -2.164243  -5.429681  12.315637
 35.082149  28.790720  25.574403  23.556319  27.416821   7.226480  27.241376  31.532601  -2.097148  -5.353811  12.132504
 35.662615  29.053065  25.582066  23.022517  26.389520   7.488949  26.725618  30.872393  -2.030054  -5.277940  11.949372
 36.243080  29.315410  25.589730  22.488715  25.362220   7.751419  26.209860  30.212185  -1.962960  -5.202070  11.766240
 36.823545  29.577754  25.597393  21.954914  24.334919   8.013889  25.694102  29.551977  -1.895865  -5.126200  11.583107
 37.404011  29.840099  25.605057  21.421112  23.307619   8.276358  25.178343  28.891769  -1.828771  -5.050330  11.399975
 37.984476  30.102444  25.612721  20.887311  22.280318   8.538828  24.662585  28.231561  -1.761677  -4.974460  11.216842
 38.564941  30.364789  25.620384  20.353509  21.253017   8.801297  24.146827  27.571353  -1.694582  -4.898589  11.033710
 39.145407  30.627134  25.628048  19.819708  20.225717   9.063767  23.631069  26.911145  -1.627488  -4.822719  10.850577
 39.725872  30.889478  25.635711  19.285906  19.198416   9.326237  23.115311  26.250937  -1.560394  -4.746849  10.667445
 40.306337  31.151823  25.643375  18.752105  18.171116   9.588706  22.599553  25.590729  -1.493299  -4.670979  10.484313
 40.886803  31.414168  25.651038  18.218303  17.143815   9.851176  22.083795  24.930521  -1.426205  -4.595109  10.301180
 41.467268  31.676513  25.658702  17.684501  16.116514  10.113646  21.568036  24.270313  -1.359111  -4.519238  10.118048
 42.047734  31.938858  25.666365  17.150700  15.089214  10.376115  21.052278  23.610106  -1.292017  -4.443368   9.934915
 42.628199  32.201203  25.674029  16.616898  14.061913  10.638585  20.536520  22.949898  -1.224922  -4.367498   9.751783
 43.208664  32.463547  25.681692  16.083097  13.034613  10.901055  20.020762  22.289690  -1.157828  -4.291628   9.568651
 43.789130  32.725892  25.689356  15.549295  12.007312  11.163524  19.505004  21.629482  -1.090734  -4.215758   9.385518
 44.369595  32.988237  25.697020  15.015494  10.980011  11.425994  18.989246  20.969274  -1.023639  -4.139887   9.202386
 44.950060  33.250582  25.704683  14.481692   9.952711  11.688463  18.473488  20.309066  -0.956545  -4.064017   9.019253
 45.530526  33.512927  25.712347  13.947891   8.925410  11.950933  17.957729  19.648858  -0.889451  -3.988147   8.836121
 46.110991  33.775271  25.720010  13.414089   7.898109  12.213403  17.441971  18.988650  -0.822356  -3.912277   8.652988
 46.691456  34.037616  25.727674  12.880287   6.870809  12.475872  16.926213  18.328442  -0.755262  -3.836407   8.469856
 47.271922  34.299961  25.735337  12.346486   5.843508  12.738342  16.410455  17.668234  -0.688168  -3.760536   8.286724
 47.852387  34.562306  25.743001  11.812684   4.816208  13.000812  15.894697  17.008026  -0.621073  -3.684666   8.103591
 48.432853  34.824651  25.750664  11.278883   3.788907  13.263281  15.378939  16.347818  -0.553979  -3.608796   7.920459
 49.013318  35.086995  25.758328  10.745081   2.761606  13.525751  14.863181  15.687610  -0.486885  -3.532926   7.737326
 49.593783  35.349340  25.765992  10.211280   1.734306  13.788221  14.347422  15.027402  -0.419790  -3.457056   7.554194
 50.174249  35.611685  25.773655   9.677478   0.707005  14.050690  13.831664  14.367194  -0.352696  -3.381185   7.371061
 50.754714  35.874030  25.781319   9.143677  -0.320295  14.313160  13.315906  13.706986  -0.285602  -3.305315   7.187929
 51.335179  36.136375  25.788982   8.609875  -1.347596  14.575629  12.800148  13.046778  -0.218507  -3.229445   7.004797
 51.915645  36.398720  25.796646   8.076074  -2.374897  14.838099  12.284390  12.386571  -0.151413  -3.153575   6.821664
 52.496110  36.661064  25.804309   7.542272  -3.402197  15.100569  11.768632  11.726363  -0.084319  -3.077705   6.638532
 53.076575  36.923409  25.811973   7.008470  -4.429498  15.363038  11.252874  11.066155  -0.017224  -3.001834   6.455399
 53.657041  37.185754  25.819636   6.474669  -5.456798  15.625508  10.737115  10.405947   0.049870  -2.925964   6.272267
 54.237506  37.448099  25.827300   5.940867  -6.484099  15.887978  10.221357   9.745739   0.116964  -2.850094   6.089134
 54.817972  37.710444  25.834963   5.407066  -7.511400  16.150447   9.705599   9.085531   0.184058  -2.774224   5.906002
 55.398437  37.972788  25.842627   4.873264  -8.538700  16.412917   9.189841   8.425323   0.251153  -2.698354   5.722870
 55.978902  38.235133  25.850291   4.339463  -9.566001  16.675387   8.674083   7.765115   0.318247  -2.622483   5.539737
 56.559368  38.497478  25.857954   3.805661 -10.593301  16.937856   8.158325   7.104907   0.385341  -2.546613   5.356605
 57.139833  38.759823  25.865618   3.271860 -11.620602  17.200326   7.642567   6.444699   0.452436  -2.470743   5.173472
 57.720298  39.022168  25.873281   2.738058 -12.647903  17.462795   7.126808   5.784491   0.519530  -2.394873   4.990340
 58.300764  39.284513  25.880945   2.204256 -13.675203  17.725265   6.611050   5.124283   0.586624  -2.319003   4.807207
 58.881229  39.546857  25.888608   1.670455 -14.702504  17.987735   6.095292   4.464075   0.653719  -2.243132   4.624075
 59.461694  39.809202  25.896272   1.136653 -15.729804  18.250204   5.579534   3.803867   0.720813  -2.167262   4.440943
 60.042160  40.071547  25.903935   0.602852 -16.757105  18.512674   5.063776   3.143659   0.787907  -2.091392   4.257810
 60.622625  40.333892  25.911599   0.069050 -17.784406  18.775144   4.548018   2.483451   0.855002  -2.015522   4.074678
 61.203091  40.596237  25.919262  -0.464751 -18.811706  19.037613   4.032260   1.823244   0.922096  -1.939652   3.891545
 61.783556  40.858581  25.926926  -0.998553 -19.839007  19.300083   3.516501   1.163036   0.989190  -1.863781   3.708413
 62.364021  41.120926  25.934590  -1.532354 -20.866307  19.562552   3.000743   0.502828   1.056285  -1.787911   3.525280
 62.944487  41.383271  25.942253  -2.066156 -21.893608  19.825022   2.484985  -0.157380   1.123379  -1.712041   3.342148
 63.524952  41.645616  25.949917  -2.599958 -22.920909  20.087492   1.969227  -0.817588   1.190473  -1.636171   3.159016
 64.105417  41.907961  25.957580  -3.133759 -23.948209  20.349961   1.453469  -1.477796   1.257568  -1.560301   2.975883
 64.685883  42.170305  25.965244  -3.667561 -24.975510  20.612431   0.937711  -2.138004   1.324662  -1.484430   2.792751
 65.266348  42.432650  25.972907  -4.201362 -26.002810  20.874901   0.421953  -2.798212   1.391756  -1.408560   2.609618
 65.846814  42.694995  25.980571  -4.735164 -27.030111  21.137370  -0.093806  -3.458420   1.458851  -1.332690   2.426486
 66.427279  42.957340  25.988234  -5.268965 -28.057412  21.399840  -0.609564  -4.118628   1.525945  -1.256820   2.243354
 67.007744  43.219685  25.995898  -5.802767 -29.084712  21.662310  -1.125322  -4.778836   1.593039  -1.180950   2.060221
 67.588210  43.482030  26.003561  -6.336568 -30.112013  21.924779  -1.641080  -5.439044   1.660133  -1.105080   1.877089
 68.168675  43.744374  26.011225  -6.870370 -31.139313  22.187249  -2.156838  -6.099252   1.727228  -1.029209   1.693956
 68.749140  44.006719  26.018889  -7.404172 -32.166614  22.449718  -2.672596  -6.759460   1.794322  -0.953339   1.510824
 69.329606  44.269064  26.026552  -7.937973 -33.193915  22.712188  -3.188354  -7.419668   1.861416  -0.877469   1.327691
 69.910071  44.531409  26.034216  -8.471775 -34.221215  22.974658  -3.704113  -8.079876   1.928511  -0.801599   1.144559
 70.490536  44.793754  26.041879  -9.005576 -35.248516  23.237127  -4.219871  -8.740084   1.995605  -0.725729   0.961427
 71.071002  45.056098  26.049543  -9.539378 -36.275816  23.499597  -4.735629  -9.400291   2.062699  -0.649858   0.778294
 71.651467  45.318443  26.057206 -10.073179 -37.303117  23.762067  -5.251387 -10.060499   2.129794  -0.573988   0.595162
 72.231933  45.580788  26.064870 -10.606981 -38.330418  24.024536  -5.767145 -10.720707   2.196888  -0.498118   0.412029
 72.812398  45.843133  26.072533 -11.140782 -39.357718  24.287006  -6.282903 -11.380915   2.263982  -0.422248   0.228897
 73.392863  46.105478  26.080197 -11.674584 -40.385019  24.549476  -6.798661 -12.041123   2.331077  -0.346378   0.045764
 73.973329  46.367822  26.087860 -12.208385 -41.412319  24.811945  -7.314420 -12.701331   2.398171  -0.270507  -0.137368
 74.553794  46.630167  26.095524 -12.742187 -42.439620  25.074415  -7.830178 -13.361539   2.465265  -0.194637  -0.320500
 75.134259  46.892512  26.103188 -13.275989 -43.466921  25.336884  -8.345936 -14.021747   2.532360  -0.118767  -0.503633
 75.714725  47.154857  26.110851 -13.809790 -44.494221  25.599354  -8.861694 -14.681955   2.599454  -0.042897  -0.686765
 76.295190  47.417202  26.118515 -14.343592 -45.521522  25.861824  -9.377452 -15.342163   2.666548   0.032973  -0.869898
 76.875655  47.679547  26.126178 -14.877393 -46.548822  26.124293  -9.893210 -16.002371   2.733643   0.108844  -1.053030