19.544834
19.640783
19.737088
19.833747
19.930752
20.028096
20.125764
20.223739
20.321997
20.420510
20.519244
20.618158
20.717203
20.816326
20.915464
21.014547
21.113497
21.212227
21.310645
21.408650
21.506135
21.602985
21.699084
21.794308
21.888532
21.981632
22.073481
22.163957
22.252943
22.340325
22.426000
22.509874
22.591864
22.671900
22.749927
22.825904
22.899805
22.971620
23.041355
23.109031
23.174682
23.238358
23.300117
23.360032
23.418182
23.474655
23.529546
23.582951
23.634971
23.685711
23.735271
23.783753
23.831256
23.877877
23.923707
23.968835
24.013344
24.057309
24.100805
24.143895
24.186640
24.229094
24.271303
24.313309
24.355148
24.396847
24.438431
24.479914
24.521309
24.562620
24.603844
24.644976
24.686001
24.726899
24.767646
24.808210
24.848553
24.888631
24.928397
24.967795
25.006765
25.045244
25.083161
25.120445
25.157018
25.192802
25.227717
25.261684
25.294621
25.326451
25.357099
25.386496
25.414575
25.441281
25.466562
25.490380
25.512705
25.533517
25.552809
25.570585
25.586862
25.601667
25.615038
25.627025
25.637686
25.647087
25.655304
25.662415
25.668505
25.673661
25.677974
25.681532
25.684426
25.686741
25.688564
25.689975
25.691051
25.691863
25.692478
25.692955
25.693348
25.693706
25.694068
25.694469
25.694935
25.695488
25.696139
25.696895
25.697754
25.698708
25.699739
25.700826
25.701935
25.703027
25.704053
25.704959
25.705677
25.706134
25.706247
25.705923
25.705058
25.703543
25.701254
25.698063
25.693829
25.688406
25.681637
25.673362
25.663412
25.651618
25.637805
25.621800
25.603431
25.582532
25.558940
25.532507
25.503092
25.470572
25.434840
25.395811
25.353420
25.307625
25.258411
25.205787
25.149790
25.090481
25.027946
24.962295
24.893661
24.822193
24.748061
24.671446
24.592542
24.511550
24.428677
24.344131
24.258120
24.170850
24.082519
23.993320
23.903437
23.813042
23.722298
23.631355
23.540351
23.449410
23.358646
23.268158
23.178034
23.088349
22.999167
22.910542
22.822513
22.735114
22.648366
22.562279
22.476856
22.392091
22.307965
22.224456
22.141527
22.059135
21.977228
21.895744
21.814611
21.733748
21.653063
21.572455
21.491813
21.411014
21.329928
21.248412
21.166315
21.083477
20.999731
20.914900
20.828804
20.741257
20.652072
20.561061
20.468037
20.372817
20.275227
20.175101
20.072284
19.966636
19.858034
19.746374
19.631571
19.513564
19.392313
19.267802
19.140037
19.009049
18.874889
18.737628
18.597357
18.454181
18.308222
18.159613
18.008496
17.855019
17.699338
17.541610
17.381991
17.220640
17.057710
16.893353
16.727716
16.560941
16.393166
16.224523
16.055139
15.885140
15.714643
15.543768
15.372630
15.201343
15.030025
14.858794
14.687772
14.517086
14.346871
14.177269
14.008434
13.840529
13.673731
13.508233
13.344243
13.181986
13.021704
12.863660
12.708136
12.555432
12.405870
12.259788
12.117542
11.979505
11.846063
11.717612
11.594555
11.477297
11.366242
11.261785
11.164310
11.074177
10.991726
10.917259
10.851043
10.793300
10.744199
10.703859
10.672337
10.649631
10.635678
10.630351
10.633463
10.644770
10.663972
10.690721
10.724625
10.765258
10.812161
10.864855
10.922845
10.985630
11.052708
11.123581
11.197766
11.274792
11.354212
11.435602
11.518563
11.602725
11.687746
11.773314
11.859146
11.944986
12.030605
12.115798
12.200386
12.284208
12.367123
12.449007
12.529748
12.609246
12.687413
12.764163
12.839417
12.913098
12.985128
13.055429
13.123917
13.190504
13.255093
13.317580
13.377852
13.435784
13.491241
13.544076
13.594129
13.641232
13.685203
13.725852
13.762980
13.796383
13.825852
13.851176
13.872146
13.888559
13.900217
13.906939
13.908558
13.904925
13.895919
13.881443
13.861431
13.835850
13.804703
13.768027
13.725896
13.678421
13.625747
13.568050
13.505541
13.438454
13.367047
13.291598
13.212400
13.129755
13.043971
12.955358
12.864222
12.770866
12.675580
12.578644
12.480320
12.380858
12.280486
12.179416
12.077838
11.975924
11.873826
11.771676
11.669588
11.567658
11.465964
11.364571
11.263525
11.162860
11.062596
10.962743
10.863297
10.764245
10.665567
10.567231
10.469199
10.371426
10.273861
10.176447
10.079122
 9.981820
 9.884471
 9.787003
 9.689339
 9.591402
 9.493115
 9.394398
 9.295174
 9.195366
 9.094898
 8.993700
 8.891704
 8.788847
 8.685072
 8.580331
 8.474581
 8.367789
 8.259931
 8.150995
 8.040975
 7.929880
 7.817727
 7.704544
 7.590370
 7.475251
 7.359245
 7.242415
 7.124830
 7.006567
 6.887702
 6.768319
 6.648498
 6.528321
 6.407868
 6.287215
 6.166436
 6.045600
 5.924768
 5.803999
 5.683344
 5.562848
 5.442550
 5.322483
 5.202675
 5.083149
 4.963921
 4.845006
 4.726415
 4.608156
 4.490235
 4.372657
 4.255429
 4.138556
 4.022047
 3.905911
 3.790164
 3.674822
 3.559911
 3.445459
 3.331504
 3.218090
 3.105270
 2.993109
 2.881678
 2.771063
 2.661360
 2.552678
 2.445137
 2.338872
 2.234029
 2.130770
 2.029265
 1.929700
 1.832269
 1.737177
 1.644636
 1.554865
 1.468085
 1.384518
 1.304385
 1.227899
 1.155265
 1.086676
 1.022307
 0.962314
 0.906828
 0.855956
 0.809772
 0.768321
 0.731613
 0.699627
 0.672305
 0.649555
 0.631254
 0.617248
 0.607355
 0.601367
 0.599055
 0.600174
 0.604460
 0.611644
 0.621448
 0.633590
 0.647792
 0.663775
 0.681271
 0.700016
 0.719758
 0.740259
 0.761288
 0.782632
 0.804090
 0.825473
 0.846607
 0.867329
 0.887489
 0.906949
 0.925580
 0.943262
 0.959886
 0.975347
 0.989549
 1.002402
 1.013820
 1.023722
 1.032031
 1.038671
 1.043573
 1.046667
 1.047888
 1.047173
 1.044463
 1.039701
 1.032836
 1.023820
 1.012611
 0.999176
 0.983486
 0.965525
 0.945283
 0.922767
 0.897991
 0.870989
 0.841807
 0.810508
 0.777172
 0.741899
 0.704803
 0.666019
 0.625700
 0.584012
 0.541139
 0.497278
 0.452636
 0.407429
 0.361881
 0.316217
 0.270664
 0.225443
 0.180774
 0.136863
 0.093909
 0.052096
 0.011592
-0.027451
-0.064898
-0.100635
-0.134564
-0.166607
-0.196705
-0.224815
-0.250911
-0.274981
-0.297028
-0.317069
-0.335129
-0.351244
-0.365459
-0.377824
-0.388396
-0.397238
-0.404412
-0.409988
-0.414034
-0.416622
-0.417822
-0.417707
-0.416349
-0.413820
-0.410192
-0.405538
-0.399929
-0.393439
-0.386140
-0.378106
-0.369412
-0.360135
-0.350351
-0.340142
-0.329590
-0.318779
-0.307797
-0.296735
-0.285687
-0.274749
-0.264021
-0.253605
-0.243604
-0.234126
-0.225274
-0.217157
-0.209880
-0.203545
-0.198253
-0.194099
-0.191173
-0.189557
-0.189324
-0.190541
-0.193260
-0.197524
-0.203365
-0.210801
-0.219838
-0.230470
-0.242678
-0.256433
-0.271694
-0.288411
-0.306527
-0.325975
-0.346684
-0.368577
-0.391575
-0.415596
-0.440558
-0.466379
-0.492976
-0.520272
-0.548191
-0.576658
-0.605605
-0.634967
-0.664684
-0.694699
-0.724960
-0.755421
-0.786039
-0.816775
-0.847596
-0.878470
-0.909372
-0.940276
-0.971165
-0.984631
-0.984631
-0.984631
-0.984631
-0.984631
-0.984631
-0.984631
-0.984631
-0.984631
-0.984631
-0.984631
-0.984631
-0.984631
-0.984631
-0.984631
-0.984631
-0.984631
-0.984631
-0.984631
-0.984631
-0.984631
-0.984631
-0.984631
-0.984631
-0.984631
-0.984631
-0.984631
-0.984631
-0.984631
-0.984631
-0.984631
-0.984631
-0.984631
-0.984631
-0.984631
-0.984631
-0.984631
-0.984631
-0.984631
-0.984631
-0.984631
-0.984631
-0.984631
-0.984631
-0.984631
-0.984631
-0.984631
-0.984631
-0.984631
-0.984631
-0.984631
-0.984631
-0.984631
-0.984631
-0.984631
-0.984631
-0.984631
-0.984631
-0.984631
-0.984631
-0.984631
-0.984631
-0.984631
-0.984631
-0.984631
-0.984631
-0.984631
-0.984631
-0.984631
-0.984631
-0.984631
-0.984631