19.544834
20.185539
20.838231
21.489740
22.113636
22.676034
23.152769
23.544283
23.872499
24.165060
24.442777
24.715263
24.980534
25.225513
25.429345
25.573240
25.653495
25.685364
25.692950
25.695865
25.702166
25.706018
25.685667
25.602630
25.409803
25.074424
24.602750
24.039566
23.440952
22.848544
22.281676
21.739846
21.204575
20.638954
19.992693
19.221369
18.311634
17.287429
16.191078
15.062875
13.938008
12.859086
11.893596
11.141064
10.708955
10.652851
10.927790
11.410347
11.970914
12.522764
13.022143
13.443354
13.753833
13.903176
13.836833
13.532636
13.027677
12.401164
11.730100
11.060836
10.407765
 9.763728
 9.110115
 8.425645
 7.696592
 6.925752
 6.131292
 5.334319
 4.547762
 3.776039
 3.023017
 2.302722
 1.648864
 1.116062
 0.761570
 0.609144
 0.625987
 0.740384
 0.879833
 0.992588
 1.046289
 1.019073
 0.896477
 0.679042
 0.394733
 0.098592
-0.150832
-0.319165
-0.402575
-0.415636
-0.378590
-0.312726
-0.242021
-0.194936
-0.199579
-0.271605
-0.405988
-0.582854
-0.780697
-0.984631