  20.169956
  33.417496
  63.503064
-130.502065
 227.660690
-138.813577
  67.349184
  43.569744
  14.655034
  -1.853705
  -9.482867
  47.661547
   3.383655
   1.142653
  48.762398
  68.205509
 -35.102262
  84.089831
 -45.019971
  78.934339
 -56.130403
 100.191822
 -70.047819
 133.254455
 -19.577268
 -60.205211
  68.124007
  33.001371
 -19.772308
  63.753298
   9.247470
  27.595317
  64.856896
  30.812917
 -29.629456
  13.334329
   0.180170
  85.900505
  43.044849
  -8.202458
  -5.701932
  23.023535
  66.579282
 -12.310940
  37.500933
  30.854332
  70.678924
 -72.824559
  16.362660
 139.468589
  -7.488896
 -31.961410
   9.143582
   9.668265
 190.101822
 -62.026451
  28.214803
-106.749558
 201.415134
 -94.577386
  16.003950
 215.821654
-157.242152
 104.035742
   1.293124
  63.684052
  -6.585232
 -25.549244
  86.365858
   6.264519
  19.726484
 -45.280678
 192.345833
-154.183154
 166.634440
  12.588120
 -48.348620
 -19.266430
  86.704511
  82.870018
  19.254556
-143.241264
 278.125903
-215.298846
 174.712456
 -18.517363
  -7.153122
  89.814471
  23.525732
 -41.394692
 -42.124276
 235.686224
-106.141581
  65.666067
  30.462641
-115.557164
 191.929187
 -11.141313
  17.821624
  19.053135
 118.528953
 -93.575220
  13.786762
  83.878513
  36.618059
  87.584818
 -94.547871
  40.556945
   6.641091
  67.483860
  22.397485
  74.744795
   6.000250
  -5.498932
 -60.283013
  98.002356
  49.407231
  -9.069444
  58.265788
  -2.347572
  77.424198
 -23.367167
  18.390848
  50.371279
  29.056895
   6.195381
  60.567919
  -9.765885
  53.240921
  71.965394
 -91.098374
  60.180034
  47.729344
 -16.127927
  79.212913
 -21.850079
 165.971963
-169.919995
  69.361416
 140.606320
 -71.665708
  77.469034
  75.048878
 -36.783823
 -79.721993
 106.064758
   7.751403
  92.565247
   4.817948
  37.940702
 -14.564125
 -14.745347
  75.696034
  -2.077271
 116.313779
  -9.813733
 -10.904228
 -21.768167
  70.995188
  40.259035
  48.058934
  -7.959772
  58.248505
  21.407755
  -0.267185
  77.740944
  -9.271210
 -32.045447
 153.523953
 -21.498812
   1.300077
  82.315523
 -13.910532
 -11.767828
  39.032026
 114.049091
 -47.991655
  58.060526
   4.895758
  26.861764
  67.037543
 -42.883647
  75.618910
 -22.378449
 -12.641219
 102.090915
 -12.623366
 108.273702
 -83.764520
  65.393138
 -18.758579
  10.369163
   5.370945
  86.930388
  39.243503
 -52.728452
   7.228042
  44.621830
  -4.657288
  49.431116
  33.804166
  -6.117524
  27.141809
  74.986311
 -73.985597
  28.769276
  72.580631
 -49.334789
   6.683263
 122.446229
 -41.689985
  23.553237
 -16.975858
  37.155896
  92.617690
   4.512814
 -33.286571
 -48.057878
 182.478440
 -63.550809
  22.232595
 131.395053
 -60.422322
  75.780481
 -33.963110
   6.979636
  39.529847
 122.023113
 -35.941351
 -10.053946
   5.388618
 116.835953
 -19.286358
 -93.010764
  87.792626
  73.278112
 -60.623868
  87.772681
  22.127546
 -32.423106
  -7.107846
  38.556969
 134.548598
 -15.971001
 -95.343022
  92.304665
  34.484016
 -26.269229
  33.050011
  43.613544
 -25.216260
  20.745053
  18.853234
 -22.732481
  11.802982
  57.626916
 -38.950230
  99.315024
  30.988592
  37.300076
 -24.879369
 -43.244996
  72.996516
 -40.154516
 -13.243182
 110.101394
  46.270712
 -29.170577
  70.050559
 -47.343241
 -17.394356
  15.655901
 -38.060139
  80.796236
  68.118879
 -45.086737
  31.132395
 -39.458316
  43.651932
  73.989978
-125.574485
  88.167779
  15.130106
 -78.006249
  94.153273
 -74.856940
  31.413176
 124.613594
 -99.750479
 -30.466982
  50.293927
  52.114114
   9.525125
-120.793960
  29.372063
  76.559602
 -25.772858
  26.623461
 -10.588373
 -66.442388
 167.152759
 -68.447653
 -18.084247
  95.512147
-135.188451
  74.709847
 -69.821430
  29.583101
 108.197934
  49.668086
 -13.551349
-110.487251
  65.422735
 131.056443
 -83.011574
  38.214037
  96.017197
 -71.133175
  75.351654
 -29.422539
 -79.195837
  78.364189
 128.392467
  39.521234
 -19.010678
-119.171229
  56.025756
 185.076920
-108.523642
 -58.610532
  19.127727
 142.755886
 -20.903656
 -74.592189
  82.976428
  41.397109
  -8.594020
 -55.284373
 118.219129
  -9.036968
 -36.615517
  66.990858
   7.388039
  27.731692
 -10.043824
  -7.509592
  76.964415
 123.482019
 -70.224664
 -67.795747
  52.587919
 -21.767285
  73.901626
  12.604055
-101.872753
   1.605891
  75.081699
  36.528653
  76.098114
 -14.378049
-116.403903
  62.600943
  81.959068
   4.405286
  49.346866
 -30.399729
 -50.755974
  85.860825
  10.253820
 -47.106922
  35.727999
  42.228509
  23.884941
  66.177893
-103.182742
  24.618051
  87.431324
 -69.920347
  -2.629953
 106.963683
  -0.050507
  15.064738
 -60.336366
 -79.971045
 126.236472
  18.311107
  -6.374049
  74.915187
 -28.273813
  34.028681
 -63.337506
   1.418377
  60.827828
  16.227018
  19.341276
 -37.524489
  28.365573
  18.378374
 -26.255628
  77.327623
 -23.181579
 -49.872453
 162.827758
  12.421711
-215.809030
  56.163382
 162.309537
 -59.922844
  10.335469
  -7.161436
   2.828215
  46.550006
 -53.642440
  75.890799
  19.251682
  70.537226
 -42.268755
 -98.220485
  61.226259
  92.076693
-114.374977
 104.564331
  74.537559
  69.243175
 -58.415209
-210.774935
 148.713039
 -38.935185
 -18.048019
 174.658390
 -53.722451
   3.750590
 -61.942128
  58.230054
  50.385437
  64.942895
-102.915237
-160.946201
 194.200111
  34.284870
 -75.259786
  62.011587
 -14.859441
 -15.472922
 125.511682
-124.704668
  71.781859
  36.321677
 -77.974923
 -39.215098
  76.574040
  30.505354
 -85.425928
  47.237294
 -92.794607
  91.558474
-104.431908
  28.640146
 -12.824348
 -34.864736
  19.454388
  47.260337
 -85.909457
 -38.230206
 -73.818815
  94.836486
  83.093326
  76.582265
-129.856199
  55.598248
 119.016791
-149.148897
 -19.873157
 140.894373
  84.592159
 -38.409214
 -46.111017
 107.947380
 118.032275
 -84.799844
 100.822093
-185.859527
 204.552103
-147.787625
  94.742995
  17.649100
-169.796903
  44.033137
 151.534306
 -37.412118
 -50.053527
 -32.805952
  24.467588
 -82.169148
-171.597403
 109.395618
 121.765489
-301.236359
  61.786559
  65.385111
  21.145592
 -41.556972
 182.254654
-161.261835
-125.213361
   6.088747
  51.628512
  22.641596
 -14.004622
  19.053899
-175.034680
 211.873582
 -36.686328
  -6.270006
 -38.591815
  87.138718
  -0.026983
 -26.903731
 -93.017807
 150.005670
  94.604291
-180.476354
 -46.522788
  77.655049
 132.366044
-133.857063
 261.399135
 -44.635812
-117.979884
  85.265489
  98.639331
-269.438903
 -33.145328
 451.936914
-254.929594
 164.461348
 -82.670960
 -62.111993
  67.741812
 -73.749448
  71.584675
 -13.373886
 -79.785270
-161.391953
 281.191282
  97.692159
 -48.439713
-123.437402
  81.320960
 -76.923012
 115.310068
 -66.572593
 -54.024554
  27.015349
-214.252739
 309.735623
-120.159126
   1.241979
-156.025902
 204.866277
  -9.781864
 -72.963259
 -36.166059
-101.420837
 306.651875
-177.681088
-204.156378
 299.092179
-170.993131
  -2.166558
  50.199935
-219.647176
 290.778391
 -51.646452
 -69.475864
 143.056943
-118.951631
-135.899069
 218.383718
 -92.577014
 -29.075331
 155.992678
 -41.555137
-151.099297
  34.608032
  18.308627
 168.885579
-315.918798
 239.004945
 -14.932308
-112.999732
  63.240735
 -79.712828
  50.393172
  16.843410
 103.203591
-148.274023
 150.844381
-101.481490
 -40.361269
  30.941294
  37.112138
  49.192416
 -87.242494
 -75.919188
  84.525226
  33.749084
-194.331564
 367.443739
-157.329109
  83.011657
-178.452480
  37.545562
 229.814759
-398.113414
 206.486692
 121.958170
-143.766633
  18.541788
  48.519102
 -53.412153
 -71.405645
  40.438160
 -54.029882
 201.141605
  32.963629
-140.837174
-148.635332
 -45.671413
 212.563438
 221.374281
-213.255228
  52.799381
-212.633841
 131.558876
 -81.039841
 130.088417
 -75.898686
 -66.062229
 477.150420
-486.183263
-115.841010
 215.343178
 -41.278259
 297.651656
-420.914120
 264.780763
 -81.896850
-196.698089
 152.443222
  31.825894
 126.419934
-285.200586
 157.745179
-224.865552
 178.225996
 145.663893
-249.702488
  81.173669
 -69.548181
 159.093735
  11.900872
-143.362412
  -3.599919
 111.928793
-230.036145
 121.652087
 104.210745
 -42.295077
   4.378210
-125.321083
  82.902935
 -88.617643
 142.607782
-145.019574
 146.418192
-229.242769
 256.205223
-335.040328
 313.156505
   9.051201
-157.451281
  35.660373
 -29.640510
 -60.398902
 118.583482
-293.471322
 530.354850
-178.545184
-438.691760
 237.495774
 371.463663
-521.860268
 109.011982
  76.127701
 -51.673450
 132.812997
-140.385888
  93.461212
  88.752789
-269.986129
   8.473664
   2.314910
 200.911430
  51.862847
-290.692015
  25.435398
  38.354345
 -23.323513
 -17.591891
-121.159031
 525.179215
-634.650341
 289.456643
 193.659951
-547.014579
 268.860732
 339.473856
-283.532998
  15.032437
-120.946482
-109.630078
 217.074878
-135.151006
 230.924148
-295.665167
 440.432083