-503.169245
-497.624695
-492.080145
-486.535595
-480.991044
-475.446494
-469.901944
-464.357394
-458.812844
-453.268294
-447.723744
-442.179194
-436.634644
-431.090093
-425.545543
-420.000993
-414.456443
-408.911893
-403.367343
-397.822793
-392.278243
-386.733693
-381.189143
-375.644592
-370.100042
-364.555492
-359.010942
-353.466392
-347.921842
-342.377292
-336.832742
-331.288192
-325.743641
-320.199091
-314.654541
-309.109991
-303.565441
-298.020891
-292.476341
-286.931791
-281.387241
-275.842690
-270.298140
-264.753590
-259.209040
-253.664490
-248.119940
-242.575390
-237.030840
-231.486290
-225.941740
-220.397189
-214.852639
-209.308089
-203.763539
-198.218989
-192.674439
-187.129889
-181.585339
-176.040789
-170.496238
-164.951688
-159.407138
-153.862588
-148.318038
-142.773488
-137.228938
-131.684388
-126.139838
-120.595287
-115.050737
-109.506187
-103.961637
 -98.417087
 -92.872537
 -87.327987
 -81.783437
 -76.238887
 -70.694337
 -65.149786
 -59.605236
 -54.060686
 -48.516136
 -42.971586
 -37.427036
 -31.882486
 -26.337936
 -20.793386
 -15.248835
  -9.704285
  -4.159735
   1.384815
   6.929365
  12.473915
  18.018465
  23.563015
  29.107565
  34.652116
  40.196666
  45.741216