0.062453 0.002705 0.059749 0.000000
0.061292 0.001506 0.059786 0.000000
0.061432 0.001609 0.059823 0.000000
0.061103 0.001277 0.059825 0.000000
0.061547 0.001647 0.059900 0.000000
0.060906 0.001091 0.059816 0.000000
0.062126 0.002324 0.059802 0.000000
0.062116 0.002353 0.059764 0.000000
0.062250 0.002341 0.059909 0.000000
0.063372 0.003526 0.059845 0.000000
0.060570 0.000726 0.059844 0.000000
0.063612 0.003719 0.059893 0.000000
0.061737 0.001830 0.059907 0.000000
0.060365 0.000559 0.059806 0.000000
0.062208 0.002313 0.059896 0.000000