-149.225849 -149.225849 -149.225849 -149.225849
-147.581498 -147.581498 -147.581498 -147.581498
-145.937148 -145.937148 -145.937148 -145.937148
-144.292797 -144.292797 -144.292797 -144.292797
-142.648447 -142.648447 -142.648447 -142.648447
-141.004096 -141.004096 -141.004096 -141.004096
-139.359746 -139.359746 -139.359746 -139.359746
-137.715395 -137.715395 -137.715395 -137.715395
-136.071045 -136.071045 -136.071045 -136.071045
-134.426694 -134.426694 -134.426694 -134.426694
-132.782344 -132.782344 -132.782344 -132.782344
-131.137993 -131.137993 -131.137993 -131.137993
-129.493643 -129.493643 -129.493643 -129.493643
-127.849292 -127.849292 -127.849292 -127.849292
-126.204941 -126.204941 -126.204941 -126.204941
-124.560591 -124.560591 -124.560591 -124.560591
-122.916240 -122.916240 -122.916240 -122.916240
-121.271890 -121.271890 -121.271890 -121.271890
-119.627539 -119.627539 -119.627539 -119.627539
-117.983189 -117.983189 -117.983189 -117.983189
-116.338838 -116.338838 -116.338838 -116.338838
-114.694488 -114.694488 -114.694488 -114.694488
-113.050137 -113.050137 -113.050137 -113.050137
-111.405787 -111.405787 -111.405787 -111.405787
-109.761436 -109.761436 -109.761436 -109.761436
-108.117086 -108.117086 -108.117086 -108.117086
-106.472735 -106.472735 -106.472735 -106.472735
-104.828385 -104.828385 -104.828385 -104.828385
-103.184034 -103.184034 -103.184034 -103.184034
-101.539684 -101.539684 -101.539684 -101.539684
 -99.895333  -99.895333  -99.895333  -99.895333
 -98.250983  -98.250983  -98.250983  -98.250983
 -96.606632  -96.606632  -96.606632  -96.606632
 -94.962282  -94.962282  -94.962282  -94.962282
 -93.317931  -93.317931  -93.317931  -93.317931
 -91.673581  -91.673581  -91.673581  -91.673581
 -90.029230  -90.029230  -90.029230  -90.029230
 -88.384880  -88.384880  -88.384880  -88.384880
 -86.740529  -86.740529  -86.740529  -86.740529
 -85.096179  -85.096179  -85.096179  -85.096179
 -83.451828  -83.451828  -83.451828  -83.451828
 -81.807478  -81.807478  -81.807478  -81.807478
 -80.163127  -80.163127  -80.163127  -80.163127
 -78.518777  -78.518777  -78.518777  -78.518777
 -76.874426  -76.874426  -76.874426  -76.874426
 -75.230076  -75.230076  -75.230076  -75.230076
 -73.585725  -73.585725  -73.585725  -73.585725
 -71.941375  -71.941375  -71.941375  -71.941375
 -70.297024  -70.297024  -70.297024  -70.297024
 -68.652674  -68.652674  -68.652674  -68.652674
 -67.008323  -67.008323  -67.008323  -67.008323
 -65.363973  -65.363973  -65.363973  -65.363973
 -63.719622  -63.719622  -63.719622  -63.719622
 -62.075271  -62.075271  -62.075271  -62.075271
 -60.430921  -60.430921  -60.430921  -60.430921
 -58.786570  -58.786570  -58.786570  -58.786570
 -57.142220  -57.142220  -57.142220  -57.142220
 -55.497869  -55.497869  -55.497869  -55.497869
 -53.853519  -53.853519  -53.853519  -53.853519
 -52.209168  -52.209168  -52.209168  -52.209168
 -50.564818  -50.564818  -50.564818  -50.564818
 -48.920467  -48.920467  -48.920467  -48.920467
 -47.276117  -47.276117  -47.276117  -47.276117
 -45.631766  -45.631766  -45.631766  -45.631766
 -43.987416  -43.987416  -43.987416  -43.987416
 -42.343065  -42.343065  -42.343065  -42.343065
 -40.698715  -40.698715  -40.698715  -40.698715
 -39.054364  -39.054364  -39.054364  -39.054364
 -37.410014  -37.410014  -37.410014  -37.410014
 -35.765663  -35.765663  -35.765663  -35.765663
 -34.121313  -34.121313  -34.121313  -34.121313
 -32.476962  -32.476962  -32.476962  -32.476962
 -30.832612  -30.832612  -30.832612  -30.832612
 -29.188261  -29.188261  -29.188261  -29.188261
 -27.543911  -27.543911  -27.543911  -27.543911
 -25.899560  -25.899560  -25.899560  -25.899560
 -24.255210  -24.255210  -24.255210  -24.255210
 -22.610859  -22.610859  -22.610859  -22.610859
 -20.966509  -20.966509  -20.966509  -20.966509
 -19.322158  -19.322158  -19.322158  -19.322158
 -17.677808  -17.677808  -17.677808  -17.677808
 -16.033457  -16.033457  -16.033457  -16.033457
 -14.389107  -14.389107  -14.389107  -14.389107
 -12.744756  -12.744756  -12.744756  -12.744756
 -11.100406  -11.100406  -11.100406  -11.100406
  -9.456055   -9.456055   -9.456055   -9.456055
  -7.811705   -7.811705   -7.811705   -7.811705
  -6.167354   -6.167354   -6.167354   -6.167354
  -4.523004   -4.523004   -4.523004   -4.523004
  -2.878653   -2.878653   -2.878653   -2.878653
  -1.234303   -1.234303   -1.234303   -1.234303
   0.410048    0.410048    0.410048    0.410048
   2.054399    2.054399    2.054399    2.054399
   3.698749    3.698749    3.698749    3.698749
   5.343100    5.343100    5.343100    5.343100
   6.987450    6.987450    6.987450    6.987450
   8.631801    8.631801    8.631801    8.631801
  10.276151   10.276151   10.276151   10.276151
  11.920502   11.920502   11.920502   11.920502
  13.564852   13.564852   13.564852   13.564852