-149.225849
-147.581498
-145.937148
-144.292797
-142.648447
-141.004096
-139.359746
-137.715395
-136.071045
-134.426694
-132.782344
-131.137993
-129.493643
-127.849292
-126.204941
-124.560591
-122.916240
-121.271890
-119.627539
-117.983189
-116.338838
-114.694488
-113.050137
-111.405787
-109.761436
-108.117086
-106.472735
-104.828385
-103.184034
-101.539684
 -99.895333
 -98.250983
 -96.606632
 -94.962282
 -93.317931
 -91.673581
 -90.029230
 -88.384880
 -86.740529
 -85.096179
 -83.451828
 -81.807478
 -80.163127
 -78.518777
 -76.874426
 -75.230076
 -73.585725
 -71.941375
 -70.297024
 -68.652674
 -67.008323
 -65.363973
 -63.719622
 -62.075271
 -60.430921
 -58.786570
 -57.142220
 -55.497869
 -53.853519
 -52.209168
 -50.564818
 -48.920467
 -47.276117
 -45.631766
 -43.987416
 -42.343065
 -40.698715
 -39.054364
 -37.410014
 -35.765663
 -34.121313
 -32.476962
 -30.832612
 -29.188261
 -27.543911
 -25.899560
 -24.255210
 -22.610859
 -20.966509
 -19.322158
 -17.677808
 -16.033457
 -14.389107
 -12.744756
 -11.100406
  -9.456055
  -7.811705
  -6.167354
  -4.523004
  -2.878653
  -1.234303
   0.410048
   2.054399
   3.698749
   5.343100
   6.987450
   8.631801
  10.276151
  11.920502
  13.564852