-250.651545
-247.889599
-245.127653
-242.365706
-239.603760
-236.841814
-234.079868
-231.317922
-228.555976
-225.794030
-223.032084
-220.270138
-217.508192
-214.746246
-211.984300
-209.222353
-206.460407
-203.698461
-200.936515
-198.174569
-195.412623
-192.650677
-189.888731
-187.126785
-184.364839
-181.602893
-178.840946
-176.079000
-173.317054
-170.555108
-167.793162
-165.031216
-162.269270
-159.507324
-156.745378
-153.983432
-151.221486
-148.459540
-145.697593
-142.935647
-140.173701
-137.411755
-134.649809
-131.887863
-129.125917
-126.363971
-123.602025
-120.840079
-118.078133
-115.316187
-112.554240
-109.792294
-107.030348
-104.268402
-101.506456
 -98.744510
 -95.982564
 -93.220618
 -90.458672
 -87.696726
 -84.934780
 -82.172833
 -79.410887
 -76.648941
 -73.886995
 -71.125049
 -68.363103
 -65.601157
 -62.839211
 -60.077265
 -57.315319
 -54.553373
 -51.791427
 -49.029480
 -46.267534
 -43.505588
 -40.743642
 -37.981696
 -35.219750
 -32.457804
 -29.695858
 -26.933912
 -24.171966
 -21.410020
 -18.648073
 -15.886127
 -13.124181
 -10.362235
  -7.600289
  -4.838343
  -2.076397
   0.685549
   3.447495
   6.209441
   8.971387
  11.733333
  14.495280
  17.257226
  20.019172
  22.781118