0.382031 0.007079 0.374951 0.000000
0.385667 0.012860 0.372807 0.000000
0.376582 0.002228 0.374353 0.000000
0.377827 0.003176 0.374652 0.000000
0.388502 0.014774 0.373728 0.000000
0.382626 0.006715 0.375911 0.000000
0.382489 0.008921 0.373568 0.000000
0.384373 0.010284 0.374089 0.000000
0.391480 0.015130 0.376350 0.000000
0.390126 0.017636 0.372490 0.000000
0.380489 0.005035 0.375455 0.000000
0.376652 0.002343 0.374309 0.000000
0.380437 0.007339 0.373099 0.000000
0.386417 0.011914 0.374503 0.000000
0.376337 0.001345 0.374992 0.000000