0.059873 0.000054 0.059819 0.000000
0.059864 0.000048 0.059817 0.000000
0.059890 0.000072 0.059818 0.000000
0.059862 0.000046 0.059816 0.000000
0.059844 0.000026 0.059818 0.000000
0.059840 0.000025 0.059815 0.000000
0.059902 0.000084 0.059819 0.000000
0.059946 0.000131 0.059815 0.000000
0.059939 0.000120 0.059819 0.000000
0.059842 0.000026 0.059816 0.000000
0.059867 0.000051 0.059816 0.000000
0.059863 0.000044 0.059819 0.000000
0.059917 0.000100 0.059817 0.000000
0.059971 0.000152 0.059819 0.000000
0.059907 0.000092 0.059816 0.000000