0.060840 0.001031 0.059809 0.000000
0.060873 0.001023 0.059850 0.000000
0.061827 0.002038 0.059789 0.000000
0.060771 0.000960 0.059812 0.000000
0.061071 0.001261 0.059810 0.000000
0.061086 0.001276 0.059811 0.000000
0.061275 0.001473 0.059802 0.000000
0.060490 0.000656 0.059834 0.000000
0.060673 0.000858 0.059816 0.000000
0.061779 0.002041 0.059738 0.000000
0.060828 0.001066 0.059762 0.000000
0.060200 0.000382 0.059819 0.000000
0.060730 0.000963 0.059766 0.000000
0.060868 0.001073 0.059795 0.000000
0.062281 0.002401 0.059881 0.000000