-287.243265
-281.515375
-275.787485
-270.059596
-264.331706
-258.603816
-252.875926
-247.148036
-241.420146
-235.692256
-229.964367
-224.236477
-218.508587
-212.780697
-207.052807
-201.324917
-195.597027
-189.869137
-184.141248
-178.413358
-172.685468
-166.957578
-161.229688
-155.501798
-149.773908
-144.046019
-138.318129
-132.590239
-126.862349
-121.134459
-115.406569
-109.678679
-103.950789
 -98.222900
 -92.495010
 -86.767120
 -81.039230
 -75.311340
 -69.583450
 -63.855560
 -58.127671
 -52.399781
 -46.671891
 -40.944001
 -35.216111
 -29.488221
 -23.760331
 -18.032441
 -12.304552
  -6.576662
  -0.848772
   4.879118
  10.607008
  16.334898
  22.062788
  27.790677
  33.518567
  39.246457
  44.974347
  50.702237
  56.430127
  62.158017
  67.885906
  73.613796
  79.341686
  85.069576
  90.797466
  96.525356
 102.253246
 107.981136
 113.709025
 119.436915
 125.164805
 130.892695
 136.620585
 142.348475
 148.076365
 153.804254
 159.532144
 165.260034
 170.987924
 176.715814
 182.443704
 188.171594
 193.899484
 199.627373
 205.355263
 211.083153
 216.811043
 222.538933
 228.266823
 233.994713
 239.722602
 245.450492
 251.178382
 256.906272
 262.634162
 268.362052
 274.089942
 279.817832