0.060529 0.000702 0.059827 0.000000
0.060510 0.000678 0.059832 0.000000
0.061267 0.001424 0.059843 0.000000
0.060433 0.000611 0.059822 0.000000
0.060269 0.000437 0.059832 0.000000
0.060636 0.000794 0.059842 0.000000
0.060237 0.000407 0.059831 0.000000
0.059947 0.000118 0.059829 0.000000
0.061018 0.001172 0.059846 0.000000
0.060377 0.000566 0.059812 0.000000
0.060565 0.000726 0.059839 0.000000
0.060506 0.000694 0.059812 0.000000
0.060839 0.001034 0.059805 0.000000
0.060435 0.000622 0.059813 0.000000
0.061302 0.001481 0.059821 0.000000