  0.000000   2.000000
 10.000000   1.967197
 20.000000   2.337834
 30.000000   1.646464
 40.000000   1.096349
 50.000000   0.877230
 60.000000   0.809089
 70.000000   0.527646
 80.000000   0.390305
 90.000000   0.393568
100.000000   0.441298
110.000000   0.433292
120.000000   0.366563
130.000000   0.284796
140.000000   0.371523
150.000000   0.363818
160.000000   0.307856
170.000000   0.386261
180.000000   0.317592
190.000000   0.228042
200.000000   0.169951
210.000000   0.147310
220.000000   0.174170
230.000000   0.152290
240.000000   0.133422
250.000000   0.116202
260.000000   0.077462
270.000000   0.080205
280.000000   0.073107
290.000000   0.063088
300.000000   0.057191
310.000000   0.045612
320.000000   0.039857
330.000000   0.033021
340.000000   0.032867
350.000000   0.032531
360.000000   0.023119
370.000000   0.015068
380.000000   0.011840
390.000000   0.012592