  0.000000  11.313708   4.242641   7.071068
 10.000000   9.382760   3.311270   6.071490
 20.000000   6.766493   2.273734   4.492759
 30.000000   4.120779   1.268499   2.852280
 40.000000   4.573476   1.513248   3.060228
 50.000000   3.265477   0.801631   2.463846
 60.000000   2.828747   0.715071   2.113675
 70.000000   2.829777   0.687334   2.142443
 80.000000   2.832132   0.949035   1.883097
 90.000000   2.828612   1.050800   1.777812
100.000000   2.828561   1.293859   1.534702
110.000000   2.828571   1.256100   1.572471
120.000000   2.828532   1.388370   1.440163
130.000000   2.828430   1.459070   1.369360
140.000000   2.828428   1.478168   1.350260
150.000000   2.828427   1.681286   1.147141
160.000000   2.828428   1.530328   1.298100
170.000000   2.828427   1.585616   1.242811
180.000000   2.828427   1.497339   1.331088
190.000000   2.828427   1.542258   1.286170
200.000000   2.828427   1.458615   1.369812
210.000000   2.828427   1.444664   1.383763
220.000000   2.828427   1.485227   1.343200
230.000000   2.828427   1.437747   1.390680
240.000000   2.828427   1.354748   1.473679
250.000000   2.828427   1.296353   1.532074
260.000000   2.828427   1.301586   1.526841
270.000000   2.828427   1.319480   1.508947
280.000000   2.828427   1.267479   1.560948
290.000000   2.828427   1.267570   1.560857
300.000000   2.828427   1.277580   1.550847
310.000000   2.828427   1.248230   1.580197
320.000000   2.828427   1.231808   1.596619
330.000000   2.828427   1.230736   1.597691
340.000000   2.828427   1.203507   1.624920
350.000000   2.828427   1.186713   1.641714
360.000000   2.828427   1.178089   1.650338
370.000000   2.828427   1.173133   1.655294
380.000000   2.828427   1.170390   1.658037
390.000000   2.828427   1.165953   1.662474