-20.309655
-19.194882
-18.080109
-16.965337
-15.850564
-14.735791
-13.621019
-12.506246
-11.391473
-10.276700
 -9.161928
 -8.047155
 -6.932382
 -5.817610
 -4.702837
 -3.588064
 -2.473291
 -1.358519
 -0.243746
  0.871027
  1.985799
  3.100572
  4.215345
  5.330118
  6.444890
  7.559663
  8.674436
  9.789208
 10.903981
 12.018754
 13.133526
 14.248299
 15.363072
 16.477845
 17.592617
 18.707390
 19.822163
 20.936935
 22.051708
 23.166481
 24.281254
 25.396026
 26.510799
 27.625572
 28.740344
 29.855117
 30.969890
 32.084663
 33.199435
 34.314208
 35.428981
 36.543753
 37.658526
 38.773299
 39.888072
 41.002844
 42.117617
 43.232390
 44.347162
 45.461935
 46.576708
 47.691481
 48.806253
 49.921026
 51.035799
 52.150571
 53.265344
 54.380117
 55.494890
 56.609662
 57.724435
 58.839208
 59.953980
 61.068753
 62.183526
 63.298299
 64.413071
 65.527844
 66.642617
 67.757389
 68.872162
 69.986935
 71.101708
 72.216480
 73.331253
 74.446026
 75.560798
 76.675571
 77.790344
 78.905117
 80.019889
 81.134662
 82.249435
 83.364207
 84.478980
 85.593753
 86.708526
 87.823298
 88.938071
 90.052844