0.060104 0.000265 0.059839 0.000000
0.060104 0.000274 0.059831 0.000000
0.060299 0.000472 0.059827 0.000000
0.060121 0.000280 0.059841 0.000000
0.060180 0.000361 0.059820 0.000000
0.060317 0.000487 0.059831 0.000000
0.059915 0.000080 0.059834 0.000000
0.061327 0.001518 0.059809 0.000000
0.060344 0.000537 0.059807 0.000000
0.059937 0.000121 0.059816 0.000000
0.060548 0.000742 0.059806 0.000000
0.060369 0.000547 0.059822 0.000000
0.060259 0.000438 0.059821 0.000000
0.060721 0.000898 0.059823 0.000000
0.060333 0.000495 0.059838 0.000000