0.125144 0.062464 0.062680 0.000000
0.114713 0.052355 0.062358 0.000000
0.081994 0.020795 0.061199 0.000000
0.194093 0.133919 0.060174 0.000000
0.088925 0.028780 0.060145 0.000000
0.089357 0.028299 0.061058 0.000000
0.142327 0.078825 0.063503 0.000000
0.190183 0.126665 0.063518 0.000000
0.087520 0.026652 0.060868 0.000000
0.159427 0.094789 0.064638 0.000000
0.110873 0.049249 0.061624 0.000000
0.127285 0.065479 0.061807 0.000000
0.098417 0.038075 0.060342 0.000000
0.078774 0.017942 0.060832 0.000000
0.109176 0.047992 0.061183 0.000000