68.719477  0.000000  0.000000  0.000000  0.000000  0.000000  0.000000  0.000000  0.000000  0.000000  0.000000  0.000000  0.000000  0.000000  0.000000  0.000000
 0.000000 68.719477  0.000000  0.000000  0.000000  0.000000  0.000000  0.000000  0.000000  0.000000  0.000000  0.000000  0.000000  0.000000  0.000000  0.000000
 0.000000  0.000000 68.719477  0.000000  0.000000  0.000000  0.000000  0.000000  0.000000  0.000000  0.000000  0.000000  0.000000  0.000000  0.000000  0.000000
 0.000000  0.000000  0.000000 68.719477  0.000000  0.000000  0.000000  0.000000  0.000000  0.000000  0.000000  0.000000  0.000000  0.000000  0.000000  0.000000
 0.000000  0.000000  0.000000  0.000000 68.719477  0.000000  0.000000  0.000000  0.000000  0.000000  0.000000  0.000000  0.000000  0.000000  0.000000  0.000000
 0.000000  0.000000  0.000000  0.000000  0.000000 68.719477  0.000000  0.000000  0.000000  0.000000  0.000000  0.000000  0.000000  0.000000  0.000000  0.000000
 0.000000  0.000000  0.000000  0.000000  0.000000  0.000000 68.719477  0.000000  0.000000  0.000000  0.000000  0.000000  0.000000  0.000000  0.000000  0.000000
 0.000000  0.000000  0.000000  0.000000  0.000000  0.000000  0.000000 68.719477  0.000000  0.000000  0.000000  0.000000  0.000000  0.000000  0.000000  0.000000
 0.000000  0.000000  0.000000  0.000000  0.000000  0.000000  0.000000  0.000000 68.719477  0.000000  0.000000  0.000000  0.000000  0.000000  0.000000  0.000000
 0.000000  0.000000  0.000000  0.000000  0.000000  0.000000  0.000000  0.000000  0.000000 68.719477  0.000000  0.000000  0.000000  0.000000  0.000000  0.000000
 0.000000  0.000000  0.000000  0.000000  0.000000  0.000000  0.000000  0.000000  0.000000  0.000000 68.719477  0.000000  0.000000  0.000000  0.000000  0.000000
 0.000000  0.000000  0.000000  0.000000  0.000000  0.000000  0.000000  0.000000  0.000000  0.000000  0.000000 68.719477  0.000000  0.000000  0.000000  0.000000
 0.000000  0.000000  0.000000  0.000000  0.000000  0.000000  0.000000  0.000000  0.000000  0.000000  0.000000  0.000000 68.719477  0.000000  0.000000  0.000000
 0.000000  0.000000  0.000000  0.000000  0.000000  0.000000  0.000000  0.000000  0.000000  0.000000  0.000000  0.000000  0.000000 68.719477  0.000000  0.000000
 0.000000  0.000000  0.000000  0.000000  0.000000  0.000000  0.000000  0.000000  0.000000  0.000000  0.000000  0.000000  0.000000  0.000000 68.719477  0.000000
 0.000000  0.000000  0.000000  0.000000  0.000000  0.000000  0.000000  0.000000  0.000000  0.000000  0.000000  0.000000  0.000000  0.000000  0.000000 68.719477