-645.751500 -645.751500 -645.751500 -645.751500
-638.349218 -638.349218 -638.349218 -638.349218
-630.946935 -630.946935 -630.946935 -630.946935
-623.544653 -623.544653 -623.544653 -623.544653
-616.142371 -616.142371 -616.142371 -616.142371
-608.740088 -608.740088 -608.740088 -608.740088
-601.337806 -601.337806 -601.337806 -601.337806
-593.935524 -593.935524 -593.935524 -593.935524
-586.533241 -586.533241 -586.533241 -586.533241
-579.130959 -579.130959 -579.130959 -579.130959
-571.728677 -571.728677 -571.728677 -571.728677
-564.326394 -564.326394 -564.326394 -564.326394
-556.924112 -556.924112 -556.924112 -556.924112
-549.521830 -549.521830 -549.521830 -549.521830
-542.119547 -542.119547 -542.119547 -542.119547
-534.717265 -534.717265 -534.717265 -534.717265
-527.314983 -527.314983 -527.314983 -527.314983
-519.912700 -519.912700 -519.912700 -519.912700
-512.510418 -512.510418 -512.510418 -512.510418
-505.108136 -505.108136 -505.108136 -505.108136
-497.705854 -497.705854 -497.705854 -497.705854
-490.303571 -490.303571 -490.303571 -490.303571
-482.901289 -482.901289 -482.901289 -482.901289
-475.499007 -475.499007 -475.499007 -475.499007
-468.096724 -468.096724 -468.096724 -468.096724
-460.694442 -460.694442 -460.694442 -460.694442
-453.292160 -453.292160 -453.292160 -453.292160
-445.889877 -445.889877 -445.889877 -445.889877
-438.487595 -438.487595 -438.487595 -438.487595
-431.085313 -431.085313 -431.085313 -431.085313
-423.683030 -423.683030 -423.683030 -423.683030
-416.280748 -416.280748 -416.280748 -416.280748
-408.878466 -408.878466 -408.878466 -408.878466
-401.476183 -401.476183 -401.476183 -401.476183
-394.073901 -394.073901 -394.073901 -394.073901
-386.671619 -386.671619 -386.671619 -386.671619
-379.269337 -379.269337 -379.269337 -379.269337
-371.867054 -371.867054 -371.867054 -371.867054
-364.464772 -364.464772 -364.464772 -364.464772
-357.062490 -357.062490 -357.062490 -357.062490
-349.660207 -349.660207 -349.660207 -349.660207
-342.257925 -342.257925 -342.257925 -342.257925
-334.855643 -334.855643 -334.855643 -334.855643
-327.453360 -327.453360 -327.453360 -327.453360
-320.051078 -320.051078 -320.051078 -320.051078
-312.648796 -312.648796 -312.648796 -312.648796
-305.246513 -305.246513 -305.246513 -305.246513
-297.844231 -297.844231 -297.844231 -297.844231
-290.441949 -290.441949 -290.441949 -290.441949
-283.039666 -283.039666 -283.039666 -283.039666
-275.637384 -275.637384 -275.637384 -275.637384
-268.235102 -268.235102 -268.235102 -268.235102
-260.832820 -260.832820 -260.832820 -260.832820
-253.430537 -253.430537 -253.430537 -253.430537
-246.028255 -246.028255 -246.028255 -246.028255
-238.625973 -238.625973 -238.625973 -238.625973
-231.223690 -231.223690 -231.223690 -231.223690
-223.821408 -223.821408 -223.821408 -223.821408
-216.419126 -216.419126 -216.419126 -216.419126
-209.016843 -209.016843 -209.016843 -209.016843
-201.614561 -201.614561 -201.614561 -201.614561
-194.212279 -194.212279 -194.212279 -194.212279
-186.809996 -186.809996 -186.809996 -186.809996
-179.407714 -179.407714 -179.407714 -179.407714
-172.005432 -172.005432 -172.005432 -172.005432
-164.603149 -164.603149 -164.603149 -164.603149
-157.200867 -157.200867 -157.200867 -157.200867
-149.798585 -149.798585 -149.798585 -149.798585
-142.396303 -142.396303 -142.396303 -142.396303
-134.994020 -134.994020 -134.994020 -134.994020
-127.591738 -127.591738 -127.591738 -127.591738
-120.189456 -120.189456 -120.189456 -120.189456
-112.787173 -112.787173 -112.787173 -112.787173
-105.384891 -105.384891 -105.384891 -105.384891
 -97.982609  -97.982609  -97.982609  -97.982609
 -90.580326  -90.580326  -90.580326  -90.580326
 -83.178044  -83.178044  -83.178044  -83.178044
 -75.775762  -75.775762  -75.775762  -75.775762
 -68.373479  -68.373479  -68.373479  -68.373479
 -60.971197  -60.971197  -60.971197  -60.971197
 -53.568915  -53.568915  -53.568915  -53.568915
 -46.166632  -46.166632  -46.166632  -46.166632
 -38.764350  -38.764350  -38.764350  -38.764350
 -31.362068  -31.362068  -31.362068  -31.362068
 -23.959785  -23.959785  -23.959785  -23.959785
 -16.557503  -16.557503  -16.557503  -16.557503
  -9.155221   -9.155221   -9.155221   -9.155221
  -1.752939   -1.752939   -1.752939   -1.752939
   5.649344    5.649344    5.649344    5.649344
  13.051626   13.051626   13.051626   13.051626
  20.453908   20.453908   20.453908   20.453908
  27.856191   27.856191   27.856191   27.856191
  35.258473   35.258473   35.258473   35.258473
  42.660755   42.660755   42.660755   42.660755
  50.063038   50.063038   50.063038   50.063038
  57.465320   57.465320   57.465320   57.465320
  64.867602   64.867602   64.867602   64.867602
  72.269885   72.269885   72.269885   72.269885
  79.672167   79.672167   79.672167   79.672167
  87.074449   87.074449   87.074449   87.074449