-645.751500
-638.349218
-630.946935
-623.544653
-616.142371
-608.740088
-601.337806
-593.935524
-586.533241
-579.130959
-571.728677
-564.326394
-556.924112
-549.521830
-542.119547
-534.717265
-527.314983
-519.912700
-512.510418
-505.108136
-497.705854
-490.303571
-482.901289
-475.499007
-468.096724
-460.694442
-453.292160
-445.889877
-438.487595
-431.085313
-423.683030
-416.280748
-408.878466
-401.476183
-394.073901
-386.671619
-379.269337
-371.867054
-364.464772
-357.062490
-349.660207
-342.257925
-334.855643
-327.453360
-320.051078
-312.648796
-305.246513
-297.844231
-290.441949
-283.039666
-275.637384
-268.235102
-260.832820
-253.430537
-246.028255
-238.625973
-231.223690
-223.821408
-216.419126
-209.016843
-201.614561
-194.212279
-186.809996
-179.407714
-172.005432
-164.603149
-157.200867
-149.798585
-142.396303
-134.994020
-127.591738
-120.189456
-112.787173
-105.384891
 -97.982609
 -90.580326
 -83.178044
 -75.775762
 -68.373479
 -60.971197
 -53.568915
 -46.166632
 -38.764350
 -31.362068
 -23.959785
 -16.557503
  -9.155221
  -1.752939
   5.649344
  13.051626
  20.453908
  27.856191
  35.258473
  42.660755
  50.063038
  57.465320
  64.867602
  72.269885
  79.672167
  87.074449