0.234364 0.172501 0.061862 0.000000
0.341904 0.284872 0.057032 0.000000
0.171747 0.110854 0.060893 0.000000
0.338303 0.265271 0.073032 0.000000
0.458398 0.392077 0.066321 0.000000
0.117149 0.058938 0.058212 0.000000
0.213610 0.143525 0.070085 0.000000
0.389790 0.327668 0.062122 0.000000
0.184284 0.123584 0.060700 0.000000
0.240753 0.187248 0.053506 0.000000
0.146054 0.084642 0.061412 0.000000
0.192391 0.129579 0.062811 0.000000
0.319720 0.263436 0.056284 0.000000
0.192894 0.137074 0.055820 0.000000
0.233362 0.171195 0.062167 0.000000