-59.377708 -59.377708 -59.377708 -59.377708
-58.330621 -58.330621 -58.330621 -58.330621
-57.283534 -57.283534 -57.283534 -57.283534
-56.236447 -56.236447 -56.236447 -56.236447
-55.189360 -55.189360 -55.189360 -55.189360
-54.142273 -54.142273 -54.142273 -54.142273
-53.095186 -53.095186 -53.095186 -53.095186
-52.048099 -52.048099 -52.048099 -52.048099
-51.001012 -51.001012 -51.001012 -51.001012
-49.953925 -49.953925 -49.953925 -49.953925
-48.906838 -48.906838 -48.906838 -48.906838
-47.859751 -47.859751 -47.859751 -47.859751
-46.812664 -46.812664 -46.812664 -46.812664
-45.765577 -45.765577 -45.765577 -45.765577
-44.718490 -44.718490 -44.718490 -44.718490
-43.671403 -43.671403 -43.671403 -43.671403
-42.624316 -42.624316 -42.624316 -42.624316
-41.577229 -41.577229 -41.577229 -41.577229
-40.530142 -40.530142 -40.530142 -40.530142
-39.483055 -39.483055 -39.483055 -39.483055
-38.435968 -38.435968 -38.435968 -38.435968
-37.388881 -37.388881 -37.388881 -37.388881
-36.341794 -36.341794 -36.341794 -36.341794
-35.294707 -35.294707 -35.294707 -35.294707
-34.247620 -34.247620 -34.247620 -34.247620
-33.200533 -33.200533 -33.200533 -33.200533
-32.153446 -32.153446 -32.153446 -32.153446
-31.106359 -31.106359 -31.106359 -31.106359
-30.059272 -30.059272 -30.059272 -30.059272
-29.012185 -29.012185 -29.012185 -29.012185
-27.965099 -27.965099 -27.965099 -27.965099
-26.918012 -26.918012 -26.918012 -26.918012
-25.870925 -25.870925 -25.870925 -25.870925
-24.823838 -24.823838 -24.823838 -24.823838
-23.776751 -23.776751 -23.776751 -23.776751
-22.729664 -22.729664 -22.729664 -22.729664
-21.682577 -21.682577 -21.682577 -21.682577
-20.635490 -20.635490 -20.635490 -20.635490
-19.588403 -19.588403 -19.588403 -19.588403
-18.541316 -18.541316 -18.541316 -18.541316
-17.494229 -17.494229 -17.494229 -17.494229
-16.447142 -16.447142 -16.447142 -16.447142
-15.400055 -15.400055 -15.400055 -15.400055
-14.352968 -14.352968 -14.352968 -14.352968
-13.305881 -13.305881 -13.305881 -13.305881
-12.258794 -12.258794 -12.258794 -12.258794
-11.211707 -11.211707 -11.211707 -11.211707
-10.164620 -10.164620 -10.164620 -10.164620
 -9.117533  -9.117533  -9.117533  -9.117533
 -8.070446  -8.070446  -8.070446  -8.070446
 -7.023359  -7.023359  -7.023359  -7.023359
 -5.976272  -5.976272  -5.976272  -5.976272
 -4.929185  -4.929185  -4.929185  -4.929185
 -3.882098  -3.882098  -3.882098  -3.882098
 -2.835011  -2.835011  -2.835011  -2.835011
 -1.787924  -1.787924  -1.787924  -1.787924
 -0.740837  -0.740837  -0.740837  -0.740837
  0.306250   0.306250   0.306250   0.306250
  1.353337   1.353337   1.353337   1.353337
  2.400424   2.400424   2.400424   2.400424
  3.447511   3.447511   3.447511   3.447511
  4.494598   4.494598   4.494598   4.494598
  5.541685   5.541685   5.541685   5.541685
  6.588772   6.588772   6.588772   6.588772
  7.635859   7.635859   7.635859   7.635859
  8.682946   8.682946   8.682946   8.682946
  9.730033   9.730033   9.730033   9.730033
 10.777120  10.777120  10.777120  10.777120
 11.824207  11.824207  11.824207  11.824207
 12.871294  12.871294  12.871294  12.871294
 13.918381  13.918381  13.918381  13.918381
 14.965468  14.965468  14.965468  14.965468
 16.012555  16.012555  16.012555  16.012555
 17.059641  17.059641  17.059641  17.059641
 18.106728  18.106728  18.106728  18.106728
 19.153815  19.153815  19.153815  19.153815
 20.200902  20.200902  20.200902  20.200902
 21.247989  21.247989  21.247989  21.247989
 22.295076  22.295076  22.295076  22.295076
 23.342163  23.342163  23.342163  23.342163
 24.389250  24.389250  24.389250  24.389250
 25.436337  25.436337  25.436337  25.436337
 26.483424  26.483424  26.483424  26.483424
 27.530511  27.530511  27.530511  27.530511
 28.577598  28.577598  28.577598  28.577598
 29.624685  29.624685  29.624685  29.624685
 30.671772  30.671772  30.671772  30.671772
 31.718859  31.718859  31.718859  31.718859
 32.765946  32.765946  32.765946  32.765946
 33.813033  33.813033  33.813033  33.813033
 34.860120  34.860120  34.860120  34.860120
 35.907207  35.907207  35.907207  35.907207
 36.954294  36.954294  36.954294  36.954294
 38.001381  38.001381  38.001381  38.001381
 39.048468  39.048468  39.048468  39.048468
 40.095555  40.095555  40.095555  40.095555
 41.142642  41.142642  41.142642  41.142642
 42.189729  42.189729  42.189729  42.189729
 43.236816  43.236816  43.236816  43.236816
 44.283903  44.283903  44.283903  44.283903