-59.377708
-58.330621
-57.283534
-56.236447
-55.189360
-54.142273
-53.095186
-52.048099
-51.001012
-49.953925
-48.906838
-47.859751
-46.812664
-45.765577
-44.718490
-43.671403
-42.624316
-41.577229
-40.530142
-39.483055
-38.435968
-37.388881
-36.341794
-35.294707
-34.247620
-33.200533
-32.153446
-31.106359
-30.059272
-29.012185
-27.965099
-26.918012
-25.870925
-24.823838
-23.776751
-22.729664
-21.682577
-20.635490
-19.588403
-18.541316
-17.494229
-16.447142
-15.400055
-14.352968
-13.305881
-12.258794
-11.211707
-10.164620
 -9.117533
 -8.070446
 -7.023359
 -5.976272
 -4.929185
 -3.882098
 -2.835011
 -1.787924
 -0.740837
  0.306250
  1.353337
  2.400424
  3.447511
  4.494598
  5.541685
  6.588772
  7.635859
  8.682946
  9.730033
 10.777120
 11.824207
 12.871294
 13.918381
 14.965468
 16.012555
 17.059641
 18.106728
 19.153815
 20.200902
 21.247989
 22.295076
 23.342163
 24.389250
 25.436337
 26.483424
 27.530511
 28.577598
 29.624685
 30.671772
 31.718859
 32.765946
 33.813033
 34.860120
 35.907207
 36.954294
 38.001381
 39.048468
 40.095555
 41.142642
 42.189729
 43.236816
 44.283903