-273.165890
-271.096208
-269.026526
-266.956844
-264.887161
-262.817479
-260.747797
-258.678115
-256.608433
-254.538751
-252.469068
-250.399386
-248.329704
-246.260022
-244.190340
-242.120657
-240.050975
-237.981293
-235.911611
-233.841929
-231.772247
-229.702564
-227.632882
-225.563200
-223.493518
-221.423836
-219.354154
-217.284471
-215.214789
-213.145107
-211.075425
-209.005743
-206.936061
-204.866378
-202.796696
-200.727014
-198.657332
-196.587650
-194.517968
-192.448285
-190.378603
-188.308921
-186.239239
-184.169557
-182.099875
-180.030192
-177.960510
-175.890828
-173.821146
-171.751464
-169.681781
-167.612099
-165.542417
-163.472735
-161.403053
-159.333371
-157.263688
-155.194006
-153.124324
-151.054642
-148.984960
-146.915278
-144.845595
-142.775913
-140.706231
-138.636549
-136.566867
-134.497185
-132.427502
-130.357820
-128.288138
-126.218456
-124.148774
-122.079092
-120.009409
-117.939727
-115.870045
-113.800363
-111.730681
-109.660998
-107.591316
-105.521634
-103.451952
-101.382270
 -99.312588
 -97.242905
 -95.173223
 -93.103541
 -91.033859
 -88.964177
 -86.894495
 -84.824812
 -82.755130
 -80.685448
 -78.615766
 -76.546084
 -74.476402
 -72.406719
 -70.337037
 -68.267355