0.430367 0.060374 0.369993 0.000000
0.477087 0.090507 0.386579 0.000000
0.441791 0.086514 0.355276 0.000000
0.448624 0.065266 0.383358 0.000000
0.389185 0.007621 0.381564 0.000000
0.424123 0.038189 0.385934 0.000000
0.468551 0.103403 0.365148 0.000000
0.446725 0.067900 0.378824 0.000000
0.394248 0.014142 0.380106 0.000000
0.412706 0.036409 0.376297 0.000000
0.423619 0.042321 0.381298 0.000000
0.425983 0.057225 0.368758 0.000000
0.453071 0.068627 0.384444 0.000000
0.449605 0.076273 0.373332 0.000000
0.410876 0.016522 0.394354 0.000000