-114.612151
-113.800652
-112.989153
-112.177654
-111.366156
-110.554657
-109.743158
-108.931659
-108.120160
-107.308661
-106.497163
-105.685664
-104.874165
-104.062666
-103.251167
-102.439668
-101.628170
-100.816671
-100.005172
 -99.193673
 -98.382174
 -97.570675
 -96.759177
 -95.947678
 -95.136179
 -94.324680
 -93.513181
 -92.701683
 -91.890184
 -91.078685
 -90.267186
 -89.455687
 -88.644188
 -87.832690
 -87.021191
 -86.209692
 -85.398193
 -84.586694
 -83.775195
 -82.963697
 -82.152198
 -81.340699
 -80.529200
 -79.717701
 -78.906202
 -78.094704
 -77.283205
 -76.471706
 -75.660207
 -74.848708
 -74.037210
 -73.225711
 -72.414212
 -71.602713
 -70.791214
 -69.979715
 -69.168217
 -68.356718
 -67.545219
 -66.733720
 -65.922221
 -65.110722
 -64.299224
 -63.487725
 -62.676226
 -61.864727
 -61.053228
 -60.241730
 -59.430231
 -58.618732
 -57.807233
 -56.995734
 -56.184235
 -55.372737
 -54.561238
 -53.749739
 -52.938240
 -52.126741
 -51.315242
 -50.503744
 -49.692245
 -48.880746
 -48.069247
 -47.257748
 -46.446249
 -45.634751
 -44.823252
 -44.011753
 -43.200254
 -42.388755
 -41.577257
 -40.765758
 -39.954259
 -39.142760
 -38.331261
 -37.519762
 -36.708264
 -35.896765
 -35.085266
 -34.273767