-282.749950 -282.749950 -282.749950 -282.749950
-279.634010 -279.634010 -279.634010 -279.634010
-276.518069 -276.518069 -276.518069 -276.518069
-273.402128 -273.402128 -273.402128 -273.402128
-270.286187 -270.286187 -270.286187 -270.286187
-267.170246 -267.170246 -267.170246 -267.170246
-264.054305 -264.054305 -264.054305 -264.054305
-260.938365 -260.938365 -260.938365 -260.938365
-257.822424 -257.822424 -257.822424 -257.822424
-254.706483 -254.706483 -254.706483 -254.706483
-251.590542 -251.590542 -251.590542 -251.590542
-248.474601 -248.474601 -248.474601 -248.474601
-245.358660 -245.358660 -245.358660 -245.358660
-242.242720 -242.242720 -242.242720 -242.242720
-239.126779 -239.126779 -239.126779 -239.126779
-236.010838 -236.010838 -236.010838 -236.010838
-232.894897 -232.894897 -232.894897 -232.894897
-229.778956 -229.778956 -229.778956 -229.778956
-226.663015 -226.663015 -226.663015 -226.663015
-223.547074 -223.547074 -223.547074 -223.547074
-220.431134 -220.431134 -220.431134 -220.431134
-217.315193 -217.315193 -217.315193 -217.315193
-214.199252 -214.199252 -214.199252 -214.199252
-211.083311 -211.083311 -211.083311 -211.083311
-207.967370 -207.967370 -207.967370 -207.967370
-204.851429 -204.851429 -204.851429 -204.851429
-201.735489 -201.735489 -201.735489 -201.735489
-198.619548 -198.619548 -198.619548 -198.619548
-195.503607 -195.503607 -195.503607 -195.503607
-192.387666 -192.387666 -192.387666 -192.387666
-189.271725 -189.271725 -189.271725 -189.271725
-186.155784 -186.155784 -186.155784 -186.155784
-183.039843 -183.039843 -183.039843 -183.039843
-179.923903 -179.923903 -179.923903 -179.923903
-176.807962 -176.807962 -176.807962 -176.807962
-173.692021 -173.692021 -173.692021 -173.692021
-170.576080 -170.576080 -170.576080 -170.576080
-167.460139 -167.460139 -167.460139 -167.460139
-164.344198 -164.344198 -164.344198 -164.344198
-161.228258 -161.228258 -161.228258 -161.228258
-158.112317 -158.112317 -158.112317 -158.112317
-154.996376 -154.996376 -154.996376 -154.996376
-151.880435 -151.880435 -151.880435 -151.880435
-148.764494 -148.764494 -148.764494 -148.764494
-145.648553 -145.648553 -145.648553 -145.648553
-142.532612 -142.532612 -142.532612 -142.532612
-139.416672 -139.416672 -139.416672 -139.416672
-136.300731 -136.300731 -136.300731 -136.300731
-133.184790 -133.184790 -133.184790 -133.184790
-130.068849 -130.068849 -130.068849 -130.068849
-126.952908 -126.952908 -126.952908 -126.952908
-123.836967 -123.836967 -123.836967 -123.836967
-120.721027 -120.721027 -120.721027 -120.721027
-117.605086 -117.605086 -117.605086 -117.605086
-114.489145 -114.489145 -114.489145 -114.489145
-111.373204 -111.373204 -111.373204 -111.373204
-108.257263 -108.257263 -108.257263 -108.257263
-105.141322 -105.141322 -105.141322 -105.141322
-102.025382 -102.025382 -102.025382 -102.025382
 -98.909441  -98.909441  -98.909441  -98.909441
 -95.793500  -95.793500  -95.793500  -95.793500
 -92.677559  -92.677559  -92.677559  -92.677559
 -89.561618  -89.561618  -89.561618  -89.561618
 -86.445677  -86.445677  -86.445677  -86.445677
 -83.329736  -83.329736  -83.329736  -83.329736
 -80.213796  -80.213796  -80.213796  -80.213796
 -77.097855  -77.097855  -77.097855  -77.097855
 -73.981914  -73.981914  -73.981914  -73.981914
 -70.865973  -70.865973  -70.865973  -70.865973
 -67.750032  -67.750032  -67.750032  -67.750032
 -64.634091  -64.634091  -64.634091  -64.634091
 -61.518151  -61.518151  -61.518151  -61.518151
 -58.402210  -58.402210  -58.402210  -58.402210
 -55.286269  -55.286269  -55.286269  -55.286269
 -52.170328  -52.170328  -52.170328  -52.170328
 -49.054387  -49.054387  -49.054387  -49.054387
 -45.938446  -45.938446  -45.938446  -45.938446
 -42.822505  -42.822505  -42.822505  -42.822505
 -39.706565  -39.706565  -39.706565  -39.706565
 -36.590624  -36.590624  -36.590624  -36.590624
 -33.474683  -33.474683  -33.474683  -33.474683
 -30.358742  -30.358742  -30.358742  -30.358742
 -27.242801  -27.242801  -27.242801  -27.242801
 -24.126860  -24.126860  -24.126860  -24.126860
 -21.010920  -21.010920  -21.010920  -21.010920
 -17.894979  -17.894979  -17.894979  -17.894979
 -14.779038  -14.779038  -14.779038  -14.779038
 -11.663097  -11.663097  -11.663097  -11.663097
  -8.547156   -8.547156   -8.547156   -8.547156
  -5.431215   -5.431215   -5.431215   -5.431215
  -2.315275   -2.315275   -2.315275   -2.315275
   0.800666    0.800666    0.800666    0.800666
   3.916607    3.916607    3.916607    3.916607
   7.032548    7.032548    7.032548    7.032548
  10.148489   10.148489   10.148489   10.148489
  13.264430   13.264430   13.264430   13.264430
  16.380371   16.380371   16.380371   16.380371
  19.496311   19.496311   19.496311   19.496311
  22.612252   22.612252   22.612252   22.612252
  25.728193   25.728193   25.728193   25.728193