-282.749950
-279.634010
-276.518069
-273.402128
-270.286187
-267.170246
-264.054305
-260.938365
-257.822424
-254.706483
-251.590542
-248.474601
-245.358660
-242.242720
-239.126779
-236.010838
-232.894897
-229.778956
-226.663015
-223.547074
-220.431134
-217.315193
-214.199252
-211.083311
-207.967370
-204.851429
-201.735489
-198.619548
-195.503607
-192.387666
-189.271725
-186.155784
-183.039843
-179.923903
-176.807962
-173.692021
-170.576080
-167.460139
-164.344198
-161.228258
-158.112317
-154.996376
-151.880435
-148.764494
-145.648553
-142.532612
-139.416672
-136.300731
-133.184790
-130.068849
-126.952908
-123.836967
-120.721027
-117.605086
-114.489145
-111.373204
-108.257263
-105.141322
-102.025382
 -98.909441
 -95.793500
 -92.677559
 -89.561618
 -86.445677
 -83.329736
 -80.213796
 -77.097855
 -73.981914
 -70.865973
 -67.750032
 -64.634091
 -61.518151
 -58.402210
 -55.286269
 -52.170328
 -49.054387
 -45.938446
 -42.822505
 -39.706565
 -36.590624
 -33.474683
 -30.358742
 -27.242801
 -24.126860
 -21.010920
 -17.894979
 -14.779038
 -11.663097
  -8.547156
  -5.431215
  -2.315275
   0.800666
   3.916607
   7.032548
  10.148489
  13.264430
  16.380371
  19.496311
  22.612252
  25.728193