577.288275 577.288275 577.288275 577.288275
570.926423 570.926423 570.926423 570.926423
564.564571 564.564571 564.564571 564.564571
558.202718 558.202718 558.202718 558.202718
551.840866 551.840866 551.840866 551.840866
545.479014 545.479014 545.479014 545.479014
539.117162 539.117162 539.117162 539.117162
532.755309 532.755309 532.755309 532.755309
526.393457 526.393457 526.393457 526.393457
520.031605 520.031605 520.031605 520.031605
513.669753 513.669753 513.669753 513.669753
507.307901 507.307901 507.307901 507.307901
500.946048 500.946048 500.946048 500.946048
494.584196 494.584196 494.584196 494.584196
488.222344 488.222344 488.222344 488.222344
481.860492 481.860492 481.860492 481.860492
475.498639 475.498639 475.498639 475.498639
469.136787 469.136787 469.136787 469.136787
462.774935 462.774935 462.774935 462.774935
456.413083 456.413083 456.413083 456.413083
450.051231 450.051231 450.051231 450.051231
443.689378 443.689378 443.689378 443.689378
437.327526 437.327526 437.327526 437.327526
430.965674 430.965674 430.965674 430.965674
424.603822 424.603822 424.603822 424.603822
418.241969 418.241969 418.241969 418.241969
411.880117 411.880117 411.880117 411.880117
405.518265 405.518265 405.518265 405.518265
399.156413 399.156413 399.156413 399.156413
392.794561 392.794561 392.794561 392.794561
386.432708 386.432708 386.432708 386.432708
380.070856 380.070856 380.070856 380.070856
373.709004 373.709004 373.709004 373.709004
367.347152 367.347152 367.347152 367.347152
360.985299 360.985299 360.985299 360.985299
354.623447 354.623447 354.623447 354.623447
348.261595 348.261595 348.261595 348.261595
341.899743 341.899743 341.899743 341.899743
335.537891 335.537891 335.537891 335.537891
329.176038 329.176038 329.176038 329.176038
322.814186 322.814186 322.814186 322.814186
316.452334 316.452334 316.452334 316.452334
310.090482 310.090482 310.090482 310.090482
303.728629 303.728629 303.728629 303.728629
297.366777 297.366777 297.366777 297.366777
291.004925 291.004925 291.004925 291.004925
284.643073 284.643073 284.643073 284.643073
278.281221 278.281221 278.281221 278.281221
271.919368 271.919368 271.919368 271.919368
265.557516 265.557516 265.557516 265.557516
259.195664 259.195664 259.195664 259.195664
252.833812 252.833812 252.833812 252.833812
246.471959 246.471959 246.471959 246.471959
240.110107 240.110107 240.110107 240.110107
233.748255 233.748255 233.748255 233.748255
227.386403 227.386403 227.386403 227.386403
221.024551 221.024551 221.024551 221.024551
214.662698 214.662698 214.662698 214.662698
208.300846 208.300846 208.300846 208.300846
201.938994 201.938994 201.938994 201.938994
195.577142 195.577142 195.577142 195.577142
189.215289 189.215289 189.215289 189.215289
182.853437 182.853437 182.853437 182.853437
176.491585 176.491585 176.491585 176.491585
170.129733 170.129733 170.129733 170.129733
163.767881 163.767881 163.767881 163.767881
157.406028 157.406028 157.406028 157.406028
151.044176 151.044176 151.044176 151.044176
144.682324 144.682324 144.682324 144.682324
138.320472 138.320472 138.320472 138.320472
131.958619 131.958619 131.958619 131.958619
125.596767 125.596767 125.596767 125.596767
119.234915 119.234915 119.234915 119.234915
112.873063 112.873063 112.873063 112.873063
106.511211 106.511211 106.511211 106.511211
100.149358 100.149358 100.149358 100.149358
 93.787506  93.787506  93.787506  93.787506
 87.425654  87.425654  87.425654  87.425654
 81.063802  81.063802  81.063802  81.063802
 74.701949  74.701949  74.701949  74.701949
 68.340097  68.340097  68.340097  68.340097
 61.978245  61.978245  61.978245  61.978245
 55.616393  55.616393  55.616393  55.616393
 49.254541  49.254541  49.254541  49.254541
 42.892688  42.892688  42.892688  42.892688
 36.530836  36.530836  36.530836  36.530836
 30.168984  30.168984  30.168984  30.168984
 23.807132  23.807132  23.807132  23.807132
 17.445279  17.445279  17.445279  17.445279
 11.083427  11.083427  11.083427  11.083427
  4.721575   4.721575   4.721575   4.721575
 -1.640277  -1.640277  -1.640277  -1.640277
 -8.002129  -8.002129  -8.002129  -8.002129
-14.363982 -14.363982 -14.363982 -14.363982
-20.725834 -20.725834 -20.725834 -20.725834
-27.087686 -27.087686 -27.087686 -27.087686
-33.449538 -33.449538 -33.449538 -33.449538
-39.811390 -39.811390 -39.811390 -39.811390
-46.173243 -46.173243 -46.173243 -46.173243
-52.535095 -52.535095 -52.535095 -52.535095