0.060799 0.000947 0.059852 0.000000
0.063197 0.003247 0.059950 0.000000
0.062639 0.002942 0.059697 0.000000
0.060983 0.001168 0.059816 0.000000
0.062482 0.002728 0.059754 0.000000
0.061068 0.001284 0.059784 0.000000
0.061680 0.001880 0.059800 0.000000
0.061336 0.001476 0.059861 0.000000
0.060965 0.001131 0.059835 0.000000
0.060603 0.000787 0.059816 0.000000
0.060569 0.000834 0.059735 0.000000
0.060990 0.001209 0.059781 0.000000
0.061906 0.002104 0.059803 0.000000
0.061808 0.002016 0.059792 0.000000
0.061273 0.001425 0.059848 0.000000