352.305507 352.305507 352.305507 352.305507
348.423392 348.423392 348.423392 348.423392
344.541277 344.541277 344.541277 344.541277
340.659161 340.659161 340.659161 340.659161
336.777046 336.777046 336.777046 336.777046
332.894930 332.894930 332.894930 332.894930
329.012815 329.012815 329.012815 329.012815
325.130700 325.130700 325.130700 325.130700
321.248584 321.248584 321.248584 321.248584
317.366469 317.366469 317.366469 317.366469
313.484354 313.484354 313.484354 313.484354
309.602238 309.602238 309.602238 309.602238
305.720123 305.720123 305.720123 305.720123
301.838008 301.838008 301.838008 301.838008
297.955892 297.955892 297.955892 297.955892
294.073777 294.073777 294.073777 294.073777
290.191661 290.191661 290.191661 290.191661
286.309546 286.309546 286.309546 286.309546
282.427431 282.427431 282.427431 282.427431
278.545315 278.545315 278.545315 278.545315
274.663200 274.663200 274.663200 274.663200
270.781085 270.781085 270.781085 270.781085
266.898969 266.898969 266.898969 266.898969
263.016854 263.016854 263.016854 263.016854
259.134738 259.134738 259.134738 259.134738
255.252623 255.252623 255.252623 255.252623
251.370508 251.370508 251.370508 251.370508
247.488392 247.488392 247.488392 247.488392
243.606277 243.606277 243.606277 243.606277
239.724162 239.724162 239.724162 239.724162
235.842046 235.842046 235.842046 235.842046
231.959931 231.959931 231.959931 231.959931
228.077816 228.077816 228.077816 228.077816
224.195700 224.195700 224.195700 224.195700
220.313585 220.313585 220.313585 220.313585
216.431469 216.431469 216.431469 216.431469
212.549354 212.549354 212.549354 212.549354
208.667239 208.667239 208.667239 208.667239
204.785123 204.785123 204.785123 204.785123
200.903008 200.903008 200.903008 200.903008
197.020893 197.020893 197.020893 197.020893
193.138777 193.138777 193.138777 193.138777
189.256662 189.256662 189.256662 189.256662
185.374546 185.374546 185.374546 185.374546
181.492431 181.492431 181.492431 181.492431
177.610316 177.610316 177.610316 177.610316
173.728200 173.728200 173.728200 173.728200
169.846085 169.846085 169.846085 169.846085
165.963970 165.963970 165.963970 165.963970
162.081854 162.081854 162.081854 162.081854
158.199739 158.199739 158.199739 158.199739
154.317624 154.317624 154.317624 154.317624
150.435508 150.435508 150.435508 150.435508
146.553393 146.553393 146.553393 146.553393
142.671277 142.671277 142.671277 142.671277
138.789162 138.789162 138.789162 138.789162
134.907047 134.907047 134.907047 134.907047
131.024931 131.024931 131.024931 131.024931
127.142816 127.142816 127.142816 127.142816
123.260701 123.260701 123.260701 123.260701
119.378585 119.378585 119.378585 119.378585
115.496470 115.496470 115.496470 115.496470
111.614354 111.614354 111.614354 111.614354
107.732239 107.732239 107.732239 107.732239
103.850124 103.850124 103.850124 103.850124
 99.968008  99.968008  99.968008  99.968008
 96.085893  96.085893  96.085893  96.085893
 92.203778  92.203778  92.203778  92.203778
 88.321662  88.321662  88.321662  88.321662
 84.439547  84.439547  84.439547  84.439547
 80.557432  80.557432  80.557432  80.557432
 76.675316  76.675316  76.675316  76.675316
 72.793201  72.793201  72.793201  72.793201
 68.911085  68.911085  68.911085  68.911085
 65.028970  65.028970  65.028970  65.028970
 61.146855  61.146855  61.146855  61.146855
 57.264739  57.264739  57.264739  57.264739
 53.382624  53.382624  53.382624  53.382624
 49.500509  49.500509  49.500509  49.500509
 45.618393  45.618393  45.618393  45.618393
 41.736278  41.736278  41.736278  41.736278
 37.854162  37.854162  37.854162  37.854162
 33.972047  33.972047  33.972047  33.972047
 30.089932  30.089932  30.089932  30.089932
 26.207816  26.207816  26.207816  26.207816
 22.325701  22.325701  22.325701  22.325701
 18.443586  18.443586  18.443586  18.443586
 14.561470  14.561470  14.561470  14.561470
 10.679355  10.679355  10.679355  10.679355
  6.797240   6.797240   6.797240   6.797240
  2.915124   2.915124   2.915124   2.915124
 -0.966991  -0.966991  -0.966991  -0.966991
 -4.849107  -4.849107  -4.849107  -4.849107
 -8.731222  -8.731222  -8.731222  -8.731222
-12.613337 -12.613337 -12.613337 -12.613337
-16.495453 -16.495453 -16.495453 -16.495453
-20.377568 -20.377568 -20.377568 -20.377568
-24.259683 -24.259683 -24.259683 -24.259683
-28.141799 -28.141799 -28.141799 -28.141799
-32.023914 -32.023914 -32.023914 -32.023914