352.305507
348.423392
344.541277
340.659161
336.777046
332.894930
329.012815
325.130700
321.248584
317.366469
313.484354
309.602238
305.720123
301.838008
297.955892
294.073777
290.191661
286.309546
282.427431
278.545315
274.663200
270.781085
266.898969
263.016854
259.134738
255.252623
251.370508
247.488392
243.606277
239.724162
235.842046
231.959931
228.077816
224.195700
220.313585
216.431469
212.549354
208.667239
204.785123
200.903008
197.020893
193.138777
189.256662
185.374546
181.492431
177.610316
173.728200
169.846085
165.963970
162.081854
158.199739
154.317624
150.435508
146.553393
142.671277
138.789162
134.907047
131.024931
127.142816
123.260701
119.378585
115.496470
111.614354
107.732239
103.850124
 99.968008
 96.085893
 92.203778
 88.321662
 84.439547
 80.557432
 76.675316
 72.793201
 68.911085
 65.028970
 61.146855
 57.264739
 53.382624
 49.500509
 45.618393
 41.736278
 37.854162
 33.972047
 30.089932
 26.207816
 22.325701
 18.443586
 14.561470
 10.679355
  6.797240
  2.915124
 -0.966991
 -4.849107
 -8.731222
-12.613337
-16.495453
-20.377568
-24.259683
-28.141799
-32.023914