0.411533 0.018685 0.392849 0.000000
0.423602 0.037560 0.386042 0.000000
0.400072 0.013094 0.386978 0.000000
0.433035 0.057689 0.375346 0.000000
0.419738 0.030477 0.389261 0.000000
0.414244 0.036055 0.378189 0.000000
0.450303 0.060608 0.389695 0.000000
0.464194 0.060147 0.404047 0.000000
0.390701 0.012475 0.378226 0.000000
0.413041 0.033185 0.379856 0.000000
0.448640 0.055789 0.392850 0.000000
0.435575 0.057005 0.378571 0.000000
0.387672 0.015618 0.372054 0.000000
0.433770 0.054642 0.379129 0.000000
0.414953 0.022688 0.392265 0.000000