35.440323
35.049880
34.659436
34.268993
33.878549
33.488106
33.097662
32.707218
32.316775
31.926331
31.535888
31.145444
30.755000
30.364557
29.974113
29.583670
29.193226
28.802783
28.412339
28.021895
27.631452
27.241008
26.850565
26.460121
26.069678
25.679234
25.288790
24.898347
24.507903
24.117460
23.727016
23.336573
22.946129
22.555685
22.165242
21.774798
21.384355
20.993911
20.603467
20.213024
19.822580
19.432137
19.041693
18.651250
18.260806
17.870362
17.479919
17.089475
16.699032
16.308588
15.918145
15.527701
15.137257
14.746814
14.356370
13.965927
13.575483
13.185040
12.794596
12.404152
12.013709
11.623265
11.232822
10.842378
10.451934
10.061491
 9.671047
 9.280604
 8.890160
 8.499717
 8.109273
 7.718829
 7.328386
 6.937942
 6.547499
 6.157055
 5.766612
 5.376168
 4.985724
 4.595281
 4.204837
 3.814394
 3.423950
 3.033507
 2.643063
 2.252619
 1.862176
 1.471732
 1.081289
 0.690845
 0.300401
-0.090042
-0.480486
-0.870929
-1.261373
-1.651816
-2.042260
-2.432704
-2.823147
-3.213591