time,right_s0,right_s1,right_e0,right_e1,right_w0,right_w1,right_w2
0.000000,0.874752668745,-0.720965370285,-0.70946484132,0.691050569781,0.587131368213,1.15623533293,-0.360862479726
0.012024,0.874752759261,-0.720954816038,-0.709462459472,0.691035672652,0.587131801635,1.1562306326,-0.360850228122
0.024048,0.874752655204,-0.720939913655,-0.709459125259,0.691014246786,0.587132439236,1.15622458061,-0.360832929595
0.036072,0.874752192643,-0.720921230706,-0.709454987761,0.690986825451,0.587133275865,1.15621783441,-0.360811244054
0.048096,0.874751203273,-0.720899297402,-0.709450189355,0.69095388187,0.587134309015,1.15621104987,-0.360785788696
0.060120,0.874749513301,-0.720874607746,-0.70944486639,0.690915829093,0.587135539045,1.1562048851,-0.360757139434
0.072144,0.874746942313,-0.720847620692,-0.709439149932,0.690873019849,0.587136969448,1.15620000439,-0.360725832336
0.084168,0.874743302148,-0.720818761297,-0.709433166568,0.690825746425,0.587138607154,1.15619708231,-0.360692365077
0.096192,0.874738395786,-0.720788421894,-0.709427039306,0.69077424061,0.587140462885,1.15619680771,-0.360657198413
0.108216,0.874732016291,-0.720756963277,-0.709420888558,0.690718673771,0.587142551556,1.15619988784,-0.360620757683
0.120240,0.874723945826,-0.720724715911,-0.709414833233,0.690659157095,0.587144892732,1.15620705226,-0.360583434334
0.132265,0.874713954781,-0.720691981174,-0.709408991937,0.690595742081,0.587147511143,1.15621905665,-0.360545587489
0.144289,0.874701801049,-0.720659032617,-0.709403484295,0.690528421336,0.587150437271,1.15623668627,-0.360507545532
0.156313,0.874687229495,-0.72062611727,-0.709398432398,0.690457129745,0.58715370799,1.15626075908,-0.360469607737
0.168337,0.874669971648,-0.72059345696,-0.709393962393,0.690381746077,0.587157367293,1.15629212827,-0.360432045903
0.180361,0.874649745672,-0.720561249679,-0.709390206198,0.690302095093,0.58716146709,1.15633168424,-0.360395106011
0.192385,0.874626256647,-0.720529670951,-0.709387303368,0.69021795022,0.587166068076,1.15638035572,-0.360359009887
0.204409,0.874599197203,-0.720498875238,-0.709385403087,0.690129036822,0.587171240693,1.15643911006,-0.360323956843
0.216433,0.874568248536,-0.720468997346,-0.709384666303,0.690035036131,0.587177066157,1.15650895245,-0.360290125305
0.228457,0.874533081836,-0.720440153832,-0.709385267979,0.689935589838,0.587183637576,1.1565909241,-0.36025767439
0.240481,0.874493360147,-0.720412444412,-0.709387399457,0.689830305382,0.587191061131,1.15668609911,-0.360226745429
0.252505,0.874448740663,-0.72038595334,-0.709391270916,0.689718761899,0.587199457337,1.15679558012,-0.360197463421
0.264529,0.87439887747,-0.720360750774,-0.709397113899,0.689600516835,0.58720896236,1.15692049262,-0.360169938382
0.276553,0.874343424709,-0.720336894091,-0.709405183881,0.689475113162,0.587219729382,1.15706197798,-0.360144266608
0.288577,0.874282040143,-0.720314429162,-0.709415762852,0.689342087137,0.587231930012,1.15722118503,-0.360120531809
0.300601,0.874214389097,-0.72029339157,-0.709429161864,0.689200976524,0.587245755707,1.15739926053,-0.360098806125
0.312625,0.874140148714,-0.720273807766,-0.709445723507,0.689051329189,0.587261419196,1.15759733832,-0.360079151004
0.324649,0.874059012473,-0.720255696148,-0.709465824269,0.688892711931,0.587279155876,1.15781652749,-0.360061617957
0.336673,0.873970694907,-0.720239068072,-0.709489876702,0.688724719445,0.587299225154,1.1580578996,-0.360046249169
0.348697,0.873874936436,-0.720223928774,-0.709518331373,0.68854698326,0.587321911696,1.15832247511,-0.360033077986
0.360721,0.873771508232,-0.720210278216,-0.709551678489,0.688359180512,0.587347526558,1.15861120931,-0.360022129282
0.372745,0.87366021703,-0.720198111839,-0.709590449175,0.688161042386,0.587376408139,1.15892497793,-0.36001341971
0.384770,0.8735409098,-0.720187421229,-0.709635216297,0.68795236209,0.587408922934,1.15926456265,-0.360006957856
0.396794,0.873413478161,-0.720178194701,-0.709686594783,0.687733002172,0.587445466024,1.15963063674,-0.360002744314
0.408818,0.873277862477,-0.720170417792,-0.709745241364,0.687502901069,0.587486461255,1.16002375123,-0.360000771689
0.420842,0.873134055518,-0.720164073671,-0.709811853659,0.687262078707,0.587532361071,1.16044432167,-0.360001024553
0.432866,0.872982105609,-0.720159143465,-0.709887168549,0.68701064104,0.587583645922,1.16089261592,-0.360003479374
0.444890,0.872822119197,-0.720155606512,-0.709971959775,0.686748783416,0.587640823228,1.16136874309,-0.36000810443
0.456914,0.872654262754,-0.720153440537,-0.710067034712,0.686476792656,0.587704425829,1.16187264398,-0.360014859735
0.468938,0.872478763961,-0.720152621763,-0.710173230271,0.686195047785,0.587775009892,1.16240408308,-0.360023696989
0.480962,0.872295912137,-0.720153124958,-0.71029140791,0.685904019359,0.587853152224,1.16296264252,-0.360034559568
0.492986,0.872106057863,-0.720154923429,-0.710422447733,0.685604267369,0.587939446982,1.16354771793,-0.360047382568
0.505010,0.871909611802,-0.720157988975,-0.710567241677,0.685296437714,0.588034501729,1.16415851648,-0.36006209293
0.517034,0.871707042699,-0.720162291797,-0.710726685817,0.684981257297,0.588138932862,1.16479405711,-0.360078609624
0.529058,0.871498874586,-0.720167800381,-0.710901671819,0.684659527786,0.588253360379,1.16545317305,-0.360096843935
0.541082,0.871285683212,-0.72017448137,-0.711093077612,0.684332118146,0.588378402028,1.16613451653,-0.360116699832
0.553106,0.871068091755,-0.720182299418,-0.711301757346,0.683999956053,0.588514666858,1.16683656586,-0.360138074424
0.565130,0.87084676586,-0.720191217052,-0.711528530756,0.683664018335,0.588662748218,1.16755763457,-0.360160858511
0.577154,0.87062240809,-0.72020119455,-0.711774172044,0.683325320603,0.588823216274,1.16829588262,-0.360184937218
0.589178,0.87039575187,-0.72021218983,-0.71203939843,0.682984906258,0.588996610116,1.16904932955,-0.360210190698
0.601202,0.870167554999,-0.720224158378,-0.712324858526,0.682643835068,0.589183429562,1.16981586936,-0.360236494903
0.613226,0.869938592868,-0.720237053211,-0.712631120715,0.68230317152,0.589384126762,1.17059328685,-0.360263722413
0.625251,0.869709651448,-0.720250824884,-0.712958661724,0.681963973158,0.589599097731,1.17137927532,-0.36029174329
0.637275,0.869481520181,-0.72026542155,-0.713307855588,0.681627279119,0.58982867395,1.17217145523,-0.360320425958
0.649299,0.869254984881,-0.720280789072,-0.713678963207,0.681294099063,0.590073114181,1.17296739371,-0.360349638084
0.661323,0.869030820735,-0.72029687119,-0.714072122709,0.680965402697,0.590332596652,1.17376462447,-0.360379247438
0.673347,0.868809785518,-0.720313609755,-0.714487340807,0.680642110067,0.590607211774,1.17456066804,-0.360409122721
0.685371,0.86859261312,-0.720330945008,-0.714924485359,0.680325082777,0.590896955535,1.17535305189,-0.360439134335
0.697395,0.868380007456,-0.720348815922,-0.715383279298,0.680015116265,0.591201723748,1.17613933023,-0.360469155081
0.709419,0.868172636846,-0.720367160592,-0.715863296103,0.679712933252,0.591521307281,1.17691710329,-0.360499060767
0.721443,0.867971128934,-0.720385916672,-0.716363956952,0.679419178446,0.591855388414,1.17768403578,-0.360528730717
0.733467,0.86777606618,-0.720405021854,-0.716884529672,0.679134414538,0.592203538449,1.17843787436,-0.360558048158
0.745491,0.867587981996,-0.720424414375,-0.717424129564,0.678859119532,0.592565216662,1.17917646387,-0.360586900489
0.757515,0.867407357522,-0.720444033554,-0.717981722176,0.678593685392,0.592939770686,1.17989776219,-0.360615179407
0.769539,0.867234619082,-0.720463820339,-0.718556128025,0.678338417963,0.593326438381,1.1805998537,-0.360642780912
0.781563,0.867070136312,-0.720483717867,-0.719146029267,0.678093538126,0.593724351206,1.18128096099,-0.360669605163
0.793587,0.866914220949,-0.72050367202,-0.719749978252,0.677859184075,0.59413253911,1.18193945493,-0.360695556207
0.805611,0.86676712628,-0.720523631968,-0.720366407887,0.677635414634,0.594549936888,1.18257386305,-0.360720541581
0.817635,0.866629047202,-0.720543550691,-0.72099364367,0.677422213474,0.594975391962,1.18318287607,-0.360744471793
0.829659,0.866500120872,-0.720563385474,-0.721629917264,0.677219494109,0.595407673475,1.18376535265,-0.360767259697
0.841683,0.866380427906,-0.720583098364,-0.722273381393,0.677027105506,0.595845482596,1.1843203225,-0.360788819781
0.853707,0.866269994066,-0.720602656576,-0.722922125879,0.676844838187,0.596287463874,1.18484698765,-0.360809067381
0.865731,0.866168792402,-0.72062203285,-0.72357419457,0.676672430649,0.596732217492,1.18534472216,-0.360827917835
0.877756,0.866076745785,-0.720641205742,-0.72422760291,0.676509575965,0.597178312211,1.1858130703,-0.360845285613
0.889780,0.865993729776,-0.720660159851,-0.724880355893,0.676355928429,0.597624298823,1.18625174323,-0.360861083433
0.901804,0.865919575784,-0.720678885961,-0.725530466129,0.676211110107,0.598068723888,1.18666061435,-0.360875221389
0.913828,0.865854074448,-0.720697381115,-0.726175971745,0.676074717185,0.598510143535,1.18703971349,-0.360887606122
0.925852,0.865796979201,-0.720715648593,-0.726814953865,0.675946326008,0.598947137117,1.18738921998,-0.360898140046
0.937876,0.865748009961,-0.720733697798,-0.727445553413,0.675825498719,0.599378320493,1.18770945478,-0.360906720661
0.949900,0.8657068569,-0.720751544055,-0.728065986978,0.675711788446,0.599802358747,1.18800087184,-0.360913239971
0.961924,0.86567318425,-0.720769208306,-0.728674561552,0.67560474397,0.600217978129,1.18826404875,-0.360917584031
0.973948,0.865646634107,-0.720786716702,-0.72926968791,0.675503913854,0.600623977064,1.18849967695,-0.360919632632
0.985972,0.865626830199,-0.720804100105,-0.729849892489,0.675408850013,0.601019236064,1.1887085515,-0.36091925915
0.997996,0.865613381567,-0.720821393482,-0.730413827607,0.675319110735,0.601402726418,1.18889156061,-0.360916330563
1.010020,0.865605886163,-0.720838635205,-0.730960279923,0.675234263162,0.60177351755,1.18904967507,-0.360910707653
1.022044,0.865603934308,-0.720855866263,-0.731488177065,0.675153885267,0.602130782976,1.18918393767,-0.360902245392
1.034068,0.865607112005,-0.720873129389,-0.731996592378,0.675077567368,0.602473804814,1.1892954527,-0.36089079351
1.046092,0.865615004088,-0.720890468103,-0.732484747801,0.675004913231,0.602801976816,1.18938537567,-0.36087619726
1.058116,0.865627197183,-0.72090792571,-0.732952014876,0.674935540807,0.603114805955,1.18945490334,-0.360858298353
1.070140,0.865643282478,-0.720925544232,-0.733397913974,0.674869082689,0.603411912569,1.18950526404,-0.360836936063
1.082164,0.865662858287,-0.720943363316,-0.733822111799,0.674805186321,0.603693029157,1.1895377085,-0.360811948487
1.094188,0.865685532399,-0.720961419129,-0.734224417303,0.674743514041,0.603957997883,1.18955350111,-0.360783173946
1.106212,0.865710924216,-0.720979743259,-0.734604776128,0.674683743014,0.604206766897,1.18955391169,-0.360750452495
1.118236,0.865738666662,-0.720998361649,-0.734963263748,0.674625565098,0.604439385597,1.18954020787,-0.360713627526
1.130261,0.865768407876,-0.721017293582,-0.735300077456,0.674568686712,0.604655998943,1.18951364795,-0.360672547444
1.142285,0.86579981268,-0.721036550745,-0.735615527397,0.674512828724,0.604856840979,1.1894754744,-0.36062706737
1.154309,0.865832563831,-0.721056136405,-0.735910026819,0.674457726412,0.605042227688,1.18942690795,-0.360577050866
1.166333,0.865866363054,-0.721076044708,-0.736184081735,0.674403129514,0.605212549339,1.18936914216,-0.360522371627
1.178357,0.865900931867,-0.721096260125,-0.736438280182,0.674348802383,0.605368262457,1.18930333867,-0.360462915137
1.190381,0.865936012197,-0.721116757085,-0.736673281264,0.674294524255,0.605509881561,1.18923062289,-0.360398580238
1.202405,0.865971366804,-0.721137499789,-0.736889804146,0.674240089638,0.6056379708,1.18915208026,-0.36032928061
1.214429,0.866006779514,-0.721158442235,-0.737088617171,0.674185308797,0.605753135614,1.189068753,-0.360254946108
1.226453,0.866042055274,-0.721179528468,-0.73727052725,0.674130008333,0.605856014519,1.18898163728,-0.360175523971
1.238477,0.866077020035,-0.721200693053,-0.737436369655,0.674074031832,0.605947271138,1.18889168092,-0.360090979857
1.250501,0.866111520482,-0.721221861774,-0.737586998337,0.674017240554,0.606027586546,1.18879978134,-0.360001298705
1.262525,0.866145423617,-0.72124295257,-0.737723276878,0.673959514139,0.606097652008,1.18870678407,-0.359906485413
1.274549,0.86617861621,-0.721263876683,-0.737846070141,0.67390075129,0.606158162185,1.18861348149,-0.359806565325
1.286573,0.866211004126,-0.72128454002,-0.737956236705,0.673840870415,0.606209808831,1.18852061197,-0.359701584526
1.298597,0.866242511553,-0.721304844693,-0.738054622107,0.673779810178,0.606253275035,1.18842885922,-0.359591609955
1.310621,0.86627308013,-0.721324690744,-0.738142052943,0.673717529942,0.606289230025,1.1883388521,-0.359476729331
1.322645,0.866302668006,-0.721343977992,-0.738219331809,0.67365401008,0.60631832454,1.18825116454,-0.359357050918
1.334669,0.866331248825,-0.721362608009,-0.738287233111,0.673589252108,0.606341186782,1.1881663158,-0.359232703131
1.346693,0.86635881067,-0.721380486159,-0.73834649969,0.673523278656,0.606358418924,1.18808477099,-0.359103833997
1.358717,0.866385354962,-0.721397523696,-0.738397840264,0.673456133224,0.60637059419,1.18800694183,-0.358970610508
1.370741,0.866410895347,-0.721413639861,-0.738441927611,0.673387879753,0.606378254442,1.18793318761,-0.358833217853
1.382766,0.866435456566,-0.721428763963,-0.73847939747,0.673318601972,0.606381908294,1.18786381643,-0.358691858584
1.394790,0.866459073331,-0.721442837397,-0.738510848084,0.67324840256,0.606382029688,1.18779908665,-0.358546751695
1.406814,0.866481789221,-0.721455815578,-0.738536840327,0.673177402104,0.606379056923,1.18773920861,-0.35839813167
1.418838,0.866503655601,-0.721467669748,-0.738557898348,0.673105737883,0.606373392089,1.1876843465,-0.358246247488
1.430862,0.866524730579,-0.721478388656,-0.738574510666,0.673033562496,0.606365400876,1.1876346205,-0.358091361606
1.442886,0.866545078012,-0.721487980065,-0.738587131635,0.672961042364,0.60635541273,1.18759010919,-0.357933748933
1.454910,0.866564766569,-0.721496472089,-0.738596183233,0.672888356119,0.60634372131,1.18755085204,-0.357773695812
1.466934,0.866583868851,-0.721503914346,-0.738602057093,0.672815692935,0.606330585223,1.18751685228,-0.35761149899
1.478958,0.866602460582,-0.721510378923,-0.738605116717,0.67274325082,0.606316229006,1.18748807979,-0.357447464606
1.490982,0.866620619874,-0.721515961158,-0.738605699827,0.672671234915,0.606300844313,1.18746447434,-0.35728190718
1.503006,0.86663842656,-0.721520780247,-0.738604120791,0.672599855832,0.606284591306,1.18744594888,-0.357115148613
1.515030,0.866655961611,-0.721524979693,-0.738600673086,0.672529328073,0.606267600193,1.18743239306,-0.356947517174
1.527054,0.86667330662,-0.721528727605,-0.738595631752,0.672459868568,0.606249972918,1.18742367687,-0.356779346498
1.539078,0.866690543366,-0.721532216894,-0.738589255808,0.672391695363,0.606231784971,1.18741965441,-0.356610974556
1.551102,0.866707753447,-0.721535665366,-0.738581790599,0.672325026498,0.606213087293,1.18742016769,-0.356442742623
1.563126,0.866725017977,-0.721539315765,-0.73857347006,0.6722600791,0.606193908274,1.18742505065,-0.356274994207
1.575150,0.866742417351,-0.721543435781,-0.738564518859,0.672197068724,0.60617425582,1.18743413303,-0.356108073958
1.587174,0.86676003106,-0.721548318068,-0.738555154436,0.672136208962,0.606154119469,1.18744724444,-0.355942326539
1.599198,0.866777937561,-0.7215542803,-0.738545588901,0.672077711344,0.606133472564,1.18746421827,-0.355778095465
1.611222,0.866796214192,-0.721561665295,-0.738536030802,0.672021785546,0.606112274439,1.18748489566,-0.355615721907
1.623246,0.86681493712,-0.721570841239,-0.73852668676,0.671968639919,0.606090472643,1.18750912931,-0.355455543463
1.635271,0.866834181328,-0.721582202032,-0.738517762959,0.671918482343,0.606068005156,1.18753678724,-0.355297892913
1.647295,0.866854020622,-0.72159616779,-0.738509466503,0.671871521415,0.606044802608,1.18756775634,-0.355143096949
1.659319,0.866874527673,-0.721613185499,-0.738502006632,0.67182796798,0.606020790478,1.1876019458,-0.354991474913
1.671343,0.866895774067,-0.721633729861,-0.738495595809,0.671788036981,0.605995891266,1.18763929025,-0.354843337541
1.683367,0.866917830387,-0.721658304308,-0.738490450665,0.67175194965,0.605970026621,1.18767975272,-0.354698985741
1.695391,0.866940766301,-0.721687442216,-0.738486792806,0.671719936009,0.60594311941,1.18772332726,-0.35455870942
1.707415,0.866964650683,-0.721721708284,-0.738484849493,0.671692237691,0.605915095721,1.18777004121,-0.354422786388
1.719439,0.866989551755,-0.72176170009,-0.73848485417,0.671669111053,0.605885886774,1.18781995715,-0.354291481339
1.731463,0.867015537254,-0.72180804979,-0.73848704685,0.671650830577,0.605855430732,1.18787317446,-0.354165044972
1.743487,0.867042674645,-0.721861425944,-0.738491674347,0.671637692538,0.605823674398,1.18792983034,-0.354043713224
1.755511,0.867071031367,-0.721922535435,-0.738498990353,0.671630018934,0.605790574763,1.18799010046,-0.35392770668
1.767535,0.867100675142,-0.721992125454,-0.738509255344,0.671628161643,0.605756100422,1.18805419903,-0.353817230154
1.779559,0.867131674347,-0.722070985505,-0.738522736302,0.67163250681,0.605720232802,1.18812237835,-0.353712472468
1.791583,0.867164098451,-0.722159949394,-0.738539706261,0.671643479422,0.605682967223,1.18819492772,-0.353613606436
1.803607,0.867198018549,-0.722259897149,-0.738560443646,0.67166154808,0.605644313749,1.18827217174,-0.353520789083
1.815631,0.867233507984,-0.722371756842,-0.738585231412,0.671687229915,0.605604297833,1.18835446801,-0.353434162086
1.827655,0.867270643079,-0.722496506241,-0.738614355963,0.671721095655,0.605562960737,1.18844220402,-0.353353852459
1.839679,0.867309503974,-0.722635174271,-0.738648105864,0.671763774807,0.60552035972,1.1885357934,-0.353279973473
1.851703,0.867350175597,-0.722788842207,-0.738686770317,0.671815960923,0.605476567983,1.18863567135,-0.353212625822
1.863727,0.867392748746,-0.722958644588,-0.738730637429,0.671878416947,0.605431674376,1.18874228938,-0.353151899012
1.875752,0.867437321314,-0.72314576978,-0.738779992252,0.671951980585,0.605385782848,1.18885610911,-0.353097872989
1.887776,0.867483999631,-0.723351460158,-0.738835114623,0.672037569699,0.605339011665,1.18897759542,-0.353050619967
1.899800,0.867532899936,-0.72357701188,-0.738896276803,0.672136187668,0.605291492381,1.18910720869,-0.353010206464
1.911824,0.867584149972,-0.723823774206,-0.738963740935,0.672248928691,0.605243368582,1.18924539622,-0.352976695525
1.923848,0.867637890681,-0.724093148342,-0.739037756352,0.672376983002,0.605194794411,1.18939258293,-0.352950149098
1.935872,0.86769427801,-0.724386585787,-0.739118556751,0.672521641935,0.605145932893,1.1895491612,-0.352930630571
1.947896,0.867753484792,-0.724705586172,-0.739206357267,0.672684302817,0.605096954076,1.18971548008,-0.352918207423
1.959920,0.867815702685,-0.725051694566,-0.739301351492,0.672866473627,0.605048033011,1.18989183375,-0.35291295398
1.971944,0.867881144169,-0.725426498265,-0.73940370847,0.673069777372,0.604999347602,1.19007844933,-0.352914954258
1.983968,0.867950044541,-0.725831623047,-0.739513569709,0.673295956133,0.60495107634,1.19027547431,-0.352924304855
1.995992,0.868022663919,-0.726268728915,-0.739631046279,0.673546874724,0.604903395965,1.19048296338,-0.35294111789
2.008016,0.868099289199,-0.726739505341,-0.739756216005,0.673824523885,0.604856479083,1.19070086501,-0.352965523953
2.020040,0.868180235947,-0.727245666029,-0.739889120851,0.674131022987,0.604810491761,1.19092900789,-0.352997675048
2.032064,0.868265850199,-0.727788943216,-0.740029764506,0.674468622142,0.604765591148,1.19116708719,-0.353037747516
2.044088,0.86835651013,-0.728371081568,-0.740178110245,0.674839703692,0.604721923143,1.1914146511,-0.353085944908
2.056112,0.868452627563,-0.728993831678,-0.740334079104,0.675246782988,0.604679620141,1.19167108749,-0.353142500798
2.068136,0.8685546493,-0.729658943235,-0.740497548409,0.675692508404,0.604638798899,1.19193561113,-0.353207681509
2.080160,0.868663058222,-0.730368157894,-0.740668350711,0.676179660536,0.604599558534,1.19220725157,-0.353281788746
2.092184,0.868778374159,-0.731123201901,-0.740846273149,0.676711150499,0.604561978693,1.19248484187,-0.353365162104
2.104208,0.868901154477,-0.731925778543,-0.741031057281,0.677290017298,0.604526117906,1.19276700833,-0.353458181443
2.116232,0.869031994387,-0.73277756045,-0.7412223994,0.677919424188,0.604492012156,1.19305216165,-0.353561269105
2.128257,0.869171526931,-0.73368018184,-0.741419951353,0.678602654009,0.604459673662,1.19333848939,-0.35367489197
2.140281,0.869320422644,-0.734635230749,-0.741623321863,0.679343103423,0.604429089904,1.19362395025,-0.353799563304
2.152305,0.869479388866,-0.735644241309,-0.741832078373,0.680144276042,0.604400222895,1.19390627016,-0.353935844412
2.164329,0.86964916871,-0.736708686147,-0.742045749373,0.681009774409,0.604373008696,1.19418294041,-0.354084346049
2.176353,0.869830539657,-0.737829968952,-0.742263827223,0.681943290819,0.604347357178,1.19445121805,-0.354245729585
2.188377,0.870024311792,-0.739009417289,-0.742485771424,0.682948596971,0.604323152034,1.1947081286,-0.354420707898
2.200401,0.870231325674,-0.740248275697,-0.742711012312,0.684029532453,0.604300251022,1.19495047125,-0.354610045968
2.212425,0.870452449837,-0.741547699148,-0.742938955133,0.685189992068,0.604278486437,1.19517482664,-0.354814561156
2.224449,0.870688577945,-0.742908746908,-0.743168984455,0.686433912045,0.604257665788,1.19537756728,-0.355035123141
2.236473,0.870940625584,-0.744332376862,-0.743400468853,0.687765255141,0.604237572677,1.19555487063,-0.355272653503
2.248497,0.871209526736,-0.745819440332,-0.743632765818,0.689187994712,0.604217967849,1.19570273487,-0.355528124914
2.260521,0.871496229918,-0.747370677452,-0.743865226823,0.690706097795,0.604198590399,1.1958169973,-0.355802559931
2.272545,0.871801694029,-0.748986713123,-0.744097202483,0.692323507285,0.604179159109,1.19589335529,-0.356097029371
2.284569,0.872126883913,-0.750668053579,-0.744328047739,0.694044123279,0.604159373904,1.19592738973,-0.356412650245
2.296593,0.872472765656,-0.752415083602,-0.744557127004,0.695871783702,0.604138917393,1.19591459083,-0.356750583249
2.308617,0.872840301656,-0.754228064396,-0.744783819206,0.697810244301,0.604117456476,1.19585038599,-0.35711202979
2.320641,0.873230445478,-0.756107132137,-0.745007522655,0.699863158144,0.604094644007,1.19573016972,-0.357498228559
2.332665,0.87364413653,-0.758052297214,-0.745227659682,0.702034054741,0.604070120478,1.19554933518,-0.357910451633
2.344689,0.874082294585,-0.760063444152,-0.745443681003,0.704326318921,0.60404351572,1.19530330731,-0.358350000123
2.356713,0.874545814178,-0.762140332219,-0.745655069735,0.706743169618,0.604014450602,1.194987577,-0.35881819938
2.368737,0.875035558918,-0.764282596709,-0.745861345038,0.709287638706,0.603982538709,1.19459773617,-0.359316393766
2.380762,0.875552355733,-0.766489750876,-0.746062065344,0.711962550048,0.603947388,1.19412951345,-0.359845941019
2.392786,0.876096989092,-0.768761188507,-0.746256831132,0.7147704989,0.603908602434,1.19357881004,-0.360408206252
2.404810,0.876670195236,-0.771096187092,-0.746445287243,0.717713831857,0.603865783553,1.19294173539,-0.361004555598
2.416834,0.877272656441,-0.773493911573,-0.746627124703,0.720794627471,0.603818532034,1.19221464252,-0.361636349572
2.428858,0.877904995367,-0.77595341862,-0.746802082062,0.72401467772,0.603766449196,1.19139416246,-0.362304936171
2.440882,0.878567769506,-0.778473661396,-0.746969946238,0.727375470486,0.603709138473,1.19047723755,-0.363011643795
2.452906,0.879261465779,-0.781053494764,-0.747130552889,0.730878173178,0.603646206854,1.18946115333,-0.363757774015
2.464930,0.87998649531,-0.783691680883,-0.747283786308,0.734523617654,0.6035772663,1.18834356859,-0.364544594284
2.476954,0.880743188412,-0.786386895136,-0.747429578881,0.738312286588,0.60350193514,1.18712254338,-0.365373330632
2.488978,0.881531789814,-0.789137732337,-0.747567910129,0.742244301396,0.603419839454,1.18579656472,-0.366245160423
2.501002,0.882352454176,-0.79194271316,-0.747698805356,0.746319411844,0.603330614454,1.18436456962,-0.367161205252
2.513026,0.88320524191,-0.794800290713,-0.74782233396,0.750536987445,0.60323390587,1.18282596544,-0.368122524029
2.525050,0.884090115342,-0.797708857221,-0.747938607428,0.754896010738,0.603129371343,1.18118064712,-0.369130106347
2.537074,0.885006935258,-0.800666750732,-0.748047777061,0.759395072515,0.603016681841,1.17942901133,-0.370184866172
2.549098,0.885955457839,-0.803672261802,-0.748150031485,0.764032369072,0.602895523086,1.17757196732,-0.371287635936
2.561122,0.886935332041,-0.806723640086,-0.74824559397,0.768805701519,0.602765597007,1.17561094436,-0.372439161083
2.573146,0.887946097425,-0.809819100789,-0.74833471962,0.773712477175,0.602626623219,1.17354789576,-0.37364009512
2.585170,0.888987182463,-0.812956830905,-0.748417692471,0.778749713073,0.602478340515,1.17138529937,-0.374890995209
2.597194,0.890057903361,-0.816134995209,-0.748494822529,0.783914041547,0.602320508368,1.16912615462,-0.376192318349
2.609218,0.891157463385,-0.819351741939,-0.748566442805,0.789201717891,0.602152908448,1.16677397607,-0.377544418168
2.621242,0.89228495274,-0.822605208125,-0.748632906362,0.794608630038,0.60197534612,1.16433278357,-0.378947542338
2.633267,0.89343934899,-0.825893524527,-0.748694583426,0.800130310211,0.601787651933,1.16180708909,-0.380401830627
2.645291,0.894619518041,-0.82921482015,-0.748751858578,0.805761948453,0.601589683061,1.15920188034,-0.381907313584
2.657315,0.895824215693,-0.832567226292,-0.748805128058,0.811498407958,0.601381324695,1.15652260128,-0.383463911851
2.669339,0.897052089752,-0.835948880113,-0.748854797197,0.817334242087,0.601162491361,1.15377512975,-0.385071436062
2.681363,0.898301682724,-0.839357927707,-0.748901278002,0.82326371295,0.600933128131,1.15096575233,-0.386729587328
2.693387,0.899571435056,-0.842792526656,-0.748944986902,0.829280811431,0.60069321172,1.1481011366,-0.388437958244
2.705411,0.900859688937,-0.846250848067,-0.748986342658,0.835379278489,0.600442751441,1.14518830118,-0.390196034386
2.717435,0.902164692636,-0.849731078096,-0.74902576446,0.841552627607,0.600181789988,1.1422345835,-0.392003196245
2.729459,0.903484605364,-0.853231418961,-0.74906367019,0.847794168214,0.599910404029,1.13924760575,-0.39385872154
2.741483,0.904817502622,-0.856750089464,-0.74910047487,0.85409702991,0.599628704602,1.13623523928,-0.395761787855
2.753507,0.906161382037,-0.860285325048,-0.749136589273,0.860454187335,0.599336837266,1.13320556745,-0.397711475534
2.765531,0.907514169629,-0.863835377401,-0.749172418703,0.866858485503,0.59903498202,1.13016684748,-0.399706770777
2.777555,0.908873726487,-0.867398513659,-0.749208361923,0.873302665425,0.598723352965,1.12712747146,-0.401746568876
2.789579,0.910237855814,-0.870973015245,-0.749244810226,0.879779389849,0.598402197698,1.12409592662,-0.403829677537
2.801603,0.911604310309,-0.874557176374,-0.749282146635,0.886281268959,0.598071796435,1.12108075547,-0.405954820235
2.813627,0.912970799821,-0.878149302295,-0.749320745213,0.892800885859,0.597732460871,1.11809051578,-0.408120639549
2.825651,0.914334999251,-0.881747707309,-0.749360970476,0.899330821682,0.597384532764,1.11513374075,-0.410325700451
2.837675,0.915694556642,-0.885350712626,-0.749403176879,0.905863680192,0.597028382273,1.11221889971,-0.412568493509
2.849699,0.917047101409,-0.888956644117,-0.749447708379,0.912392111722,0.596664406043,1.10935435949,-0.414847437981
2.861723,0.918390252653,-0.89256383003,-0.749494898044,0.918908836334,0.596293025073,1.10654834681,-0.417160884793
2.873747,0.919721627523,-0.896170598723,-0.749545067692,0.92540666607,0.595914682373,1.10380891176,-0.419507119397
2.885772,0.921038849548,-0.899775276479,-0.749598527567,0.931878526203,0.595529840458,1.10114389283,-0.421884364505
2.897796,0.922339556916,-0.903376185474,-0.749655576013,0.938317475395,0.595138978682,1.09856088345,-0.424290782739
2.909820,0.923621410623,-0.906971641941,-0.749716499148,0.944716724671,0.59474259047,1.0960672004,-0.426724479195
2.921844,0.924882102465,-0.910559954604,-0.749781570537,0.951069655166,0.594341180474,1.09366985427,-0.429183503977
2.933868,0.926119362805,-0.914139423421,-0.749851050833,0.957369834582,0.593935261681,1.09137552196,-0.431665854736
2.945892,0.92733096809,-0.917708338703,-0.7499251874,0.963611032321,0.593525352527,1.08919052163,-0.434169479253
2.957916,0.928514748058,-0.921264980637,-0.750004213912,0.969787233271,0.593111974051,1.08712078997,-0.436692278134
2.969940,0.92966859261,-0.924807619261,-0.750088349908,0.975892650246,0.592695647114,1.08517186206,-0.439232107668
2.981964,0.930790458302,-0.928334514921,-0.750177800329,0.981921735061,0.592276889745,1.08334885386,-0.441786782901
2.993988,0.931878374434,-0.931843919246,-0.750272755019,0.987869188274,0.591856214613,1.08165644739,-0.444354080994
3.006012,0.9329304487,-0.935334076638,-0.750373388195,0.993729967612,0.591434126696,1.08009887858,-0.446931744915
3.018036,0.933944872386,-0.938803226313,-0.750479857911,0.999499295112,0.591011121142,1.07867992798,-0.44951748752
3.030060,0.934919925087,-0.942249604879,-0.750592305487,1.00517266302,0.590587681362,1.0774029141,-0.45210899608
3.042084,0.935853978945,-0.945671449456,-0.750710854952,1.0107458385,0.59016427737,1.07627068962,-0.454703937279
3.054108,0.936745502375,-0.949067001317,-0.750835612474,1.0162148672,0.589741364384,1.07528564016,-0.457299962734
3.066132,0.937593063305,-0.952434510041,-0.750966665814,1.02157607572,0.589319381701,1.07444968578,-0.459894715051
3.078156,0.938395331896,-0.95577223814,-0.751104083801,1.02682607309,0.588898751838,1.07376428498,-0.462485834434
3.090180,0.93915108278,-0.959078466123,-0.751247915839,1.03196175127,0.58847987995,1.07323044116,-0.46507096585
3.102204,0.939859196787,-0.962351497971,-0.75139819147,1.03698028476,0.588063153515,1.07284871145,-0.467647766735
3.114228,0.940518662213,-0.965589666948,-0.751554919989,1.04187912935,0.587648942262,1.07261921772,-0.470213915227
3.126253,0.941128575599,-0.968791341715,-0.751718090135,1.04665602019,0.587237598347,1.0725416597,-0.472767118881
3.138277,0.941688142078,-0.97195493268,-0.751887669864,1.05130896903,0.586829456735,1.07261532995,-0.475305123829
3.150301,0.942196675279,-0.975078898512,-0.752063606208,1.05583626093,0.586424835778,1.07283913069,-0.477825724312
3.162325,0.942653596831,-0.978161752758,-0.752245825245,1.06023645029,0.586024037953,1.07321159207,-0.480326772528
3.174349,0.943058435472,-0.981202070498,-0.752434232173,1.0645083564,0.585627350738,1.07373089201,-0.4828061887
3.186373,0.943410825802,-0.984198494946,-0.752628711497,1.06865105845,0.585235047586,1.07439487711,-0.48526197129
3.198397,0.943710506697,-0.987149743946,-0.752829127342,1.07266389012,0.584847388971,1.07520108471,-0.487692207235
3.210421,0.943957319402,-0.990054616267,-0.753035323886,1.07654643375,0.584464623472,1.07614676568,-0.490095082136
3.222445,0.944151205347,-0.992911997644,-0.75324712592,1.08029851414,0.584086988863,1.07722890799,-0.492468890252
3.234469,0.944292203696,-0.995720866482,-0.753464339528,1.08392019195,0.583714713178,1.07844426068,-0.494812044222
3.246493,0.94438044865,-0.998480299153,-0.753686752897,1.08741175689,0.583348015725,1.07978935814,-0.49712308437
3.258517,0.944416166541,-1.00118947483,-0.75391413723,1.0907737205,0.582987108022,1.08126054451,-0.499400687516
3.270541,0.94439967273,-1.0038476798,-0.754146247786,1.09400680868,0.582632194622,1.08285399804,-0.501643675145
3.282565,0.944331368328,-1.00645431116,-0.75438282501,1.09711195406,0.582283473834,1.08456575518,-0.503851020871
3.294589,0.944211736772,-1.00900887994,-0.754623595764,1.10009028793,0.581941138291,1.0863917344,-0.506021857061
3.306613,0.94404134025,-1.01151101351,-0.754868274634,1.10294313211,0.581605375375,1.08832775941,-0.508155480556
3.318637,0.943820816029,-1.01396045725,-0.755116565316,1.10567199055,0.58127636749,1.09036958175,-0.510251357401
3.330661,0.943550872658,-1.01635707556,-0.755368162049,1.10827854064,0.580954292165,1.09251290263,-0.512309126511
3.342685,0.943232286103,-1.01870085202,-0.755622751096,1.11076462442,0.580639322006,1.09475339388,-0.514328602221
3.354709,0.942865895793,-1.02099188887,-0.755880012258,1.11313223959,0.580331624487,1.09708671787,-0.516309775685
3.366733,0.942452600619,-1.0232304056,-0.756139620393,1.11538353027,0.580031361597,1.09950854644,-0.518252815071
3.378758,0.941993354866,-1.02541673689,-0.75640124694,1.11752077768,0.579738689345,1.10201457856,-0.520158064568
3.390782,0.941489164127,-1.02755132968,-0.756664561431,1.11954639066,0.579453757149,1.10460055689,-0.522026042175
3.402806,0.940941081176,-1.02963473957,-0.756929232971,1.12146289601,0.579176707112,1.10726228299,-0.523857436304
3.414830,0.940350201836,-1.03166762649,-0.757194931676,1.1232729288,0.57890767322,1.10999563122,-0.525653101215
3.426854,0.939717660834,-1.03365074965,-0.757461330065,1.12497922255,0.578646780461,1.11279656134,-0.527414051324
3.438878,0.939044627673,-1.03558496193,-0.757728104381,1.12658459932,0.578394143909,1.11566112968,-0.529141454442
3.450902,0.938332302515,-1.03747120361,-0.757994935845,1.12809195987,0.578149867774,1.11858549903,-0.530836623997
3.462926,0.937581912097,-1.03931049562,-0.758261511831,1.12950427366,0.577914044452,1.12156594704,-0.53250101033
3.474950,0.936794705695,-1.04110393228,-0.758527526951,1.13082456905,0.577686753598,1.12459887337,-0.534136191128
3.486974,0.93597195114,-1.04285267368,-0.75879268405,1.13205592342,0.577468061229,1.12768080545,-0.535743861108
3.498998,0.935114930901,-1.04455793765,-0.759056695113,1.13320145343,0.577258018884,1.13080840298,-0.537325821026
3.511022,0.93422493826,-1.04622099157,-0.759319282074,1.13426430544,0.577056662869,1.13397846109,-0.538883966133
3.523046,0.933303273578,-1.04784314389,-0.759580177531,1.13524764606,0.576864013574,1.13718791238,-0.540420274169
3.535070,0.932351240679,-1.04942573556,-0.759839125369,1.13615465288,0.576680074908,1.14043382772,-0.541936793012
3.547094,0.931370143355,-1.05097013149,-0.760095881298,1.1369885055,0.576504833841,1.14371341604,-0.543435628076
3.559118,0.930361282021,-1.05247771193,-0.760350213304,1.13775237677,0.576338260066,1.147024023,-0.544918929582
3.571142,0.929325950525,-1.05394986407,-0.760601902023,1.13844942437,0.57618030579,1.15036312877,-0.546388879787
3.583166,0.928265433122,-1.05538797378,-0.760850741039,1.13908278273,0.576030905662,1.1537283449,-0.547847680283
3.595190,0.927181001644,-1.05679341756,-0.761096537126,1.13965555532,0.575889976828,1.15711741043,-0.549297539453
3.607214,0.926073912858,-1.05816755493,-0.761339110426,1.14017080736,0.575757419118,1.16052818722,-0.550740660182
3.619238,0.92494540604,-1.05951172108,-0.761578294576,1.14063155887,0.575633115369,1.16395865476,-0.552179227898
3.631263,0.923796700759,-1.06082722006,-0.7618139368,1.14104077836,0.575516931861,1.16740690434,-0.553615399018
3.643287,0.922628994899,-1.0621153184,-0.762045897962,1.14140137678,0.575408718882,1.17087113286,-0.555051289879
3.655311,0.921443462907,-1.06337723932,-0.762274052596,1.14171620211,0.575308311392,1.1743496362,-0.556488966206
3.667335,0.920241254281,-1.06461415748,-0.762498288912,1.14198803443,0.575215529795,1.17784080241,-0.557930433168
3.679359,0.919023492308,-1.06582719443,-0.762718508795,1.14221958145,0.575130180798,1.18134310464,-0.559377626081
3.691383,0.91779127303,-1.06701741456,-0.762934627791,1.14241347463,0.575052058348,1.18485509403,-0.560832401788
3.703407,0.916545664463,-1.06818582189,-0.763146575093,1.14257226581,0.574980944635,1.18837539253,-0.562296530743
3.715431,0.915287706046,-1.06933335738,-0.763354293525,1.14269842434,0.574916611158,1.19190268583,-0.563771689844
3.727455,0.914018408322,-1.07046089702,-0.763557739533,1.14279433476,0.574858819822,1.19543571637,-0.565259456012
3.739479,0.91273875284,-1.07156925056,-0.76375688318,1.14286229501,0.574807324085,1.1989732766,-0.566761300546
3.751503,0.911449692266,-1.07265916093,-0.763951708148,1.14290451511,0.574761870111,1.20251420247,-0.568278584254
3.763527,0.910152150692,-1.07373130425,-0.76414221174,1.14292311631,0.574722197941,1.20605736724,-0.569812553374
3.775551,0.908847024128,-1.0747862906,-0.764328404902,1.14292013081,0.574688042667,1.20960167571,-0.571364336273
3.787575,0.907535181156,-1.07582466523,-0.764510312229,1.1428975018,0.574659135591,1.21314605876,-0.57293494093
3.799599,0.906217463739,-1.07684691047,-0.764687971991,1.14285708403,0.574635205374,1.21668946846,-0.574525253201
3.811623,0.904894688145,-1.07785344813,-0.764861436143,1.14280064472,0.574615979157,1.22023087358,-0.576136035844
3.823647,0.903567645991,-1.07884464231,-0.765030770339,1.14272986492,0.574601183653,1.22376925563,-0.577767928309
3.835671,0.902237105364,-1.07982080277,-0.765196053929,1.1426463411,0.574590546195,1.22730360546,-0.579421447265
3.847695,0.900903812008,-1.0807821886,-0.765357379951,1.14255158716,0.574583795757,1.23083292032,-0.581096987862
3.859719,0.899568490558,-1.08172901223,-0.765514855098,1.14244703669,0.574580663911,1.23435620152,-0.582794825706
3.871743,0.898231845789,-1.08266144377,-0.76566859967,1.1423340455,0.574580885747,1.23787245258,-0.584515119527
3.883768,0.896894563864,-1.08357961548,-0.765818747495,1.14221389431,0.574584200737,1.24138067798,-0.586257914524
3.895792,0.895557313566,-1.08448362647,-0.765965445827,1.1420877917,0.57459035354,1.24487988231,-0.588023146356
3.907816,0.89422074749,-1.08537354747,-0.766108855207,1.14195687719,0.574599094757,1.24836907002,-0.589810645763
3.919840,0.892885503167,-1.08624942568,-0.76624914929,1.14182222443,0.574610181628,1.25184724557,-0.591620143789
3.931864,0.89155220413,-1.08711128952,-0.766386514636,1.14168484449,0.574623378665,1.25531341405,-0.593451277564
3.943888,0.890221460874,-1.08795915342,-0.766521150465,1.14154568922,0.574638458235,1.25876658223,-0.595303596627
3.955912,0.888893871725,-1.08879302246,-0.766653268364,1.14140565461,0.574655201081,1.26220575994,-0.597176569742
3.967936,0.887570023593,-1.08961289678,-0.76678309196,1.14126558416,0.574673396783,1.26562996183,-0.599069592174
3.979960,0.886250492601,-1.09041877589,-0.766910856551,1.14112627226,0.574692844167,1.26903820938,-0.600981993367
3.991984,0.884935844588,-1.09121066262,-0.767036808699,1.14098846742,0.574713351654,1.27242953325,-0.602913044993
4.004008,0.883626635483,-1.09198856688,-0.767161205782,1.14085287555,0.574734737551,1.27580297576,-0.60486196931
4.016032,0.882323411534,-1.09275250902,-0.767284315512,1.14072016297,0.574756830292,1.2791575936,-0.606827947763
4.028056,0.881026709418,-1.09350252292,-0.767406415415,1.14059095945,0.57477946862,1.28249246066,-0.608810129793
4.040080,0.879737056205,-1.09423865859,-0.767527792291,1.14046586098,0.574802501715,1.28580667095,-0.610807641759
4.052104,0.878454969202,-1.09496098456,-0.767648741629,1.14034543245,0.574825789278,1.28909934156,-0.612819595934
4.064128,0.877180955676,-1.09566958968,-0.767769567013,1.1402302101,0.574849201549,1.29236961567,-0.614845099486
4.076152,0.875915512456,-1.09636458465,-0.767890579493,1.14012070378,0.57487261929,1.29561666551,-0.616883263378
4.088176,0.87465912544,-1.0970461031,-0.768012096952,1.14001739901,0.574895933707,1.29883969526,-0.618933211121
4.100200,0.873412269003,-1.09771430222,-0.768134443443,1.13992075881,0.574919046332,1.30203794385,-0.620994087287
4.112224,0.87217540532,-1.09836936304,-0.768257948525,1.13983122529,0.574941868857,1.30521068768,-0.623065065728
4.124248,0.87094898363,-1.09901149031,-0.768382946585,1.13974922103,0.574964322918,1.30835724315,-0.625145357413
4.136273,0.869733439436,-1.09964091201,-0.768509776155,1.13967515018,0.574986339846,1.31147696898,-0.627234217812
4.148297,0.868529193663,-1.10025787846,-0.768638779224,1.13960939937,0.575007860372,1.31456926844,-0.629330953764
4.160321,0.867336651798,-1.10086266116,-0.768770300551,1.13955233833,0.57502883429,1.31763359125,-0.631434929753
4.172345,0.866156203007,-1.1014555513,-0.768904686967,1.13950432033,0.575049220093,1.32066943528,-0.633545573533
4.184369,0.864988219256,-1.10203685798,-0.769042286688,1.13946568231,0.57506898457,1.32367634801,-0.635662381049
4.196393,0.863833054452,-1.10260690619,-0.769183448619,1.13943674491,0.575088102373,1.32665392771,-0.637784920586
4.208417,0.862691043602,-1.10316603457,-0.76932852166,1.13941781215,0.575106555561,1.32960182436,-0.639912836125
4.220441,0.861562502023,-1.10371459304,-0.769477854013,1.13940917101,0.575124333113,1.33251974024,-0.64204584984
4.232465,0.8604477246,-1.10425294018,-0.769631792477,1.13941109082,0.575141430431,1.33540743029,-0.644183763728
4.244489,0.859346985102,-1.1047814406,-0.769790681745,1.13942382242,0.575157848817,1.33826470216,-0.646326460333
4.256513,0.85826053558,-1.10530046218,-0.769954863693,1.13944759722,0.575173594944,1.34109141594,-0.648473902566
4.268537,0.857188605837,-1.10581037332,-0.770124676655,1.13948262614,0.575188680318,1.34388748363,-0.650626132591
4.280561,0.856131402993,-1.10631154011,-0.770300454686,1.13952909844,0.57520312073,1.34665286832,-0.652783269816
4.292585,0.855089111142,-1.10680432361,-0.77048252681,1.13958718039,0.575216935718,1.34938758305,-0.654945507966
4.304609,0.854061891105,-1.10728907715,-0.770671216247,1.13965701401,0.575230148023,1.35209168946,-0.657113111284
4.316633,0.85304988029,-1.10776614371,-0.770866839622,1.13973871565,0.575242783059,1.35476529613,-0.659286409883
4.328657,0.852053192654,-1.10823585349,-0.771069706139,1.13983237467,0.575254868394,1.35740855663,-0.661465794286
4.340681,0.851071918772,-1.10869852154,-0.77128011674,1.13993805201,0.575266433244,1.36002166739,-0.6636517092
4.352705,0.850106126009,-1.10915444563,-0.771498363221,1.14005577892,0.575277507992,1.36260486531,-0.665844646593
4.364729,0.849155858799,-1.10960390427,-0.771724727324,1.14018555567,0.575288123724,1.36515842512,-0.668045138112
4.376754,0.848221139027,-1.11004715502,-0.771959479796,1.14032735037,0.575298311797,1.36768265655,-0.670253746935
4.388778,0.847301966502,-1.11048443289,-0.77220287941,1.14048109795,0.575308103428,1.37017790135,-0.672471059115
4.400802,0.846398319536,-1.11091594916,-0.772455171953,1.14064669919,0.575317529321,1.37264453008,-0.6746976745
4.412826,0.845510155603,-1.11134189027,-0.772716589186,1.14082401998,0.575326619326,1.37508293874,-0.676934197316
4.424850,0.844637412088,-1.11176241715,-0.772987347772,1.14101289068,0.575335402131,1.37749354536,-0.679181226496
4.436874,0.843780007113,-1.11217766464,-0.773267648172,1.14121310579,0.575343904993,1.3798767863,-0.681439345845
4.448898,0.842937840433,-1.1125877413,-0.773557673524,1.14142442367,0.575352153501,1.38223311266,-0.683709114132
4.460922,0.842110794399,-1.11299272941,-0.773857588502,1.14164656662,0.575360171384,1.38456298645,-0.685991055206
4.472946,0.841298734976,-1.11339268526,-0.774167538162,1.14187922111,0.575367980354,1.38686687676,-0.688285648213
4.484970,0.840501512819,-1.11378763967,-0.774487646781,1.14212203828,0.575375599981,1.38914525596,-0.69059331803
4.496994,0.839718964383,-1.11417759875,-0.774818016703,1.1423746347,0.575383047611,1.3913985958,-0.692914425977
4.509018,0.838950913073,-1.11456254489,-0.775158727193,1.14263659331,0.57539033832,1.39362736358,-0.695249260914
4.521042,0.838197170421,-1.11494243792,-0.775509833316,1.14290746469,0.575397484894,1.39583201838,-0.6975980308
4.533066,0.837457537291,-1.11531721654,-0.775871364844,1.14318676853,0.575404497852,1.39801300724,-0.699960854785
4.545090,0.836731805082,-1.11568679982,-0.776243325205,1.14347399532,0.575411385488,1.40017076164,-0.702337755925
4.557114,0.836019756958,-1.11605108897,-0.776625690495,1.14376860829,0.57541815395,1.40230569383,-0.704728654577
4.569138,0.835321169059,-1.1164099691,-0.777018408542,1.14407004559,0.575424807338,1.40441819353,-0.707133362538
4.581162,0.834635811724,-1.11676331123,-0.777421398065,1.14437772263,0.575431347827,1.40650862467,-0.70955157799
4.593186,0.83396345068,-1.11711097427,-0.777834547906,1.1446910346,0.575437775808,1.40857732229,-0.711982881294
4.605210,0.833303848234,-1.11745280715,-0.778257716383,1.1450093592,0.575444090048,1.41062458974,-0.714426731682
4.617234,0.832656764428,-1.11778865096,-0.778690730738,1.14533205946,0.575450287862,1.412650696,-0.716882464866
4.629259,0.832021958162,-1.11811834104,-0.779133386728,1.14565848674,0.575456365296,1.41465587336,-0.719349291612
4.641283,0.831399188293,-1.11844170919,-0.779585448346,1.14598798376,0.575462317318,1.41664031521,-0.721826297277
4.653307,0.830788214688,-1.11875858579,-0.780046647679,1.14631988776,0.575468138012,1.41860417426,-0.724312442323
4.665331,0.83018879923,-1.1190688018,-0.780516684939,1.14665353366,0.57547382078,1.42054756097,-0.726806563815
4.677355,0.829600706781,-1.11937219084,-0.780995228645,1.1469882573,0.575479358536,1.42247054227,-0.729307377886
4.689379,0.829023706092,-1.1196685911,-0.781481915977,1.14732339857,0.575484743906,1.42437314068,-0.731813483156
4.701403,0.828457570656,-1.11995784713,-0.781976353308,1.14765830462,0.575489969411,1.42625533368,-0.734323365079
4.713427,0.827902079504,-1.12023981155,-0.782478116912,1.1479923329,0.575495027659,1.42811705341,-0.736835401188
4.725451,0.827357017937,-1.12051434666,-0.782986753852,1.1483248542,0.575499911513,1.42995818681,-0.739347867188
4.737475,0.826822178196,-1.12078132584,-0.783501783059,1.14865525555,0.575504614259,1.43177857594,-0.74185894386
4.749499,0.826297360064,-1.12104063486,-0.784022696573,1.14898294292,0.575509129759,1.4335780188,-0.74436672471
4.761523,0.825782371402,-1.121292173,-0.784548960981,1.14930734387,0.57551345259,1.43535627033,-0.74686922431
4.773547,0.825277028613,-1.12153585402,-0.785080019014,1.14962790992,0.575517578172,1.43711304391,-0.749364387258
4.785571,0.824781157035,-1.12177160698,-0.785615291313,1.14994411883,0.575521502881,1.43884801299,-0.751850097686
4.797595,0.824294591264,-1.12199937687,-0.786154178357,1.15025547652,0.575525224145,1.4405608132,-0.754324189242
4.809619,0.8238171754,-1.12221912508,-0.786696062537,1.15056151893,0.575528740533,1.44225104466,-0.756784455457
4.821643,0.823348763227,-1.12243082973,-0.787240310356,1.15086181352,0.575532051821,1.44391827459,-0.759228660426
4.833667,0.822889218316,-1.1226344858,-0.787786274772,1.15115596059,0.575535159047,1.44556204018,-0.761654549704
4.845691,0.822438414059,-1.12283010519,-0.78833329763,1.1514435943,0.575538064554,1.44718185174,-0.764059861346
4.857715,0.821996233626,-1.12301771649,-0.788880712197,1.15172438348,0.575540772017,1.44877719601,-0.766442336986
4.869739,0.821562569866,-1.12319736477,-0.789427845775,1.15199803215,0.575543286456,1.4503475397,-0.768799732888
4.881764,0.821137325127,-1.12336911115,-0.789974022366,1.15226427982,0.575545614241,1.45189233321,-0.771129830867
4.893788,0.820720411019,-1.12353303228,-0.790518565381,1.15252290151,0.575547763085,1.45341101446,-0.77343044901
4.905812,0.820311748114,-1.12368921969,-0.791060800372,1.15277370753,0.575549742019,1.45490301287,-0.775699452114
4.917836,0.819911265584,-1.12383777908,-0.791600057761,1.15301654305,0.575551561369,1.45636775339,-0.777934761757
4.929860,0.819518900786,-1.1239788295,-0.792135675559,1.15325128744,0.575553232716,1.45780466062,-0.780134365945
4.941884,0.819134598797,-1.1241125025,-0.792667002041,1.15347785337,0.57555476885,1.45921316292,-0.782296328262
4.953908,0.818758311894,-1.12423894116,-0.79319339837,1.15369618574,0.57555618372,1.46059269656,-0.784418796454
4.965932,0.818389999,-1.1243582991,-0.793714241146,1.15390626046,0.575557492374,1.46194270978,-0.786500010414
4.977956,0.818029625089,-1.12447073952,-0.794228924867,1.154108083,0.575558710895,1.46326266685,-0.788538309493
4.989980,0.817677160552,-1.12457643409,-0.794736864268,1.15430168688,0.575559856334,1.46455205197,-0.790532139125
5.002004,0.817332580541,-1.12467556194,-0.795237496555,1.15448713194,0.575560946633,1.46581037307,-0.792480056705
5.014028,0.816995864293,-1.12476830861,-0.79573028348,1.1546645026,0.575562000557,1.46703716551,-0.794380736718
5.026052,0.816666994428,-1.12485486498,-0.796214713275,1.15483390597,0.575563037607,1.46823199554,-0.796232975078
5.038076,0.816345956244,-1.1249354263,-0.796690302414,1.15499546993,0.575564077942,1.46939446355,-0.798035692686
5.050100,0.816032737004,-1.12501019111,-0.797156597205,1.15514934116,0.575565142296,1.47052420721,-0.799787938185
5.062124,0.815727325217,-1.12507936036,-0.797613175191,1.15529568311,0.575566251891,1.47162090421,-0.801488889924
5.074148,0.815429709938,-1.12514313643,-0.798059646364,1.15543467406,0.57556742835,1.4726842749,-0.803137857146
5.086172,0.815139880065,-1.12520172226,-0.798495654176,1.15556650506,0.575568693608,1.47371408452,-0.804734280395
5.098196,0.814857823661,-1.12525532054,-0.798920876357,1.155691378,0.57557006982,1.47471014524,-0.806277731189
5.110220,0.814583527296,-1.12530413291,-0.799335025522,1.1558095037,0.57557157927,1.47567231784,-0.807767910969
5.122244,0.814316975417,-1.12534835923,-0.799737849579,1.15592110002,0.575573244277,1.47660051314,-0.809204649363
5.134269,0.814058149741,-1.12538819694,-0.800129131937,1.15602639013,0.575575087098,1.47749469304,-0.810587901806
5.146293,0.813807028697,-1.12542384045,-0.80050869151,1.15612560076,0.575577129834,1.47835487136,-0.811917746544
5.158317,0.813563586895,-1.12545548054,-0.800876382535,1.15621896063,0.575579394327,1.47918111425,-0.813194381083
5.170341,0.813327794645,-1.12548330396,-0.801232094199,1.15630669894,0.575581902058,1.47997354035,-0.814418118118
5.182365,0.81309961752,-1.12550749291,-0.801575750085,1.15638904402,0.57558467405,1.48073232063,-0.815589380994
5.194389,0.812879015965,-1.12552822469,-0.801907307453,1.156466222,0.575587730757,1.48145767796,-0.816708698758
5.206413,0.81266594496,-1.1255456714,-0.802226756354,1.15653845573,0.575591091959,1.48214988633,-0.817776700836
5.218437,0.812460353733,-1.12555999963,-0.802534118605,1.15660596376,0.575594776657,1.48280926983,-0.818794111411
5.230461,0.812262185528,-1.12557137026,-0.802829446618,1.15666895939,0.575598802955,1.48343620139,-0.819761743531
5.242485,0.812071377424,-1.12557993826,-0.803112822107,1.15672764999,0.575603187956,1.48403110117,-0.820680493015
5.254509,0.811887860213,-1.12558585254,-0.803384354689,1.15678223627,0.575607947648,1.48459443486,-0.821551332198
5.266533,0.811711558326,-1.12558925589,-0.803644180384,1.15683291185,0.575613096785,1.48512671165,-0.822375303569
5.278557,0.811542389814,-1.1255902849,-0.80389246003,1.1568798628,0.575618648785,1.48562848204,-0.823153513344
5.290581,0.811380266387,-1.12558906991,-0.804129377638,1.15692326735,0.575624615606,1.48610033552,-0.823887125025
5.302605,0.811225093492,-1.12558573502,-0.804355138679,1.15696329576,0.575631007646,1.48654289798,-0.82457735298
5.314629,0.811076770449,-1.12558039814,-0.804569968342,1.15700011016,0.575637833624,1.48695682912,-0.825225456086
5.326653,0.810935190624,-1.125573171,-0.804774109761,1.15703386463,0.575645100483,1.48734281968,-0.825832731472
5.338677,0.810800241654,-1.12556415926,-0.804967822223,1.15706470525,0.575652813287,1.48770158857,-0.8264005084
5.350701,0.810671805705,-1.12555346256,-0.805151379383,1.15709277027,0.575660975119,1.48803387993,-0.826930142299
5.362725,0.810549759768,-1.12554117469,-0.805325067485,1.15711819035,0.575669587,1.48834046024,-0.827423008993
5.374749,0.81043397599,-1.12552738364,-0.805489183607,1.15714108886,0.575678647802,1.48862211524,-0.827880499144
5.386774,0.810324322031,-1.12551217178,-0.805644033936,1.15716158222,0.575688154174,1.48887964698,-0.828304012925
5.398798,0.81022066145,-1.125495616,-0.805789932094,1.15717978025,0.575698100483,1.48911387086,-0.828694954939
5.410822,0.810122854108,-1.12547778787,-0.805927197504,1.15719578662,0.575708478757,1.48932561261,-0.829054729412
5.422846,0.810030756592,-1.12545875379,-0.806056153829,1.15720969925,0.575719278648,1.48951570548,-0.82938473565
5.434870,0.809944222648,-1.12543857519,-0.806177127467,1.15722161078,0.575730487404,1.48968498736,-0.829686363786
5.446894,0.809863103627,-1.12541730868,-0.806290446128,1.157231609,0.57574208986,1.48983429805,-0.829960990816
5.458918,0.809787248933,-1.12539500627,-0.806396437483,1.15723977733,0.575754068434,1.48996447662,-0.830209976925
5.470942,0.809716506476,-1.12537171556,-0.806495427904,1.15724619525,0.575766403153,1.49007635889,-0.830434662111
5.482966,0.809650723114,-1.12534747991,-0.806587741279,1.15725093873,0.575779071684,1.49017077499,-0.830636363095
5.494990,0.809589745096,-1.12532233867,-0.806673697929,1.15725408065,0.575792049389,1.49024854713,-0.83081637053
5.507014,0.809533418497,-1.1252963274,-0.806753613606,1.1572556912,0.575805309391,1.49031048743,-0.830975946486
5.519038,0.809481589629,-1.12526947805,-0.806827798588,1.15725583821,0.57581882266,1.49035739594,-0.831116322229
5.531062,0.809434105448,-1.12524181918,-0.80689655686,1.15725458752,0.57583255812,1.49039005885,-0.831238696254
5.543086,0.809390813935,-1.12521337622,-0.806960185392,1.15725200329,0.575846482762,1.49040924676,-0.831344232597
5.555110,0.809351564458,-1.12518417163,-0.8070189735,1.15724814821,0.575860561781,1.4904157132,-0.831434059399
5.567134,0.809316208115,-1.12515422514,-0.8070732023,1.15724308381,0.575874758724,1.4904101933,-0.831509267706
5.579158,0.809284598045,-1.12512355402,-0.807123144241,1.15723687059,0.575889035649,1.49039340256,-0.831570910515
5.591182,0.809256589719,-1.12509217323,-0.807169062721,1.15722956825,0.575903353304,1.49036603587,-0.831620002029
5.603206,0.809232041201,-1.12506009566,-0.807211211784,1.15722123575,0.575917671305,1.49032876661,-0.831657517134
5.615230,0.809210813385,-1.12502733238,-0.807249835882,1.15721193147,0.575931948329,1.49028224596,-0.831684391062
5.627255,0.809192770202,-1.12499389281,-0.807285169715,1.15720171324,0.575946142315,1.49022710231,-0.831701519249
5.639279,0.809177778794,-1.12495978496,-0.807317438132,1.15719063839,0.575960210666,1.49016394087,-0.831709757354
5.651303,0.809165709677,-1.12492501562,-0.80734685609,1.15717876375,0.575974110453,1.49009334334,-0.831709921445
5.663327,0.809156436853,-1.12488959056,-0.807373628667,1.15716614568,0.575987798626,1.49001586779,-0.831702788327
5.675351,0.809149837921,-1.1248535147,-0.807397951132,1.15715283999,0.576001232218,1.48993204863,-0.831689096
5.687375,0.809145794144,-1.12481679235,-0.80742000905,1.1571389019,0.576014368544,1.48984239662,-0.831669544246
5.699399,0.809144190503,-1.12477942732,-0.807439978434,1.15712438603,0.576027165405,1.48974739912,-0.831644795314
5.711423,0.809144915726,-1.12474142311,-0.807458025932,1.15710934623,0.576039581274,1.48964752031,-0.831615474704
5.723447,0.809147862297,-1.12470278309,-0.807474309034,1.15709383559,0.576051575481,1.48954320157,-0.831582172035
5.735471,0.809152926441,-1.12466351058,-0.807488976324,1.15707790629,0.576063108385,1.48943486189,-0.83154544199
5.747495,0.809160008103,-1.12462360905,-0.807502167736,1.15706160953,0.576074141538,1.48932289839,-0.831505805312
5.759519,0.809169010901,-1.12458308219,-0.807514014835,1.15704499544,0.576084637832,1.48920768682,-0.831463749861
5.771543,0.809179842067,-1.12454193404,-0.807524641116,1.15702811296,0.57609456164,1.48908958222,-0.831419731708
5.783567,0.809192412386,-1.12450016909,-0.807534162304,1.15701100977,0.576103878938,1.48896891952,-0.831374176262
5.795591,0.809206636107,-1.12445779235,-0.80754268667,1.15699373221,0.576112557416,1.4888460142,-0.831327479423
5.807615,0.809222430867,-1.12441480943,-0.807550315347,1.15697632516,0.576120566574,1.48872116303,-0.831280008746
5.819639,0.809239717584,-1.12437122661,-0.80755714265,1.15695883201,0.576127877803,1.48859464473,-0.831232104617
5.831663,0.809258420369,-1.12432705089,-0.807563256393,1.15694129457,0.576134464456,1.48846672073,-0.831184081433
5.843687,0.809278466412,-1.12428229001,-0.807568738206,1.156923753,0.576140301896,1.48833763591,-0.831136228773
5.855711,0.809299785882,-1.12423695249,-0.807573663846,1.15690624579,0.576145367543,1.48820761926,-0.831088812563
5.867735,0.809322311811,-1.12419104766,-0.807578103505,1.15688880968,0.576149640895,1.48807688471,-0.831042076224
5.879760,0.809345979992,-1.12414458568,-0.807582122108,1.15687147966,0.576153103548,1.48794563176,-0.830996241805
5.891784,0.80937072886,-1.12409757751,-0.807585779603,1.15685428892,0.576155739197,1.48781404624,-0.830951511088
5.903808,0.809396499393,-1.12405003494,-0.807589131246,1.15683726886,0.576157533628,1.48768230098,-0.830908066677
5.915832,0.809423234995,-1.12400197055,-0.807592227872,1.15682044907,0.5761584747,1.48755055651,-0.830866073048
5.927856,0.809450881397,-1.12395339771,-0.807595116156,1.15680385732,0.576158552317,1.48741896167,-0.830825677574
5.939880,0.809479386551,-1.12390433057,-0.80759783887,1.15678751959,0.576157758396,1.48728765431,-0.830787011521
5.951904,0.809508700532,-1.123854784,-0.807600435119,1.15677146008,0.576156086815,1.48715676187,-0.830750191004
5.963928,0.809538775442,-1.12380477357,-0.807602940576,1.15675570122,0.576153533371,1.48702640196,-0.830715317914
5.975952,0.809569565312,-1.12375431553,-0.807605387698,1.15674026371,0.57615009572,1.48689668297,-0.830682480805
5.987976,0.809601026021,-1.12370342676,-0.807607805941,1.15672516657,0.576145773314,1.48676770457,-0.830651755749
6.000000,0.809633115203,-1.12365212471,-0.807610221952,1.15671042713,0.576140567337,1.48663955827,-0.830623207155
