 3.509990  3.766576  4.478058  1.769547  5.090014  4.867893  7.716174  3.730431 22.490769  4.765941 26.048926
 3.601615  3.767995  4.450950  1.840299  5.060526  4.846248  7.648957  3.717280 22.233262  4.716757 25.778504
 3.693239  3.769415  4.423842  1.911051  5.031037  4.824603  7.581740  3.704129 21.975755  4.667574 25.508083
 3.784863  3.770834  4.396734  1.981803  5.001549  4.802959  7.514522  3.690977 21.718247  4.618390 25.237661
 3.876488  3.772253  4.369626  2.052555  4.972061  4.781314  7.447305  3.677826 21.460740  4.569206 24.967239
 3.968112  3.773672  4.342518  2.123307  4.942572  4.759669  7.380088  3.664675 21.203232  4.520023 24.696817
 4.059737  3.775092  4.315409  2.194059  4.913084  4.738024  7.312870  3.651524 20.945725  4.470839 24.426396
 4.151361  3.776511  4.288301  2.264811  4.883596  4.716379  7.245653  3.638373 20.688218  4.421656 24.155974
 4.242985  3.777930  4.261193  2.335563  4.854107  4.694734  7.178436  3.625222 20.430710  4.372472 23.885552
 4.334610  3.779349  4.234085  2.406315  4.824619  4.673090  7.111218  3.612071 20.173203  4.323289 23.615131
 4.426234  3.780769  4.206977  2.477067  4.795131  4.651445  7.044001  3.598919 19.915695  4.274105 23.344709
 4.517859  3.782188  4.179869  2.547819  4.765642  4.629800  6.976784  3.585768 19.658188  4.224921 23.074287
 4.609483  3.783607  4.152761  2.618571  4.736154  4.608155  6.909566  3.572617 19.400681  4.175738 22.803866
 4.701107  3.785027  4.125653  2.689324  4.706666  4.586510  6.842349  3.559466 19.143173  4.126554 22.533444
 4.792732  3.786446  4.098545  2.760076  4.677177  4.564865  6.775131  3.546315 18.885666  4.077371 22.263022
 4.884356  3.787865  4.071436  2.830828  4.647689  4.543220  6.707914  3.533164 18.628158  4.028187 21.992601
 4.975981  3.789284  4.044328  2.901580  4.618201  4.521576  6.640697  3.520013 18.370651  3.979003 21.722179
 5.067605  3.790704  4.017220  2.972332  4.588712  4.499931  6.573479  3.506862 18.113144  3.929820 21.451757
 5.159229  3.792123  3.990112  3.043084  4.559224  4.478286  6.506262  3.493710 17.855636  3.880636 21.181336
 5.250854  3.793542  3.963004  3.113836  4.529736  4.456641  6.439045  3.480559 17.598129  3.831453 20.910914
 5.342478  3.794961  3.935896  3.184588  4.500247  4.434996  6.371827  3.467408 17.340621  3.782269 20.640492
 5.434103  3.796381  3.908788  3.255340  4.470759  4.413351  6.304610  3.454257 17.083114  3.733085 20.370071
 5.525727  3.797800  3.881680  3.326092  4.441271  4.391707  6.237393  3.441106 16.825607  3.683902 20.099649
 5.617351  3.799219  3.854572  3.396844  4.411782  4.370062  6.170175  3.427955 16.568099  3.634718 19.829227
 5.708976  3.800638  3.827463  3.467596  4.382294  4.348417  6.102958  3.414804 16.310592  3.585535 19.558806
 5.800600  3.802058  3.800355  3.538348  4.352806  4.326772  6.035740  3.401653 16.053084  3.536351 19.288384
 5.892225  3.803477  3.773247  3.609100  4.323318  4.305127  5.968523  3.388501 15.795577  3.487167 19.017962
 5.983849  3.804896  3.746139  3.679852  4.293829  4.283482  5.901306  3.375350 15.538070  3.437984 18.747541
 6.075473  3.806315  3.719031  3.750604  4.264341  4.261837  5.834088  3.362199 15.280562  3.388800 18.477119
 6.167098  3.807735  3.691923  3.821356  4.234853  4.240193  5.766871  3.349048 15.023055  3.339617 18.206697
 6.258722  3.809154  3.664815  3.892108  4.205364  4.218548  5.699654  3.335897 14.765547  3.290433 17.936276
 6.350347  3.810573  3.637707  3.962860  4.175876  4.196903  5.632436  3.322746 14.508040  3.241249 17.665854
 6.441971  3.811992  3.610599  4.033612  4.146388  4.175258  5.565219  3.309595 14.250532  3.192066 17.395432
 6.533595  3.813412  3.583491  4.104364  4.116899  4.153613  5.498002  3.296444 13.993025  3.142882 17.125011
 6.625220  3.814831  3.556382  4.175116  4.087411  4.131968  5.430784  3.283292 13.735518  3.093699 16.854589
 6.716844  3.816250  3.529274  4.245868  4.057923  4.110323  5.363567  3.270141 13.478010  3.044515 16.584167
 6.808468  3.817669  3.502166  4.316620  4.028434  4.088679  5.296350  3.256990 13.220503  2.995331 16.313746
 6.900093  3.819089  3.475058  4.387372  3.998946  4.067034  5.229132  3.243839 12.962995  2.946148 16.043324
 6.991717  3.820508  3.447950  4.458124  3.969458  4.045389  5.161915  3.230688 12.705488  2.896964 15.772902
 7.083342  3.821927  3.420842  4.528876  3.939969  4.023744  5.094697  3.217537 12.447981  2.847781 15.502481
 7.174966  3.823347  3.393734  4.599628  3.910481  4.002099  5.027480  3.204386 12.190473  2.798597 15.232059
 7.266590  3.824766  3.366626  4.670380  3.880993  3.980454  4.960263  3.191235 11.932966  2.749413 14.961637
 7.358215  3.826185  3.339518  4.741132  3.851504  3.958810  4.893045  3.178083 11.675458  2.700230 14.691216
 7.449839  3.827604  3.312409  4.811884  3.822016  3.937165  4.825828  3.164932 11.417951  2.651046 14.420794
 7.541464  3.829024  3.285301  4.882636  3.792528  3.915520  4.758611  3.151781 11.160444  2.601863 14.150372
 7.633088  3.830443  3.258193  4.953389  3.763039  3.893875  4.691393  3.138630 10.902936  2.552679 13.879951
 7.724712  3.831862  3.231085  5.024141  3.733551  3.872230  4.624176  3.125479 10.645429  2.503495 13.609529
 7.816337  3.833281  3.203977  5.094893  3.704063  3.850585  4.556959  3.112328 10.387921  2.454312 13.339107
 7.907961  3.834701  3.176869  5.165645  3.674574  3.828940  4.489741  3.099177 10.130414  2.405128 13.068686
 7.999586  3.836120  3.149761  5.236397  3.645086  3.807296  4.422524  3.086025  9.872907  2.355945 12.798264
 8.091210  3.837539  3.122653  5.307149  3.615598  3.785651  4.355306  3.072874  9.615399  2.306761 12.527842
 8.182834  3.838958  3.095545  5.377901  3.586109  3.764006  4.288089  3.059723  9.357892  2.257577 12.257421
 8.274459  3.840378  3.068436  5.448653  3.556621  3.742361  4.220872  3.046572  9.100384  2.208394 11.986999
 8.366083  3.841797  3.041328  5.519405  3.527133  3.720716  4.153654  3.033421  8.842877  2.159210 11.716577
 8.457708  3.843216  3.014220  5.590157  3.497644  3.699071  4.086437  3.020270  8.585370  2.110027 11.446156
 8.549332  3.844635  2.987112  5.660909  3.468156  3.677427  4.019220  3.007119  8.327862  2.060843 11.175734
 8.640956  3.846055  2.960004  5.731661  3.438668  3.655782  3.952002  2.993968  8.070355  2.011659 10.905312
 8.732581  3.847474  2.932896  5.802413  3.409179  3.634137  3.884785  2.980816  7.812847  1.962476 10.634891
 8.824205  3.848893  2.905788  5.873165  3.379691  3.612492  3.817568  2.967665  7.555340  1.913292 10.364469
 8.915830  3.850312  2.878680  5.943917  3.350203  3.590847  3.750350  2.954514  7.297833  1.864109 10.094047
 9.007454  3.851732  2.851572  6.014669  3.320714  3.569202  3.683133  2.941363  7.040325  1.814925  9.823626
 9.099078  3.853151  2.824464  6.085421  3.291226  3.547557  3.615916  2.928212  6.782818  1.765741  9.553204
 9.190703  3.854570  2.797355  6.156173  3.261738  3.525913  3.548698  2.915061  6.525310  1.716558  9.282782
 9.282327  3.855989  2.770247  6.226925  3.232249  3.504268  3.481481  2.901910  6.267803  1.667374  9.012361
 9.373952  3.857409  2.743139  6.297677  3.202761  3.482623  3.414263  2.888759  6.010296  1.618191  8.741939
 9.465576  3.858828  2.716031  6.368429  3.173273  3.460978  3.347046  2.875607  5.752788  1.569007  8.471517
 9.557200  3.860247  2.688923  6.439181  3.143784  3.439333  3.279829  2.862456  5.495281  1.519823  8.201096
 9.648825  3.861666  2.661815  6.509933  3.114296  3.417688  3.212611  2.849305  5.237773  1.470640  7.930674
 9.740449  3.863086  2.634707  6.580685  3.084808  3.396044  3.145394  2.836154  4.980266  1.421456  7.660252
 9.832074  3.864505  2.607599  6.651437  3.055319  3.374399  3.078177  2.823003  4.722759  1.372273  7.389831
 9.923698  3.865924  2.580491  6.722189  3.025831  3.352754  3.010959  2.809852  4.465251  1.323089  7.119409
10.015322  3.867344  2.553382  6.792941  2.996343  3.331109  2.943742  2.796701  4.207744  1.273906  6.848987
10.106947  3.868763  2.526274  6.863693  2.966855  3.309464  2.876525  2.783550  3.950236  1.224722  6.578566
10.198571  3.870182  2.499166  6.934445  2.937366  3.287819  2.809307  2.770398  3.692729  1.175538  6.308144
10.290196  3.871601  2.472058  7.005197  2.907878  3.266174  2.742090  2.757247  3.435222  1.126355  6.037722
10.381820  3.873021  2.444950  7.075949  2.878390  3.244530  2.674872  2.744096  3.177714  1.077171  5.767301
10.473444  3.874440  2.417842  7.146701  2.848901  3.222885  2.607655  2.730945  2.920207  1.027988  5.496879
10.565069  3.875859  2.390734  7.217454  2.819413  3.201240  2.540438  2.717794  2.662699  0.978804  5.226457
10.656693  3.877278  2.363626  7.288206  2.789925  3.179595  2.473220  2.704643  2.405192  0.929620  4.956036
10.748318  3.878698  2.336518  7.358958  2.760436  3.157950  2.406003  2.691492  2.147685  0.880437  4.685614
10.839942  3.880117  2.309409  7.429710  2.730948  3.136305  2.338786  2.678340  1.890177  0.831253  4.415192
10.931566  3.881536  2.282301  7.500462  2.701460  3.114661  2.271568  2.665189  1.632670  0.782070  4.144771
11.023191  3.882955  2.255193  7.571214  2.671971  3.093016  2.204351  2.652038  1.375162  0.732886  3.874349
11.114815  3.884375  2.228085  7.641966  2.642483  3.071371  2.137134  2.638887  1.117655  0.683702  3.603927
11.206440  3.885794  2.200977  7.712718  2.612995  3.049726  2.069916  2.625736  0.860148  0.634519  3.333506
11.298064  3.887213  2.173869  7.783470  2.583506  3.028081  2.002699  2.612585  0.602640  0.585335  3.063084
11.389688  3.888632  2.146761  7.854222  2.554018  3.006436  1.935482  2.599434  0.345133  0.536152  2.792662
11.481313  3.890052  2.119653  7.924974  2.524530  2.984791  1.868264  2.586283  0.087625  0.486968  2.522241
11.572937  3.891471  2.092545  7.995726  2.495041  2.963147  1.801047  2.573131 -0.169882  0.437784  2.251819
11.664562  3.892890  2.065437  8.066478  2.465553  2.941502  1.733829  2.559980 -0.427389  0.388601  1.981397
11.756186  3.894309  2.038328  8.137230  2.436065  2.919857  1.666612  2.546829 -0.684897  0.339417  1.710975
11.847810  3.895729  2.011220  8.207982  2.406576  2.898212  1.599395  2.533678 -0.942404  0.290234  1.440554
11.939435  3.897148  1.984112  8.278734  2.377088  2.876567  1.532177  2.520527 -1.199912  0.241050  1.170132
12.031059  3.898567  1.957004  8.349486  2.347600  2.854922  1.464960  2.507376 -1.457419  0.191866  0.899710
12.122684  3.899986  1.929896  8.420238  2.318111  2.833278  1.397743  2.494225 -1.714926  0.142683  0.629289
12.214308  3.901406  1.902788  8.490990  2.288623  2.811633  1.330525  2.481074 -1.972434  0.093499  0.358867
12.305932  3.902825  1.875680  8.561742  2.259135  2.789988  1.263308  2.467922 -2.229941  0.044316  0.088445
12.397557  3.904244  1.848572  8.632494  2.229646  2.768343  1.196091  2.454771 -2.487449 -0.004868 -0.181976
12.489181  3.905664  1.821464  8.703246  2.200158  2.746698  1.128873  2.441620 -2.744956 -0.054052 -0.452398
12.580806  3.907083  1.794355  8.773998  2.170670  2.725053  1.061656  2.428469 -3.002463 -0.103235 -0.722820