 3.525097
 3.618061
 3.705574
 3.781542
 3.838369
 3.870492
 3.878703
 3.870682
 3.856641
 3.844728
 3.839686
 3.843770
 3.857693
 3.880466
 3.908396
 3.934793
 3.952113
 3.955410
 3.943742
 3.918679
 3.882273
 3.836427
 3.783932
 3.730474
 3.685898
 3.662076
 3.667098
 3.700886
 3.756744
 3.826194
 3.902011
 3.978191
 4.048321
 4.104277
 4.137227
 4.141744
 4.119965
 4.080783
 4.034550
 3.988764
 3.947365
 3.912066
 3.883706
 3.862746
 3.848899
 3.840542
 3.835040
 3.830138
 3.825170
 3.821169
 3.820229
 3.824623
 3.835554
 3.851401
 3.866308
 3.871303
 3.858560
 3.825149
 3.772655
 3.704078
 3.621420
 3.525336
 3.416667
 3.299219
 3.182065
 3.078182
 2.998819
 2.948672
 2.926490
 2.928817
 2.952239
 2.992225
 3.039114
 3.073797
 3.068687
 2.998563
 2.854641
 2.647364
 2.396163
 2.118589
 1.826870
 1.530622
 1.241819
 0.978195
 0.760624
 0.603375
 0.505475
 0.453131
 0.429965
 0.424351
 0.429895
 0.441407
 0.449363
 0.436051
 0.378316
 0.258780
 0.076601
-0.153780
-0.413205
-0.686407