 3.525097
 3.590007
 3.652998
 3.712413
 3.766007
 3.811167
 3.845481
 3.867540
 3.877630
 3.877827
 3.871394
 3.861840
 3.852155
 3.844496
 3.840241
 3.840200
 3.844810
 3.854191
 3.868072
 3.885595
 3.905149
 3.924413
 3.940739
 3.951773
 3.955998
 3.952903
 3.942750
 3.926188
 3.903923
 3.876592
 3.844827
 3.809504
 3.772090
 3.734982
 3.701608
 3.676049
 3.662126
 3.662285
 3.676931
 3.704561
 3.742538
 3.787943
 3.838133
 3.890878
 3.944212
 3.996131
 4.044306
 4.085940
 4.117960
 4.137624
 4.143387
 4.135600
 4.116513
 4.089560
 4.058329
 4.025793
 3.994020
 3.964257
 3.937194
 3.913214
 3.892572
 3.875457
 3.861941
 3.851862
 3.844727
 3.839724
 3.835915
 3.832508
 3.829073
 3.825616
 3.822528
 3.820464
 3.820216
 3.822549
 3.828000
 3.836592
 3.847515
 3.858910
 3.867978
 3.871538
 3.866880
 3.852449
 3.828003
 3.794237
 3.752205
 3.702845
 3.646739
 3.584120
 3.515093
 3.440023
 3.360045
 3.277512
 3.196101
 3.120313
 3.054435
 3.001484
 2.962727
 2.937947
 2.926117
 2.926020
 2.936528
 2.956466
 2.984110
 3.016406
 3.048167
 3.071688
 3.077390
 3.055778
 3.000129
 2.908451
 2.783560
 2.631387
 2.458758
 2.271766
 2.075147
 1.872480
 1.666865
 1.461788
 1.261897
 1.073346
 0.903308
 0.758486
 0.643135
 0.557681
 0.498864
 0.461259
 0.439166
 0.427926
 0.424347
 0.426413
 0.432580
 0.440860
 0.447899
 0.448327
 0.434835
 0.399394
 0.335435
 0.240003
 0.114581
-0.035846
-0.204733
-0.385780
-0.573946
-0.686407
-0.686407
-0.686407
-0.686407
-0.686407
-0.686407
-0.686407
-0.686407
-0.686407
-0.686407
-0.686407
-0.686407
-0.686407
-0.686407
-0.686407
-0.686407
-0.686407
-0.686407
-0.686407
-0.686407
-0.686407
-0.686407
-0.686407
-0.686407
-0.686407
-0.686407
-0.686407
-0.686407
-0.686407
-0.686407
-0.686407
-0.686407
-0.686407
-0.686407
-0.686407
-0.686407
-0.686407
-0.686407
-0.686407
-0.686407
-0.686407
-0.686407
-0.686407
-0.686407
-0.686407
-0.686407
-0.686407
-0.686407
-0.686407
-0.686407
-0.686407
-0.686407
-0.686407
-0.686407
-0.686407
-0.686407
-0.686407
-0.686407
-0.686407
-0.686407
-0.686407
-0.686407
-0.686407