  3.833051
  3.835891
  3.838531
-13.179365
  1.678498
 52.265698
-23.568169
 18.718388
-27.169913
 17.173548
-11.714961
 34.046944
-25.065354
 16.158123
 21.237665
 -9.286814
-13.468800
 48.183892
-35.219817
-18.573685
 60.888440
-16.089827
 15.283637
-38.276297
  9.062027
 35.007930
-20.210446
 42.647708
-15.885611
 13.680240
-20.955937
 11.386253
 21.121454
-20.451505
 10.682469
 -7.421258
 13.473144
 35.365694
-14.959966
-16.452425
 12.862395
 21.150483
-18.623704
 -4.671694
 15.654342
 -5.817515
 25.083261
 -0.078872
 -0.118864
 16.978439
-16.589974
 19.920661
  1.010905
 -0.434507
 -8.877377
 35.657361
-16.774858
-11.779576
 39.640985
-15.708977
 12.205655
 -8.846127
  4.304642
 20.926785
-25.073999
 32.356231
  4.683487
-18.308463
  8.164666
  9.510421
 15.301067
 -0.192797
 -1.815284
  3.911458
  3.911472
-18.065841
 21.220733
 23.716188
-15.323300
 -0.344018
 21.045062
 -8.963809
 -0.469232
 10.523727
 -6.358564
  5.657921
 20.683198
 -7.553722
 17.902776
 -1.042869
 -9.483776
 20.737573
 -6.309863
 -2.983405
 11.317718
 -5.381977
 -5.389846
 11.326605
 20.595959
 -4.664526
 -4.707752
  2.962183
  2.859212
  3.212473
 -5.989568
 10.506265
  3.612439
 10.390194
 -2.566077
 -8.926466
 28.982279
-18.037427
 -4.779515
 25.126100
-16.041687
 17.028315
 15.913743
-13.122930
 -7.280774
  1.727957
  9.095343
 -1.239316
-12.048679
 25.203423
-16.442785
-36.890414
 47.863126
 13.096074
-28.972335
-24.355795
 35.189895
 -7.494513
 27.092816
-19.335707
  5.556754
-15.829562
 22.795296
-21.851476
  4.807339
 11.645099
  0.979588
 -4.547639
  3.995191
 32.220894
-19.135768
-18.715676
 17.153270
 13.732354
 -7.386048
-10.180869
 25.054809
-36.287746
 12.006121
 26.303533
-32.703086
  8.206318
 -9.378850
  8.419545
-17.527509
  4.027922
 44.088810
-61.239791
 40.880845
-82.474293
 52.830486
  8.347639
-18.053587
 -3.209447
 36.227364
-77.370519
 37.721933
 -2.105482
 -2.832787
-10.468684
-35.143445
 63.596613
-27.725297
 14.980016
 18.812886
 24.580648
-41.036961
 10.626408
-27.871750
 27.088031
-11.892128
 28.811971
-14.190277
  0.268447
 -1.162902
-13.338239
 30.119969
-16.447657
-31.630739
 29.644415
-15.465667
 14.389601
-15.869806
 14.632149
-15.468260
 31.477873
-32.189179
 15.444116
-17.090003
 16.208495
 16.894682
-50.708606