  -0.250066
 -16.887279
 -31.589228
 -44.876104
 -54.693282
 -63.848855
 -70.736831
 -77.110856
 -81.858855
 -86.201730
 -89.397424
 -92.276560
 -94.362239
 -96.204803
 -97.514379
 -98.642605
 -99.428847
-100.086010
-100.540354
-100.909799
-101.176702
-101.395721
-101.583045
-101.752932
-101.939400
-102.132685
-102.373193
-102.638781
-102.968141
-103.334916
-103.770428
-104.249708
-104.792886
-105.380049
-106.017699
-106.693175
-107.397997
-108.127790
-108.858616
-109.594464
-110.296202
-110.975431
-111.578756
-112.123876
-112.544681
-112.862757
-113.003059
-112.999261
-112.815165
-112.630391
-109.575719
-103.658272
 -97.618365
 -91.278581
 -84.724875
 -77.912590
 -70.973133
 -63.874587
 -56.741579
 -49.552433
 -42.413792
 -35.321929
 -28.356466
 -21.538913
 -14.913694
  -8.534248
  -2.402653
   3.389683
   8.889035
  13.960656
  18.704035
  22.936285
  26.813991
  30.101656
  33.016268
  35.265444
  37.129650
  38.255343
  38.990065
  38.915211
  38.449602
  37.107722
  35.383594
  32.729254
  29.714145
  25.747803
  21.463392
  16.280996
  10.857309
   4.740380
  -1.488136
  -7.918415
 -14.250560
 -19.780814
 -24.884317
 -27.319850
 -28.782956
 -23.283592
 -14.229478
  -0.578337