  -0.250066
 -31.309879
 -54.321958
 -70.350853
 -81.509779
 -89.109157
 -94.141364
 -97.356691
 -99.323680
-100.473464
-101.132243
-101.544979
-101.892574
-102.304244
-102.866312
-103.628379
-104.607508
-105.790992
-107.138002
-108.580431
-110.023083
-111.343339
-112.390333
-112.984067
-112.950800
-111.847695
-100.837947
 -88.329862
 -74.898108
 -60.891196
 -46.685108
 -32.641605
 -19.102088
  -6.383055
   5.226931
  15.468528
  24.110967
  30.949465
  35.801366
  38.501710
  38.900868
  36.867926
  32.306536
  25.193843
  15.659076
   4.127112
  -8.435094
 -20.113308
 -27.413922
 -23.139768
  -0.578337