   0.000000
 -31.632813
 -54.299655
 -70.338087
 -81.499878
 -89.101567
 -94.135617
 -97.352389
 -99.320494
-100.471127
-101.130547
-101.543761
-101.891711
-102.303642
-102.865903
-103.628107
-104.607334
-105.790885
-107.137938
-108.580388
-110.023043
-111.343284
-112.390245
-112.983514
-112.911264
-111.927689
-100.800965
 -88.329527
 -74.898238
 -60.891394
 -46.685363
 -32.641903
 -19.102416
  -6.383404
   5.226567
  15.468147
  24.110552
  30.949042
  35.800954
  38.501419
  38.900972
  36.869004
  32.309689
  25.200997
  15.673383
   4.153444
  -8.389609
 -20.038700
 -27.283291
 -24.015584
   0.000148