1.000000 0.062500 0.000015 0.000000 0.000000 0.000000 0.000000 0.000000 0.000000 0.000000
0.977347 0.101125 0.000041 0.000000 0.000000 0.000000 0.000000 0.000000 0.000000 0.000000
0.912419 0.156292 0.000105 0.000000 0.000000 0.000000 0.000000 0.000000 0.000000 0.000000
0.813649 0.230733 0.000256 0.000000 0.000000 0.000000 0.000000 0.000000 0.000000 0.000000
0.693071 0.325373 0.000597 0.000000 0.000000 0.000000 0.000000 0.000000 0.000000 0.000000
0.563917 0.438278 0.001331 0.000000 0.000000 0.000000 0.000000 0.000000 0.000000 0.000000
0.438278 0.563917 0.002834 0.000000 0.000000 0.000000 0.000000 0.000000 0.000000 0.000000
0.325373 0.693071 0.005767 0.000000 0.000000 0.000000 0.000000 0.000000 0.000000 0.000000
0.230733 0.813649 0.011208 0.000001 0.000000 0.000000 0.000000 0.000000 0.000000 0.000000
0.156292 0.912419 0.020807 0.000002 0.000000 0.000000 0.000000 0.000000 0.000000 0.000000
0.101125 0.977347 0.036898 0.000005 0.000000 0.000000 0.000000 0.000000 0.000000 0.000000
0.062500 1.000000 0.062500 0.000015 0.000000 0.000000 0.000000 0.000000 0.000000 0.000000
0.036898 0.977347 0.101125 0.000041 0.000000 0.000000 0.000000 0.000000 0.000000 0.000000
0.020807 0.912419 0.156292 0.000105 0.000000 0.000000 0.000000 0.000000 0.000000 0.000000
0.011208 0.813649 0.230733 0.000256 0.000000 0.000000 0.000000 0.000000 0.000000 0.000000
0.005767 0.693071 0.325373 0.000597 0.000000 0.000000 0.000000 0.000000 0.000000 0.000000
0.002834 0.563917 0.438278 0.001331 0.000000 0.000000 0.000000 0.000000 0.000000 0.000000
0.001331 0.438278 0.563917 0.002834 0.000000 0.000000 0.000000 0.000000 0.000000 0.000000
0.000597 0.325373 0.693071 0.005767 0.000000 0.000000 0.000000 0.000000 0.000000 0.000000
0.000256 0.230733 0.813649 0.011208 0.000001 0.000000 0.000000 0.000000 0.000000 0.000000
0.000105 0.156292 0.912419 0.020807 0.000002 0.000000 0.000000 0.000000 0.000000 0.000000
0.000041 0.101125 0.977347 0.036898 0.000005 0.000000 0.000000 0.000000 0.000000 0.000000
0.000015 0.062500 1.000000 0.062500 0.000015 0.000000 0.000000 0.000000 0.000000 0.000000
0.000005 0.036898 0.977347 0.101125 0.000041 0.000000 0.000000 0.000000 0.000000 0.000000
0.000002 0.020807 0.912419 0.156292 0.000105 0.000000 0.000000 0.000000 0.000000 0.000000
0.000001 0.011208 0.813649 0.230733 0.000256 0.000000 0.000000 0.000000 0.000000 0.000000
0.000000 0.005767 0.693071 0.325373 0.000597 0.000000 0.000000 0.000000 0.000000 0.000000
0.000000 0.002834 0.563917 0.438278 0.001331 0.000000 0.000000 0.000000 0.000000 0.000000
0.000000 0.001331 0.438278 0.563917 0.002834 0.000000 0.000000 0.000000 0.000000 0.000000
0.000000 0.000597 0.325373 0.693071 0.005767 0.000000 0.000000 0.000000 0.000000 0.000000
0.000000 0.000256 0.230733 0.813649 0.011208 0.000001 0.000000 0.000000 0.000000 0.000000
0.000000 0.000105 0.156292 0.912419 0.020807 0.000002 0.000000 0.000000 0.000000 0.000000
0.000000 0.000041 0.101125 0.977347 0.036898 0.000005 0.000000 0.000000 0.000000 0.000000
0.000000 0.000015 0.062500 1.000000 0.062500 0.000015 0.000000 0.000000 0.000000 0.000000
0.000000 0.000005 0.036898 0.977347 0.101125 0.000041 0.000000 0.000000 0.000000 0.000000
0.000000 0.000002 0.020807 0.912419 0.156292 0.000105 0.000000 0.000000 0.000000 0.000000
0.000000 0.000001 0.011208 0.813649 0.230733 0.000256 0.000000 0.000000 0.000000 0.000000
0.000000 0.000000 0.005767 0.693071 0.325373 0.000597 0.000000 0.000000 0.000000 0.000000
0.000000 0.000000 0.002834 0.563917 0.438278 0.001331 0.000000 0.000000 0.000000 0.000000
0.000000 0.000000 0.001331 0.438278 0.563917 0.002834 0.000000 0.000000 0.000000 0.000000
0.000000 0.000000 0.000597 0.325373 0.693071 0.005767 0.000000 0.000000 0.000000 0.000000
0.000000 0.000000 0.000256 0.230733 0.813649 0.011208 0.000001 0.000000 0.000000 0.000000
0.000000 0.000000 0.000105 0.156292 0.912419 0.020807 0.000002 0.000000 0.000000 0.000000
0.000000 0.000000 0.000041 0.101125 0.977347 0.036898 0.000005 0.000000 0.000000 0.000000
0.000000 0.000000 0.000015 0.062500 1.000000 0.062500 0.000015 0.000000 0.000000 0.000000
0.000000 0.000000 0.000005 0.036898 0.977347 0.101125 0.000041 0.000000 0.000000 0.000000
0.000000 0.000000 0.000002 0.020807 0.912419 0.156292 0.000105 0.000000 0.000000 0.000000
0.000000 0.000000 0.000001 0.011208 0.813649 0.230733 0.000256 0.000000 0.000000 0.000000
0.000000 0.000000 0.000000 0.005767 0.693071 0.325373 0.000597 0.000000 0.000000 0.000000
0.000000 0.000000 0.000000 0.002834 0.563917 0.438278 0.001331 0.000000 0.000000 0.000000
0.000000 0.000000 0.000000 0.001331 0.438278 0.563917 0.002834 0.000000 0.000000 0.000000
0.000000 0.000000 0.000000 0.000597 0.325373 0.693071 0.005767 0.000000 0.000000 0.000000
0.000000 0.000000 0.000000 0.000256 0.230733 0.813649 0.011208 0.000001 0.000000 0.000000
0.000000 0.000000 0.000000 0.000105 0.156292 0.912419 0.020807 0.000002 0.000000 0.000000
0.000000 0.000000 0.000000 0.000041 0.101125 0.977347 0.036898 0.000005 0.000000 0.000000
0.000000 0.000000 0.000000 0.000015 0.062500 1.000000 0.062500 0.000015 0.000000 0.000000
0.000000 0.000000 0.000000 0.000005 0.036898 0.977347 0.101125 0.000041 0.000000 0.000000
0.000000 0.000000 0.000000 0.000002 0.020807 0.912419 0.156292 0.000105 0.000000 0.000000
0.000000 0.000000 0.000000 0.000001 0.011208 0.813649 0.230733 0.000256 0.000000 0.000000
0.000000 0.000000 0.000000 0.000000 0.005767 0.693071 0.325373 0.000597 0.000000 0.000000
0.000000 0.000000 0.000000 0.000000 0.002834 0.563917 0.438278 0.001331 0.000000 0.000000
0.000000 0.000000 0.000000 0.000000 0.001331 0.438278 0.563917 0.002834 0.000000 0.000000
0.000000 0.000000 0.000000 0.000000 0.000597 0.325373 0.693071 0.005767 0.000000 0.000000
0.000000 0.000000 0.000000 0.000000 0.000256 0.230733 0.813649 0.011208 0.000001 0.000000
0.000000 0.000000 0.000000 0.000000 0.000105 0.156292 0.912419 0.020807 0.000002 0.000000
0.000000 0.000000 0.000000 0.000000 0.000041 0.101125 0.977347 0.036898 0.000005 0.000000
0.000000 0.000000 0.000000 0.000000 0.000015 0.062500 1.000000 0.062500 0.000015 0.000000
0.000000 0.000000 0.000000 0.000000 0.000005 0.036898 0.977347 0.101125 0.000041 0.000000
0.000000 0.000000 0.000000 0.000000 0.000002 0.020807 0.912419 0.156292 0.000105 0.000000
0.000000 0.000000 0.000000 0.000000 0.000001 0.011208 0.813649 0.230733 0.000256 0.000000
0.000000 0.000000 0.000000 0.000000 0.000000 0.005767 0.693071 0.325373 0.000597 0.000000
0.000000 0.000000 0.000000 0.000000 0.000000 0.002834 0.563917 0.438278 0.001331 0.000000
0.000000 0.000000 0.000000 0.000000 0.000000 0.001331 0.438278 0.563917 0.002834 0.000000
0.000000 0.000000 0.000000 0.000000 0.000000 0.000597 0.325373 0.693071 0.005767 0.000000
0.000000 0.000000 0.000000 0.000000 0.000000 0.000256 0.230733 0.813649 0.011208 0.000001
0.000000 0.000000 0.000000 0.000000 0.000000 0.000105 0.156292 0.912419 0.020807 0.000002
0.000000 0.000000 0.000000 0.000000 0.000000 0.000041 0.101125 0.977347 0.036898 0.000005
0.000000 0.000000 0.000000 0.000000 0.000000 0.000015 0.062500 1.000000 0.062500 0.000015
0.000000 0.000000 0.000000 0.000000 0.000000 0.000005 0.036898 0.977347 0.101125 0.000041
0.000000 0.000000 0.000000 0.000000 0.000000 0.000002 0.020807 0.912419 0.156292 0.000105
0.000000 0.000000 0.000000 0.000000 0.000000 0.000001 0.011208 0.813649 0.230733 0.000256
0.000000 0.000000 0.000000 0.000000 0.000000 0.000000 0.005767 0.693071 0.325373 0.000597
0.000000 0.000000 0.000000 0.000000 0.000000 0.000000 0.002834 0.563917 0.438278 0.001331
0.000000 0.000000 0.000000 0.000000 0.000000 0.000000 0.001331 0.438278 0.563917 0.002834
0.000000 0.000000 0.000000 0.000000 0.000000 0.000000 0.000597 0.325373 0.693071 0.005767
0.000000 0.000000 0.000000 0.000000 0.000000 0.000000 0.000256 0.230733 0.813649 0.011208
0.000000 0.000000 0.000000 0.000000 0.000000 0.000000 0.000105 0.156292 0.912419 0.020807
0.000000 0.000000 0.000000 0.000000 0.000000 0.000000 0.000041 0.101125 0.977347 0.036898
0.000000 0.000000 0.000000 0.000000 0.000000 0.000000 0.000015 0.062500 1.000000 0.062500
0.000000 0.000000 0.000000 0.000000 0.000000 0.000000 0.000005 0.036898 0.977347 0.101125
0.000000 0.000000 0.000000 0.000000 0.000000 0.000000 0.000002 0.020807 0.912419 0.156292
0.000000 0.000000 0.000000 0.000000 0.000000 0.000000 0.000001 0.011208 0.813649 0.230733
0.000000 0.000000 0.000000 0.000000 0.000000 0.000000 0.000000 0.005767 0.693071 0.325373
0.000000 0.000000 0.000000 0.000000 0.000000 0.000000 0.000000 0.002834 0.563917 0.438278
0.000000 0.000000 0.000000 0.000000 0.000000 0.000000 0.000000 0.001331 0.438278 0.563917
0.000000 0.000000 0.000000 0.000000 0.000000 0.000000 0.000000 0.000597 0.325373 0.693071
0.000000 0.000000 0.000000 0.000000 0.000000 0.000000 0.000000 0.000256 0.230733 0.813649
0.000000 0.000000 0.000000 0.000000 0.000000 0.000000 0.000000 0.000105 0.156292 0.912419
0.000000 0.000000 0.000000 0.000000 0.000000 0.000000 0.000000 0.000041 0.101125 0.977347
0.000000 0.000000 0.000000 0.000000 0.000000 0.000000 0.000000 0.000015 0.062500 1.000000