  -6.800929  -37.642033  -33.720919   44.283903    1.774477  -82.865355  -68.267355   -4.685472   68.968494  -10.087722
 -10.380740  -36.392837  -32.362245   42.784260    1.243131  -81.614530  -67.248500   -4.549081   68.202302  -10.010452
 -13.960552  -35.143642  -31.003571   41.284618    0.711785  -80.363704  -66.229645   -4.412690   67.436110   -9.933182
 -17.540363  -33.894446  -29.644897   39.784975    0.180439  -79.112879  -65.210789   -4.276299   66.669918   -9.855912
 -21.120175  -32.645251  -28.286223   38.285332   -0.350907  -77.862054  -64.191934   -4.139908   65.903726   -9.778642
 -24.699986  -31.396055  -26.927549   36.785689   -0.882254  -76.611228  -63.173079   -4.003517   65.137534   -9.701372
 -28.279798  -30.146859  -25.568875   35.286047   -1.413600  -75.360403  -62.154224   -3.867126   64.371342   -9.624102
 -31.859609  -28.897664  -24.210201   33.786404   -1.944946  -74.109577  -61.135369   -3.730735   63.605150   -9.546832
 -35.439420  -27.648468  -22.851527   32.286761   -2.476292  -72.858752  -60.116513   -3.594344   62.838959   -9.469562
 -39.019232  -26.399273  -21.492853   30.787119   -3.007638  -71.607926  -59.097658   -3.457953   62.072767   -9.392292
 -42.599043  -25.150077  -20.134178   29.287476   -3.538985  -70.357101  -58.078803   -3.321562   61.306575   -9.315022
 -46.178855  -23.900881  -18.775504   27.787833   -4.070331  -69.106276  -57.059948   -3.185171   60.540383   -9.237752
 -49.758666  -22.651686  -17.416830   26.288191   -4.601677  -67.855450  -56.041093   -3.048780   59.774191   -9.160482
 -53.338478  -21.402490  -16.058156   24.788548   -5.133023  -66.604625  -55.022237   -2.912389   59.007999   -9.083212
 -56.918289  -20.153295  -14.699482   23.288905   -5.664369  -65.353799  -54.003382   -2.775998   58.241807   -9.005942
 -60.498101  -18.904099  -13.340808   21.789263   -6.195716  -64.102974  -52.984527   -2.639607   57.475616   -8.928672
 -64.077912  -17.654903  -11.982134   20.289620   -6.727062  -62.852149  -51.965672   -2.503217   56.709424   -8.851402
 -67.657724  -16.405708  -10.623460   18.789977   -7.258408  -61.601323  -50.946817   -2.366826   55.943232   -8.774132
 -71.237535  -15.156512   -9.264786   17.290335   -7.789754  -60.350498  -49.927961   -2.230435   55.177040   -8.696862
 -74.817346  -13.907317   -7.906112   15.790692   -8.321100  -59.099672  -48.909106   -2.094044   54.410848   -8.619592
 -78.397158  -12.658121   -6.547437   14.291049   -8.852447  -57.848847  -47.890251   -1.957653   53.644656   -8.542322
 -81.976969  -11.408925   -5.188763   12.791406   -9.383793  -56.598021  -46.871396   -1.821262   52.878464   -8.465052
 -85.556781  -10.159730   -3.830089   11.291764   -9.915139  -55.347196  -45.852541   -1.684871   52.112272   -8.387782
 -89.136592   -8.910534   -2.471415    9.792121  -10.446485  -54.096371  -44.833685   -1.548480   51.346081   -8.310512
 -92.716404   -7.661339   -1.112741    8.292478  -10.977831  -52.845545  -43.814830   -1.412089   50.579889   -8.233242
 -96.296215   -6.412143    0.245933    6.792836  -11.509178  -51.594720  -42.795975   -1.275698   49.813697   -8.155972
 -99.876027   -5.162947    1.604607    5.293193  -12.040524  -50.343894  -41.777120   -1.139307   49.047505   -8.078702
-103.455838   -3.913752    2.963281    3.793550  -12.571870  -49.093069  -40.758265   -1.002916   48.281313   -8.001432
-107.035649   -2.664556    4.321955    2.293908  -13.103216  -47.842243  -39.739409   -0.866525   47.515121   -7.924162
-110.615461   -1.415361    5.680630    0.794265  -13.634562  -46.591418  -38.720554   -0.730134   46.748929   -7.846892
-114.195272   -0.166165    7.039304   -0.705378  -14.165909  -45.340593  -37.701699   -0.593743   45.982738   -7.769622
-117.775084    1.083031    8.397978   -2.205020  -14.697255  -44.089767  -36.682844   -0.457352   45.216546   -7.692352
-121.354895    2.332226    9.756652   -3.704663  -15.228601  -42.838942  -35.663989   -0.320961   44.450354   -7.615082
-124.934707    3.581422   11.115326   -5.204306  -15.759947  -41.588116  -34.645133   -0.184571   43.684162   -7.537812
-128.514518    4.830617   12.474000   -6.703948  -16.291293  -40.337291  -33.626278   -0.048180   42.917970   -7.460542
-132.094330    6.079813   13.832674   -8.203591  -16.822640  -39.086465  -32.607423    0.088211   42.151778   -7.383272
-135.674141    7.329009   15.191348   -9.703234  -17.353986  -37.835640  -31.588568    0.224602   41.385586   -7.306002
-139.253952    8.578204   16.550022  -11.202876  -17.885332  -36.584815  -30.569713    0.360993   40.619394   -7.228732
-142.833764    9.827400   17.908696  -12.702519  -18.416678  -35.333989  -29.550857    0.497384   39.853203   -7.151462
-146.413575   11.076595   19.267371  -14.202162  -18.948024  -34.083164  -28.532002    0.633775   39.087011   -7.074192
-149.993387   12.325791   20.626045  -15.701805  -19.479371  -32.832338  -27.513147    0.770166   38.320819   -6.996923
-153.573198   13.574986   21.984719  -17.201447  -20.010717  -31.581513  -26.494292    0.906557   37.554627   -6.919653
-157.153010   14.824182   23.343393  -18.701090  -20.542063  -30.330687  -25.475437    1.042948   36.788435   -6.842383
-160.732821   16.073378   24.702067  -20.200733  -21.073409  -29.079862  -24.456581    1.179339   36.022243   -6.765113
-164.312633   17.322573   26.060741  -21.700375  -21.604755  -27.829037  -23.437726    1.315730   35.256051   -6.687843
-167.892444   18.571769   27.419415  -23.200018  -22.136102  -26.578211  -22.418871    1.452121   34.489860   -6.610573
-171.472255   19.820964   28.778089  -24.699661  -22.667448  -25.327386  -21.400016    1.588512   33.723668   -6.533303
-175.052067   21.070160   30.136763  -26.199303  -23.198794  -24.076560  -20.381161    1.724903   32.957476   -6.456033
-178.631878   22.319356   31.495437  -27.698946  -23.730140  -22.825735  -19.362306    1.861294   32.191284   -6.378763
-182.211690   23.568551   32.854112  -29.198589  -24.261486  -21.574909  -18.343450    1.997685   31.425092   -6.301493
-185.791501   24.817747   34.212786  -30.698231  -24.792833  -20.324084  -17.324595    2.134075   30.658900   -6.224223
-189.371313   26.066942   35.571460  -32.197874  -25.324179  -19.073259  -16.305740    2.270466   29.892708   -6.146953
-192.951124   27.316138   36.930134  -33.697517  -25.855525  -17.822433  -15.286885    2.406857   29.126516   -6.069683
-196.530936   28.565334   38.288808  -35.197159  -26.386871  -16.571608  -14.268030    2.543248   28.360325   -5.992413
-200.110747   29.814529   39.647482  -36.696802  -26.918217  -15.320782  -13.249174    2.679639   27.594133   -5.915143
-203.690559   31.063725   41.006156  -38.196445  -27.449564  -14.069957  -12.230319    2.816030   26.827941   -5.837873
-207.270370   32.312920   42.364830  -39.696087  -27.980910  -12.819131  -11.211464    2.952421   26.061749   -5.760603
-210.850181   33.562116   43.723504  -41.195730  -28.512256  -11.568306  -10.192609    3.088812   25.295557   -5.683333
-214.429993   34.811312   45.082179  -42.695373  -29.043602  -10.317481   -9.173754    3.225203   24.529365   -5.606063
-218.009804   36.060507   46.440853  -44.195016  -29.574948   -9.066655   -8.154898    3.361594   23.763173   -5.528793
-221.589616   37.309703   47.799527  -45.694658  -30.106295   -7.815830   -7.136043    3.497985   22.996982   -5.451523
-225.169427   38.558898   49.158201  -47.194301  -30.637641   -6.565004   -6.117188    3.634376   22.230790   -5.374253
-228.749239   39.808094   50.516875  -48.693944  -31.168987   -5.314179   -5.098333    3.770767   21.464598   -5.296983
-232.329050   41.057290   51.875549  -50.193586  -31.700333   -4.063353   -4.079478    3.907158   20.698406   -5.219713
-235.908862   42.306485   53.234223  -51.693229  -32.231679   -2.812528   -3.060622    4.043549   19.932214   -5.142443
-239.488673   43.555681   54.592897  -53.192872  -32.763026   -1.561703   -2.041767    4.179940   19.166022   -5.065173
-243.068484   44.804876   55.951571  -54.692514  -33.294372   -0.310877   -1.022912    4.316331   18.399830   -4.987903
-246.648296   46.054072   57.310245  -56.192157  -33.825718    0.939948   -0.004057    4.452721   17.633638   -4.910633
-250.228107   47.303268   58.668920  -57.691800  -34.357064    2.190774    1.014798    4.589112   16.867447   -4.833363
-253.807919   48.552463   60.027594  -59.191442  -34.888410    3.441599    2.033654    4.725503   16.101255   -4.756093
-257.387730   49.801659   61.386268  -60.691085  -35.419757    4.692425    3.052509    4.861894   15.335063   -4.678823
-260.967542   51.050854   62.744942  -62.190728  -35.951103    5.943250    4.071364    4.998285   14.568871   -4.601553
-264.547353   52.300050   64.103616  -63.690370  -36.482449    7.194075    5.090219    5.134676   13.802679   -4.524283
-268.127165   53.549246   65.462290  -65.190013  -37.013795    8.444901    6.109074    5.271067   13.036487   -4.447013
-271.706976   54.798441   66.820964  -66.689656  -37.545141    9.695726    7.127930    5.407458   12.270295   -4.369743
-275.286787   56.047637   68.179638  -68.189299  -38.076488   10.946552    8.146785    5.543849   11.504104   -4.292473
-278.866599   57.296832   69.538312  -69.688941  -38.607834   12.197377    9.165640    5.680240   10.737912   -4.215203
-282.446410   58.546028   70.896986  -71.188584  -39.139180   13.448202   10.184495    5.816631    9.971720   -4.137933
-286.026222   59.795224   72.255661  -72.688227  -39.670526   14.699028   11.203350    5.953022    9.205528   -4.060663
-289.606033   61.044419   73.614335  -74.187869  -40.201872   15.949853   12.222206    6.089413    8.439336   -3.983393
-293.185845   62.293615   74.973009  -75.687512  -40.733218   17.200679   13.241061    6.225804    7.673144   -3.906123
-296.765656   63.542810   76.331683  -77.187155  -41.264565   18.451504   14.259916    6.362195    6.906952   -3.828853
-300.345468   64.792006   77.690357  -78.686797  -41.795911   19.702330   15.278771    6.498586    6.140760   -3.751583
-303.925279   66.041202   79.049031  -80.186440  -42.327257   20.953155   16.297626    6.634977    5.374569   -3.674313
-307.505090   67.290397   80.407705  -81.686083  -42.858603   22.203980   17.316482    6.771367    4.608377   -3.597043
-311.084902   68.539593   81.766379  -83.185725  -43.389949   23.454806   18.335337    6.907758    3.842185   -3.519773
-314.664713   69.788788   83.125053  -84.685368  -43.921296   24.705631   19.354192    7.044149    3.075993   -3.442503
-318.244525   71.037984   84.483728  -86.185011  -44.452642   25.956457   20.373047    7.180540    2.309801   -3.365233
-321.824336   72.287179   85.842402  -87.684653  -44.983988   27.207282   21.391902    7.316931    1.543609   -3.287963
-325.404148   73.536375   87.201076  -89.184296  -45.515334   28.458108   22.410758    7.453322    0.777417   -3.210693
-328.983959   74.785571   88.559750  -90.683939  -46.046680   29.708933   23.429613    7.589713    0.011226   -3.133423
-332.563771   76.034766   89.918424  -92.183581  -46.578027   30.959758   24.448468    7.726104   -0.754966   -3.056153
-336.143582   77.283962   91.277098  -93.683224  -47.109373   32.210584   25.467323    7.862495   -1.521158   -2.978883
-339.723394   78.533157   92.635772  -95.182867  -47.640719   33.461409   26.486178    7.998886   -2.287350   -2.901613
-343.303205   79.782353   93.994446  -96.682510  -48.172065   34.712235   27.505034    8.135277   -3.053542   -2.824343
-346.883016   81.031549   95.353120  -98.182152  -48.703411   35.963060   28.523889    8.271668   -3.819734   -2.747073
-350.462828   82.280744   96.711794  -99.681795  -49.234758   37.213886   29.542744    8.408059   -4.585926   -2.669803
-354.042639   83.529940   98.070469 -101.181438  -49.766104   38.464711   30.561599    8.544450   -5.352118   -2.592533
-357.622451   84.779135   99.429143 -102.681080  -50.297450   39.715536   31.580454    8.680841   -6.118309   -2.515263
-361.202262   86.028331  100.787817 -104.180723  -50.828796   40.966362   32.599310    8.817232   -6.884501   -2.437993