 -8.615472
-12.820561
-17.059801
-21.155513
-24.804251
-27.627368
-29.319748
-29.812215
-29.300463
-28.115810
-26.565888
-24.853089
-23.071984
-21.241325
-19.341225
-17.348137
-15.264939
-13.134247
-11.022041
 -8.982203
 -7.032906
 -5.160749
 -3.342837
 -1.573304
  0.110157
  1.603045
  2.729675
  3.284955
  3.127215
  2.263180
  0.844280
 -0.922468
 -2.865418
 -4.884467
 -6.939928
 -9.022018
-11.117687
-13.183137
-15.134792
-16.873260
-18.331796
-19.509473
-20.460718
-21.257481
-21.955230
-22.573792
-23.087577
-23.421750
-23.462774
-23.097536
-22.275528
-21.049969
-19.554813
-17.937240
-16.304390
-14.711147
-13.174478
-11.693181
-10.263063
 -8.885350
 -7.567598
 -6.317171
 -5.132130
 -3.997847
 -2.892138
 -1.793454
 -0.686913
  0.431710
  1.551403
  2.640231
  3.643355
  4.494195
  5.142449
  5.582675
  5.857313
  6.031522
  6.163728
  6.290084
  6.421254
  6.542637
  6.614111
  6.573664
  6.353926
  5.912444
  5.256345
  4.437463
  3.522259
  2.564324
  1.596197
  0.636786
 -0.295104
 -1.167901
 -1.931411
 -2.526211
 -2.909911
 -3.083115
 -3.090314
 -2.994975
 -2.852673
 -2.699387