 -8.615472
-16.975623
-24.671623
-29.252764
-29.370755
-26.730627
-23.288203
-19.612462
-15.602990
-11.398051
 -7.415863
 -3.738917
 -0.281693
  2.483678
  3.246009
  1.315840
 -2.232052
 -6.237840
-10.363557
-14.413064
-17.783592
-20.084086
-21.658185
-22.867892
-23.487520
-22.742812
-20.356376
-17.183589
-14.027896
-11.086399
 -8.350532
 -5.859689
 -3.597714
 -1.418582
  0.790953
  2.953161
  4.697350
  5.667511
  6.065298
  6.318644
  6.562649
  6.549098
  5.820958
  4.313687
  2.448237
  0.541974
 -1.233783
 -2.555422
 -3.086187
 -2.992435
 -2.699387