  0.000000
-17.671930
-27.688006
-32.086319
-32.456697
-30.051754
-25.867635
-20.702308
-15.197232
 -9.866711
 -5.118125
 -1.265411
  1.462459
  2.916697
  3.026674
  1.799929
 -0.676278
 -4.232241
 -8.612142
-13.469589
-18.362370
-22.746392
-25.968583
-27.258448
-25.717745
-20.307485
-18.295463
-16.036104
-13.600119
-11.057925
 -8.478356
 -5.927486
 -3.467611
 -1.156440
  0.953437
  2.814777
  4.385552
  5.628485
  6.510330
  7.001082
  7.073546
  6.703959
  5.874888
  4.582318
  2.849963
  0.755381
 -1.525211
 -3.643257
 -4.960478
 -4.366368
  0.000114