1.000000 0.240100 0.003323 0.000003 0.000000 0.000000 0.000000 0.000000 0.000000
0.990727 0.299561 0.005222 0.000005 0.000000 0.000000 0.000000 0.000000 0.000000
0.963421 0.366847 0.008053 0.000010 0.000000 0.000000 0.000000 0.000000 0.000000
0.919572 0.440955 0.012190 0.000019 0.000000 0.000000 0.000000 0.000000 0.000000
0.861517 0.520248 0.018111 0.000036 0.000000 0.000000 0.000000 0.000000 0.000000
0.792227 0.602470 0.026412 0.000067 0.000000 0.000000 0.000000 0.000000 0.000000
0.715062 0.684806 0.037807 0.000120 0.000000 0.000000 0.000000 0.000000 0.000000
0.633499 0.764026 0.053120 0.000213 0.000000 0.000000 0.000000 0.000000 0.000000
0.550878 0.836675 0.073256 0.000370 0.000000 0.000000 0.000000 0.000000 0.000000
0.470190 0.899318 0.099160 0.000630 0.000000 0.000000 0.000000 0.000000 0.000000
0.393912 0.948807 0.131747 0.001055 0.000000 0.000000 0.000000 0.000000 0.000000
0.323917 0.982541 0.171811 0.001732 0.000001 0.000000 0.000000 0.000000 0.000000
0.261442 0.998691 0.219923 0.002792 0.000002 0.000000 0.000000 0.000000 0.000000
0.207121 0.996367 0.276311 0.004417 0.000004 0.000000 0.000000 0.000000 0.000000
0.161058 0.975699 0.340748 0.006860 0.000008 0.000000 0.000000 0.000000 0.000000
0.122927 0.937822 0.412455 0.010457 0.000015 0.000000 0.000000 0.000000 0.000000
0.092092 0.884775 0.490036 0.015646 0.000029 0.000000 0.000000 0.000000 0.000000
0.067718 0.819320 0.571461 0.022978 0.000053 0.000000 0.000000 0.000000 0.000000
0.048876 0.744701 0.654115 0.033122 0.000097 0.000000 0.000000 0.000000 0.000000
0.034625 0.664383 0.734901 0.046862 0.000172 0.000000 0.000000 0.000000 0.000000
0.024077 0.581785 0.810423 0.065080 0.000301 0.000000 0.000000 0.000000 0.000000
0.016433 0.500052 0.877209 0.088711 0.000517 0.000000 0.000000 0.000000 0.000000
0.011009 0.421867 0.931970 0.118690 0.000871 0.000000 0.000000 0.000000 0.000000
0.007239 0.349336 0.971872 0.155869 0.001441 0.000001 0.000000 0.000000 0.000000
0.004672 0.283936 0.994773 0.200915 0.002339 0.000002 0.000000 0.000000 0.000000
0.002960 0.226519 0.999418 0.254199 0.003727 0.000003 0.000000 0.000000 0.000000
0.001840 0.177377 0.985549 0.315677 0.005829 0.000006 0.000000 0.000000 0.000000
0.001123 0.136332 0.953931 0.384788 0.008948 0.000012 0.000000 0.000000 0.000000
0.000673 0.102850 0.906283 0.460370 0.013481 0.000023 0.000000 0.000000 0.000000
0.000396 0.076159 0.845121 0.540630 0.019937 0.000042 0.000000 0.000000 0.000000
0.000228 0.055354 0.773539 0.623163 0.028941 0.000077 0.000000 0.000000 0.000000
0.000129 0.039489 0.694949 0.705036 0.041234 0.000139 0.000000 0.000000 0.000000
0.000072 0.027652 0.612818 0.782941 0.057665 0.000245 0.000000 0.000000 0.000000
0.000039 0.019005 0.530419 0.853404 0.079154 0.000423 0.000000 0.000000 0.000000
0.000021 0.012821 0.450623 0.913037 0.106647 0.000718 0.000000 0.000000 0.000000
0.000011 0.008490 0.375765 0.958804 0.141035 0.001196 0.000001 0.000000 0.000000
0.000006 0.005518 0.307558 0.988278 0.183069 0.001955 0.000001 0.000000 0.000000
0.000003 0.003520 0.247085 0.999854 0.233245 0.003137 0.000002 0.000000 0.000000
0.000001 0.002204 0.194838 0.992893 0.291686 0.004940 0.000005 0.000000 0.000000
0.000001 0.001355 0.150802 0.967778 0.358037 0.007636 0.000009 0.000000 0.000000
0.000000 0.000817 0.114565 0.925885 0.431368 0.011586 0.000018 0.000000 0.000000
0.000000 0.000484 0.085428 0.869454 0.510124 0.017254 0.000034 0.000000 0.000000
0.000000 0.000281 0.062526 0.801390 0.592123 0.025221 0.000062 0.000000 0.000000
0.000000 0.000160 0.044919 0.725019 0.674615 0.036187 0.000112 0.000000 0.000000
0.000000 0.000090 0.031674 0.643818 0.754412 0.050961 0.000198 0.000000 0.000000
0.000000 0.000049 0.021922 0.561157 0.828073 0.070443 0.000345 0.000000 0.000000
0.000000 0.000027 0.014893 0.480080 0.892147 0.095575 0.000590 0.000000 0.000000
0.000000 0.000014 0.009931 0.403136 0.943436 0.127279 0.000990 0.000000 0.000000
0.000000 0.000007 0.006500 0.332274 0.979257 0.166372 0.001629 0.000001 0.000000
0.000000 0.000004 0.004175 0.268813 0.997674 0.213457 0.002633 0.000002 0.000000
0.000000 0.000002 0.002633 0.213457 0.997674 0.268813 0.004175 0.000004 0.000000
0.000000 0.000001 0.001629 0.166372 0.979257 0.332274 0.006500 0.000007 0.000000
0.000000 0.000000 0.000990 0.127279 0.943436 0.403136 0.009931 0.000014 0.000000
0.000000 0.000000 0.000590 0.095575 0.892147 0.480080 0.014893 0.000027 0.000000
0.000000 0.000000 0.000345 0.070443 0.828073 0.561157 0.021922 0.000049 0.000000
0.000000 0.000000 0.000198 0.050961 0.754412 0.643818 0.031674 0.000090 0.000000
0.000000 0.000000 0.000112 0.036187 0.674615 0.725019 0.044919 0.000160 0.000000
0.000000 0.000000 0.000062 0.025221 0.592123 0.801390 0.062526 0.000281 0.000000
0.000000 0.000000 0.000034 0.017254 0.510124 0.869454 0.085428 0.000484 0.000000
0.000000 0.000000 0.000018 0.011586 0.431368 0.925885 0.114565 0.000817 0.000000
0.000000 0.000000 0.000009 0.007636 0.358037 0.967778 0.150802 0.001355 0.000001
0.000000 0.000000 0.000005 0.004940 0.291686 0.992893 0.194838 0.002204 0.000001
0.000000 0.000000 0.000002 0.003137 0.233245 0.999854 0.247085 0.003520 0.000003
0.000000 0.000000 0.000001 0.001955 0.183069 0.988278 0.307558 0.005518 0.000006
0.000000 0.000000 0.000001 0.001196 0.141035 0.958804 0.375765 0.008490 0.000011
0.000000 0.000000 0.000000 0.000718 0.106647 0.913037 0.450623 0.012821 0.000021
0.000000 0.000000 0.000000 0.000423 0.079154 0.853404 0.530419 0.019005 0.000039
0.000000 0.000000 0.000000 0.000245 0.057665 0.782941 0.612818 0.027652 0.000072
0.000000 0.000000 0.000000 0.000139 0.041234 0.705036 0.694949 0.039489 0.000129
0.000000 0.000000 0.000000 0.000077 0.028941 0.623163 0.773539 0.055354 0.000228
0.000000 0.000000 0.000000 0.000042 0.019937 0.540630 0.845121 0.076159 0.000396
0.000000 0.000000 0.000000 0.000023 0.013481 0.460370 0.906283 0.102850 0.000673
0.000000 0.000000 0.000000 0.000012 0.008948 0.384788 0.953931 0.136332 0.001123
0.000000 0.000000 0.000000 0.000006 0.005829 0.315677 0.985549 0.177377 0.001840
0.000000 0.000000 0.000000 0.000003 0.003727 0.254199 0.999418 0.226519 0.002960
0.000000 0.000000 0.000000 0.000002 0.002339 0.200915 0.994773 0.283936 0.004672
0.000000 0.000000 0.000000 0.000001 0.001441 0.155869 0.971872 0.349336 0.007239
0.000000 0.000000 0.000000 0.000000 0.000871 0.118690 0.931970 0.421867 0.011009
0.000000 0.000000 0.000000 0.000000 0.000517 0.088711 0.877209 0.500052 0.016433
0.000000 0.000000 0.000000 0.000000 0.000301 0.065080 0.810423 0.581785 0.024077
0.000000 0.000000 0.000000 0.000000 0.000172 0.046862 0.734901 0.664383 0.034625
0.000000 0.000000 0.000000 0.000000 0.000097 0.033122 0.654115 0.744701 0.048876
0.000000 0.000000 0.000000 0.000000 0.000053 0.022978 0.571461 0.819320 0.067718
0.000000 0.000000 0.000000 0.000000 0.000029 0.015646 0.490036 0.884775 0.092092
0.000000 0.000000 0.000000 0.000000 0.000015 0.010457 0.412455 0.937822 0.122927
0.000000 0.000000 0.000000 0.000000 0.000008 0.006860 0.340748 0.975699 0.161058
0.000000 0.000000 0.000000 0.000000 0.000004 0.004417 0.276311 0.996367 0.207121
0.000000 0.000000 0.000000 0.000000 0.000002 0.002792 0.219923 0.998691 0.261442
0.000000 0.000000 0.000000 0.000000 0.000001 0.001732 0.171811 0.982541 0.323917
0.000000 0.000000 0.000000 0.000000 0.000000 0.001055 0.131747 0.948807 0.393912
0.000000 0.000000 0.000000 0.000000 0.000000 0.000630 0.099160 0.899318 0.470190
0.000000 0.000000 0.000000 0.000000 0.000000 0.000370 0.073256 0.836675 0.550878
0.000000 0.000000 0.000000 0.000000 0.000000 0.000213 0.053120 0.764026 0.633499
0.000000 0.000000 0.000000 0.000000 0.000000 0.000120 0.037807 0.684806 0.715062
0.000000 0.000000 0.000000 0.000000 0.000000 0.000067 0.026412 0.602470 0.792227
0.000000 0.000000 0.000000 0.000000 0.000000 0.000036 0.018111 0.520248 0.861517
0.000000 0.000000 0.000000 0.000000 0.000000 0.000019 0.012190 0.440955 0.919572
0.000000 0.000000 0.000000 0.000000 0.000000 0.000010 0.008053 0.366847 0.963421
0.000000 0.000000 0.000000 0.000000 0.000000 0.000005 0.005222 0.299561 0.990727
0.000000 0.000000 0.000000 0.000000 0.000000 0.000003 0.003323 0.240100 1.000000