-0.049591  0.035854  0.002027  0.000003  0.000000 -0.000000 -0.000000 -0.000000  0.000000
-0.049131  0.044734  0.003185  0.000005  0.000000 -0.000000 -0.000000 -0.000000  0.000000
-0.047777  0.054782  0.004913  0.000010  0.000000 -0.000000 -0.000000 -0.000000  0.000000
-0.045603  0.065848  0.007436  0.000018  0.000000 -0.000000 -0.000000 -0.000000  0.000000
-0.042724  0.077689  0.011049  0.000034  0.000000 -0.000000 -0.000000 -0.000000  0.000000
-0.039288  0.089968  0.016113  0.000063  0.000000 -0.000000 -0.000000 -0.000000  0.000000
-0.035461  0.102263  0.023065  0.000114  0.000000 -0.000000 -0.000000 -0.000000  0.000000
-0.031416  0.114093  0.032406  0.000202  0.000000 -0.000000 -0.000000 -0.000000  0.000000
-0.027319  0.124942  0.044690  0.000351  0.000000 -0.000000 -0.000000 -0.000000  0.000000
-0.023317  0.134296  0.060493  0.000598  0.000000 -0.000000 -0.000000 -0.000000  0.000000
-0.019535  0.141687  0.080373  0.001001  0.000000 -0.000000 -0.000000 -0.000000  0.000000
-0.016063  0.146724  0.104815  0.001643  0.000001 -0.000000 -0.000000 -0.000000  0.000000
-0.012965  0.149136  0.134166  0.002649  0.000002 -0.000000 -0.000000 -0.000000  0.000000
-0.010271  0.148789  0.168565  0.004191  0.000003 -0.000000 -0.000000 -0.000000  0.000000
-0.007987  0.145702  0.207875  0.006509  0.000006 -0.000000 -0.000000 -0.000000  0.000000
-0.006096  0.140046  0.251621  0.009921  0.000012 -0.000000 -0.000000 -0.000000  0.000000
-0.004567  0.132125  0.298949  0.014844  0.000023 -0.000000 -0.000000 -0.000000  0.000000
-0.003358  0.122350  0.348623  0.021800  0.000042 -0.000000 -0.000000 -0.000000  0.000000
-0.002424  0.111207  0.399047  0.031424  0.000076 -0.000000 -0.000000 -0.000000  0.000000
-0.001717  0.099213  0.448331  0.044461  0.000136 -0.000000 -0.000000 -0.000000  0.000000
-0.001194  0.086879  0.494404  0.061745  0.000237 -0.000000 -0.000000 -0.000000  0.000000
-0.000815  0.074673  0.535147  0.084164  0.000407 -0.000000 -0.000000 -0.000000  0.000000
-0.000546  0.062998  0.568554  0.112607  0.000686 -0.000000 -0.000000 -0.000000  0.000000
-0.000359  0.052167  0.592896  0.147881  0.001134 -0.000000 -0.000000 -0.000000  0.000000
-0.000232  0.042401  0.606868  0.190619  0.001841 -0.000000 -0.000000 -0.000000  0.000000
-0.000147  0.033826  0.609701  0.241172  0.002934 -0.000000 -0.000000 -0.000000  0.000000
-0.000091  0.026488  0.601240  0.299500  0.004588 -0.000000 -0.000000 -0.000000  0.000000
-0.000056  0.020359  0.581952  0.365068  0.007043 -0.000000 -0.000000 -0.000000  0.000000
-0.000033  0.015359  0.552884  0.436777  0.010611 -0.000000 -0.000000 -0.000000  0.000000
-0.000020  0.011373  0.515571  0.512924  0.015693 -0.000001 -0.000000 -0.000000  0.000000
-0.000011  0.008266  0.471902  0.591228  0.022779 -0.000001 -0.000000 -0.000000  0.000000
-0.000006  0.005897  0.423958  0.668905  0.032455 -0.000002 -0.000000 -0.000000  0.000000
-0.000004  0.004129  0.373854  0.742818  0.045388 -0.000003 -0.000000 -0.000000  0.000000
-0.000002  0.002838  0.323585  0.809669  0.062302 -0.000005 -0.000000 -0.000000  0.000000
-0.000001  0.001915  0.274905  0.866246  0.083941 -0.000009 -0.000000 -0.000000  0.000000
-0.000001  0.001268  0.229238  0.909668  0.111009 -0.000015 -0.000000 -0.000000  0.000000
-0.000000  0.000824  0.187628  0.937632  0.144094 -0.000024 -0.000001 -0.000000  0.000000
-0.000000  0.000526  0.150736  0.948615  0.183587 -0.000038 -0.000002 -0.000000  0.000000
-0.000000  0.000329  0.118862  0.942010  0.229586 -0.000060 -0.000003 -0.000000  0.000000
-0.000000  0.000202  0.091998  0.918182  0.281810 -0.000093 -0.000006 -0.000000  0.000000
-0.000000  0.000122  0.069891  0.878436  0.339529 -0.000141 -0.000012 -0.000000  0.000000
-0.000000  0.000072  0.052116  0.824897  0.401518 -0.000211 -0.000023 -0.000000  0.000000
-0.000000  0.000042  0.038144  0.760321  0.466060 -0.000308 -0.000042 -0.000000  0.000000
-0.000000  0.000024  0.027403  0.687864  0.530989 -0.000442 -0.000075 -0.000000  0.000000
-0.000000  0.000013  0.019323  0.610824  0.593796 -0.000622 -0.000134 -0.000000  0.000000
-0.000000  0.000007  0.013374  0.532399  0.651775 -0.000860 -0.000233 -0.000000  0.000000
-0.000000  0.000004  0.009085  0.455477  0.702208 -0.001167 -0.000398 -0.000000  0.000000
-0.000000  0.000002  0.006058  0.382476  0.742577 -0.001554 -0.000667 -0.000000  0.000000
-0.000000  0.000001  0.003965  0.315246  0.770772 -0.002031 -0.001099 -0.000000  0.000000
-0.000000  0.000001  0.002547  0.255037  0.785268 -0.002606 -0.001775 -0.000000  0.000000
-0.000000  0.000000  0.001606  0.202518  0.785268 -0.003282 -0.002815 -0.000000  0.000000
-0.000000  0.000000  0.000994  0.157846  0.770772 -0.004057 -0.004382 -0.000000  0.000000
-0.000000  0.000000  0.000604  0.120757  0.742577 -0.004922 -0.006695 -0.000000  0.000000
-0.000000  0.000000  0.000360  0.090677  0.702208 -0.005861 -0.010040 -0.000001  0.000000
-0.000000  0.000000  0.000211  0.066833  0.651775 -0.006851 -0.014779 -0.000001  0.000000
-0.000000  0.000000  0.000121  0.048349  0.593796 -0.007860 -0.021353 -0.000002  0.000000
-0.000000  0.000000  0.000068  0.034332  0.530989 -0.008851 -0.030282 -0.000003  0.000000
-0.000000  0.000000  0.000038  0.023929  0.466060 -0.009784 -0.042151 -0.000006  0.000000
-0.000000  0.000000  0.000021  0.016370  0.401518 -0.010615 -0.057591 -0.000010  0.000000
-0.000000  0.000000  0.000011  0.010992  0.339529 -0.011304 -0.077233 -0.000017  0.000000
-0.000000  0.000000  0.000006  0.007245  0.281810 -0.011815 -0.101662 -0.000028  0.000000
-0.000000  0.000000  0.000003  0.004687  0.229586 -0.012122 -0.131348 -0.000046  0.000001
-0.000000  0.000000  0.000001  0.002976  0.183587 -0.012207 -0.166570 -0.000073  0.000001
-0.000000  0.000000  0.000001  0.001855  0.144094 -0.012065 -0.207338 -0.000114  0.000003
-0.000000  0.000000  0.000000  0.001135  0.111009 -0.011706 -0.253319 -0.000176  0.000005
-0.000000  0.000000  0.000000  0.000681  0.083941 -0.011147 -0.303784 -0.000265  0.000009
-0.000000  0.000000  0.000000  0.000402  0.062302 -0.010419 -0.357577 -0.000393  0.000018
-0.000000  0.000000  0.000000  0.000232  0.045388 -0.009559 -0.413126 -0.000572  0.000032
-0.000000  0.000000  0.000000  0.000132  0.032455 -0.008607 -0.468494 -0.000817  0.000058
-0.000000  0.000000  0.000000  0.000074  0.022779 -0.007608 -0.521474 -0.001145  0.000102
-0.000000  0.000000  0.000000  0.000040  0.015693 -0.006600 -0.569731 -0.001575  0.000177
-0.000000  0.000000  0.000000  0.000022  0.010611 -0.005620 -0.610963 -0.002127  0.000301
-0.000000  0.000000  0.000000  0.000011  0.007043 -0.004698 -0.643084 -0.002819  0.000503
-0.000000  0.000000  0.000000  0.000006  0.004588 -0.003854 -0.664399 -0.003668  0.000824
-0.000000  0.000000  0.000000  0.000003  0.002934 -0.003103 -0.673749 -0.004685  0.001325
-0.000000  0.000000  0.000000  0.000001  0.001841 -0.002453 -0.670618 -0.005872  0.002091
-0.000000  0.000000  0.000000  0.000001  0.001134 -0.001903 -0.655179 -0.007224  0.003240
-0.000000  0.000000  0.000000  0.000000  0.000686 -0.001449 -0.628280 -0.008724  0.004928
-0.000000  0.000000  0.000000  0.000000  0.000407 -0.001083 -0.591363 -0.010341  0.007356
-0.000000  0.000000  0.000000  0.000000  0.000237 -0.000795 -0.546340 -0.012032  0.010777
-0.000000  0.000000  0.000000  0.000000  0.000136 -0.000572 -0.495427 -0.013740  0.015499
-0.000000  0.000000  0.000000  0.000000  0.000076 -0.000404 -0.440966 -0.015401  0.021878
-0.000000  0.000000  0.000000  0.000000  0.000042 -0.000281 -0.385246 -0.016944  0.030312
-0.000000  0.000000  0.000000  0.000000  0.000023 -0.000191 -0.330353 -0.018297  0.041222
-0.000000  0.000000  0.000000  0.000000  0.000012 -0.000128 -0.278053 -0.019395  0.055025
-0.000000  0.000000  0.000000  0.000000  0.000006 -0.000084 -0.229712 -0.020178  0.072093
-0.000000  0.000000  0.000000  0.000000  0.000003 -0.000054 -0.186273 -0.020605  0.092712
-0.000000  0.000000  0.000000  0.000000  0.000002 -0.000034 -0.148259 -0.020653  0.117027
-0.000000  0.000000  0.000000  0.000000  0.000001 -0.000021 -0.115825 -0.020319  0.144992
-0.000000  0.000000  0.000000  0.000000  0.000000 -0.000013 -0.088816 -0.019622  0.176324
-0.000000  0.000000  0.000000  0.000000  0.000000 -0.000008 -0.066848 -0.018598  0.210467
-0.000000  0.000000  0.000000  0.000000  0.000000 -0.000005 -0.049385 -0.017303  0.246585
-0.000000  0.000000  0.000000  0.000000  0.000000 -0.000003 -0.035810 -0.015800  0.283568
-0.000000  0.000000  0.000000  0.000000  0.000000 -0.000001 -0.025487 -0.014162  0.320077
-0.000000  0.000000  0.000000  0.000000  0.000000 -0.000001 -0.017806 -0.012459  0.354618
-0.000000  0.000000  0.000000  0.000000  0.000000 -0.000000 -0.012209 -0.010759  0.385634
-0.000000  0.000000  0.000000  0.000000  0.000000 -0.000000 -0.008217 -0.009119  0.411621
-0.000000  0.000000  0.000000  0.000000  0.000000 -0.000000 -0.005429 -0.007587  0.431248
-0.000000  0.000000  0.000000  0.000000  0.000000 -0.000000 -0.003520 -0.006195  0.443471
-0.000000  0.000000  0.000000  0.000000  0.000000 -0.000000 -0.002240 -0.004965  0.447622