-0.011707
-0.001207
 0.011927
 0.027700
 0.046049
 0.066856
 0.089981
 0.115285
 0.142664
 0.172070
 0.203526
 0.237119
 0.272986
 0.311277
 0.352106
 0.395504
 0.441374
 0.489457
 0.539330
 0.590423
 0.642070
 0.693577
 0.744299
 0.793719
 0.841496
 0.887486
 0.931724
 0.974365
 1.015597
 1.055541
 1.094163
 1.131207
 1.166182
 1.198388
 1.226998
 1.251166
 1.270152
 1.283422
 1.290723
 1.292093
 1.287825
 1.278370
 1.264218
 1.245763
 1.223201
 1.196462
 1.165210
 1.128893
 1.086854
 1.038472
 0.983296
 0.921174
 0.852321
 0.777343
 0.697188
 0.613052
 0.526253
 0.438085
 0.349693
 0.261979
 0.175556
 0.090761
 0.007716
-0.073566
-0.153051
-0.230563
-0.305667
-0.377604
-0.445273
-0.507272
-0.561996
-0.607777
-0.643045
-0.666504
-0.677275
-0.675008
-0.659931
-0.632839
-0.595024
-0.548151
-0.494104
-0.434817
-0.372116
-0.307597
-0.242538
-0.177875
-0.114217
-0.051918
 0.008827
 0.067873
 0.125013
 0.179893
 0.231955
 0.280426
 0.324352
 0.362665
 0.394284
 0.418233
 0.433756
 0.440416