0.565661 0.141357 0.424303 0.000000
0.453064 0.063202 0.389862 0.000000
0.453823 0.059291 0.394532 0.000000
0.523436 0.109280 0.414156 0.000000
0.481586 0.100625 0.380961 0.000000
0.508193 0.110071 0.398122 0.000000
0.468207 0.067249 0.400957 0.000000
0.471127 0.067247 0.403881 0.000000
0.441954 0.044791 0.397163 0.000000
0.438442 0.042265 0.396177 0.000000
0.569918 0.160114 0.409804 0.000000
0.574460 0.188669 0.385791 0.000000
0.539936 0.140959 0.398977 0.000000
0.628910 0.203703 0.425207 0.000000
0.447620 0.070277 0.377343 0.000000