0.059990 0.000165 0.059826 0.000000
0.060138 0.000311 0.059827 0.000000
0.059896 0.000075 0.059821 0.000000
0.059918 0.000096 0.059822 0.000000
0.060166 0.000353 0.059813 0.000000
0.060095 0.000267 0.059829 0.000000
0.059965 0.000142 0.059823 0.000000
0.059970 0.000146 0.059823 0.000000
0.060069 0.000244 0.059825 0.000000
0.060124 0.000295 0.059829 0.000000
0.059899 0.000076 0.059822 0.000000
0.060005 0.000187 0.059818 0.000000
0.059957 0.000132 0.059825 0.000000
0.060110 0.000280 0.059830 0.000000
0.059975 0.000155 0.059820 0.000000