0.488717 0.075710 0.413007 0.000000
0.604935 0.208451 0.396484 0.000000
0.468424 0.104641 0.363784 0.000000
0.820162 0.317712 0.502450 0.000000
0.540185 0.153398 0.386787 0.000000
0.554120 0.151610 0.402510 0.000000
0.509650 0.091846 0.417804 0.000000
0.601931 0.217856 0.384075 0.000000
0.771808 0.287152 0.484656 0.000000
0.646457 0.228302 0.418155 0.000000
0.439508 0.016857 0.422652 0.000000
0.737919 0.245700 0.492219 0.000000
0.673247 0.285629 0.387618 0.000000
0.647730 0.211829 0.435901 0.000000
0.493605 0.061246 0.432359 0.000000