time,x,y,z,w_x,w_y,w_z,w_w
0.714727,0.781145971954,-0.456579159395,0.177093889623,0.251693764904,0.963285200019,-0.0373847062196,0.085640270159
0.715319,0.781145971954,-0.456579159395,0.177093889623,0.251693764904,0.963285200019,-0.0373847062196,0.085640270159
0.725465,0.781472233025,-0.456324315374,0.177395100209,0.25155271936,0.963311366998,-0.0369595102295,0.0859443668834
0.735467,0.780942498869,-0.455970885843,0.17678666183,0.251418060121,0.963420938782,-0.0367726437979,0.0851870085714
0.745578,0.780718711755,-0.4570069602,0.176917527267,0.252143764219,0.963216041477,-0.0371664310114,0.0851882386957
0.755500,0.780927899754,-0.456116251807,0.177126915464,0.25115484498,0.96346307224,-0.0373607857642,0.0852310035156
0.765482,0.780548699841,-0.456333456555,0.176857855567,0.251747467997,0.963340806407,-0.0369092928397,0.0850611966137
0.775424,0.780947574671,-0.456429926899,0.177124691599,0.251601591335,0.963347937416,-0.03704337565,0.0853532602492
0.785427,0.780495159116,-0.455887478424,0.176796424739,0.251681089988,0.963388967414,-0.0366356101721,0.084830174315
0.795437,0.781290441612,-0.456366781938,0.177509205517,0.251125120059,0.963413129296,-0.0373612732352,0.0858804496836
0.805465,0.78042941999,-0.456121468286,0.177019972072,0.251641800909,0.963391541484,-0.0368976844284,0.0848039074302
0.815491,0.780816950402,-0.456863155796,0.177454979368,0.251651169668,0.963312198072,-0.0374130606428,0.085449170529
0.825462,0.780879902563,-0.45653787944,0.177496883835,0.251789587668,0.963294041599,-0.0367551159091,0.085531598938
0.835486,0.781012174629,-0.456921092229,0.177689618191,0.251842743101,0.963233770506,-0.0373585423411,0.0857920475222
0.845503,0.780624919369,-0.457425526925,0.177444817761,0.252333104935,0.963137651245,-0.0371942373654,0.0855012141145
0.855542,0.781161644406,-0.456886300882,0.177865355447,0.252383438983,0.963103259461,-0.0365151699592,0.0860311205676
0.865479,0.780679064712,-0.457140712828,0.177304204134,0.252357625731,0.96315876444,-0.0368983263344,0.0853190291349
0.875433,0.78091626783,-0.457572152967,0.178109176128,0.252351241566,0.963087449779,-0.037136398735,0.086036636659
0.885449,0.780458026355,-0.457232431319,0.177297249726,0.252369709661,0.963157366907,-0.0371554439448,0.0851873770246
0.895463,0.780872359493,-0.458000124225,0.177747377643,0.252404483113,0.963074408427,-0.0376914733505,0.0857846931171
0.905461,0.781042470866,-0.457836439095,0.177710028178,0.252264385325,0.963125797062,-0.0370444033642,0.0859016362427
0.915494,0.780954766865,-0.457791360761,0.178011681674,0.252727055474,0.963000863739,-0.0371045745852,0.0859163687173
0.925438,0.780734485025,-0.458117271066,0.177668879757,0.252574766668,0.96305888549,-0.0371290297451,0.0857030073645
0.935432,0.780360130047,-0.459165555775,0.177796370584,0.253135092124,0.962906135986,-0.0374239650847,0.0856378727714
0.945398,0.780096734794,-0.458636620404,0.177012130801,0.252963868256,0.963007197249,-0.037495534957,0.0849735503705
0.955406,0.780583809941,-0.459286427593,0.177934535725,0.252740728152,0.962992547628,-0.0375622769786,0.0857703497325
0.965428,0.780710801064,-0.459529410246,0.177961155958,0.253327868203,0.962820380179,-0.0374405225122,0.0860239151464
0.975438,0.780547719898,-0.459477213286,0.177938620107,0.253537509568,0.962764184328,-0.0374860871765,0.086015404932
0.985515,0.780012953178,-0.460065648264,0.177467993597,0.25393165915,0.96271789632,-0.0374510548041,0.0853837401431
0.995496,0.780636216764,-0.460833990393,0.178133462116,0.25411199698,0.962583849979,-0.0377827083494,0.0862084201199
1.005488,0.78051959126,-0.460430087978,0.177892860737,0.25429102893,0.962549974926,-0.0375103391415,0.0861776817535
1.015457,0.779713734521,-0.461121966034,0.17769165869,0.254815366322,0.962476578321,-0.0377286389227,0.085349370678
1.025475,0.780034888073,-0.461424352522,0.177952889432,0.25485531828,0.962419758817,-0.0376192573512,0.08591720468
1.035732,0.7802604024,-0.461600147357,0.17793719807,0.25460331463,0.962450915714,-0.0380145168793,0.0861410675998
1.045425,0.780304944364,-0.461293649172,0.178695622789,0.254452426959,0.962484733225,-0.0374431676011,0.08645871803
1.055415,0.780189404853,-0.461496640194,0.178177832101,0.254805129529,0.96240820291,-0.0373645276242,0.0863057878294
1.065432,0.779549465842,-0.462183133902,0.178349143776,0.255214930553,0.962327027962,-0.0379934853574,0.0857235413871
1.075418,0.779956974606,-0.462954399002,0.178758685548,0.255402412282,0.962201098308,-0.037940995284,0.0865975466806
1.085492,0.779384318983,-0.462537726344,0.178461422011,0.255603043019,0.962215514259,-0.0380448912383,0.0857961232818
1.095431,0.779599650499,-0.463087893339,0.178750056773,0.255279800399,0.962252864127,-0.0385562732466,0.086110758804
1.105628,0.780197107963,-0.462147033187,0.17863224672,0.255452254814,0.962219250371,-0.037599037977,0.0863977550016
1.115505,0.780111968622,-0.462976292089,0.178593160665,0.255633011396,0.962135284253,-0.0379471280076,0.0866456793837
1.125476,0.779626298884,-0.463115005151,0.178722747191,0.256011874264,0.962060331856,-0.037935822734,0.0863638318912
1.135448,0.779714173924,-0.463795251588,0.179002521056,0.255777597114,0.962077250716,-0.038387701323,0.0866693074652
1.145445,0.779857802029,-0.463569284378,0.179102876641,0.25606949782,0.962004849126,-0.0381398316849,0.0867204461669
1.155430,0.779904442903,-0.464136191187,0.179561911972,0.256037321861,0.961976644286,-0.0383983702564,0.0870137392784
1.165476,0.779631847218,-0.464350610978,0.179326778388,0.256214948322,0.961958208903,-0.0384513477389,0.0866706319245
1.175544,0.779019872352,-0.464392794987,0.178814395284,0.256181549339,0.96203967113,-0.0384667537222,0.0858544920665
1.185432,0.779603626023,-0.463977278133,0.178469674201,0.25660581317,0.961897145878,-0.0379100294202,0.0864301282428
1.195443,0.779120194802,-0.464839901847,0.178916670698,0.256928699369,0.961776932116,-0.0388219833722,0.0864038766318
1.205442,0.778816897412,-0.464352274447,0.178781528734,0.256703032867,0.961903573627,-0.0382607727467,0.0859138011593
1.215488,0.778738816696,-0.464587760741,0.178935593415,0.256607211409,0.961922627858,-0.0387619792936,0.0857619147891
1.225517,0.778833807432,-0.465053184575,0.179153693113,0.256811486378,0.961837002443,-0.038579439859,0.0861920414863
1.235457,0.77927453702,-0.464949442925,0.179029695337,0.257005564665,0.961739525035,-0.0386735253465,0.0866578568456
1.245512,0.779510221247,-0.465485760357,0.179987728363,0.257264597088,0.96161518477,-0.0384830646565,0.0873511147043
1.255418,0.779214954792,-0.465713883457,0.179084039469,0.256490801783,0.961856732158,-0.0392716553063,0.0866131196361
1.265449,0.778904904105,-0.464573441631,0.178722941039,0.256838265649,0.961847712174,-0.0383915102924,0.0860765695273
1.275448,0.779049293774,-0.464522628884,0.179066302682,0.256621204221,0.961887413744,-0.0384331561298,0.0862615403059
1.285383,0.779185359689,-0.465313632672,0.179237628568,0.257348386607,0.961637138419,-0.0387406235541,0.0867466772288
1.295476,0.778824547596,-0.465306384504,0.179061226551,0.256837760655,0.961822261427,-0.0387123847828,0.0862186371393
1.305512,0.779163515593,-0.46547886519,0.17933895364,0.257233182285,0.961672541485,-0.0387333562206,0.0866991349483
1.315463,0.778588958238,-0.465133966752,0.178962986596,0.257923613802,0.961567558846,-0.0378981232773,0.086179878572
1.325483,0.778786217903,-0.464770619698,0.178790454467,0.256798526372,0.961874934102,-0.0383696189592,0.0859005258462
1.335461,0.77901985069,-0.464732319403,0.178714581255,0.25735382653,0.961704773031,-0.0380983029597,0.0862638789481
1.345459,0.779278679414,-0.464889692802,0.179481704494,0.256849646875,0.961797467884,-0.0382100366892,0.0866826555161
1.355489,0.778935309896,-0.464777135727,0.178751997493,0.256978963681,0.961790647619,-0.038619650772,0.0861921397374
1.365491,0.778573547387,-0.464606913886,0.178876371455,0.256784786127,0.961887903685,-0.0384927723186,0.0857411268755
1.375533,0.778980685098,-0.464383567744,0.179230025599,0.256613641018,0.961894792317,-0.0382355833968,0.0862895585781
1.385584,0.779144832975,-0.46477454754,0.179195529836,0.256869314131,0.961807007138,-0.038462943737,0.0864062407337
1.395552,0.779300093934,-0.464298819153,0.179159330507,0.256652577684,0.961878419932,-0.0381000884494,0.0864161032306
1.405460,0.778913677515,-0.464942305709,0.178853327747,0.256679315337,0.961875216658,-0.0386286635415,0.0861372335855
1.415530,0.778922584727,-0.464514100905,0.178702822499,0.256792918672,0.961876088329,-0.0382394934571,0.0859623682802
1.425546,0.7786593472,-0.465075076489,0.179024416106,0.257301010714,0.961720341954,-0.038516229224,0.0860620348619
1.435495,0.77871228475,-0.464140339668,0.178470862059,0.256525152903,0.961974376566,-0.0385763428935,0.0855102948596
1.445513,0.778564583846,-0.464986146443,0.178594881707,0.257289531068,0.961740485114,-0.0385354589937,0.0858624184121
1.455482,0.778949290792,-0.464590101288,0.179107474493,0.256537321878,0.96192758179,-0.0379987831988,0.086255564176
1.465465,0.779505521122,-0.463894966438,0.17916835606,0.256194708702,0.961997296411,-0.0381604025274,0.0864248610652
1.475452,0.778950823903,-0.464216768282,0.17908974727,0.256599891826,0.96192571132,-0.0381137347756,0.0860393202973
1.485455,0.77914375408,-0.464862098594,0.17947367214,0.256900396794,0.961786389629,-0.0382915376278,0.0866191953238
1.495587,0.779190267653,-0.463834279967,0.179371181096,0.257043552936,0.961803341744,-0.0373299344218,0.0864258045942
1.505562,0.779138734251,-0.463823502181,0.178686874464,0.25662137207,0.961919115285,-0.0379960554097,0.0861010268166
1.515680,0.779533205944,-0.463597670772,0.179555435499,0.256186223406,0.961997617196,-0.0380180988796,0.0865091186216
1.525507,0.779044777695,-0.464842189737,0.17923677258,0.257338770221,0.961699311023,-0.0379789637744,0.0864221663106
1.535446,0.77884687607,-0.463807876481,0.17896167847,0.256128898889,0.96206459717,-0.0382422261705,0.0858325705333
1.545617,0.779189969104,-0.46463168604,0.179651535005,0.257140465727,0.961731660489,-0.0379233248548,0.0866764992963
1.555500,0.778839380633,-0.464399019912,0.17881178317,0.256621028786,0.961905203332,-0.0386471956737,0.0859675616408
1.565497,0.779444319662,-0.463701200979,0.179200269025,0.256791053027,0.961859614215,-0.0374093349961,0.0865157747605
1.575454,0.77918252471,-0.464425667311,0.17922085158,0.256982896231,0.961791622576,-0.0377846883592,0.08653891098
1.585622,0.779164549165,-0.464942373257,0.179621627254,0.256506060937,0.961878562859,-0.0388490094492,0.0865160417463
1.595472,0.779574778236,-0.464459471263,0.179225353743,0.256330239485,0.961922944353,-0.0384914787297,0.0867033074228
1.605438,0.778650295953,-0.464580125725,0.179082977602,0.25698140232,0.961825554314,-0.0383693823405,0.0859066495004
1.615462,0.778520949675,-0.465916590162,0.179261283123,0.257600203897,0.961610079423,-0.0388607594331,0.0862440228706
1.625456,0.778582963,-0.463981751764,0.178908665819,0.256789409579,0.961907603124,-0.0379002480605,0.0857702359615
1.635461,0.778968760471,-0.464672121929,0.179212782329,0.257033717519,0.961780553481,-0.0378990319018,0.0864609645114
1.645457,0.779074917406,-0.464122476756,0.179174227604,0.256904456365,0.961846830711,-0.0377041988904,0.0861926211277
1.655457,0.779170512697,-0.464549625456,0.179546181329,0.256644115044,0.961878774944,-0.0380232910424,0.0864710926476
1.665473,0.779180208568,-0.464848082429,0.179670414686,0.257592926143,0.961594937064,-0.0379002772408,0.0868598319127
1.675463,0.779239658882,-0.464316899739,0.179322372713,0.257051908865,0.961777695979,-0.0377279157825,0.0865134904941
1.685431,0.778638313374,-0.464868337775,0.179065579598,0.257216861229,0.961760672647,-0.0380491451597,0.0860706535502
1.695533,0.77915973291,-0.46425284295,0.179380201153,0.257139084353,0.961774727165,-0.0374391070273,0.0864128390328
1.705376,0.779025965689,-0.464563371541,0.17931428186,0.257102735255,0.961766623939,-0.0378422526756,0.0864355743589
1.715413,0.778618614749,-0.464038343128,0.179111723227,0.256558821502,0.961978122847,-0.0378525532032,0.0856904107244
1.725413,0.778805650818,-0.464602304723,0.178918018868,0.25684284278,0.961857956979,-0.0384089534331,0.0859405434333
1.735503,0.778821891131,-0.46459340458,0.179287420926,0.257069888755,0.961793452521,-0.037946302088,0.0861887761892
1.745447,0.779190877698,-0.464221284768,0.179745011324,0.256707050294,0.9618544469,-0.0379649786523,0.0865804464261
1.755415,0.779231197282,-0.463362367607,0.179043135546,0.256732472435,0.961908068716,-0.0372928594537,0.0862006239538
1.765444,0.779629139561,-0.462806391747,0.179156038652,0.255924982479,0.962106617513,-0.0369873310688,0.0865170342899
1.775459,0.779491721018,-0.463075426703,0.179785965865,0.256291669735,0.961983229048,-0.037258249081,0.0866871958837
1.785474,0.779416638583,-0.463637077703,0.179338415676,0.256301080186,0.961980843742,-0.037890477187,0.0864113667741
1.795467,0.779405847548,-0.464137746861,0.1794528127,0.256524199315,0.961903720238,-0.0379328077454,0.086589088545
1.805463,0.779530417118,-0.463633121817,0.179630970157,0.256395196569,0.96194740275,-0.037564970683,0.0866462376308
1.815450,0.779030302128,-0.463483641149,0.178751678171,0.256600309745,0.961951003075,-0.0377929712539,0.0858966823857
1.825459,0.779291898315,-0.463381311259,0.178768542548,0.256091643482,0.962080962634,-0.0378042913547,0.0859542147371
1.835492,0.778934998341,-0.46285864063,0.178604927849,0.256045613018,0.962127579457,-0.0379117567761,0.085521129562
1.845536,0.778915438364,-0.462989778369,0.178588822939,0.25605837921,0.962121487244,-0.0377495531496,0.0856231362197
1.855558,0.778886433302,-0.463709438432,0.178651276167,0.256677450324,0.961925224124,-0.0380075906244,0.0858601930115
1.865722,0.779419121871,-0.463144225304,0.178882933416,0.256430113682,0.961964503663,-0.03744784392,0.0864034112482
1.875504,0.779032776622,-0.464033653079,0.178825598232,0.256315752034,0.961990809755,-0.0384934113476,0.0859893859115
1.885452,0.779056353199,-0.463433446906,0.179345260916,0.256603642034,0.961938255024,-0.0375762121053,0.0861242863555
1.895684,0.77956098216,-0.463836845418,0.179659821339,0.256167404031,0.961988742624,-0.0378262779402,0.0867472931803
1.905531,0.779050929864,-0.463777525797,0.178988339369,0.256530677772,0.961939628795,-0.0381050344771,0.0860939502084
1.915575,0.779418393678,-0.463017890644,0.179071894596,0.256135651484,0.962047902708,-0.0375216484252,0.0863162026115
1.925573,0.779341081763,-0.463504009869,0.179203178659,0.256307571374,0.961986683447,-0.0379002463718,0.086322772493
1.935575,0.779532786634,-0.463336814178,0.178992429473,0.25644826912,0.961961668697,-0.0373421546505,0.0864268286448
1.945484,0.779262614323,-0.463778110635,0.179203136815,0.256307602804,0.961986690517,-0.0379330055344,0.08630820995
1.955469,0.779272919288,-0.463862953649,0.179237976462,0.256193882302,0.962004200714,-0.0381216126624,0.0863675583096
1.965496,0.779185312083,-0.463768068946,0.179107601211,0.256352775606,0.961976733254,-0.0379170964649,0.0862920211407
1.975520,0.779495306503,-0.463166167981,0.179521330285,0.256008028889,0.962048496497,-0.0376706292498,0.0866227638928
1.985428,0.779201425335,-0.463370637154,0.179145597637,0.256394420189,0.962002137301,-0.0374436891712,0.0860915748812
1.995521,0.779127366617,-0.463575517297,0.178952519629,0.256129109086,0.962060067602,-0.0377915727918,0.0860819541483
2.005514,0.778995540876,-0.462644029321,0.178624850409,0.255722040165,0.96219745597,-0.0380639313755,0.0856354542605
2.015574,0.779046078735,-0.463348529867,0.179310725385,0.256348175495,0.962019024439,-0.037420846519,0.0860505071677
2.025507,0.779175413419,-0.463272933286,0.179166294399,0.256217356425,0.962032524504,-0.0377537483278,0.0861437319317
2.035490,0.778527656786,-0.463630564933,0.178511903687,0.256383450603,0.962038166081,-0.0382767880715,0.0853520987152
2.045523,0.77940502642,-0.463192489938,0.179786796978,0.25643805321,0.961943674493,-0.0374161148772,0.0866252060058
2.055465,0.779086407931,-0.463014958424,0.179336269218,0.256323649385,0.962015994024,-0.0374835617635,0.0861301143887
2.065501,0.778729031901,-0.463312077346,0.178985093723,0.256775787697,0.961916068523,-0.037540005777,0.085874442853
2.075485,0.77881714916,-0.462735072054,0.178688640222,0.255739249753,0.962219802056,-0.0377513427706,0.0854711927315
2.085425,0.77863184718,-0.4637162888,0.17901133661,0.256820363166,0.961903104981,-0.0379855943939,0.085690211284
2.095559,0.778467798487,-0.463823146103,0.17891717766,0.256827485077,0.961902524466,-0.0381439294505,0.0856050055819
2.105483,0.778681694665,-0.463166795942,0.179018736774,0.256158739531,0.962085297207,-0.038088108638,0.0855796531955
2.115446,0.779389447196,-0.46315235911,0.178985334489,0.256460832632,0.96196022791,-0.0375654992293,0.086308716318
2.125498,0.779621913259,-0.463036391693,0.179530447887,0.255919037168,0.962069033751,-0.0377307240585,0.086631479118
2.135488,0.77876723039,-0.462289546502,0.178626293639,0.255858013892,0.962219372415,-0.0374603438058,0.0852483355778
2.145482,0.778759427145,-0.462258798952,0.178438347297,0.255929767204,0.962194749151,-0.0375447993894,0.0852737181339
2.155545,0.779156307184,-0.463169212836,0.179486347092,0.256394940779,0.961966034238,-0.037823206281,0.0863272169206
2.165495,0.77906851478,-0.46327111874,0.179173433503,0.256293438924,0.962018158113,-0.0378555771066,0.08603308612
2.175492,0.779379628019,-0.463045644219,0.179375897079,0.256510493186,0.961925972798,-0.0374126823826,0.0866087809557
2.185455,0.779166032809,-0.462903931944,0.179036053164,0.256191692041,0.962054118926,-0.0375330763666,0.0860753005506
2.195434,0.779225982094,-0.463148360402,0.179393896686,0.256052335237,0.962049617904,-0.0379566491322,0.0863540797997
2.205615,0.77941329009,-0.462951760411,0.178808432958,0.255813469776,0.962122520249,-0.0380757469424,0.0861972285274
2.215586,0.77949700084,-0.462918858669,0.179314533363,0.25599587791,0.962061738143,-0.0377448391307,0.0864791860066
2.225464,0.779049662466,-0.463614539647,0.179288637849,0.256478313598,0.961950628052,-0.0380394841149,0.0861560299315
2.235517,0.779496256536,-0.463378102738,0.179652743294,0.256180015539,0.961987215122,-0.0380164082069,0.0866438127409
2.245449,0.779167629544,-0.463827411893,0.179127606937,0.256582717796,0.961899177549,-0.0380523808423,0.0864135259707
2.255424,0.779286016185,-0.4629553773,0.178988464398,0.255977192414,0.962087015613,-0.0380565304902,0.0861159209414
2.265517,0.779166986713,-0.463701206524,0.179316491123,0.255919585152,0.962080733025,-0.0381593041631,0.0863116248405
2.275755,0.779773981385,-0.463142561266,0.179872745318,0.255924522006,0.962049892823,-0.0376139800627,0.0868782553832
2.285506,0.778982709913,-0.464136403929,0.179023380342,0.256601423661,0.961907951993,-0.0383098390536,0.0861461403643
2.295605,0.779408065788,-0.464065316379,0.179488801994,0.25637218263,0.961930742038,-0.0382630392761,0.086593829574
2.305482,0.779500778761,-0.463619598089,0.180158756809,0.25636239396,0.961926238199,-0.0377184090086,0.0869112009418
2.315451,0.779737430854,-0.463370430284,0.179765319075,0.256110413257,0.961989284448,-0.0377101709023,0.0869598518823
2.325482,0.77986399565,-0.463154999525,0.179454215117,0.256328312629,0.961938501985,-0.0373339663763,0.0870418835838
2.335491,0.779369552767,-0.463507801339,0.17964362025,0.256084539755,0.962015801173,-0.037972886591,0.0866277477302
2.345432,0.779633148366,-0.462961243865,0.179636768154,0.256008349828,0.962030073987,-0.0378053401262,0.0867676081296
2.355463,0.779504138883,-0.462688898297,0.178940031401,0.256370960316,0.962001024799,-0.0369683121972,0.086378833545
2.365378,0.779786988367,-0.462820029054,0.179772215949,0.255632937376,0.962122262762,-0.0377959256475,0.086856322914
2.375477,0.779848350857,-0.463052321747,0.179587418827,0.255685776543,0.962092852467,-0.0380291211754,0.0869247539493
2.385383,0.779310915932,-0.463650299681,0.179659771549,0.256256069228,0.96197290779,-0.0381510632121,0.0865184837882
2.395373,0.778953172287,-0.462974431096,0.178827724934,0.255675947205,0.962218726625,-0.0380322770124,0.0855481037632
2.405359,0.77959454319,-0.462709723495,0.179147728871,0.255537830372,0.962196523705,-0.0381274889188,0.0861658958448
2.415349,0.779502016007,-0.462352244659,0.178937407174,0.255450448587,0.96221303795,-0.0382570925662,0.0861831351472
2.425298,0.778764839997,-0.46231539243,0.178099158077,0.255251987149,0.962358364717,-0.0384273368728,0.0850655082633
2.435348,0.779546355079,-0.462270509765,0.178754954707,0.254872734229,0.962349121634,-0.0388232719627,0.0861209091434
2.445469,0.77958405162,-0.462205846751,0.178562046635,0.255108626048,0.962300697624,-0.0387598975478,0.0859920148027
2.455382,0.779749835716,-0.462858355158,0.17904888861,0.254886410801,0.962304143417,-0.0391041153444,0.08645531397
2.465342,0.779063858448,-0.462275686865,0.17798880087,0.254465292806,0.962514656757,-0.0393124447083,0.0852495277135
2.475350,0.779501897753,-0.462450901879,0.178188370131,0.25454346571,0.962446000456,-0.0394860432717,0.085709816574
2.485353,0.779158967116,-0.462552546395,0.17759335758,0.254104769389,0.962571948496,-0.0403089298076,0.0852126769969
2.495350,0.778943432333,-0.462139024369,0.178014391234,0.25421019552,0.962562399996,-0.0399394760111,0.0851800496778
2.505344,0.779630128022,-0.462360687783,0.177988279523,0.253723207094,0.962609068804,-0.0406714077171,0.0857563492276
2.515343,0.780017733863,-0.461767035745,0.178496380458,0.253149678747,0.962738728291,-0.0404563941631,0.0860968139381
2.525368,0.779594100014,-0.462375172433,0.17779267233,0.253582733431,0.962650907199,-0.0410128939009,0.0855392933657
2.535347,0.779822784128,-0.462143121406,0.177644498864,0.252965519994,0.96278377946,-0.0414181430185,0.0856760009118
2.545346,0.779951875363,-0.462597270751,0.177803777805,0.253169344018,0.962695770326,-0.0416913599936,0.0859300154083
2.555338,0.780029216084,-0.463425721074,0.177846038887,0.253244556784,0.962599742122,-0.04265712169,0.0863093326072
2.565321,0.780359733135,-0.462645208792,0.177611783815,0.252838460295,0.962710239893,-0.0422589718673,0.0864632077632
2.575375,0.780839809957,-0.463063228943,0.178576741766,0.252793466143,0.962630827172,-0.0427655268563,0.0872265083895
2.585358,0.781221080804,-0.462057594647,0.177749350858,0.252011717357,0.962850444108,-0.0425840093915,0.0871534207055
2.595364,0.781527362699,-0.463904983825,0.178549288763,0.252323405553,0.962645947439,-0.0432740264936,0.088164831537
2.605350,0.781783354548,-0.463325255762,0.178354572285,0.251948196281,0.962732523423,-0.0432222494827,0.0883177891749
2.615369,0.782468515028,-0.463840206251,0.178930881982,0.252114381542,0.962573803343,-0.0435332871262,0.0894140070041
2.625633,0.782789148284,-0.463992935049,0.179812957584,0.252166425504,0.962481857792,-0.0435000081544,0.090269134043
2.635337,0.783165375318,-0.464865085146,0.179771038788,0.252476441577,0.962313193415,-0.04414938866,0.0908834182313
2.645369,0.783982645926,-0.464361430606,0.179863109192,0.252117135672,0.962348038158,-0.0438919221553,0.091633522922
2.655370,0.78454114024,-0.46511560033,0.18019536832,0.251603093108,0.962327238681,-0.0449553587733,0.0927425735495
2.665426,0.785410247998,-0.465069707141,0.180677136658,0.251922438685,0.962119298171,-0.0450600293019,0.0939741173613
2.675357,0.785854876117,-0.466412876386,0.181263407826,0.25208774871,0.961953855275,-0.0454769293098,0.0950178729103
2.685398,0.786850392099,-0.466361862869,0.181570639961,0.25205735123,0.961825529375,-0.0456190292508,0.0963205424779
2.695447,0.787510150157,-0.467689374759,0.181742308423,0.252247292935,0.961601612512,-0.0466026474074,0.0975798917564
2.705463,0.789138743446,-0.467687229627,0.182556093102,0.251879226997,0.961495478508,-0.0464700083859,0.0996184628298
2.715551,0.789090399271,-0.468529487803,0.183113617282,0.251986801157,0.961359633878,-0.0475703739478,0.100136736097
2.725555,0.790896596106,-0.469340495097,0.183367508309,0.251737759479,0.961155024758,-0.0483457129191,0.10233186638
2.735485,0.791230052498,-0.470253480763,0.18427536715,0.251734411157,0.9609982926,-0.0488973708306,0.10354281716
2.745443,0.792403831765,-0.470889876926,0.184478870454,0.250970639461,0.9609602145,-0.0504477828397,0.104996311765
2.755612,0.793140331201,-0.471904326421,0.185156448855,0.251636330737,0.960584018807,-0.0507971588354,0.10666371698
2.765434,0.793925110409,-0.472470001145,0.185318951958,0.251680717969,0.960404651604,-0.0514787660887,0.107840892164
2.775474,0.795517278453,-0.473438923915,0.186781466537,0.250915293532,0.960263342109,-0.0529253652706,0.110157773141
2.785409,0.796297893139,-0.475104828493,0.18769430817,0.251245987268,0.959900956271,-0.0539561218575,0.112046173273
2.795423,0.797181595056,-0.476794540252,0.188357708476,0.251308476164,0.959607831557,-0.0554759392586,0.113663008872
2.805390,0.798916614423,-0.476533096396,0.188963340743,0.250483260804,0.959560942227,-0.0559137559326,0.115648545629
2.815435,0.800182826777,-0.477706520039,0.189525604056,0.250710821877,0.959207869254,-0.0568050181541,0.117633061965
2.825469,0.800813064296,-0.478322917651,0.190154817982,0.250695043591,0.959013036538,-0.057673429283,0.118826623376
2.835384,0.801285068319,-0.480045573653,0.19095580116,0.251174566,0.95863144099,-0.0590061719454,0.120230484538
2.845358,0.803130083242,-0.480984511269,0.191931374027,0.250683588409,0.958390788756,-0.0598258426539,0.122742425759
2.855483,0.804933522573,-0.48130299099,0.193097703784,0.24972020405,0.958273562426,-0.0608939408927,0.12507408687
2.865410,0.805825517745,-0.48194056232,0.193644935355,0.249737460061,0.958041955558,-0.0614425297121,0.126537061669
2.875398,0.807351903155,-0.483523237174,0.1949703118,0.249496388428,0.957713848892,-0.06261005518,0.128901965822
2.885460,0.807995859923,-0.485122890056,0.196025907016,0.250231841941,0.957237331611,-0.0636607138217,0.130491493074
2.895468,0.809393635671,-0.485113534062,0.196668203015,0.248926604407,0.957304016902,-0.0646084200762,0.13202392547
2.905489,0.810509695778,-0.486042739727,0.198214066504,0.249540523422,0.956829508165,-0.0646839352704,0.13424905211
2.915485,0.810879158579,-0.486480322468,0.198626700958,0.24974907251,0.956653406746,-0.0651282233121,0.134899869047
2.925417,0.812425047639,-0.486733180301,0.199037389281,0.248679187069,0.956629444092,-0.0662098878239,0.136510143835
2.935502,0.814211568546,-0.487661174932,0.201118853877,0.248266114408,0.956278032139,-0.0668702681069,0.139372267431
2.945502,0.813923517581,-0.487844381243,0.200755534685,0.248328966358,0.956262800907,-0.0677009694546,0.138963156285
2.955720,0.815148927411,-0.489508825793,0.202656380882,0.248323766591,0.955885447077,-0.0685651338,0.141128102937
2.965455,0.81715696627,-0.489444693766,0.204288764033,0.247506583969,0.955685050887,-0.0690092950496,0.143681215196
2.975481,0.817871696048,-0.490486023098,0.20500043399,0.247511190978,0.955432735277,-0.0699095009827,0.144910870449
2.985475,0.818631882939,-0.490312362754,0.205284595224,0.246689254633,0.955497653683,-0.0706173052257,0.145539828423
2.995501,0.819297290504,-0.491472986687,0.206795214965,0.246819151808,0.955205216972,-0.0713845230207,0.146858944719
3.005511,0.820708156846,-0.491876438652,0.207410892033,0.246315648044,0.955022272593,-0.0722534244327,0.148460442667
3.015503,0.821449114561,-0.493219931571,0.208719866611,0.246254096865,0.954727404198,-0.0732991171869,0.149939130553
3.025470,0.822406549132,-0.49262873382,0.209685367389,0.245422122532,0.954778059924,-0.0733715562976,0.150941885461
3.035519,0.823579854353,-0.493661119058,0.210754169639,0.245160354496,0.954497543977,-0.0743886042456,0.15263412031
3.045470,0.824968357772,-0.494595938856,0.213089010945,0.245201579633,0.954072298784,-0.0748605120966,0.154977862181
3.055454,0.825911875831,-0.49516909336,0.213494872106,0.244849287622,0.953933464353,-0.0756489288708,0.156003241953
3.065487,0.826408106554,-0.496023837446,0.213836802898,0.244676584904,0.953775818844,-0.0766274906677,0.156758680344
3.075466,0.827573701996,-0.497235218515,0.216403010753,0.24465657705,0.95338298544,-0.0775226312994,0.158727073986
3.085434,0.828890937646,-0.497321419848,0.217510125004,0.243571204375,0.953329759046,-0.0782036937505,0.160373380585
3.095480,0.830140263051,-0.498227877144,0.218715478028,0.243197728306,0.953071147186,-0.0792034226955,0.161978613348
3.105501,0.830837451424,-0.498815313738,0.219374904165,0.243523909771,0.952772287756,-0.0797638671618,0.162968704205
3.115503,0.831815026613,-0.50081297544,0.221405882534,0.243203385357,0.952415174852,-0.0812495230478,0.164790664378
3.125605,0.83329931787,-0.501151988031,0.223219495336,0.242771302509,0.952147077018,-0.0816561923708,0.166764218742
3.135467,0.834248292421,-0.501090017827,0.223551091752,0.241969334422,0.95217133005,-0.0823381092195,0.167454576529
3.145422,0.834928885367,-0.502467192949,0.225363623802,0.241806977659,0.951893289519,-0.0833306528251,0.168773674558
3.155473,0.836996532283,-0.503174899753,0.227166241572,0.241305362188,0.951447791983,-0.0842514795832,0.171524078477
3.165497,0.838415545862,-0.503182918135,0.228447362211,0.240697494971,0.951324733347,-0.0843429020024,0.173009371189
3.175473,0.839533064048,-0.504286473415,0.229764136481,0.240113740741,0.951040387525,-0.0860388027204,0.174541964097
3.185458,0.840783377229,-0.505514266367,0.232149611435,0.23950758012,0.9507143201,-0.0872897989827,0.176518813775
3.195469,0.842066358089,-0.505919457168,0.232940740894,0.239332164653,0.950452235361,-0.0874759450458,0.178069150325
3.205481,0.843375116804,-0.506831141444,0.234492401559,0.238244422729,0.950218651084,-0.0895426781387,0.17973930834
3.215463,0.844824699857,-0.507847764388,0.236195828562,0.238072010042,0.949826443411,-0.0901107814671,0.181745680818
3.225441,0.84577397979,-0.509179061587,0.237720853503,0.237727704997,0.949539662121,-0.0911749186482,0.183158681325
3.235536,0.847199535984,-0.510116483182,0.23951703783,0.237180472671,0.949177655317,-0.0924024915633,0.185118830978
3.245454,0.848736322289,-0.511199995262,0.241753445102,0.236661203946,0.948737591251,-0.0937267882851,0.187359938758
3.255537,0.850097136848,-0.512249770299,0.243474930755,0.236220558022,0.94832602264,-0.0949953970827,0.189350144665
3.265571,0.851378338816,-0.513318307786,0.244915334554,0.235668441947,0.948014834066,-0.0960929879058,0.191035068867
3.275506,0.853052410394,-0.514224492763,0.24661229965,0.235633003013,0.947458423121,-0.096938232983,0.1933975267
3.285596,0.854875972731,-0.514519883845,0.248311142072,0.234243532747,0.947321352194,-0.0979018073999,0.195262539039
3.295472,0.856311938738,-0.515639063947,0.249907082537,0.233564117523,0.946932451617,-0.0994052449617,0.197193641771
3.305506,0.858298635362,-0.515363887764,0.252161947825,0.232031853223,0.946769803333,-0.100284102419,0.199327011185
3.315497,0.859547446773,-0.516373224405,0.253284128886,0.232121467201,0.946308092384,-0.100911983237,0.201090502987
3.325489,0.861387841247,-0.517208085036,0.255516421598,0.231278768492,0.945857216203,-0.102244102477,0.203495457714
3.335628,0.861919924088,-0.518624225881,0.256415684725,0.230990488839,0.945567257279,-0.103821236608,0.204370024362
3.345646,0.863575671823,-0.519916652317,0.258782597384,0.230597358556,0.944972670069,-0.104937644387,0.206977297887
3.355457,0.865397886394,-0.521028667927,0.260647479232,0.229706535651,0.944516115353,-0.106445939778,0.209268911264
3.365478,0.866941209571,-0.520358735408,0.262058036507,0.229255369814,0.944249990528,-0.106486354868,0.210937400727
3.375466,0.868389904651,-0.521541460383,0.264200446027,0.227847432931,0.943931000256,-0.108465466958,0.212873334497
3.385554,0.869214055585,-0.52296038715,0.265250659169,0.227732624884,0.943491345289,-0.109956587218,0.214176286868
3.395494,0.871338387993,-0.522387899736,0.267065521558,0.226333761853,0.943305045332,-0.110210214302,0.216338457883
3.405517,0.872882207705,-0.523397235727,0.269100050853,0.226007919554,0.942722442893,-0.111353762418,0.218621031832
3.415733,0.873885950587,-0.524616578259,0.270937313995,0.225512285993,0.942303908491,-0.112575315111,0.220305132343
3.425803,0.874958498542,-0.525477463499,0.271989941731,0.225828556772,0.941755759779,-0.11354569734,0.221821835005
3.435596,0.877001215917,-0.526044781512,0.27484801993,0.224950762755,0.941147996659,-0.11484051712,0.224609123476
3.445499,0.877531852459,-0.526984524717,0.275204633777,0.22523856377,0.94080514103,-0.115560872463,0.225386247936
3.455502,0.878500755187,-0.527388636605,0.27647707541,0.225106373894,0.940416091757,-0.11674363059,0.226529511354
3.465490,0.879639336319,-0.52811214037,0.277907908299,0.225453207922,0.939854803436,-0.117008933684,0.228369676037
3.475497,0.881167382763,-0.528228028739,0.279558604104,0.224775100913,0.939467907282,-0.117998175523,0.230114397138
3.485496,0.882408531366,-0.529012418632,0.281072047211,0.225459469171,0.9387678574,-0.118233496878,0.232171871445
3.495528,0.883266258309,-0.530119942257,0.281943799835,0.225197238944,0.938393593628,-0.119395636027,0.233341700318
3.505522,0.884034528857,-0.530341897228,0.283218789247,0.225192190612,0.937961414556,-0.12051592006,0.234505383956
3.515544,0.885361516889,-0.53142855026,0.285212180873,0.226259620324,0.937104250987,-0.120457754638,0.236922215804
3.525495,0.886499644108,-0.531166648738,0.286388867981,0.22556163722,0.936822705531,-0.121112002687,0.238363271125
3.535596,0.887276596816,-0.532857246717,0.287549787232,0.226276989309,0.936086836398,-0.122169513807,0.24003076621
3.545540,0.888720188738,-0.53303447575,0.289492574136,0.226775314584,0.935399466931,-0.1220803327,0.242275022089
3.555485,0.889734347826,-0.533859143156,0.29055800818,0.226520553675,0.934949585112,-0.123257565063,0.243649922464
3.565717,0.891198480369,-0.534801566237,0.292644347569,0.227216145951,0.933992143547,-0.123803609888,0.246382152337
3.575640,0.892333745929,-0.53521950087,0.294253226717,0.226886872325,0.933517651583,-0.12447094088,0.248141343241
3.585498,0.893462804107,-0.535460251093,0.294821066204,0.226732026325,0.933036762647,-0.125323930641,0.249657565872
3.595539,0.895163270809,-0.536215465533,0.29675645441,0.227092042391,0.932169262877,-0.125235048568,0.252598203161
3.605446,0.89622351341,-0.537518744014,0.298383292587,0.227162019275,0.931468441453,-0.126545865227,0.25446041651
3.615522,0.897520793829,-0.538366935893,0.29982622485,0.227123477524,0.930758130332,-0.127219964321,0.256747559786
3.625472,0.898700692041,-0.539139550378,0.30135925216,0.226596042816,0.93018667992,-0.128237482078,0.25877040416
3.635434,0.89995593146,-0.540031714518,0.303148625399,0.226377683855,0.929495799147,-0.129147843382,0.26098187326
3.645468,0.901959759714,-0.541205757766,0.305337792106,0.226217885582,0.928448885335,-0.130139790318,0.264332689124
3.655607,0.903060619673,-0.542540493959,0.307189467178,0.226218354001,0.927741741204,-0.130845755421,0.26645807593
3.665528,0.904626803972,-0.543130731358,0.309096598813,0.22564297844,0.926990815732,-0.132019750201,0.268968510028
3.675452,0.905696194876,-0.544742352169,0.311013928619,0.225395605488,0.926162927058,-0.133684090614,0.271196639888
3.685453,0.907222840135,-0.545538188247,0.312522206235,0.224951034271,0.925445873857,-0.134613462843,0.273543748536
3.695426,0.908699649598,-0.54654567328,0.314685525554,0.224696451235,0.924562235874,-0.135452452729,0.27631288397
3.705478,0.909581735732,-0.548423262567,0.316695955354,0.225187429969,0.92355124069,-0.136768235031,0.278636281002
3.715446,0.910808792116,-0.5485552111,0.317639986252,0.224312426478,0.923185259164,-0.137405566154,0.280236726678
3.725433,0.911588430503,-0.551304231549,0.319852209148,0.224883467137,0.922012364543,-0.139175622208,0.282755675489
3.735434,0.913465521873,-0.55150695112,0.321351382537,0.223653012088,0.921413139442,-0.140226898038,0.285155350141
3.745475,0.914685955294,-0.552323906216,0.322741360628,0.223539621858,0.920623570619,-0.141158376067,0.287326628678
3.755400,0.916234205879,-0.553714150098,0.325551400761,0.223286622132,0.919500478941,-0.142366776431,0.29050585979
3.765440,0.917038577474,-0.554956662534,0.327151831373,0.222444437477,0.918885424028,-0.144206989249,0.292185547207
3.775438,0.918465369229,-0.557098706726,0.329574204148,0.222942105277,0.917565773492,-0.145233244473,0.295427103886
3.785474,0.919725695304,-0.557372462966,0.331267751305,0.22274511232,0.916923798796,-0.145367333148,0.297495715251
3.795533,0.920899209453,-0.558684381696,0.332740509071,0.222494680977,0.916040308237,-0.146872281135,0.299657810938
3.805437,0.922294356008,-0.5587983913,0.334018045392,0.221500258815,0.915516195566,-0.147512944528,0.301674762282
3.815450,0.922744275427,-0.560785229674,0.336204721099,0.221691773323,0.91459196567,-0.14921767919,0.303493621334
3.825425,0.923471515871,-0.562626788853,0.338057154547,0.221946346429,0.913595148858,-0.150386664253,0.305724671075
3.835434,0.925105713705,-0.562586052535,0.339538617377,0.221842540688,0.912863647677,-0.150180631854,0.308077304757
3.845487,0.925348419135,-0.563885323029,0.340251888573,0.221756142483,0.91232028576,-0.151559586217,0.309072161941
3.855473,0.926754436041,-0.564541752413,0.342979467607,0.221962065789,0.911277905289,-0.151710709365,0.311912297524
3.865716,0.927170090895,-0.565637496051,0.343798409169,0.221421635456,0.910778866324,-0.153354996281,0.312948176422
3.875579,0.928103198261,-0.566400414605,0.345897817428,0.221032817692,0.91009119689,-0.153948198799,0.314926116626
3.885471,0.92934144033,-0.566812664384,0.347593548276,0.220866730952,0.909306952868,-0.154521327205,0.317020365378
3.895494,0.929637347589,-0.568166488179,0.348115979469,0.221014450638,0.908834337458,-0.155339741498,0.317871553269
3.905518,0.930525114961,-0.569023856279,0.350497487066,0.220881271029,0.907918058154,-0.15649449352,0.320008964381
3.915498,0.931728227877,-0.569535962082,0.352282471857,0.220851240884,0.907098085521,-0.156873612978,0.322162167544
3.925540,0.931456782971,-0.571718937146,0.353797078644,0.221234149671,0.906439404366,-0.158221049928,0.32309310824
3.935462,0.932471011071,-0.572098791794,0.354751473209,0.220612545597,0.90605920567,-0.158819320986,0.324288827787
3.945488,0.933791002108,-0.571387941108,0.356468164566,0.219670261152,0.905511143432,-0.159377707071,0.326179846059
3.955463,0.934371821561,-0.572386213203,0.357486790226,0.219667185909,0.90500261013,-0.159891495021,0.3273397515
3.965485,0.934136667156,-0.575037672754,0.360217683339,0.220075765598,0.903981497539,-0.161763630457,0.328962972636
3.975514,0.935292216219,-0.574953596307,0.361109265404,0.219302467749,0.903617075694,-0.162423569977,0.330153285716
3.985533,0.936057412008,-0.574930368803,0.361766562431,0.219144911447,0.903257525472,-0.162379243673,0.33126172687
3.995484,0.936543879428,-0.576495210755,0.363717520897,0.219519703448,0.902444770401,-0.163379206107,0.332733784257
4.005523,0.93677420137,-0.577756357642,0.365235890898,0.219689375507,0.90181915901,-0.163980182183,0.334019883515
4.015523,0.937674995148,-0.579115192111,0.367398577317,0.219276991695,0.901040931682,-0.165149062246,0.335810404225
4.025441,0.938899979642,-0.578012432756,0.368230697115,0.218240723522,0.900910138162,-0.1650879818,0.336864761914
4.035464,0.938730294535,-0.580494011983,0.370530532731,0.218778814282,0.900014506916,-0.166563082731,0.338181101235
4.045693,0.939721498929,-0.580674859432,0.371731079948,0.218423769411,0.899537114376,-0.166932211935,0.339496205333
4.055411,0.940102861322,-0.581910965032,0.373947760493,0.217993003647,0.898927842167,-0.16817753735,0.340769864966
4.065560,0.941218172984,-0.581985687074,0.375102648127,0.217528364408,0.898568594057,-0.168009547421,0.342094554807
4.075551,0.941967785455,-0.582467799428,0.377601464043,0.216972011346,0.897860531265,-0.169142043142,0.343744937316
4.085619,0.942803242318,-0.583759837944,0.379282136946,0.216300021982,0.897263587727,-0.170472007154,0.345067601212
4.095795,0.943523191813,-0.584020466454,0.380514288076,0.215958515895,0.896957941379,-0.170546299049,0.346038048039
4.105436,0.94395991209,-0.584778017105,0.382818568862,0.216231420168,0.896267849709,-0.171070348043,0.347394373198
4.115397,0.945109647941,-0.584811047186,0.384352002159,0.215599205588,0.895820951023,-0.171284338604,0.34883159491
4.125488,0.945259336377,-0.58619972747,0.386065633845,0.215350337083,0.895306529671,-0.172597818747,0.349657608541
4.135435,0.945999902147,-0.586878356083,0.387924594486,0.21473291191,0.89484291109,-0.173328975428,0.35086038148
4.145400,0.946681635613,-0.58737238581,0.389601393578,0.214332422338,0.894391506443,-0.174054470414,0.351895563011
4.155473,0.947451057505,-0.587998819689,0.39219580382,0.213662096321,0.89383692884,-0.174602926963,0.353437223752
4.165432,0.948019510853,-0.588971289345,0.393991674094,0.213181179706,0.893315891726,-0.175696584476,0.35450135742
4.175448,0.948676041527,-0.58927468761,0.395554999767,0.213066669423,0.893011199765,-0.175526507416,0.355420928857
4.185442,0.94912526486,-0.58935438473,0.396448154944,0.21237096044,0.892896896495,-0.176210328375,0.355785929408
4.195463,0.949821722134,-0.590381623709,0.398565639634,0.212273154128,0.892253598264,-0.176712054059,0.357206487023
4.205427,0.950716242083,-0.590585190956,0.400778166331,0.211145987257,0.891862142983,-0.177764134273,0.358328344603
4.215414,0.951072180853,-0.591686435864,0.40249562397,0.211098404837,0.891361671646,-0.178456177026,0.359256491489
4.225430,0.951949752543,-0.59192679112,0.404737731321,0.210691186502,0.890844160202,-0.178710177404,0.360650216492
4.235482,0.952440292797,-0.592768008403,0.405929510167,0.209694526271,0.890581754101,-0.179944778012,0.361264753027
4.245509,0.953628247466,-0.592931540183,0.407921418664,0.20890721985,0.890039533056,-0.180495841233,0.362779071047
4.255526,0.95436055288,-0.593837133494,0.410246864169,0.208932436396,0.889357964466,-0.180912651683,0.364225562699
4.265458,0.954441423584,-0.595181370734,0.41269613044,0.2083535506,0.88880570315,-0.182354029132,0.365185196935
4.275428,0.956113430012,-0.59405328114,0.415003325582,0.207042129052,0.888366803134,-0.182389962457,0.366976677027
4.285438,0.956881477882,-0.594544943185,0.416903288872,0.206821608172,0.887896174468,-0.182478534507,0.368193957314
4.295478,0.957166593937,-0.595446397242,0.417979141308,0.206427754439,0.887708249905,-0.183178074476,0.368520607671
4.305433,0.957736458067,-0.596106044332,0.420197291934,0.206146717613,0.88709605025,-0.18394161529,0.369769672382
4.315408,0.958794717735,-0.596854947575,0.422241902368,0.205560868139,0.886457723772,-0.18476185924,0.371214882278
4.325447,0.959389902807,-0.596932666197,0.424507268964,0.204849774131,0.886052064546,-0.185088758517,0.372411681371
4.335496,0.96016999906,-0.597271776204,0.426170081268,0.204077085533,0.885662129902,-0.18572766046,0.373443932818
4.345499,0.961510491155,-0.597019963046,0.428105028741,0.203245285813,0.885222752715,-0.185767442541,0.374916642951
4.355507,0.962264931083,-0.596830812864,0.429183430043,0.202674751602,0.884991734401,-0.185947276734,0.375680962228
4.365435,0.962142323341,-0.598672728937,0.431538542227,0.202722649474,0.884344153608,-0.186979589756,0.376666401985
4.375507,0.96360289367,-0.598303699937,0.433498956244,0.201361355548,0.883930351304,-0.187398395038,0.37815681942
4.385528,0.964029263044,-0.59884702123,0.435078136017,0.201144156736,0.883541296925,-0.187756153575,0.379003207946
4.395443,0.964822149319,-0.599579260376,0.436448015309,0.200422350783,0.883121034841,-0.188659416606,0.379915442768
4.405491,0.965950748904,-0.599210964791,0.438921074512,0.199633344259,0.882498074624,-0.188641479846,0.381782750038
4.415444,0.966601200656,-0.599374013235,0.440321611694,0.19916769762,0.882215476116,-0.189005496176,0.382498371684
4.425551,0.96700476112,-0.600725055465,0.442402519177,0.198739311458,0.88164934146,-0.189681917174,0.383689842298
4.435485,0.968122863653,-0.599862379099,0.443324611594,0.198050293601,0.881476595871,-0.189236067013,0.384661933493
4.445519,0.968488580897,-0.600952876982,0.44501097156,0.197621114391,0.881046592011,-0.190112614559,0.385434808544
4.455671,0.969558043968,-0.600652241816,0.447131812941,0.197223842159,0.880438182143,-0.190013687216,0.3870738459
4.465477,0.969802247378,-0.601471465851,0.448794473811,0.196680199257,0.880126288819,-0.190742215734,0.38770094414
4.475591,0.970756489554,-0.601349615817,0.449998893643,0.195877358833,0.879761803134,-0.191441686479,0.388588871072
4.485451,0.971039219152,-0.60216908561,0.452018551889,0.196387354159,0.879112420385,-0.190892116942,0.390068659521
4.495555,0.971810601821,-0.602512287131,0.453660800721,0.194980793884,0.878772446498,-0.192379570808,0.390808876599
4.505468,0.972706786677,-0.602137142664,0.455267674252,0.194394770904,0.878440979826,-0.192046265611,0.392008099243
4.515454,0.972921083281,-0.603303097294,0.456498019515,0.19430266231,0.878051065042,-0.192493425751,0.392707376606
4.525496,0.974433260735,-0.602052222051,0.45810784206,0.192861721629,0.877740947462,-0.192593844484,0.394059382004
4.535425,0.974688702252,-0.60360183702,0.459904518301,0.192954925346,0.877026358895,-0.193658295909,0.395081797877
4.545456,0.975449378929,-0.603675597037,0.462178499445,0.192179032971,0.876448926886,-0.194003693578,0.39656911721
4.555425,0.976181929958,-0.603781162869,0.463263849918,0.191671344961,0.876189574724,-0.194162653032,0.397309437131
4.565460,0.976530795905,-0.604457797664,0.465300010909,0.19125623636,0.875556705454,-0.195119165115,0.398434460097
4.575462,0.97733851291,-0.604253031362,0.466706235578,0.190499557022,0.875326010982,-0.194990016307,0.399365981041
4.585577,0.977485484203,-0.605332588772,0.468025022046,0.190551036286,0.874844509868,-0.195539340761,0.400127170209
4.595516,0.978578779751,-0.604370226956,0.470010157731,0.189180516747,0.874520925595,-0.19585836606,0.401327027776
4.605478,0.978831334586,-0.605336425737,0.471348418065,0.189238912258,0.874092003875,-0.195996848277,0.402165436499
4.615501,0.979280892203,-0.605712115231,0.473972385314,0.188470391247,0.87347665456,-0.196709951287,0.403512875417
4.625497,0.980130262212,-0.605332533699,0.475690988458,0.188081500793,0.873072388644,-0.196332463644,0.40475117908
4.635472,0.98066808354,-0.605430822608,0.477531414072,0.187603404474,0.872609517461,-0.196631791371,0.405824507995
4.645407,0.981424999221,-0.605376940649,0.479137414877,0.186675158241,0.872251718074,-0.197073443061,0.406806322042
4.655360,0.982029922589,-0.605417762944,0.480473684895,0.186608085339,0.871791727926,-0.196737506181,0.407984018396
4.665383,0.98194916547,-0.606679744413,0.482632822556,0.186281757112,0.871255042161,-0.197828774564,0.408751188904
4.675368,0.983263514248,-0.605541056856,0.484080730305,0.185300158992,0.870895953544,-0.19747291452,0.410132341091
4.685317,0.983199455449,-0.606628825125,0.485986796107,0.185259432858,0.870342560611,-0.198256225942,0.410946758841
4.695351,0.983559339523,-0.606631685514,0.488176427224,0.184560187143,0.869885943165,-0.198778001007,0.411974865158
4.705304,0.983914199244,-0.606628799351,0.489613436585,0.18400900898,0.86959145711,-0.19883502349,0.41281474752
4.715315,0.98430863276,-0.607062417909,0.491712038942,0.183753240954,0.868940090469,-0.199588845583,0.413934968724
4.725340,0.983889158117,-0.608349989827,0.493368983985,0.18417983045,0.868496241252,-0.19989251181,0.414529917749
4.735347,0.985185306877,-0.606381006141,0.494496586039,0.182599590604,0.868444000837,-0.199491716435,0.415530338236
4.745337,0.984813094941,-0.607571791294,0.496662926577,0.18284252888,0.867867240381,-0.200067170554,0.416351041757
4.755330,0.984986851851,-0.608273877743,0.499588436239,0.182877824854,0.867006862384,-0.200148065206,0.418085581849
4.765347,0.985274301166,-0.608143302849,0.500527058367,0.182847255717,0.866744994764,-0.199831316161,0.418792836864
4.775336,0.985399278689,-0.608516235704,0.50253455079,0.1821608164,0.866344952351,-0.20041745424,0.419638778643
4.785382,0.985873396185,-0.607909905222,0.504380062232,0.181967028381,0.865818404293,-0.20022593058,0.420899118665
4.795359,0.985617928603,-0.609342267327,0.505217751893,0.182396045673,0.865469166291,-0.200529290872,0.421287085281
4.805349,0.985578322648,-0.609685941,0.507906808695,0.182324689218,0.864801183163,-0.200688770114,0.42261168802
4.815346,0.985971146988,-0.609499317478,0.509061336776,0.181909241218,0.864549410358,-0.200624119012,0.423335927934
4.825320,0.986302418206,-0.609379594158,0.511358945305,0.181831288933,0.863881768036,-0.200440091275,0.42481695238
4.835346,0.986177307858,-0.6098558309,0.512698293104,0.181938087416,0.863513838133,-0.200729377921,0.425382299278
4.845343,0.986659500954,-0.609441185387,0.514753236259,0.181312031557,0.863023263373,-0.200428434834,0.426784766129
4.855378,0.986352135674,-0.61014948262,0.515996581144,0.181217856506,0.862748934063,-0.20106442749,0.42708015788
4.865356,0.986769037109,-0.6093437677,0.517371834107,0.181001071442,0.862436435837,-0.200546748088,0.428045567795
4.875326,0.986648330929,-0.609713201863,0.519288503229,0.181296978158,0.861937742928,-0.200058044243,0.429152084885
4.885461,0.986553850645,-0.610274036926,0.521541757989,0.18129875011,0.861208376262,-0.200501237421,0.430406958189
4.895368,0.987001086168,-0.609460564369,0.522783413822,0.180843729028,0.861068993937,-0.199706021824,0.431246145721
4.905382,0.986674336533,-0.610209453524,0.524778170927,0.181270105437,0.860441959702,-0.19987355746,0.432239914733
4.915396,0.986618062604,-0.610174308473,0.52659629461,0.180987442383,0.859959461162,-0.200277181486,0.433130836392
4.925368,0.98632866407,-0.610046281676,0.527845543787,0.181759257767,0.859711619213,-0.199027243273,0.433875166886
4.935403,0.986635667687,-0.609871219283,0.529303548056,0.181235902544,0.859408787391,-0.198984175475,0.434712987723
4.945395,0.987077720667,-0.608634948063,0.52974447923,0.180912064442,0.859456616522,-0.198112962455,0.435151012137
4.955426,0.986036970721,-0.610551277253,0.532260248312,0.181507164956,0.858629498274,-0.199101293521,0.436083946829
4.965359,0.986380669219,-0.609895182232,0.53406497979,0.181448904125,0.858109885704,-0.198654990127,0.437332727047
4.975356,0.98686547113,-0.609112688124,0.535544061135,0.180968493034,0.857792175744,-0.198031613372,0.438436389761
4.985342,0.986344971436,-0.609827714313,0.538277639941,0.18161458485,0.856935880685,-0.197804842924,0.439943499873
4.995355,0.986331211407,-0.609207647075,0.539463455347,0.181439426338,0.856784915509,-0.197340283382,0.440518053752
5.005468,0.98623861377,-0.609266883064,0.54098031828,0.181650960161,0.856328328025,-0.197223270826,0.441370258104
5.015365,0.986050707989,-0.609448393772,0.542125457971,0.181979664611,0.856043596233,-0.196288365942,0.442203166443
5.025395,0.986060679172,-0.609216574209,0.544331045894,0.181710795018,0.855464209278,-0.196585519671,0.443301598321
5.035506,0.985809042206,-0.609026867563,0.5465552511,0.1816971571,0.854998965753,-0.196137019195,0.444402049235
5.045472,0.985448889414,-0.609349307729,0.548049487915,0.181789363946,0.854597533744,-0.196382329286,0.445027710618
5.055659,0.985330378563,-0.609131737689,0.549295972311,0.182043136438,0.85429809311,-0.195664669392,0.445814313067
5.065516,0.985239603811,-0.608617636293,0.550558076971,0.182020693351,0.854101604245,-0.195313420339,0.44635365424
5.075426,0.9850927603,-0.608692669685,0.553830223151,0.182145301353,0.853168645251,-0.194917116985,0.448256254236
5.085439,0.985088075758,-0.608618051432,0.555448537016,0.1825252041,0.852644957153,-0.193964642511,0.449509559814
5.095433,0.984838312074,-0.608457100314,0.55680302377,0.182514069266,0.852365648179,-0.193896222854,0.450072961959
5.105600,0.984301750908,-0.608904884523,0.558907976898,0.182968107793,0.8517924633,-0.193784189349,0.451021018307
5.115411,0.984557919324,-0.608790497484,0.560416951693,0.182759724125,0.85130089197,-0.193639303842,0.452094563755
5.125493,0.984375697281,-0.608517008711,0.561828937673,0.182882607705,0.850961512242,-0.19318100562,0.452879184274
5.135462,0.984185797185,-0.607957849984,0.564755410406,0.182890777166,0.850222157528,-0.192605631439,0.454506674554
5.145485,0.983738193026,-0.608047131231,0.565770952099,0.183107171291,0.850072713781,-0.192282438775,0.454835804269
5.155472,0.983957437361,-0.607620312441,0.568108488237,0.182605561063,0.849484774051,-0.192112610934,0.456205625178
5.165478,0.983588619327,-0.60792150874,0.569857202087,0.182781609765,0.848984076743,-0.192063773285,0.457086892789
5.175429,0.983187194668,-0.60863990653,0.570882651334,0.183201551199,0.848663875332,-0.191895849035,0.457583655157
5.185588,0.983235421375,-0.608085056027,0.572869166017,0.183039477137,0.84816047815,-0.191590608438,0.458708395249
5.195455,0.98307121827,-0.60774999299,0.575219476308,0.183124352071,0.847528566194,-0.19107264588,0.460056567349
5.205581,0.983112394759,-0.60763141306,0.577159856952,0.183472628205,0.846909130677,-0.190239767375,0.461401722997
5.215479,0.983233238807,-0.607130905758,0.578723938396,0.182639426898,0.846630597736,-0.190424033201,0.462166807873
5.225397,0.9826783774,-0.607467089269,0.581368791144,0.183114537223,0.845860816853,-0.190052901365,0.46353903768
5.235425,0.982873912605,-0.606999814073,0.582975343121,0.182563840628,0.845497529921,-0.190004944915,0.464437823503
5.245430,0.982171235279,-0.607467021085,0.585601290887,0.183210094991,0.844605357689,-0.189825036503,0.465877995159
5.255391,0.982422101415,-0.60764713895,0.586682289721,0.183255198221,0.844164828017,-0.189416202403,0.466824140048
5.265437,0.982552698438,-0.607135782275,0.589457871482,0.183031866481,0.843358227497,-0.189040629983,0.468518810914
5.275517,0.982685075018,-0.606922909752,0.591885691499,0.182504257399,0.842631383294,-0.189084596779,0.470012301094
5.285709,0.982967378548,-0.606208437677,0.594265190947,0.18216143678,0.841880093428,-0.188702597281,0.47164228926
5.295516,0.982734791867,-0.606988393955,0.596113983713,0.182213859079,0.841097561076,-0.189215426781,0.472811299124
5.305538,0.98286351118,-0.606825917681,0.59881412964,0.181947775731,0.840213408731,-0.189359230207,0.47442545951
5.315524,0.983224625073,-0.605870028254,0.600785049245,0.181603628897,0.839596510368,-0.188531414985,0.475976603746
5.325492,0.98338218062,-0.605989182168,0.60320612171,0.181386226848,0.838704321061,-0.1884778747,0.477650697992
5.335472,0.983771619141,-0.60554702317,0.605699723017,0.180443205754,0.83786905071,-0.189091185855,0.47922878335
5.345487,0.983260272091,-0.606670985483,0.608447649305,0.181044724425,0.836701701415,-0.189377967569,0.480925208329
5.355505,0.984217587494,-0.605435544046,0.610958387381,0.180199457959,0.835779521897,-0.189003413206,0.482989084686
5.365522,0.984046280854,-0.6059787088,0.613354250208,0.179756150366,0.834907556992,-0.189778280675,0.484356585449
5.375493,0.984691189279,-0.605042511786,0.61486970359,0.179211126871,0.834403601284,-0.188990861416,0.485732906515
5.385506,0.984931831532,-0.604380356391,0.617176928187,0.179237631893,0.833570016616,-0.188498798686,0.487342899411
5.395465,0.98469725677,-0.604723823423,0.619666337757,0.178993846774,0.832653529868,-0.188995395038,0.488804708109
5.405479,0.985140548754,-0.604486098954,0.62077677413,0.178596890751,0.832219573099,-0.188660824368,0.489817135382
5.415504,0.985478873657,-0.603766729636,0.623005471389,0.178241311852,0.831449203959,-0.188534763227,0.491301230449
5.425483,0.985526913982,-0.603880099668,0.625455356555,0.177851922897,0.830498345364,-0.189113415879,0.492825839221
5.435465,0.985336194432,-0.604156271379,0.627580763228,0.177603832306,0.829813091329,-0.189125489147,0.494063418565
5.445491,0.985793104787,-0.603227867793,0.629053995309,0.177244980764,0.829372137039,-0.188434907432,0.495195275381
5.455597,0.985812160343,-0.603604199744,0.630186741348,0.177059624586,0.828873087953,-0.189026413058,0.495871262099
5.465504,0.985408864493,-0.604057553608,0.63211278664,0.177074654337,0.828238121225,-0.189593868019,0.496709519287
5.475491,0.985817493426,-0.603215864397,0.634306943671,0.176500057817,0.827621685167,-0.189085454013,0.498133282277
5.485492,0.986300687409,-0.602329353654,0.634958086173,0.17551104796,0.827562578251,-0.189366415072,0.498474083544
5.495528,0.986295845936,-0.602394482016,0.636583284122,0.175669183959,0.826950300714,-0.189119333922,0.499527191946
5.505439,0.986350561854,-0.602080574156,0.637241016841,0.174730075728,0.826992949315,-0.189746861959,0.49954798648
5.515557,0.98586985648,-0.602917406452,0.639361890547,0.175436875793,0.82616169867,-0.18925041264,0.500862288039
5.525532,0.986642379118,-0.601511713531,0.640003535895,0.174111120859,0.826088193726,-0.189627273306,0.501303412115
5.535497,0.986223605052,-0.602505389407,0.641399433191,0.174599401224,0.825534047308,-0.1899652188,0.50191812228
5.545531,0.986818343167,-0.601437929446,0.643200741421,0.173217908928,0.825119657339,-0.190244191475,0.50297142534
5.555502,0.987008902301,-0.600754106417,0.644161315856,0.172848939616,0.824928153726,-0.189656722732,0.503633907502
5.565523,0.986748406261,-0.60195092448,0.645346872059,0.172978784493,0.824295609061,-0.190788105717,0.504197369802
5.575498,0.986862832801,-0.601991228036,0.646944078675,0.173068509192,0.823590177112,-0.190778967508,0.505321577658
5.585574,0.986802815002,-0.60221659361,0.647760262133,0.172796930124,0.823306732643,-0.191174798093,0.505726647013
5.595523,0.987569971076,-0.601096659482,0.649081323511,0.171565297134,0.822948674114,-0.191285444472,0.506686004668
5.605495,0.987722416717,-0.601721321379,0.649566316036,0.171729919725,0.822496600671,-0.191682186682,0.507214073014
5.615446,0.988246081053,-0.601345704544,0.650936921058,0.171125239056,0.821916769137,-0.191848952747,0.508294163354
5.625465,0.988563961691,-0.60104063931,0.652177262388,0.170522531449,0.821401806098,-0.192063688848,0.509247168508
5.635476,0.988977140028,-0.600568908368,0.653559304828,0.169986178406,0.820855481452,-0.1923368741,0.510203395306
5.645505,0.989216479618,-0.601275991513,0.655552099804,0.169897486109,0.81984594663,-0.192177635293,0.511913297835
5.655468,0.98935993591,-0.601565405377,0.657605368246,0.169335791241,0.818852010086,-0.193450764625,0.51320909681
5.665476,0.99073739525,-0.600159576119,0.658164627337,0.168124157624,0.818532148119,-0.193270830956,0.514184573885
5.675479,0.990205775734,-0.601951539333,0.660228826256,0.168680254837,0.817357873615,-0.194269663299,0.515492362688
5.685464,0.990368786389,-0.602422042663,0.662238921759,0.168291150252,0.816320826767,-0.195239417157,0.516894541006
5.695472,0.991093697937,-0.601843104128,0.664124052893,0.167528719515,0.815376598963,-0.195409926989,0.518565415773
5.705435,0.992463224741,-0.600747877771,0.665093349915,0.166571326299,0.814641275162,-0.195095700014,0.520145416103
5.715462,0.992509508587,-0.601930984994,0.66683193117,0.166450854729,0.813547738902,-0.196466817259,0.521377961947
5.725468,0.993219424437,-0.601821637103,0.667242063054,0.166114000253,0.81305777948,-0.196374079668,0.522283837565
5.735457,0.993692109861,-0.602095165636,0.668403333662,0.165684868541,0.812271053501,-0.197067781491,0.52338183908
5.745473,0.99423424118,-0.602100141201,0.670398660937,0.164880769383,0.81116586549,-0.198009741221,0.524991821777
5.755476,0.994397885747,-0.602649624164,0.672339790644,0.164717692795,0.810051246841,-0.198491884884,0.526579557908
5.765458,0.99475245424,-0.603005032996,0.673761117488,0.164765495821,0.809040358925,-0.198684566006,0.528044005976
5.775720,0.99546470586,-0.603039087067,0.674966138249,0.164260394758,0.808116873505,-0.19912939987,0.529446053511
5.785635,0.995876507417,-0.603550478431,0.676470788255,0.163790507026,0.807100034049,-0.199890258388,0.530854113149
5.795681,0.996302425095,-0.603818845797,0.677546999851,0.16322030929,0.806348639633,-0.200695273076,0.531866909445
5.805668,0.996491309751,-0.604852313908,0.679577487025,0.163303860164,0.804970201724,-0.201291164664,0.533700937436
5.815525,0.996685701898,-0.605093420994,0.680751241843,0.163174093915,0.804188107544,-0.201830013607,0.534715203045
5.825444,0.9973247087,-0.604697288677,0.682319293996,0.162672737247,0.803291988211,-0.201714631484,0.536256253742
5.835513,0.997474138171,-0.605670207153,0.683399779245,0.162561102012,0.802439589236,-0.20261985732,0.537224149828
5.845507,0.9980268121,-0.605333680673,0.685043498894,0.162100315669,0.801417691906,-0.202980361069,0.53875053947
5.855519,0.997996855915,-0.607181734049,0.685835357376,0.162233621059,0.800628097706,-0.203800617165,0.539574100384
5.865583,0.998630852449,-0.606639325252,0.687245298675,0.161686184511,0.799825384615,-0.203761989081,0.540941756264
5.875736,0.998179909764,-0.607406416586,0.688687183236,0.161875599376,0.799053621064,-0.204592308571,0.541711720627
5.885513,0.99840873194,-0.608400715382,0.690052499019,0.161544066087,0.798010250483,-0.205690361235,0.542931515139
5.895477,0.998324960461,-0.608681630205,0.691737821284,0.161604989238,0.797194859143,-0.205566680089,0.544156709089
5.905522,0.998799757487,-0.608932107502,0.691966107359,0.161239618435,0.796763596638,-0.206377323044,0.54458971442
5.915813,0.999164073541,-0.60891660268,0.693517648722,0.160745671998,0.79588887368,-0.206716092176,0.545884774399
5.925569,0.999486883551,-0.608853385263,0.695111075835,0.160578780082,0.794952940127,-0.206872476783,0.5472367465
5.935477,0.999225581488,-0.60990435271,0.696636401291,0.160871562182,0.794020528897,-0.20744530681,0.548286590073
5.945510,0.999527289229,-0.610446559197,0.697068867797,0.160425323492,0.793610334711,-0.208227286276,0.548714633915
5.955470,0.999581062125,-0.610382211277,0.699132667138,0.160247643575,0.792640718253,-0.208334993036,0.550125363142
5.965463,1.00001698965,-0.610167687415,0.69962999254,0.159743302724,0.79232888107,-0.208339716766,0.550719151542
5.975494,1.00014602221,-0.610348775906,0.700227082886,0.159263831748,0.792006394171,-0.209185342511,0.551001266758
5.985506,0.999808251742,-0.611360163733,0.701242853622,0.159669239495,0.791353923594,-0.209380484122,0.551746784712
5.995747,1.00030834804,-0.6108090264,0.702507908206,0.158967894853,0.790779432942,-0.209526477532,0.552716701444
6.005517,1.00068319894,-0.610241272501,0.70289614655,0.158628856519,0.790621796635,-0.209249849606,0.553144249725
6.015694,1.0001536719,-0.611490065764,0.7043044103,0.158686106707,0.789919212562,-0.210319947786,0.553725452483
6.025630,1.00036748731,-0.611458746244,0.706448486891,0.158376856206,0.788761934741,-0.210928330651,0.555230241477
6.035674,1.0008141221,-0.611034553916,0.706301591545,0.157898533595,0.78892633243,-0.21053347862,0.555282765325
6.045479,1.00040596165,-0.612568166734,0.707222003695,0.158111666901,0.78832978804,-0.211703978704,0.555624217866
6.055533,1.00036472151,-0.612955775654,0.70754295249,0.157995201436,0.788164683605,-0.211829377802,0.555843739319
6.065521,1.00005687706,-0.613373241364,0.708524534031,0.157998669018,0.787861367897,-0.212132193066,0.556157188418
6.075399,1.00034502301,-0.613172651685,0.70954125126,0.157796168211,0.787324842743,-0.212150401943,0.556966936409
6.085424,0.99981682077,-0.614177108762,0.710453944011,0.157472235345,0.787025761827,-0.213390005228,0.557007765642
6.095447,1.00018971999,-0.614275843426,0.711211227811,0.157506745074,0.786478311563,-0.213218946063,0.557836151336
6.105487,1.00024495221,-0.6145601296,0.711996938759,0.157307848568,0.786113751132,-0.213472833541,0.558308839621
6.115444,1.00040088694,-0.614364618895,0.713155195684,0.156620250992,0.78571720423,-0.213869150798,0.558908363056
6.125438,1.00081327239,-0.614970326895,0.713512325879,0.156387331995,0.785304979929,-0.214261001637,0.559402640384
6.135425,1.00032976772,-0.615132238765,0.716145083468,0.156220675293,0.784305001246,-0.215010238548,0.560563433476
6.145424,1.00066751566,-0.615025335782,0.716892999883,0.155731059118,0.783923765816,-0.215181646955,0.561166842774
6.155534,1.00028154871,-0.616009927365,0.717325496597,0.155653208015,0.783776898053,-0.215810762332,0.561152000598
6.165596,1.00038329531,-0.616160352345,0.717883630777,0.15563195189,0.783606614532,-0.215659706126,0.561453702781
6.175679,1.00028445086,-0.616570012909,0.719215468314,0.155113721105,0.783058358592,-0.216660457378,0.561976500196
6.185502,1.00027928408,-0.616422518924,0.720215324586,0.154716933048,0.782787020658,-0.216858734754,0.562387268774
6.195511,1.00035943018,-0.617082383949,0.721230593771,0.154436071572,0.78223156183,-0.217463207299,0.563003585198
6.205548,0.999876144517,-0.618730917979,0.721512626937,0.154846546799,0.781978826809,-0.218215323036,0.562950916297
6.215540,1.00017184881,-0.61858076129,0.722346853858,0.154477833448,0.781618268836,-0.218133005438,0.563584485888
6.225544,1.00006714264,-0.618570256246,0.723973256081,0.154144049864,0.781050188261,-0.218262008911,0.564412890334
6.235524,1.00035362246,-0.618563235925,0.724737238973,0.153442625713,0.780751750685,-0.218992848714,0.564733739588
6.245494,0.999817364836,-0.619440872627,0.726952706144,0.153661013837,0.779712824454,-0.219259707011,0.566004757126
6.255481,1.00020487372,-0.619327535137,0.727346763963,0.152987120282,0.779508278312,-0.219898981838,0.56622100178
6.265545,1.00058435413,-0.618943761907,0.72848241081,0.152773442838,0.778969236359,-0.219339488969,0.567236628356
6.275497,1.00104158897,-0.619159854521,0.729129991588,0.152159229052,0.778574598915,-0.21984741256,0.567746667211
6.285471,1.00069405635,-0.619589570625,0.731316872669,0.151679526455,0.777678349295,-0.220704254458,0.568770022379
6.295493,1.00067432253,-0.620348125216,0.731893620765,0.15201282456,0.777265390742,-0.220580064941,0.569293464282
6.305492,1.00077283618,-0.620172080869,0.733185484078,0.151120511904,0.776876018869,-0.221266779401,0.569795800723
6.315475,1.00126698838,-0.620189250917,0.734129485452,0.150494636063,0.776304230457,-0.221334845726,0.570713581718
6.325497,1.00094095057,-0.620841203185,0.735370704836,0.150609700809,0.775765307012,-0.222122075543,0.571110050704
6.335453,1.00107994537,-0.621075986997,0.737162552353,0.150030035222,0.774786549463,-0.222574870474,0.57241350293
6.345490,1.00184344164,-0.620632275057,0.737282989683,0.149531683831,0.774598206357,-0.222363501969,0.572880761792
6.355472,1.00195387191,-0.620666484411,0.738402859443,0.149125118858,0.774161471168,-0.22219533217,0.573641830628
6.365637,1.00150718211,-0.621776997287,0.740659373616,0.148784644395,0.773044121939,-0.22377567303,0.574621930741
6.375581,1.00247474476,-0.620836173386,0.74138481341,0.147797002948,0.77273510097,-0.22343997206,0.575422530436
6.385498,1.00268235924,-0.620580795813,0.742876071498,0.147337781104,0.772049846012,-0.223342824947,0.576496830933
6.395597,1.002644758,-0.6216569966,0.743967136314,0.1472969614,0.771290687453,-0.223944223999,0.577289585172
6.405667,1.00313129292,-0.621039555602,0.744908361354,0.146680995005,0.770802304481,-0.22388795342,0.578119950724
6.415633,1.00250124473,-0.62192999994,0.747728068152,0.146064955294,0.769674946027,-0.225287864389,0.579233013952
6.425651,1.00309588242,-0.621739029757,0.748329809721,0.14591510007,0.769232743907,-0.224513165496,0.580158260987
6.435576,1.0035726032,-0.621742590347,0.749244483559,0.144869186098,0.768733543245,-0.225339649248,0.580761311458
6.445536,1.00373187399,-0.621519889179,0.750733286401,0.144796386934,0.767991424055,-0.225106564087,0.581850679912
6.455468,1.00385230198,-0.621844663123,0.751362613746,0.144319572371,0.767623696633,-0.225748490473,0.582205582632
6.465491,1.00370560204,-0.623337302324,0.752036913813,0.144455108437,0.767080801502,-0.226374621184,0.582644228066
6.475496,1.00419646395,-0.622298755971,0.754271309715,0.143359481921,0.766104464625,-0.226432821142,0.584174790396
6.485523,1.00442127021,-0.621978760783,0.755290685462,0.143003049148,0.765680161293,-0.226121625128,0.58493848325
6.495475,1.00478299099,-0.622102078035,0.756402102292,0.142527880797,0.765084448531,-0.226149799102,0.585822377669
6.505440,1.00522977731,-0.621392174097,0.758036999265,0.141549627151,0.764342018665,-0.22635242691,0.586949367824
6.515438,1.00498021079,-0.62268012727,0.758425887882,0.141830953124,0.763964297717,-0.226870993007,0.587172960108
6.525428,1.00550240686,-0.622077792462,0.759432189875,0.140700408242,0.763576827733,-0.227354924367,0.587761483628
6.535500,1.00578673122,-0.621326435752,0.76138017328,0.140163710714,0.762815962104,-0.226959672399,0.589029073359
6.545460,1.00569634389,-0.622534657905,0.76203991533,0.140219439211,0.76217014842,-0.227555322181,0.589621699967
6.555449,1.00579498216,-0.621868261729,0.763901611744,0.139625116955,0.761441309524,-0.227538235553,0.590710005186
6.565423,1.0063001824,-0.621641535635,0.764118739505,0.138986627214,0.761292785823,-0.22766080321,0.591004712664
6.575479,1.00583357916,-0.622834019223,0.766072796702,0.138771348604,0.760298105093,-0.228560725388,0.591987583492
6.585467,1.00634982341,-0.622101273504,0.767000598938,0.13814432885,0.759857075208,-0.228571038996,0.592696085524
6.595488,1.00647669857,-0.62198603113,0.768141117988,0.137638011603,0.759444198034,-0.228412367717,0.593403806955
6.605533,1.0061704678,-0.623017193089,0.769325640027,0.137568504754,0.758739071245,-0.229088859214,0.594060790535
6.615525,1.0064626919,-0.622904188009,0.770193591439,0.136797672215,0.758227744046,-0.229917648754,0.59457124033
6.625471,1.0068144835,-0.622028158683,0.771894862032,0.136243617522,0.757521370631,-0.229352873878,0.595815666936
6.635528,1.00618937438,-0.623251669561,0.773121474439,0.13624772184,0.756934817125,-0.230268205362,0.59620700643
6.645467,1.0060973571,-0.62370177481,0.774200804805,0.136223225549,0.756334018879,-0.230662108634,0.596822483112
6.655469,1.00613613725,-0.623862729879,0.774870744191,0.135652578547,0.756048865603,-0.231153042082,0.597123740853
6.665462,1.00639602994,-0.623299919247,0.776397575158,0.135171206103,0.755355418497,-0.231058905189,0.598146068382
6.675463,1.00589781657,-0.624205703647,0.777300954905,0.134968219225,0.755047229986,-0.231918161066,0.598248465821
6.685514,1.00702464591,-0.622655367929,0.778251498117,0.133654714093,0.754529134149,-0.231603771562,0.599317859002
6.695439,1.00594652478,-0.624634644641,0.779546125377,0.134094037796,0.753921954747,-0.232738941163,0.59954404379
6.705434,1.00616719993,-0.624144343718,0.780702637629,0.133730187463,0.753375215392,-0.232682523187,0.60033396139
6.715421,1.00601865518,-0.624728068449,0.781627221314,0.133333487297,0.752888374163,-0.233326869982,0.600782696954
6.725412,1.00632658347,-0.623763644102,0.782756960286,0.132729268032,0.752545283412,-0.232921663465,0.601503147548
6.735493,1.00568229651,-0.625342968923,0.783619262787,0.133032854151,0.752041160317,-0.233967112081,0.60166082087
6.745469,1.00623288547,-0.624039077038,0.785283472188,0.131789072519,0.751351581448,-0.234026601755,0.602771922945
6.755571,1.00614852834,-0.623774865604,0.786574922331,0.13150325329,0.750819268684,-0.233909370715,0.603542646744
6.765484,1.00594751266,-0.624527753893,0.787307428726,0.131434082064,0.750477920082,-0.234408675601,0.60378849471
6.775510,1.00539093277,-0.625228874301,0.7892745222,0.131057936593,0.749552863455,-0.235464003441,0.604608158419
6.785444,1.00596360922,-0.624158224866,0.789751217347,0.12990803069,0.749516457207,-0.235880369256,0.604739146523
6.795501,1.00586549008,-0.624316205826,0.79055207207,0.129951844354,0.749082049398,-0.235892977617,0.605262839211
6.805496,1.00615181184,-0.624209202323,0.791003274948,0.129342341137,0.748899419585,-0.236058683425,0.605554717688
6.815452,1.00587810661,-0.624206665659,0.792369805127,0.129139837097,0.748333988631,-0.23638288393,0.606170170925
6.825490,1.00538574358,-0.625125514532,0.793537501633,0.128979142744,0.747739443092,-0.23715659974,0.606635684066
6.835450,1.00513404882,-0.625340412709,0.793812229367,0.12881252251,0.747812784801,-0.237771528594,0.606339899004
6.845535,1.00498022417,-0.625383733629,0.795606415715,0.128461251756,0.74694049213,-0.238074021669,0.607370042248
6.855548,1.00495928166,-0.625619107913,0.796449070936,0.128341897762,0.746484765665,-0.238171189863,0.607917211657
6.865626,1.0049585331,-0.625352368416,0.797057644574,0.127771289256,0.746338615092,-0.238603829549,0.608047187139
6.875554,1.00520730264,-0.624971180982,0.798160102464,0.126702930492,0.745885028045,-0.2391157994,0.60862593341
6.885504,1.00522799026,-0.624591258175,0.799186008414,0.126509686366,0.745455462136,-0.238968350582,0.609250014893
6.895472,1.00500831764,-0.625176511261,0.799735029337,0.126454122804,0.745146319132,-0.239656689481,0.609369337181
6.905492,1.00469610129,-0.625162629596,0.800946928228,0.125995240345,0.744747932242,-0.24018127905,0.609744758096
6.915503,1.00470764878,-0.625180712643,0.802062241324,0.125806458501,0.744182259772,-0.24011085108,0.610501661287
6.925437,1.00476921687,-0.62467432476,0.803151087837,0.125209001768,0.743742701596,-0.240220163908,0.61111682398
6.935436,1.00473761587,-0.625000946226,0.804230621075,0.124775179839,0.743122931038,-0.240883676307,0.611698061424
6.945438,1.00503717631,-0.624092477033,0.804783554709,0.124336208189,0.742925484976,-0.240691149181,0.612102934001
6.955390,1.00483273556,-0.624287968288,0.805402340375,0.123893044291,0.74283786717,-0.240994832821,0.612179636405
6.965385,1.0054444112,-0.6234693503,0.805991345607,0.122982085421,0.742489442702,-0.241420506609,0.61261812994
6.975319,1.0049736007,-0.624247310851,0.807229877792,0.122913221884,0.741854523572,-0.241839159368,0.613235702433
6.985349,1.00428851978,-0.624991297823,0.808876586488,0.122776330526,0.741064367174,-0.243046733029,0.613740875233
6.995326,1.0043936166,-0.624120890547,0.810037111775,0.122382546718,0.740660423558,-0.24275957977,0.614420406289
7.005596,1.00480849173,-0.623725999066,0.809775217523,0.122048718662,0.740800317423,-0.242593169764,0.614383881594
7.015368,1.00441953715,-0.624835933531,0.810275106185,0.121955813189,0.740460941144,-0.243656715371,0.61439057555
7.025330,1.00458928585,-0.623712213527,0.811227927113,0.121070145095,0.740306957171,-0.243826174723,0.614684004714
7.035545,1.00532656814,-0.622346500482,0.812459579767,0.119913376949,0.739640546041,-0.243568026567,0.615814307332
7.045355,1.00448065811,-0.623034082607,0.813614544354,0.120182491756,0.739311433251,-0.244040810495,0.615969850035
7.055349,1.00487655804,-0.622567841515,0.814434519301,0.119402125049,0.738761980458,-0.244586746146,0.61656402131
7.065376,1.00435191283,-0.622893785404,0.81541254797,0.119231225343,0.738513043889,-0.244973490907,0.616741751191
7.075368,1.00456107161,-0.622273847315,0.816293715403,0.118468069007,0.738148596377,-0.245390594212,0.617159154972
7.085349,1.00446479834,-0.621792130869,0.817767765057,0.118312165601,0.737482078332,-0.245064528399,0.61811470823
7.095363,1.00480399814,-0.621846463133,0.816896750239,0.117970888225,0.737975482416,-0.24527758448,0.617506245665
7.105331,1.00432488966,-0.62235359773,0.81796681353,0.117885854087,0.737468911448,-0.246173889737,0.617770949516
7.115351,1.00445806763,-0.621528562822,0.819715882114,0.116758401091,0.736653986581,-0.246684968239,0.618752702034
7.125368,1.0038526762,-0.621442637481,0.821033017518,0.116824009303,0.736335914343,-0.246406084418,0.619229855272
7.135300,1.00436662751,-0.620976416335,0.821646486087,0.115865794643,0.735829467846,-0.247422017142,0.619606695666
7.145353,1.00421594203,-0.621390928214,0.821342799136,0.115958252331,0.736087229447,-0.247614866045,0.619206066245
7.155348,1.00418248986,-0.620714660663,0.823063664188,0.115460190219,0.735371895784,-0.247385235182,0.620240005788
7.165309,1.00391336068,-0.620908762126,0.82341301722,0.115478516155,0.735239760384,-0.247714502896,0.620261825451
7.175308,1.00434271527,-0.620377860695,0.823794921032,0.114996723538,0.734994083753,-0.247278213118,0.620816346226
7.185328,1.00452213865,-0.619619359103,0.825360728929,0.113731946231,0.734293171509,-0.248189467781,0.621514738976
7.195319,1.00395687627,-0.619873710346,0.82634021782,0.11402252893,0.733922554341,-0.248359380361,0.621831299721
7.205352,1.00423961584,-0.619759223384,0.826786811745,0.113456823116,0.733578367268,-0.248724539692,0.622194850284
7.215366,1.00419513197,-0.619289776675,0.827349252114,0.11296448098,0.73357921854,-0.248653422034,0.622311844556
7.225365,1.00380768051,-0.6193991028,0.828761678394,0.11257708998,0.732937609818,-0.249579452114,0.622767176406
7.235497,1.00421011037,-0.618217795695,0.829533155871,0.111686277573,0.73268207679,-0.249405830799,0.623297586483
7.245434,1.00416482141,-0.617349208139,0.83120976588,0.111200307104,0.73194219204,-0.24933994002,0.624279355355
7.255448,1.00381243674,-0.617777235476,0.832108731304,0.110989865999,0.731539354546,-0.24987211177,0.624576136396
7.265408,1.00427903934,-0.617020309829,0.832307884263,0.110100742519,0.731497627602,-0.250285972849,0.624616665728
7.275409,1.00411695482,-0.616673019347,0.83358100241,0.10971920158,0.730920056421,-0.250462280094,0.625288904568
7.285408,1.00428658445,-0.616324180685,0.834373390863,0.109199733114,0.73053737577,-0.250318457862,0.625884358763
7.295410,1.00452520245,-0.614949302654,0.835752054645,0.108159816952,0.729984281475,-0.250718634734,0.626549733855
7.305681,1.00416678429,-0.615521133551,0.836228406535,0.108501881656,0.729755771908,-0.250845064193,0.62670615827
7.315388,1.00416101943,-0.615488650367,0.836633377558,0.107939890806,0.729591619204,-0.251457788912,0.626748777067
7.325521,1.00359056207,-0.615132094112,0.838224334373,0.107409683728,0.729126431077,-0.251971239078,0.627174857615
7.335449,1.0040228472,-0.614562477656,0.838915210647,0.106771513675,0.728646660865,-0.252119242798,0.627781629939
7.345563,1.00398151026,-0.614217132702,0.839564367931,0.106403686581,0.72843280772,-0.252260503671,0.628035459513
7.355486,1.00397643956,-0.613888469097,0.840854659066,0.10563909884,0.727750069653,-0.253012534889,0.628653222457
7.365467,1.00453664777,-0.612166783226,0.841961978969,0.104652450099,0.727302131079,-0.252371748154,0.629593500244
7.375483,1.00404206314,-0.613094211366,0.842432050833,0.104990254113,0.727076840016,-0.252740464019,0.629649563727
7.385446,1.0041304807,-0.61195804377,0.843561760201,0.103964228225,0.726767252128,-0.253072057691,0.630043914422
7.395466,1.00417823244,-0.611145048959,0.844496410059,0.103304877498,0.726490300712,-0.252956618534,0.630517957236
7.405456,1.00416200865,-0.610547363995,0.845636430313,0.103043101377,0.725952055873,-0.252650400811,0.631303022963
7.415457,1.00462917425,-0.609440615365,0.846364211612,0.101797017726,0.725605093013,-0.253278568248,0.631652264337
7.425459,1.00401810415,-0.609856584042,0.847622109408,0.101903835056,0.725062162867,-0.253768592289,0.632061682075
7.435454,1.00419016783,-0.609005388084,0.848264382095,0.101457894974,0.72483793969,-0.253417558015,0.632531262487
7.445535,1.00381990135,-0.608949929401,0.849547496302,0.1006929406,0.724300770954,-0.254575002211,0.632803992685
7.455457,1.00428611037,-0.607604272042,0.850192682409,0.100108812545,0.724104414914,-0.253715400667,0.633466271728
7.465497,1.00393247421,-0.607282785005,0.851699684196,0.0998526356585,0.723412132395,-0.25392641911,0.634212670587
7.475434,1.00414909738,-0.606626536347,0.852167021736,0.0990128227276,0.723295446542,-0.254172720882,0.634378740112
7.485447,1.00316687867,-0.60685621606,0.854135318544,0.0991911472145,0.722467776312,-0.254707201252,0.635079262876
7.495475,1.00302865986,-0.606054665656,0.855129290913,0.0985285269085,0.722276236226,-0.254727846202,0.635391920264
7.505434,1.00317237647,-0.605865498219,0.855366947228,0.0980635094467,0.722126860164,-0.255031329035,0.635511893795
7.515456,1.00328998226,-0.605112429044,0.856290712799,0.0976139949412,0.721660264216,-0.254994959986,0.636125413283
7.525465,1.00302574135,-0.604806026996,0.857170855039,0.0975941934594,0.721276641486,-0.254848948688,0.636621860449
7.535458,1.0028445945,-0.604551995168,0.858207086508,0.0969455273445,0.720850622161,-0.255438384779,0.636967170928
7.545451,1.00285346769,-0.603426215019,0.859488445222,0.0966051209118,0.720297577526,-0.254847408811,0.637880591212
7.555462,1.00273764081,-0.603108346574,0.860200257516,0.0964106483006,0.720025228035,-0.254869793442,0.63820846616
7.565493,1.00218936497,-0.603105095663,0.862052829008,0.0957999151341,0.719123350903,-0.255858706541,0.638921203854
7.575441,1.00262988597,-0.601577375142,0.862196809045,0.0951932521395,0.719294958582,-0.25494757841,0.639182868644
7.585434,1.0016651871,-0.602208604067,0.86297852735,0.0956266937424,0.719160565801,-0.255561474126,0.639024216273
7.595683,1.0013383194,-0.601362141177,0.865105120809,0.0953370830329,0.718132315653,-0.255055766867,0.640424369931
7.605460,1.00082911733,-0.600824939046,0.866603199129,0.0950045711916,0.71757818267,-0.255184181412,0.641043459342
7.615492,1.00142948392,-0.59997270836,0.866137015459,0.0947833633281,0.717794791017,-0.254684357827,0.641032471801
7.625483,1.00072028937,-0.599192510752,0.868361895795,0.094154600864,0.716983328078,-0.254852012372,0.641965941607
7.635471,1.00052743299,-0.598513338206,0.869655346274,0.0939357216781,0.716394817624,-0.254565200102,0.642768313136
7.645507,1.00000613728,-0.599451685946,0.870341690637,0.0940701431407,0.715969195866,-0.255356048778,0.642909174839
7.655484,1.00006330642,-0.597926851221,0.871712968876,0.093232878671,0.715444466557,-0.255044886469,0.643738263189
7.665500,0.999789052734,-0.597081362578,0.872775231687,0.0930300949787,0.715196542735,-0.254400142745,0.644297969932
7.675531,0.999363790832,-0.596736938529,0.874050703552,0.0927126944125,0.714676139376,-0.254753562274,0.644781354112
7.685469,0.999322106822,-0.596202539339,0.874879191777,0.092282781059,0.71434221009,-0.254402157626,0.645351561088
7.695461,0.999235732832,-0.59509942543,0.87564044588,0.0920896608721,0.714204051249,-0.253763512306,0.645783359465
7.705495,0.99859032319,-0.595215360191,0.877051286587,0.0921320468006,0.713545919415,-0.254108274659,0.646369005745
7.715567,0.99773969137,-0.595086608364,0.878790955238,0.0921274735073,0.712917552482,-0.254138987486,0.647050590779
7.725560,0.997167382915,-0.594660903027,0.880369263546,0.0917430966642,0.712304042468,-0.254409447679,0.647674291778
7.735498,0.996875454062,-0.593838673028,0.881290096242,0.0917974162267,0.712083190029,-0.25374551404,0.648169714625
7.745470,0.996617634871,-0.594163226055,0.881532695108,0.0919497694572,0.711981548317,-0.25384406643,0.648221185007
7.755472,0.996223396575,-0.592567306769,0.883454639684,0.091411881903,0.711324831932,-0.253128803864,0.649297050646
7.765454,0.996021155755,-0.592632653562,0.884464995432,0.0908574387445,0.710731469958,-0.253985288847,0.649690061865
7.775457,0.995508336577,-0.591629016461,0.886027652481,0.0905909153296,0.710225651018,-0.253630936594,0.650418448922
7.785487,0.99542006261,-0.590937405286,0.887109371841,0.0907315932086,0.709686869591,-0.25267350829,0.651358905161
7.795467,0.994506094315,-0.591562883478,0.888464429133,0.090569794291,0.70913685656,-0.253672199386,0.651592239279
7.805489,0.99427559773,-0.589830007706,0.890394396387,0.0900517594846,0.708346174992,-0.252960181361,0.652799757686
7.815453,0.994205096209,-0.589300406363,0.890485705074,0.0897680148735,0.708596795286,-0.252539182142,0.652729842047
7.825472,0.992955631067,-0.589792422722,0.892674083859,0.0900170362832,0.70762639622,-0.252901229763,0.653607515667
7.835508,0.992801557666,-0.589156641361,0.893596637703,0.0900088167528,0.707221717953,-0.252198234543,0.654317892967
7.845534,0.992643872196,-0.588477602675,0.894084693921,0.0899315839461,0.707203751334,-0.25161166887,0.6545737028
7.855453,0.992083045392,-0.587425004746,0.896361358619,0.0893437269431,0.706161878359,-0.25168535079,0.655749635308
7.865441,0.991323471472,-0.587022027886,0.897956511408,0.0892800126853,0.705633947271,-0.251585209682,0.656364756872
7.875460,0.991586415066,-0.585740699854,0.898063685134,0.0891312581062,0.705766376239,-0.250382347929,0.656702459904
7.885472,0.991234909601,-0.585832988818,0.89894767637,0.0888025341393,0.705361419192,-0.250714297916,0.657055339424
7.895474,0.991044947232,-0.584897503308,0.900079021646,0.0884317631485,0.704997812329,-0.250067854494,0.657741572372
7.905447,0.990261657966,-0.584917695352,0.901500272793,0.08879666549,0.704421622087,-0.249614795568,0.658481422948
7.915537,0.989583625969,-0.584684960717,0.903169203623,0.0886249003751,0.703646259587,-0.249714132541,0.65929539693
7.925485,0.989389154605,-0.583493127763,0.904233223793,0.0885019599784,0.703303643522,-0.248952080181,0.659965339895
7.935507,0.989125557866,-0.582763829045,0.905565646065,0.0882439265174,0.702714599302,-0.248348753838,0.660854066968
7.945481,0.989036936721,-0.581991173563,0.906178061135,0.0878770295385,0.702573075854,-0.24785434141,0.661238932769
7.955442,0.988545609179,-0.581746733485,0.907526818144,0.0879197919551,0.70188351375,-0.247726122706,0.662013150502
7.965510,0.988410041987,-0.581278506796,0.907783031481,0.0877612797097,0.702030394152,-0.247143999253,0.662096010488
7.975482,0.987915515654,-0.581034102676,0.909131797728,0.0878039160272,0.701339655485,-0.247015966869,0.662869724823
