0.621164 1.26783512119 -0.605922411215 -0.15569904997 0.94339818455 0.0912718568792 1.21874773597 0.16835439147 0.0 -0.0 -0.0 0.0 0.0 0.0 0.0 0.0 -0.0 -0.0 0.0 0.0 0.0 0.0 
0.631116616505 1.26783512119 -0.606671273724 -0.15569904997 0.943772615804 0.0912718568792 1.21837330472 0.169103253979 0.0 -0.0752427774507 0.0 0.0376213887253 0.0 -0.0376213880387 0.0752427774507 0.0 -7.56010014191 0.0 3.78005007095 0.0 -3.78005000196 7.56010014191 
0.64106923301 1.26783512119 -0.605951852272 -0.15569904997 0.944150454415 0.0909030822106 1.21836424078 0.168015057858 0.0 0.0722846551447 0.0 0.0379637465231 -0.037053037096 -0.000910709507053 -0.109337692241 0.0 14.8229797183 0.0 0.0343987731841 -3.72294432102 3.6885454708 -18.5459240393 
0.651021849515 1.26709870804 -0.606658824355 -0.15606725654 0.943428761804 0.0912565682521 1.21910065392 0.169075515983 -0.0739919140967 -0.0710337912118 -0.0369959567589 -0.0725128522722 0.0355168956059 0.073991913132 0.106550686818 -7.43441828192 -14.4000772346 -3.71720911188 -11.1002567758 7.29154315014 7.52592271615 21.6916203848 
0.660974466019 1.26743362803 -0.60595840713 -0.156448042407 0.94376368179 0.0912718568792 1.21913123117 0.168390387385 0.0336514511226 0.0703751846989 -0.0382598753297 0.0336514508633 0.00153614149011 0.00307228296421 -0.0688390432088 10.8155845417 14.2082211087 -0.126993597125 10.6669741654 -3.41425333722 -7.12572720281 -17.6224744459 
0.670927082524 1.26709116474 -0.606282872467 -0.155745117861 0.943781679747 0.0919927793822 1.21841030867 0.167633468967 -0.0344093733132 -0.0326010086346 0.0706271104975 0.00180836440947 0.0724354748975 -0.0724354745292 -0.0760522037259 -6.8384855784 -10.3466453553 10.9405386789 -3.19946884705 7.12368786367 -7.58672430075 -0.724750171332 
0.680879699029 1.26778970386 -0.606666692943 -0.15569904997 0.944142466277 0.0913172742112 1.21980738691 0.167948187607 0.0701864802758 -0.0385647810567 0.00462872159111 0.0362504201666 -0.0678721189223 0.140372959667 0.03162169867 10.5093824863 -0.599216539614 -6.6312601188 3.46060312284 -14.0975585417 21.382159565 10.8186527978 
0.690832315534 1.26783512119 -0.605598744584 -0.155335497628 0.943801622602 0.0912718568792 1.21880756454 0.168334448615 0.00456335601148 0.107303276312 0.0365283180998 -0.0342466400226 -0.00456335597519 -0.100458243193 0.0388099960877 -6.59355499454 14.6562521822 3.20514675645 -7.08326902326 6.36101701661 -24.1977778148 0.722252024299 
0.700784932039 1.26783512119 -0.606622792184 -0.155676846828 0.943781679747 0.0916331489345 1.21874773597 0.168715683525 0.0 -0.102892299642 -0.0342974332141 -0.00200378014396 0.0363012133632 -0.00601134049458 0.0383049935124 -0.458508173128 -21.1196297829 -7.11629462256 3.23963651799 4.10591218083 9.48965557476 -0.050740684629 
0.710737548544 1.26819337169 -0.606331151101 -0.15569904997 0.944139930254 0.0912971015679 1.21838948547 0.167663135142 0.0359956099609 0.0293029559605 -0.00223088488579 0.035995610524 -0.0337647257321 -0.0359956099609 -0.105755946968 3.61669817613 13.2824625101 3.22192142264 3.81803022848 -7.03995166107 -3.01270218255 -14.4746801417 
0.720690165049 1.26750463108 -0.606305906412 -0.156056042623 0.943451189637 0.0912718568792 1.21800724812 0.168301386383 -0.0692019645749 0.00253648763114 -0.035869226267 -0.0692019648158 -0.00253648763115 -0.0384057141324 0.0641289896405 -10.5698410548 -2.68939010323 -3.37984904419 -10.5698411356 3.13769128809 -0.242157845661 17.0693743224 
0.730642781553 1.26709576221 -0.606305906412 -0.155726681389 0.94339818455 0.0912718568792 1.21833660936 0.16835439147 -0.041081545546 0.0 0.0330929293478 -0.00532574395721 0.0 0.0330929296067 0.00532574396416 2.82542977671 -0.254856361632 6.92904781181 6.41803296927 0.254856361632 7.18390422299 -5.90832025404 
0.740595398058 1.26777575746 -0.606305906412 -0.1560528633 0.94375199788 0.0912718568792 1.21801042745 0.1687082048 0.0683232641975 0.0 -0.0327734833719 0.0355497802911 0.0 -0.0327734836283 0.0355497802911 10.9925676017 0.0 -6.61799966748 4.10701288735 0.0 -6.61799971925 3.03679301942 
0.750548014563 1.26783512119 -0.606305906412 -0.156082545167 0.944132564454 0.0912718568792 1.21868251499 0.169088771375 0.00596463596259 0.0 -0.00298231795797 0.03823784163 0.0 0.067528729179 0.038237841722 -6.26555119495 0.0 2.99329984225 0.270085895267 0.0 10.0779742451 0.270085904504 
0.760500631068 1.26783512119 -0.607005518443 -0.155732739152 0.943815368929 0.0912718568792 1.21909754199 0.168771575849 0.0 -0.0702942819448 0.0351471409724 -0.0318705664042 0.0 0.0417002901832 -0.0318705664874 -0.599303304782 -7.06289465795 3.83109897902 -7.04421877404 0.0 -2.59514058269 -7.04421879162 
0.770453247573 1.26748785018 -0.606725625794 -0.15569904997 0.943434408735 0.0912718568792 1.21843668915 0.168390615655 -0.0348924339962 0.02812251917 0.00338495727663 -0.0382773909911 0.0 -0.0663999097795 -0.0382773909999 -3.5058553677 9.88853544862 -3.19134005417 -0.643732689159 0.0 -10.8614855109 -0.643732681693 
0.780405864078 1.26814016379 -0.606689401609 -0.156043318871 0.94339818455 0.0909275879778 1.21939704748 0.16835439147 0.0655419218988 0.00363966452577 -0.0345907934069 -0.00363966452577 -0.0345907934069 0.096493051117 -0.00363966452577 10.091251466 -2.45994152716 -3.81565497526 3.48026335069 -3.47554770045 16.3668479356 3.48026335158 
0.790358480583 1.26753279801 -0.606689401609 -0.15539672679 0.94339818455 0.0915741800593 1.21780018042 0.16835439147 -0.0610257395565 0.0 0.0649670447169 0.0 0.0649670447169 -0.160446959831 0.0 -12.7170238493 -0.365699263505 10.0031823868 0.365699263505 10.0031823868 -25.8163278795 0.365699263505 
0.800311097087 1.26745162599 -0.606689401609 -0.155655018505 0.94339818455 0.0909764246125 1.21827617785 0.168014927738 -0.00815584689649 0.0 -0.0259521418176 0.0 -0.0600601305742 0.0478263606461 -0.0341079887566 5.31216013741 0.0 -9.135204445 0.0 -12.5622418215 20.926489067 -3.42703737655 
0.810263713592 1.26711348946 -0.606689401609 -0.156375323024 0.94441259413 0.0915646347361 1.2187023773 0.1683090328 -0.0339746366623 0.0 -0.0723733822855 0.101923909101 0.0591010538082 0.0428228548305 0.0295505269041 -2.59417106579 0.0 -4.66422477399 10.2409159492 11.9728499862 -0.502732704827 6.39615880202 
0.820216330097 1.26773908143 -0.607024876924 -0.155795089734 0.943877719511 0.0916553520762 1.21941868661 0.168689866785 0.062857035084 -0.0337072482224 0.0582995727397 -0.0537421108112 0.009114923705 0.0719719587414 0.0382647100749 9.7292678462 -3.38677253423 13.129507699 -15.6407131568 -5.0224109488 2.92878801235 0.87556705983 
0.830168946602 1.26749873821 -0.606400130845 -0.15569904997 0.943108913786 0.0913189690958 1.21816919445 0.168737886667 -0.0241487470275 0.062772043757 0.00964970005333 -0.0772465938244 -0.0337984468918 -0.125544087615 0.00482485002666 -8.7420008667 9.69386210474 -4.88814902721 -2.36163857029 -4.31176772218 -19.8456402153 -3.35990641575 
0.840121563107 1.26711729492 -0.605971575341 -0.155364718899 0.944017682565 0.0909375258083 1.21798074558 0.168069224525 -0.0383259307061 0.0430595817635 0.0335922790492 0.0913095343455 -0.0383259304063 -0.0189346054535 -0.0671845580983 -1.4244679951 -1.98063112187 2.40565674204 16.935860845 -0.454903844863 10.7117040137 -7.23522383183 
0.850074179612 1.26805454184 -0.606251214899 -0.155973162142 0.94383637126 0.0912171653665 1.21995356768 0.168628503642 0.0941709072143 -0.0280970896464 -0.0611339984928 -0.0182174511734 0.0280970896464 0.198221452906 0.0561941792929 13.3127643224 -7.14954418019 -9.51772606688 -11.004843346 6.67392539644 21.8189918453 12.3966132254 
0.860026796117 1.26788783201 -0.606305906412 -0.156413329543 0.943450895371 0.0916026412547 1.21862779489 0.168407102291 -0.0167503521622 -0.0054951894027 -0.0442262997681 -0.0387311103511 0.0387311103654 -0.133208467992 -0.0222455421573 -11.1449345328 2.27095058196 1.69881947289 -2.06113228292 1.06846483171 -33.300782838 -7.88131657759 
0.869979412621 1.26750735394 -0.606633673657 -0.156138273119 0.944053719039 0.0916553520762 1.21869200802 0.16900992596 -0.0382289489442 -0.0329327714969 0.0276365942105 0.0605693656215 0.00529617728636 0.00645188453296 0.0605693657074 -2.1580854413 -2.75682099082 7.22050266315 9.9773236439 -3.35941137315 14.0325262666 8.3209182052 
0.879932029126 1.26777722032 -0.606689401609 -0.156408139496 0.944490769272 0.0910041634176 1.21809654731 0.168144598876 0.0271151188681 -0.00559932675217 -0.027115118656 0.0439130988979 -0.0654288908163 -0.059829563825 -0.08694468272 6.56551649312 2.74635767704 -5.50123807541 -1.67355656831 -7.10617836708 -6.65970082598 -14.8216349294 
0.889884645631 1.26750860706 -0.607342429856 -0.155813012117 0.943895641894 0.0912148758058 1.21896028795 0.16862392452 -0.0269892101111 -0.0656137254817 0.0597960726408 -0.0597960725552 0.021171557059 0.0867852825158 0.0481607669589 -5.43619147314 -6.03001217823 8.73249675141 -10.4202921315 8.70127446717 14.7312866189 13.5748674344 
0.899837262136 1.26777377344 -0.607778539447 -0.15569904997 0.943781679747 0.0912718568792 1.21848693628 0.168093591778 0.026642880581 -0.0438185868972 0.0114504710164 -0.0114504710015 0.0057252355082 -0.0475605249143 -0.0532857607452 5.38874281612 2.1898903242 -4.85757706034 4.85757705325 -1.55198600723 -13.4985415508 -10.1929505326 
0.909789878641 1.26751925273 -0.605944676445 -0.155383181511 0.944413416664 0.0915877253383 1.21836424078 0.168286764732 -0.025573245825 0.184259385591 0.0317372279932 0.0634744559036 0.0317372279932 -0.0123279646722 0.0194092632567 -5.24647225989 22.9163830814 2.03833403677 7.52816376161 2.61358331975 3.54002992328 7.30411183495 
0.919742495146 1.26713344281 -0.606493465538 -0.155633737946 0.944230486967 0.0910189857292 1.21868242395 0.168672574643 -0.0387646720016 -0.0551401827924 -0.0251749311866 -0.0183800609485 -0.0571447326291 0.031969800859 0.0387646716984 -1.32542293478 -24.053932779 -5.71831127544 -8.22442187059 -8.93051194919 4.45086631335 1.94475577676 
0.92969511165 1.26674728071 -0.606368551521 -0.15569904997 0.944165174943 0.0912092117699 1.21842688589 0.168737886667 -0.0388000588287 0.0125508721397 -0.00656229680654 -0.00656229680653 0.0191131689462 -0.0256754652841 0.00656229680654 -0.00355553005236 6.80133258415 1.87012474268 1.18740274341 7.66209584567 -5.79197099727 -3.23556874477 
0.939647728155 1.2666846356 -0.605992065712 -0.15538520927 0.943537493545 0.0912718568792 1.21836424078 0.168424045967 -0.00629433557485 0.0378278223254 0.0315334866356 -0.063066973189 0.00629433568975 -0.00629433557485 -0.0315334866356 3.26604800235 2.53972914292 3.82771539761 -5.67736899688 -1.28798625469 1.94734014918 -3.82771539761 
0.94960034466 1.26699579224 -0.606855881151 -0.155626711418 0.943709341195 0.0915830135247 1.21836424078 0.16835439147 0.0312638028035 -0.086792798509 -0.0242651917607 0.0172665801656 0.0312638033741 0.0 -0.00699861161342 3.77369492334 -12.521392819 -5.60643307909 8.07160140405 2.50883450319 0.632430232973 2.46516833139 
0.959552961165 1.2667547413 -0.606759507313 -0.15569904997 0.943468290254 0.0910285730907 1.21899101976 0.168667780963 -0.0242198558253 0.00968326651764 -0.0072682948749 -0.0242198562674 -0.0557080074097 0.0629763019562 0.0314881511423 -5.57478112431 9.69353787314 1.70778175543 -4.16839495551 -8.73858756051 6.32761263588 3.86699947064 
0.96950557767 1.26730471039 -0.606689401609 -0.156009087369 0.943708221949 0.0911983990808 1.21789108157 0.168427849268 0.0552587443556 0.00704394710671 -0.0311513458294 0.0241073987227 0.0170634516159 -0.11051748934 -0.0241073987227 7.98569905132 -0.265188496878 -2.39967559715 4.85573366225 7.31179172735 -17.4319779338 -5.58602351832 
0.979458194175 1.26806957777 -0.606071449829 -0.156082545167 0.943781679747 0.0909628809893 1.21945110573 0.16835439147 0.0768508835918 0.0620893791533 -0.00738075241967 0.00738075241967 -0.023663937157 0.15674512839 -0.00738075241967 2.16949374324 5.53074983043 2.38837630266 -1.68062803332 -4.09212881387 26.8535030562 1.68062803332 
0.98941081068 1.26791092181 -0.60623010579 -0.155467156017 0.943473985172 0.091196056257 1.21866744327 0.168662086045 -0.0159411302175 -0.0159411307037 0.0618318960971 -0.0309159480485 0.0234285393761 -0.0787393401648 0.0309159480485 -9.32337880838 -7.84020059639 6.95421635938 -3.84790275497 4.73166794984 -23.6605588531 3.84790275497 
0.999363427184 1.26722889806 -0.606305906412 -0.155315554773 0.943701296113 0.0915749684426 1.21836424078 0.168737886667 -0.0685270804986 -0.00761615020051 0.015232300401 0.0228393147798 0.0380716151808 -0.0304646008417 0.00761615020051 -5.28363071716 0.836461497252 -4.68214521009 5.40111867087 1.47127901467 4.85045709332 -2.34107260504 
1.00931604369 1.26767346183 -0.606305906412 -0.155618220293 0.943781679747 0.0913526865562 1.21806157526 0.168737886667 0.0446680303717 0.0 -0.0304106482798 0.00807663326872 -0.0223340150111 -0.0304106485177 0.0 11.373402242 0.765240999369 -4.58602505769 -1.48329652849 -6.06932158619 0.00542091860746 -0.765240999369 
1.01926866019 1.26753499753 -0.607206277397 -0.15569904997 0.944081803408 0.0915719805409 1.21888111656 0.168737886667 -0.0139123524662 -0.0904657568872 -0.00812144996919 0.0301552522171 0.0220338023265 0.0823443067758 0.0 -5.88592786724 -9.08964560656 2.23953151413 2.21837332299 4.45790484502 11.3291771303 0.0 
1.0292212767 1.26745162599 -0.607156071441 -0.155398729408 0.943864854382 0.0913550315139 1.21883091061 0.168437566105 -0.00837684601885 0.0050444982343 0.0301750360942 -0.0217981900841 -0.0217981901409 -0.0050444984922 -0.0301750360942 0.556186048627 9.59649706938 3.84788121242 -5.22007878791 -4.40406725669 -8.78048553618 -3.03186966759 
1.0391738932 1.26774906137 -0.607072896806 -0.155612990155 0.944079115129 0.0915692922616 1.21904517135 0.168056956088 0.0298851447319 0.0083570621548 -0.0215280823433 0.0215280822872 0.0215280823433 0.0215280825117 -0.0382422066529 3.84441525825 0.332833473377 -5.19492722465 4.35325447837 4.35325448972 2.66990906271 -0.810557761847 
1.04912650971 1.26812885971 -0.607072896806 -0.1559927885 0.944165174943 0.0907741364859 1.21795627705 0.168558373333 0.0381606525108 0.0 -0.0381606529819 0.00864695372835 -0.079894143942 -0.109407843259 0.050380444711 0.831490671305 -0.83968493619 -1.67117567832 -1.29424544315 -10.1905088211 -13.1559299715 8.90445756859 
1.05907912621 1.26674356558 -0.606482876485 -0.156082545167 0.943870164783 0.091094886806 1.21818727071 0.168442876507 -0.139188939119 0.0592829353437 -0.00901839901807 -0.0296414675945 0.0322277382895 0.0232093396881 -0.0116046696357 -17.8193936784 5.95651759663 2.92809975644 -3.84707089881 11.2655684238 13.3248561203 -6.2280219796 
1.06903174272 1.26717229208 -0.606305906412 -0.156372929059 0.943781679747 0.0918526246637 1.21807385689 0.168644775362 0.0430767621642 0.0177812611544 -0.0291766383368 -0.00889063055401 0.0761345378204 -0.0113953772715 0.0202860077596 18.3133451585 -4.1699259857 -2.02542108489 2.08496298741 4.411583578 -3.4769466846 3.2042505988 
1.07898435922 1.26774106729 -0.606305906412 -0.156176599065 0.943492238448 0.0908810820767 1.21913851078 0.168737886667 0.0571483102017 0.0 0.0197264703496 -0.0290819302618 -0.0976168012177 0.106972261214 0.00935545991224 1.41385413882 -1.78659161093 4.91359319055 -2.02874286355 -17.4578553241 11.8931175965 -1.0982587184 
1.08893697573 1.26754850149 -0.606879145816 -0.156082545167 0.943684804252 0.0913647255913 1.21922810667 0.168451266965 -0.0193482593827 -0.0575968544371 0.00945016798719 0.0193482592313 0.0485946097093 0.00900224455427 -0.0287984272185 -7.68607627422 -5.7871067783 -1.03252268963 4.86607611873 14.6907510056 -9.84364429309 -3.83355342911 
1.09888959223 1.26773614151 -0.607357412324 -0.156082545167 0.943497164229 0.0910863210405 1.21856220014 0.16835439147 0.0188533361344 -0.0480543490784 0.0 -0.0188533359869 -0.0279730009433 -0.0669076848434 -0.00973367103051 3.83834698127 0.958793635217 -0.949515937099 -3.83834695124 -7.69321420304 -7.62713296153 1.91555217452 
1.10884220874 1.26783512119 -0.6063189466 -0.155798183816 0.943682545901 0.0911727230329 1.21864860213 0.168070030119 0.0099450913094 0.104340976379 0.0285715169026 0.018626425671 0.00868133443938 0.00868133402158 -0.0285715169026 -0.89506561623 15.3120865637 2.87075432763 3.76581993686 3.68288433145 7.5948891257 -1.892753113 
1.11879482524 1.26726899889 -0.607054655801 -0.155982111116 0.943781679747 0.0912718568792 1.21846467483 0.167970896273 -0.0568817553714 -0.0739211844671 -0.0184802961168 0.00996058134644 0.00996058134644 -0.0184802957795 -0.00996058134644 -6.7145003174 -17.9110850658 -4.72758223894 -0.870710161525 0.128533728436 -2.72909438315 1.86995405149 
1.12874744175 1.26734913995 -0.606613364519 -0.155801536006 0.943781679747 0.0909908477178 1.21836424078 0.168251905434 0.00805226052183 0.0443392229482 0.0181434812447 0.0 -0.0282347020305 -0.0100912206016 0.0282347020305 6.52431607925 11.8823434378 3.67981398093 -1.00080027615 -3.8377127621 0.8429014796 3.8377127621 
1.13870005825 1.26745162599 -0.606585407752 -0.15569904997 0.943781679747 0.0914473643626 1.21836424078 0.16835439147 0.0102973962991 0.00280898660833 0.0102973962186 0.0 0.0458690078761 0.0 0.0102973962186 0.225582466296 -4.17279579893 -0.788343951792 0.0 7.44565108788 1.01392639782 -1.80227036812 
1.14865267476 1.26745162599 -0.606689401609 -0.15569904997 0.943781679747 0.0911037741581 1.21808845182 0.16835439147 0.0 -0.0104488962017 0.0 0.0 -0.0345226005944 -0.0277101967157 0.0 -1.03464212592 -1.33210023752 -1.03464211783 0.0 -8.07743455515 -2.78421224229 -1.03464211783 
1.15860529126 1.26745162599 -0.606413578913 -0.155974872666 0.943781679747 0.0908883616822 1.21798074558 0.168630214166 0.0 0.0277135863054 -0.0277135863054 0.0 -0.0216438035003 -0.0108219018348 0.0277135863054 0.0 3.83441705892 -2.78455281502 0.0 1.29401118669 1.69686985052 2.78455281502 
1.16855790777 1.26745162599 -0.607123583208 -0.155537427303 0.943781679747 0.091433479546 1.21798074558 0.168737886667 0.0 -0.0713384560608 0.0439528000593 0.0 0.0547713120029 0.0 0.0108185119436 0.0 -9.9523620063 7.20075834629 0.0 7.67789208656 1.08734239177 -1.69755102627 
1.17851052427 1.26799401947 -0.607185195263 -0.155586751513 0.944052876486 0.0913841553362 1.21825194232 0.168737886667 0.0544975762852 -0.00619053845803 -0.00495590378955 0.0272487882136 -0.00495590378955 0.0272487884979 0.0 5.47570342519 6.54580808684 -4.9141553706 2.73785171973 -6.00115715936 2.73785174829 -1.08700178876 
1.18846314078 1.26740442453 -0.607072896806 -0.155970447253 0.94389377766 0.0912718568792 1.21917843263 0.168737886667 -0.0592401943805 0.0112833099643 -0.0385522480519 -0.0159856280815 -0.0112833099643 0.0930901242441 0.0 -11.4279265769 1.75570398134 -3.37562933787 -4.34402513893 -0.635753037575 6.61548003122 0.0 
1.19841575728 1.26760576872 -0.606535258879 -0.15554490724 0.943781679747 0.0910030379159 1.21870826948 0.168737886667 0.0202302771244 0.0540197571569 0.0427565969954 -0.0112631601321 -0.0270098785784 -0.0472401552098 0.0 7.98488231372 4.29399115014 8.16959490076 0.474495118655 -1.58014413661 -14.0998379055 0.0 
1.20836837379 1.26783512119 -0.606039477964 -0.155581983221 0.943781679747 0.0908883616822 1.21863066922 0.168737886667 0.0230444395214 0.0498141282722 -0.00372524958989 0.0 -0.0115222196706 -0.00779697053927 0.0 0.282756036636 -0.422565149841 -4.67031423974 1.13167830054 1.55613942327 3.96309700583 0.0 
1.21832099029 1.26730837427 -0.606449158132 -0.155435676512 0.944308426663 0.0908883616822 1.21901110943 0.168474513209 -0.0529254714641 -0.0411630617321 0.0147003262071 0.0529254709811 0.0 0.0382251448354 -0.0264627355251 -7.63315967701 -9.1410324069 1.85132982749 5.31774442985 1.15770759026 4.62412224486 -2.65887221839 
1.2282736068 1.26733096236 -0.606163738463 -0.155578386346 0.94454867014 0.0908883616822 1.21860556803 0.168617223043 0.00226956356397 0.0286778525404 -0.0143389262702 0.0241387254165 0.0 -0.0407472148945 0.0143389262702 5.54578135319 7.01734204654 -2.91775056973 -2.89237966223 0.0 -7.93483398977 4.09959147681 
1.2382262233 1.26771379968 -0.606708932292 -0.15569904997 0.944024322756 0.0908883616822 1.21836424078 0.168213539282 0.038465997291 -0.054778944696 -0.0121238092548 -0.0526843754017 0.0 -0.0242476183833 -0.0405605662156 3.6368761631 -8.38541274002 0.222566298448 -7.71888485613 0.0 1.65781495783 -5.51608639387 
1.24817883981 1.26809435309 -0.606295201083 -0.155439818062 0.943522447839 0.0911475935898 1.21888270459 0.168230128181 0.0382365188299 0.0415700945471 0.0260466086962 -0.050426429692 0.0260466086962 0.0520932171207 0.00166678766855 -0.0230570986991 9.68077481897 3.83521438131 0.226869558232 2.61706142133 7.67042872261 4.24283944464 
1.25813145631 1.26770325238 -0.606180093217 -0.155830918777 0.944171230555 0.0912718568792 1.21861586717 0.16835439147 -0.0392962708873 0.0115655884174 -0.0392962709295 0.0651871511031 0.0124854895528 -0.0268107812368 0.0124854895528 -7.79019162242 -3.01473548339 -6.56539710877 11.6164006459 -1.36256823889 -7.92796530632 1.08702087326 
1.26808407282 1.26719535898 -0.606562173418 -0.155570011155 0.944036136129 0.0912718568792 1.21810797377 0.168610658476 -0.051031143048 -0.0383899249705 0.0262149779096 -0.0135737598676 0.0 -0.051031143048 0.0257487069627 -1.17907408116 -5.01933470093 6.58231418915 -7.91358844504 -1.25449318245 -2.43356727342 1.33263623725 
1.27803668932 1.26757624292 -0.606435345544 -0.155315554773 0.944035735811 0.0907637447498 1.21823480165 0.168483830602 0.0382697294813 0.0127431689478 0.0255667825727 -4.02223718213e-05 -0.0510531204683 0.0127431690475 -0.0127431689478 8.97260258001 5.13765338927 -0.0651281335447 1.35979694276 -5.12961796965 6.40779357512 -3.86751322043 
1.28798930583 1.26758576942 -0.606804609957 -0.155564906546 0.943915823171 0.0910035700304 1.21886294432 0.16835439147 0.000957184685731 -0.0371022446881 -0.0250538913515 -0.0120483533052 0.0240967066732 0.0631133205583 -0.0130055380149 -3.74901864021 -5.00827230825 -5.0861674314 -1.20653005443 7.5507608582 5.06099591864 -0.0263618182192 
1.29794192233 1.26769937178 -0.606329659448 -0.15569904997 0.944029425532 0.0912718568792 1.2186357396 0.16835439147 0.0114143212981 0.0477211705238 -0.0134782068975 0.011414321179 0.0269564137951 -0.0228286422984 0.0 1.05069220815 8.52272517187 1.16307952269 2.35743781273 0.28733219254 -8.63511246664 1.30674561896 
1.30789453883 1.26758674307 -0.606419167449 -0.15569904997 0.944165174943 0.091023478762 1.21861261889 0.168106013353 -0.011316492209 -0.00899341409822 0.0 0.0136395701072 -0.0249560622632 -0.00232307833554 -0.0249560622632 -2.28390328272 -5.69845975622 1.35423754055 0.223584313443 -5.21596265997 2.06031890738 -2.50748757888 
1.31784715534 1.26720440034 -0.606442175958 -0.155451824319 0.943917949293 0.0908883616822 1.21850051032 0.168218121924 -0.0384163032368 -0.00231180502114 0.0248402669505 -0.0248402668857 -0.0135760359858 -0.0112642307591 0.0112642309647 -2.72288307447 0.67134196056 2.49585291851 -3.86630359706 1.14342055397 -0.898372043086 3.63927347248 
1.32779977184 1.26755841385 -0.606551047941 -0.155315554773 0.943781679747 0.091133503211 1.21909966537 0.168599532999 0.0355698940112 -0.0109390312172 0.0136918312986 -0.0136918312629 0.0246308625157 0.0602007564344 0.0383226938143 7.43384387531 -0.866829962937 -1.12015123324 1.12015123032 3.83887980441 7.18052254486 2.71872857117 
1.33775238835 1.26759167454 -0.606202508311 -0.155315554773 0.943781679747 0.0910284102303 1.21951472637 0.168494440018 0.00334190388014 0.0350198994918 0.0 0.0 -0.0105593318793 0.0417037071636 -0.0105593318793 -3.23814246387 4.61777369665 -1.37570168527 1.37570168168 -3.53577316858 -1.85851120273 -4.91147485385 
1.34770500485 1.26745162599 -0.606403995993 -0.155315554773 0.944022472135 0.0913699464598 1.2187923492 0.168113599081 -0.0140715307466 -0.0202446945858 0.0 0.0241938778663 0.0343162252223 -0.072581633725 -0.0382654085659 -1.74963383932 -5.55277037457 0.0 2.43090627017 4.50892055166 -11.4829442924 -2.78379827788 
1.35765762136 1.26745162599 -0.606689401609 -0.155315554773 0.943925138251 0.0916553520762 1.21836424078 0.168210932966 0.0 -0.0286764406393 0.0 -0.00977972820403 0.0286764406393 -0.0430146609216 0.00977972822954 1.4138524015 -0.847188882383 0.0 -3.41353512955 -0.566663508053 2.97077384515 4.82738752889 
1.36761023786 1.2676893472 -0.606927122814 -0.155790997183 0.944019400951 0.091893073281 1.21812651957 0.168116670265 0.0238852975613 -0.0238852973744 -0.0477705947488 0.00947114764987 0.0238852973682 -0.0238852975613 -0.00947114767456 2.39990132742 0.481395345895 -4.79980261728 1.93425275097 -0.481395346521 1.92204365063 -1.93425275602 
1.37756285437 1.26760033223 -0.606838107844 -0.155847756205 0.94369559702 0.0913344803878 1.21821553454 0.168675263158 -0.00894387624592 0.00894387617597 -0.00570292469866 -0.0325345532032 -0.0561252302748 0.00894387624594 0.0561252302772 -3.29854704953 3.29854702373 4.22679503723 -4.22056861456 -8.03914504331 3.29854704953 6.59086762961 
1.38751547087 1.26791019416 -0.606689401609 -0.155469765881 0.943856752726 0.0913469298592 1.21836424078 0.168892097775 0.0311337162533 0.0149414211984 0.0379789901029 0.016192295391 0.00125087421753 0.0149414213153 0.0217866946908 4.02683982445 0.602609878472 4.3889880395 4.89588326552 5.7649266868 0.602609883184 -3.45020182076 
1.39746808738 1.26821861638 -0.606463057399 -0.155541898983 0.943712486524 0.0918816962858 1.21813789657 0.168737886667 0.0309890585275 0.0227421813662 -0.00724765202168 -0.0144953040245 0.0537312400494 -0.0227421815442 -0.0154945293446 -0.0145346427978 0.783789887212 -4.54419620233 -3.08337002641 5.27302200445 -3.78630110394 -3.74587165267 
1.40742070388 1.26821861638 -0.606534885608 -0.15569904997 0.943627163746 0.0913519096842 1.21843870397 0.168737886667 0.0 -0.00721701764765 -0.0157899168828 -0.00857289919397 -0.0532308867066 0.0302239518146 0.0 -3.11365945954 -3.0101832015 -0.858293380132 0.595060085718 -10.747136364 5.3218300266 1.55682973789 
1.41737332039 1.26844722872 -0.606460789269 -0.15547043763 0.943553067407 0.091116974022 1.21806189895 0.168509274327 0.0229700744034 0.00744491050507 0.0229700742237 -0.00744491050507 -0.0236054169281 -0.0378598953359 -0.0229700742237 2.30794328227 1.47317322491 3.89445238722 0.113335893968 2.97665139253 -6.84079881077 -2.30794326421 
1.42732593689 1.26815162414 -0.606531150135 -0.155540798496 0.943848671995 0.0912718568792 1.21804773783 0.168804878915 -0.0297011930944 -0.0070695847134 -0.00706958471341 0.0297011933932 0.0155620240254 -0.00142285420388 0.0297011934522 -5.29220305756 -1.45835974001 -3.01826750005 3.73229530949 3.93539135506 3.66105145458 5.29220307546 
1.4372785534 1.26783512119 -0.606914241232 -0.15569904997 0.943940335321 0.0912718568792 1.21791456153 0.168671702618 -0.0318009788547 -0.0384914959001 -0.0159004895103 0.00920997264813 0.0 -0.0133810338639 -0.0133810337592 -0.210978264788 -3.15715080264 -0.887294792535 -2.05887775692 -1.56361133957 -1.20151114575 -4.32873377471 
1.4472311699 1.26805807138 -0.606181096033 -0.15569904997 0.94400462994 0.0912718568792 1.21715135 0.168577341663 0.0224011634536 0.0736635635907 0.0 0.00646007198643 0.0 -0.0766845114591 -0.00948101985591 5.44601937408 11.2689019451 1.59761902837 -0.276299268676 0.0 -6.3604859651 0.391858151206 
1.45718378641 1.26866131099 -0.606424305226 -0.155920397272 0.94372248034 0.0914932041812 1.21660891269 0.168516539365 0.0606111576764 -0.0244367089263 -0.0222401116182 -0.0283492888338 0.0222401116182 -0.054501980397 -0.00610917723158 3.83919085038 -9.85673189248 -2.23459947515 -3.49750849972 2.23459947515 2.22881400597 0.338789565807 
1.46713640291 1.26876571365 -0.607072896806 -0.156082545167 0.943837970807 0.0914354589474 1.21600697853 0.16835439147 0.0104899713589 -0.0651679465235 -0.0162919866309 0.0116040306929 -0.005802015354 -0.0604799904976 -0.0162919866309 -5.03598086925 -4.09251552869 0.597644346526 4.01435336197 -2.81756329689 -0.600647085889 -1.02312888217 
1.47708901942 1.26903625136 -0.606855826919 -0.15586547528 0.943948105056 0.0917059966536 1.21524563463 0.168137321583 0.0271825713651 0.0218103337083 0.0218103337083 0.011065858834 0.0271825711467 -0.0764968595459 -0.0218103337083 1.67720719451 8.73923758535 3.82837219947 -0.054073404575 3.31416230944 -1.60931238941 -0.554461942215 
1.48704163592 1.26936910198 -0.606473480363 -0.155914971216 0.943781679747 0.0918229260276 1.21491278401 0.168186817519 0.0334435293431 0.0384166872179 -0.00497315813637 -0.0167217644971 0.0117486064057 -0.0334435289071 0.00497315813637 0.629076582522 1.66854148369 -2.6911005595 -2.79199176594 -1.55074444329 4.32583036007 2.6911005595 
1.49699425243 1.2691558281 -0.606519180287 -0.155655997417 0.943568405872 0.0916553520762 1.21448623626 0.168567665345 -0.0214289253819 -0.00459174964237 0.0260206748567 -0.0214289252143 -0.0168371755675 -0.0428578507639 0.0382661007862 -5.51336974536 -4.32131960869 3.11413917917 -0.472957107799 -2.87218762617 -0.945914258045 3.34514472989 
1.50694686893 1.26898560678 -0.606689401609 -0.155526998863 0.94360962864 0.0920782402558 1.21414579361 0.168526442577 -0.0171031731685 -0.0171031730347 0.0129612704951 0.00414190253968 0.0424901511433 -0.0342063463371 -0.00414190253967 0.434634672328 -1.25709891326 -1.3121578989 2.56925681217 5.96097786767 0.869269344659 -4.26099039436 
1.51689948544 1.2691955409 -0.606689401609 -0.15569904997 0.943571745626 0.0924223424701 1.21351599125 0.168984193834 0.0210933600018 0.0 -0.0172870226746 -0.0038063371622 0.0345740453447 -0.0632800794555 0.0459930568359 3.83783833646 1.71845996743 -3.03923025216 -0.798608054275 -0.795379365283 -2.92121504976 5.03736473229 
1.52685210194 1.26936910198 -0.606480988941 -0.155490637302 0.94339818455 0.093047580474 1.21257848269 0.168879639057 0.0174387385486 0.0209404901614 0.0209404901614 -0.0174387384122 0.0628214704787 -0.0941971952955 -0.0105052552476 -0.367202077105 2.10401859161 3.84095105216 -1.36973038631 2.83819085365 -3.10643093954 -5.67672953699 
1.53680471845 1.26936910198 -0.606305906412 -0.15552190642 0.94339818455 0.0939855313547 1.21264102092 0.168560743117 0.0 0.0175916080876 -0.00314179872705 0.0 0.0942416378877 0.00628359742133 -0.0320414174482 -1.75217627848 -0.336482579444 -2.4196942459 1.75217626477 3.15697559467 10.0959172563 -2.16386938954 
1.54675733495 1.2695722024 -0.606509006836 -0.15569904997 0.94339818455 0.0945429188786 1.21238600675 0.168940987091 0.0204067362471 -0.0204067366196 -0.0177986914343 0.0 0.056004119483 -0.0256228271226 0.038205428054 2.05038908484 -3.81792513443 -1.47266728304 0.0 -3.84195637258 -3.20583281073 7.05812842964 
1.55670995146 1.26975259717 -0.606689401609 -0.15569904997 0.94339818455 0.0947233136519 1.21144230419 0.168718863625 0.0181253612986 -0.0181253616294 0.0 0.0 0.0181253616247 -0.0948195437745 -0.0223180975149 -0.229223636562 0.229223640746 1.78834293732 0.0 -3.80590951533 -6.95261558789 -6.08116725279 
1.56666256796 1.27015304023 -0.606889623136 -0.155899271497 0.943598406077 0.0953239782327 1.21087761051 0.168154169943 0.0402349529718 -0.0201174763285 -0.0201174763285 0.0201174763285 0.0603524289803 -0.0567382136486 -0.0567382136822 2.22148534131 -0.200159897461 -2.02132537898 2.02132537898 4.24281065537 3.8262631849 -3.45839871861 
1.57661518447 1.2709170164 -0.606874182392 -0.156281259581 0.943582965333 0.0960725136566 1.21069433684 0.168169610687 0.0767613389093 0.00155142557365 -0.0383806694147 -0.00155142557365 0.075209913251 -0.0184146220646 0.00155142557365 3.67002847137 2.17720655584 -1.83501424749 -2.17720655584 1.49282193918 3.85060466916 5.85671508868 
1.58656780097 1.27089187307 -0.607281458951 -0.156466040364 0.943595536997 0.0966519993345 1.20951022216 0.16835439147 -0.00252630332888 -0.0409215565228 -0.0185660507549 0.00126315167103 0.0582244556066 -0.118975214452 0.0185660507549 -7.96651234371 -4.26751920721 1.99089542435 0.282797718902 -1.70663238517 -10.1039352153 1.70956302525 
1.59652041748 1.2707150224 -0.6078398872 -0.156270605526 0.944172549423 0.0970242848338 1.20800249598 0.16835439147 -0.0177692632627 -0.0561086874694 0.0196365285469 0.0579759528657 0.0374057916463 -0.151490432242 0.0 -1.53155302693 -1.52594354853 3.8384458281 5.69828056442 -2.09177797117 -3.26700197627 -1.86544420212 
1.60647303398 1.27090308276 -0.607452192923 -0.156276392306 0.94454867014 0.0972181319724 1.20723868098 0.168548238609 0.0188955693572 0.0389540054266 -0.000581433011151 0.037791139355 0.0194770027082 -0.0767451449233 0.0194770027133 3.68393905282 9.55152776656 -2.03142174203 -2.02809115582 -1.80141462593 7.51011427825 1.95697309384 
1.61642565049 1.27147937463 -0.607264994097 -0.156466040364 0.94454867014 0.0977919746133 1.20685938487 0.168161594793 0.0579035546188 0.0188090061818 -0.0190550955358 0.0 0.0576574653102 -0.0381101908728 -0.0388484591334 3.91936987048 -2.02409077402 -1.8561613939 -3.79710595064 3.83622362857 3.88188915264 -5.86031440258 
1.62637826699 1.27205356835 -0.607456392003 -0.156656507731 0.94454867014 0.0976033683222 1.20685938487 0.168158803178 0.0576927400278 -0.0192309133593 -0.0191374165183 0.0 -0.0189504228312 0.0 -0.000280490523123 -0.0211818260019 -3.82210241121 -0.00827129051703 0.0 -7.69726112767 3.82916299992 3.87515871746 
1.6363308835 1.27205356835 -0.607456392003 -0.156849535561 0.944359018525 0.0966449816046 1.20704903649 0.167979280209 0.0 0.0 -0.0193946817308 -0.019055452854 -0.0962949508953 0.0190554530031 -0.0180377661741 -5.79674098762 1.93224699755 -0.0258490028603 -1.91461741189 -7.77127582745 1.91461742686 -1.78418164131 
1.6462835 1.27242816016 -0.607830983814 -0.157036831467 0.944165174943 0.0964445903453 1.20668099235 0.167578497691 0.037637521133 -0.0376375208385 -0.0188187604193 -0.019476645395 -0.0201345303708 -0.036979636152 -0.0402690607398 3.78167099221 -3.78167096262 0.0578663220103 -0.0423197800092 7.65230133075 -5.63018670797 -2.23371357219 
1.6562361165 1.27337421173 -0.608223382397 -0.157417581751 0.944349725936 0.0966407896368 1.20609239447 0.16778634528 0.0950555628175 -0.0394266756596 -0.0382563001291 0.0185429622993 0.0197133378298 -0.059140013952 0.0208837133089 5.76914037193 -0.17976728232 -1.95300800552 3.82006155625 4.00375802495 -2.22658813279 6.14439168021 
1.66618873301 1.27378794499 -0.608772680456 -0.157616525955 0.94454867014 0.0966407896368 1.20554309641 0.167770500429 0.0415703004122 -0.055191321675 -0.0199891359498 0.0199891359498 0.0 -0.055191321675 -0.00159202870876 -5.37399008383 -1.58397000505 1.8354132474 0.145305875071 -1.98071912247 0.396749163903 -2.25827469658 
1.67614134951 1.2737699121 -0.609191505027 -0.157798888915 0.94491339606 0.0966407896368 1.2053066348 0.168335622193 -0.00181187369005 -0.0420818556872 -0.0183231173322 0.0366462346643 0.0 -0.0237587380206 0.0567812256723 -4.35887126577 1.3171878954 0.167395037958 1.67364016351 0.0 3.15822313048 5.8651164096 
1.68609396602 1.2737901806 -0.609171236529 -0.157819157413 0.944773069317 0.0964599258979 1.2053471718 0.168557022928 0.00203649947875 0.00203649945751 -0.00203649946282 -0.0140994825284 -0.0181724814541 0.00407299895749 0.0222454803797 0.38666949208 4.43283985907 1.63641569645 -5.09873129021 -1.8258998973 2.79642413274 -3.47001668112 
1.69604658252 1.27394332579 -0.610263309611 -0.157972302605 0.944165174943 0.0962572944398 1.20476402056 0.168176503145 0.0153874302856 -0.109727234142 -0.0153874301652 -0.0610788503849 -0.020359616795 -0.0585927570623 -0.0382331402751 1.3414493365 -11.2295830494 -1.34144932601 -4.72030323218 -0.219754809184 -6.29641019417 -6.07665538256 
1.70599919903 1.27417815576 -0.611467727749 -0.158383516349 0.944165174943 0.0964336782172 1.20508756502 0.167970896273 0.0235947972848 -0.121015226282 -0.0413171495379 0.0 0.0177223524376 0.0325084828747 -0.0206585747689 0.824644152141 -1.1341733236 -2.60531683904 6.13696411945 3.82632739983 9.15349645921 1.7658236402 
1.71595181553 1.27414619155 -0.612200280802 -0.158208369138 0.944165174943 0.0966407896368 1.20570889928 0.167970896273 -0.00321163875379 -0.0736040670597 0.0175981070828 0.0 0.0208097458114 0.06242923738 0.0 -2.69340590241 4.76368794069 5.91957467585 0.0 0.310209217076 3.00632044756 2.07569283503 
1.72590443204 1.27487222712 -0.613170449815 -0.158517708734 0.944165174943 0.0966407896368 1.20570889928 0.168316021328 0.0729492158217 -0.0974787898567 -0.0310812333706 0.0 0.0 0.0 0.0346768163579 7.65234494249 -2.39883881644 -4.89110983324 0.0 -2.09088191043 -6.27264572583 3.48419095029 
1.73585704854 1.27584597276 -0.61376278897 -0.158980032927 0.943994701127 0.0968112634529 1.20622032073 0.169078834299 0.0978381552341 -0.0595159227691 -0.0464525275813 -0.0171285425842 0.0171285426289 0.0513856278421 0.076644465398 2.50074333722 3.8143604819 -1.54444755339 -1.72100900059 1.72100900508 5.16302701074 4.21674531713 
1.74580966505 1.27560612646 -0.613975810351 -0.158933483812 0.943948152012 0.0966913403021 1.2066929126 0.169005460263 -0.0240988190982 -0.0214035556201 0.00467707311312 -0.00467707310093 -0.0120494093939 0.0474841841667 -0.00737233628075 -12.2517505093 3.82938166364 5.1373024038 1.25107497885 -2.93168655786 -0.392001809119 -8.44167979724 
1.75576228155 1.2753959838 -0.614633759423 -0.159314994011 0.944329662211 0.0964217817079 1.20664037694 0.16835439147 -0.0211143122227 -0.066108150773 -0.0383326534353 0.0383326533784 -0.0270841937908 -0.00527857809009 -0.0654168472261 0.299871583927 -4.49174296337 -4.32144919152 4.32144918458 -1.51063636277 -5.30139609329 -5.83208555429 
1.76571489806 1.27693029929 -0.616168074903 -0.159369430999 0.944877812022 0.0964762186957 1.20702395581 0.168189820529 0.154162021735 -0.154162021534 -0.00546961572798 0.0550759502114 0.00546961572798 0.0385405056851 -0.0165354448278 17.6110808522 -8.84730871711 3.30194956183 1.68230101349 3.27087952228 4.40277024176 4.91141222757 
1.77566751456 1.2773140099 -0.617535758338 -0.159150506743 0.944987669593 0.0962572944398 1.20724288007 0.168298887214 0.0385537424975 -0.13741948503 0.0219966534212 0.011038059279 -0.0219966534212 0.0219966535933 0.0109585941422 -11.6158679661 1.68222461865 2.75970335397 -4.42475512956 -2.75970335397 -1.66226158556 2.762493557 
1.78562013107 1.27681669593 -0.61851662794 -0.159311691954 0.94454867014 0.0959349240183 1.20675932443 0.168576701456 -0.0499681637625 -0.0985539431571 -0.0161952598776 -0.0441089489347 -0.0323905197509 -0.0485857800128 0.0279136890571 -8.89433509438 3.90505771561 -3.83737414982 -5.54095580663 -1.04433505748 -7.09184701045 1.70358165681 
1.79557274757 1.27735443409 -0.61943439018 -0.159691716029 0.94454867014 0.0953325899566 1.20609239447 0.16835439147 0.0540298285379 -0.0922131622323 -0.0381833335346 0.0 -0.0605201719002 -0.0670105156386 -0.0223368383715 10.4493117212 0.637096880173 -2.20927568608 4.43189475985 -2.82635748455 -1.85124541038 -5.04897655848 
1.80552536408 1.27827845825 -0.620426708129 -0.16007498445 0.944863644766 0.0952642961621 1.20624988178 0.168511878783 0.0928423352387 -0.0997042284265 -0.0385093126703 0.0316474191688 -0.00686189350148 0.0158237097082 0.0158237095844 3.89972894885 -0.752673047387 -0.0327531092505 3.17980896314 5.39137405451 8.3228591503 3.83422268278 
1.81547798058 1.2789564819 -0.621656710146 -0.160300992334 0.945004466034 0.0954903040459 1.20632029242 0.168582289417 0.0681251659346 -0.123585794354 -0.0227083886646 0.0141491705031 0.0227083886646 0.0070745853069 0.00707458525156 -2.48348454821 -2.39952638741 1.58761507569 -1.75815562241 2.97110635697 -0.879077818083 -0.879077811206 
1.82543059709 1.2789564819 -0.623408439953 -0.16060711237 0.94454867014 0.0954903040459 1.20624545449 0.168507451488 0.0 -0.176006963226 -0.0307577445528 -0.045796589672 0.0 -0.00751942261843 -0.0075194225596 -6.84495036068 -5.26707412532 -0.80876781339 -6.0231156446 -2.28165012221 -1.46634886597 -1.4663488545 
1.83538321359 1.27925900783 -0.62478396957 -0.161219245695 0.944397407173 0.0954903040459 1.2063246267 0.1685866237 0.0303966230824 -0.138207838752 -0.0615047635658 -0.0151983116205 0.0 0.00795491441443 0.00795491435219 3.05413386194 3.79790826415 -3.0893402753 3.07439536493 0.0 1.55480089334 1.55480088118 
1.8453358301 1.27972347229 -0.626077068855 -0.161302377276 0.94461247689 0.0956394046947 1.20653969642 0.168205290821 0.0466675730137 -0.129925561239 -0.00835273629012 0.0216093643868 0.0149810503345 0.0216093645558 -0.038314836967 1.63484144329 0.832170867681 5.34050792068 3.69829139797 1.50523737424 1.37194577272 -4.64900373652 
1.8552884466 1.28001841435 -0.62804694426 -0.161805337879 0.945315660534 0.0955788571824 1.20724288007 0.167970896273 0.0296346254873 -0.197925380037 -0.0505355152281 0.0706531437318 -0.00608357734717 0.0706531442845 -0.0235510479106 -1.71140398287 -6.8323559703 -4.2383607283 4.92772722842 -2.11649144438 4.92772726697 1.48340781032 
1.86524106311 1.28078203289 -0.630719609145 -0.163131243816 0.945461445637 0.0953983790539 1.20695130986 0.16782511117 0.0767254058692 -0.268538919778 -0.133221845311 0.0146479172042 -0.0181337368318 -0.0292958346376 -0.0146479172042 4.7314975272 -7.09497243337 -8.30799921229 -5.62718622789 -1.21075291897 -10.0424826852 0.894551769582 
1.87519367961 1.28111222553 -0.632674034897 -0.16336895391 0.945844383277 0.0958737992428 1.20691157231 0.167732628622 0.0331764656566 -0.196373059453 -0.0238841810448 0.0384760771146 0.0477683620835 -0.00399267429202 -0.00929228497504 -4.37562727262 7.25094353728 10.9858210866 2.39416035962 6.62158527691 2.54236263732 0.538112990342 
1.88514629612 1.28101681243 -0.633864842956 -0.16336895391 0.945939796377 0.0958737992428 1.20748352071 0.167970896273 -0.00958673540075 -0.119647738626 0.0 0.00958673532575 0.0 0.0574671398838 0.0239402021792 -4.29667927389 7.70906030491 2.39978914421 -2.90268812978 -4.7995782878 6.17524187191 3.33907039803 
1.89509891262 1.28125745308 -0.635900807042 -0.164062921291 0.945699155731 0.0955962122905 1.20724288007 0.167832102797 0.0241786315847 -0.204565712466 -0.0697271296038 -0.0241786313955 -0.0278908518379 -0.0241786309542 -0.0139454259208 3.39261208035 -8.53222605318 -7.00590940782 -3.39261205381 -2.80236376276 -8.20344788711 -3.80659981036 
1.90505152913 1.28195768325 -0.638209293568 -0.165286429895 0.945839201765 0.0952468548825 1.20724288007 0.16772744711 0.0703563901447 -0.231947701859 -0.122933361641 0.0140712779923 -0.0351020666579 0.0 -0.010515394336 4.63976066369 -2.75123525354 -5.34595420326 3.84320137013 -0.724554675293 2.42937432005 0.34463616508 
1.91500414563 1.28289885026 -0.64063626438 -0.165700548109 0.946220690333 0.0956283434504 1.20751895888 0.168246975082 0.0945647818839 -0.243852539797 -0.0416089792529 0.0383304800077 0.0383304800041 0.0277393193572 0.0522001397587 2.43236456738 -1.19615157808 8.17115603207 2.43746978532 7.37821522875 2.78713837147 6.30141170054 
1.92495676214 1.2828147057 -0.643167988991 -0.166301326475 0.946194968104 0.0957382102321 1.20787428145 0.168602297656 -0.00845451614034 -0.254377792041 -0.0603638617352 -0.00258446902006 0.0110389847361 0.0357014228733 0.0357014232371 -10.3509763462 -1.0575362005 -1.88441727591 -4.11097413508 -2.7421427576 0.800001036124 -1.65772653991 
1.93490937864 1.28355842426 -0.645327542384 -0.166322266799 0.945968002241 0.0961624203208 1.20789522177 0.16835439147 0.0747259334049 -0.216983482838 -0.00210400186938 -0.0228046426206 0.0426229714079 0.00210400188585 -0.02490864449 8.35764640431 3.75723400822 5.85372297198 -2.03164399941 3.1734355138 -3.375737523 -6.08986267053 
1.94486199515 1.28369046652 -0.647497197934 -0.166820410683 0.946730230651 0.0968796109795 1.20852540792 0.167958264682 0.0132670904952 -0.217998508087 -0.0500515501387 0.0765857309215 0.0720605137716 0.0633186406795 -0.0398012711396 -6.17514428289 -0.10198576907 -4.81758221528 9.98635620027 2.95776918053 6.15060760794 -1.49635290804 
1.95481461165 1.28420352257 -0.650303780915 -0.167212815349 0.947233136519 0.0956121961322 1.2086460593 0.167727112101 0.0515498658234 -0.28199448659 -0.0394272868235 0.0505300157152 -0.127344889326 0.0121225786837 -0.0232253077308 3.84650361134 -6.43006574925 1.06748444592 -2.61797640787 -20.0354753948 -5.14398017554 1.66548800516 
1.96476722816 1.28483823095 -0.65323057772 -0.167970896273 0.947233136519 0.095494772137 1.20865200785 0.168479244475 0.0637730166215 -0.294073101648 -0.0761690078231 0.0 -0.0117983040142 0.000597687415107 0.0755713207359 1.22813440989 -1.21361202374 -3.69166449663 -5.07705844896 11.6096692016 -1.15797602198 9.92669901614 
1.97471984466 1.28509240505 -0.655896374991 -0.168224204434 0.947233136519 0.0965106026008 1.20903370197 0.167970896273 0.025538420257 -0.267848888681 -0.0254514137943 0.0 0.102066673959 0.0383511328513 -0.0510768401145 -3.8416627774 2.63490640419 5.09590558463 0.0 11.4407078699 3.79331861303 -12.7251121138 
1.98467246117 1.28533843153 -0.658801381967 -0.168983913147 0.947356149759 0.0966552451135 1.20877686085 0.167724869793 0.0247197788407 -0.291883744826 -0.0763325616733 0.0123598894848 0.0145331142494 -0.0258063915537 -0.0247197789374 -0.0822538893108 -2.4149283893 -5.11233883614 1.2418733786 -8.79502989664 -6.44629724995 2.64825447301 
1.99462507767 1.28573862365 -0.662111893907 -0.169625648852 0.947858175298 0.0957530274518 1.20889763264 0.16720390588 0.0402097400296 -0.332627298426 -0.0644790949759 0.0504415636591 -0.090651303737 0.0121346775423 -0.0523444174602 1.55637074747 -4.09375299247 1.19098999661 3.82629775353 -10.5685191362 3.81217030492 -2.77561568954 
2.00457769417 1.28547590025 -0.665070807509 -0.17001081888 0.94838362211 0.0958576439123 1.20903790943 0.167571245746 -0.0263974203198 -0.297300071849 -0.0387003787308 0.0527948416033 0.0105114529897 0.0140944629827 0.0369088737555 -6.69242709361 3.54954162656 2.59014463508 0.236448168484 10.1644383341 0.196911579923 8.96782179563 
2.01453031068 1.28571742907 -0.667985027221 -0.170392631865 0.94850438652 0.0963992608173 1.20889762526 0.16823362706 0.0242678714765 -0.292809404453 -0.0383630761214 0.0121339358015 0.0544195493495 -0.0140952046285 0.0665534850895 5.09065046077 0.451204705186 0.0338908476273 -4.08544886482 4.4117138783 -2.83238760355 2.9785746612 
2.02448292718 1.28624289064 -0.671171321849 -0.170890139093 0.949236670189 0.0958737992428 1.20916035605 0.168088284493 0.0527963246196 -0.32014642851 -0.0499875814424 0.0735770004374 -0.052796324895 0.026398162654 -0.01460345295 2.86642744942 -2.74671731234 -1.16798485256 6.17355894361 -10.7726319197 4.06861524934 -8.15433187845 
2.03443554369 1.28624289064 -0.673957354418 -0.171306942579 0.950647329495 0.0959892097095 1.20904494558 0.16800816007 0.0 -0.279929661527 -0.0418787849661 0.141737532617 0.011595992537 -0.0115959926277 -0.00805058882931 -5.3047683083 4.04082353249 0.81474017133 6.84850382276 6.46988833545 -3.81750419733 0.658406170629 
2.04438816019 1.28635581076 -0.67711831331 -0.171038857849 0.951338663569 0.0961443743232 1.20877686085 0.16754266623 0.0113457719836 -0.317600792679 0.026936105712 0.0694625452411 0.0155903338171 -0.0269361059227 -0.0467710014108 1.13997881643 -3.78504799558 6.91425120666 -7.2619081968 0.401335797291 -1.54131461686 -3.89047569175 
2.0543407767 1.2862951097 -0.680326466701 -0.171259708611 0.95117851387 0.0960946500051 1.20877686085 0.16835439147 -0.00609900529202 -0.322342711592 -0.0221902212585 -0.0160912157249 -0.00499610509564 0.0 0.0815589789916 -1.75278302617 -0.476449475442 -4.93602129114 -8.59610745821 -2.0684449062 2.70643462546 12.8940947679 
2.0642933932 1.28569521272 -0.68322486153 -0.171915504478 0.951670896157 0.0966407896368 1.20899617332 0.168244735235 -0.0602753031748 -0.291219382114 -0.0658918051035 0.0494726473477 0.0548739752395 0.0220356599003 -0.011017829864 -5.44342262724 3.12715047981 -4.39096430809 6.58760066165 6.01551163013 2.21405696578 -9.3017558559 
2.07424600971 1.2863513989 -0.686665986495 -0.17218934344 0.95254409885 0.0966407896368 1.20976086776 0.167970896273 0.0659310220165 -0.345750784498 -0.0275142683851 0.0877359931142 0.0 0.076833507983 -0.0275142683851 12.680718194 -5.47910213937 3.85602486539 3.84455140494 -5.51352252071 5.50587356158 -1.65749765532 
2.08419862621 1.28640959826 -0.690224806867 -0.17218934344 0.953585847253 0.0967491834277 1.20998566027 0.167862502482 0.00584764408244 -0.357576359002 0.0 0.104670807167 0.0108909843822 0.0225862721957 -0.0108909843822 -6.03694293905 -1.18818749809 2.76452612955 1.70154391509 1.09428353608 -5.45055019057 1.67024259347 
2.09415124272 1.28596334698 -0.693703481683 -0.172397246513 0.954136050065 0.0969203332973 1.20905640451 0.167691352613 -0.0448375840596 -0.349523646771 -0.0208892880497 0.0552822277337 0.017196469842 -0.0933679856351 -0.017196469842 -5.09265358686 0.809105045654 -2.09887400359 -4.96237139344 0.633550529829 -11.6506305427 -0.633550529829 
2.10410385922 1.28614073088 -0.696477565393 -0.172854174073 0.954442529348 0.0966407896368 1.20877686085 0.168277375556 0.0178228409542 -0.278729086844 -0.045910295039 0.0307938402281 -0.0280874542242 -0.0280874544439 0.0588812944523 6.29587455553 7.11316063391 -2.51401297106 -2.46049744745 -4.54995166789 6.55913258181 7.64399635585 
2.11405647573 1.28565798732 -0.699735289474 -0.172774246755 0.955588647834 0.0968421977552 1.20917967709 0.168718565627 -0.0485041853533 -0.327323380708 0.0080307844416 0.115157505116 0.0202367003954 0.0404734008489 0.0443290537229 -6.66428032017 -4.88256468437 5.41978880169 8.47653125657 4.85542214914 6.88872672421 -1.4621522614 
2.12400909223 1.28518921999 -0.703531350206 -0.173533458902 0.956630651118 0.0976014099015 1.21011721177 0.167684216011 -0.0470999094843 -0.381413342907 -0.0762826685865 0.104696416611 0.0762826685791 0.0941998199631 -0.103927405957 0.141096149776 -5.4347479553 -8.47148616517 -1.05108927887 5.63127979023 5.39822056722 -14.8962295098 
2.13396170874 1.28557355218 -0.707179368243 -0.174009167497 0.957496967423 0.0978818146414 1.20934854739 0.167873244345 0.038616196019 -0.366538591718 -0.0477973400446 0.0870440758373 0.0281739721132 -0.0772323917985 0.0189928280388 8.61241920268 1.49455685163 2.86209445808 -1.77363819507 -4.83377375612 -17.2248384812 12.3505445965 
2.14391432524 1.28566591755 -0.710240025944 -0.173916802115 0.958547975118 0.0972177627205 1.20897033874 0.167490662133 0.00928051213743 -0.307522921144 0.00928051256029 0.105601144568 -0.0667213411195 -0.0380009271396 -0.0384403651176 -2.94753483843 5.92966387742 5.73495950306 1.86454172344 -9.5347101123 3.9418242067 -5.7706627326 
2.15386694175 1.28509240505 -0.713666538817 -0.174584686526 0.959215859529 0.0977912752277 1.20954385125 0.16720390588 -0.0576242944758 -0.344282618658 -0.0671064147411 0.0671064147411 0.0576242947688 0.0576242952271 -0.028812147313 -6.72233342665 -3.69347070658 -7.67505984624 -3.8677999708 12.4937634066 9.60804852875 0.967405686726 
2.16381955825 1.28518414694 -0.717778211569 -0.1750572936 0.960055434165 0.0976995333372 1.20945210936 0.167387389661 0.00921786659451 -0.413124804992 -0.047485711329 0.0843571774186 -0.00921786652239 -0.00921786659451 0.0184357330207 6.71603904739 -6.9169937674 1.97141157831 1.73328919777 -6.71603906958 -6.71603912288 4.74728231624 
2.17377217476 1.28556686934 -0.720548237421 -0.175731769301 0.96198789218 0.0974077800307 1.20925132514 0.167970896273 0.0384544501572 -0.278321369031 -0.0677686818214 0.194165827096 -0.0293142317266 -0.0201740135163 0.0586284633768 2.93757762579 13.5445222766 -2.03795358562 11.0331438596 -2.01920421574 -1.10083081333 4.03840842622 
2.18372479126 1.28568041641 -0.723604362414 -0.176203274441 0.962930902459 0.0975867590613 1.20936487222 0.167881406758 0.0114087660993 -0.307067492403 -0.0473749932198 0.0947499864396 0.0179831133389 0.0114087666313 -0.00899155666944 -2.71744460813 -2.88829810306 2.04907810842 -9.98891503636 4.75225233912 3.17331428698 -6.79419527652 
2.19367740777 1.28500598308 -0.72673420557 -0.177050551705 0.96427976912 0.0980883484577 1.20894970479 0.167500979109 -0.0677644243272 -0.31447440531 -0.0851311073837 0.135528849135 0.050397741751 -0.0417144006692 -0.0382238829651 -7.95501267309 -0.744217654094 -3.79358675635 4.09730071235 3.25689514876 -5.3376081832 -2.93714987224 
2.20363002427 1.28462367919 -0.73026017125 -0.177771310073 0.965044376902 0.0977060445666 1.20954385125 0.167459597863 -0.03841240056 -0.354275247965 -0.0724189832387 0.0768248009656 -0.0384124004828 0.0596975141488 -0.00415782585955 2.94917660626 -3.99903308194 1.27726454031 -5.89835327629 -8.92329591827 10.1894727651 3.42282424817 
2.21358264078 1.28440892841 -0.733827412857 -0.177508836 0.965974960973 0.0975748075301 1.20954385125 0.168187363971 -0.0215773191144 -0.358422491685 0.0263723688188 0.0935014496096 -0.0131861844094 0.0 0.0731230935454 1.69152317256 -0.416698836707 9.92616886317 1.67560446399 2.53463157765 -5.99817285431 7.76488467804 
2.22353525728 1.28447754614 -0.736544252886 -0.178631640552 0.967252007999 0.0980976491874 1.20962097249 0.167664522313 0.0068944412982 -0.272977465577 -0.11281501216 0.128312693041 0.0525330858597 0.00774884029924 -0.0525330858597 2.86073118548 8.58518220473 -13.9850039345 3.49769765718 6.60321536925 0.778573181782 -12.625441696 
2.23348787379 1.28347893194 -0.739551690786 -0.178802220497 0.967955843546 0.0978707675452 1.20984785412 0.167811911638 -0.10033685051 -0.302175603642 -0.0171392060561 0.070718644362 -0.0227961804976 0.0227961800815 0.0148091032077 -10.7741810162 -2.93371477251 9.61313098494 -5.78682486674 -7.56879020915 1.51189787881 6.76627990585 
2.24344049029 1.28310039472 -0.74235052013 -0.180775306482 0.96940132359 0.0981747704247 1.20939478254 0.167278440234 -0.038033940977 -0.281215431388 -0.198247966686 0.145236184154 0.0305450209383 -0.0455228615733 -0.0536011212788 6.25995279757 2.10599617138 -18.1971002843 7.48723109701 5.35951540079 -6.86443023515 -6.87359192963 
2.2533931068 1.28291650465 -0.745631450829 -0.181455763556 0.969279968915 0.0981122350354 1.20890193163 0.167712471855 -0.018476555106 -0.329655090976 -0.0683696667986 -0.0121932433408 -0.00628331145684 -0.0495197328964 0.0436098005441 1.96504967929 -4.86702763688 13.0496638571 -15.8178934572 -3.70036687108 -0.401590006124 9.76737341135 
2.2633457233 1.28341326835 -0.748852330889 -0.181921879275 0.970460582204 0.0979364311383 1.20947127329 0.168281813515 0.0499128748622 -0.323621437416 -0.0468334852541 0.11862340805 -0.0176640883322 0.0572052248009 0.0572052243534 6.87150257772 0.606237923155 2.16387133313 13.1439457481 -1.14349597111 10.7233065441 1.36601503762 
2.27329833981 1.28286461807 -0.752016507083 -0.182763266369 0.971612886539 0.0985582656216 1.20916035605 0.168044080477 -0.0551262349513 -0.31792405467 -0.0845392861404 0.115779035077 0.062479498028 -0.0312397492625 -0.0238864863166 -10.553919139 0.572450746353 -3.78853147491 -0.285791477245 8.05251426307 -8.886605248 -8.14777808735 
2.28325095631 1.28303228949 -0.754138620358 -0.18362287956 0.972543819519 0.0985582656216 1.20916035605 0.168069112316 0.016846968563 -0.213221646185 -0.0863705730846 0.0935365066428 0.0 0.0 0.00251510133357 7.23158613408 10.5200887057 -0.184000553351 -2.23484230739 -6.27769571926 3.1388478846 2.65272831896 
2.29320357282 1.28227459864 -0.757302723758 -0.183644054219 0.972810499572 0.0986916056483 1.20929369608 0.166887080696 -0.0761298144407 -0.317916740636 -0.00212754690445 0.0267949692762 0.0133974846381 0.0133974845682 -0.118765916363 -9.34194369474 -10.5193538202 8.4644099508 -6.70592877099 1.34612688348 1.34612687646 -12.1858425507 
2.30315618932 1.28157482644 -0.760735462946 -0.185360423813 0.974011678469 0.0993252560156 1.21012571196 0.167270027718 -0.0703103753851 -0.344908214521 -0.17245410726 0.120689759915 0.0636667118599 0.0835977030995 0.0384770197179 0.584714487165 -2.71199778187 -17.1137469501 9.43418151324 5.05085544061 7.05344353387 15.799155529 
2.31310880583 1.281192829 -0.762392700877 -0.186124418696 0.973629681027 0.0995191282631 1.21101320796 0.167587401076 -0.0383816099309 -0.166512788896 -0.0767632192613 -0.0383816096306 0.0194795255504 0.0891721288422 0.0318884343607 3.20807753807 17.9244749898 9.61464635479 -15.9828693759 -4.43975574544 0.560096507281 -0.661995300834 
2.32306142233 1.28081377943 -0.764727176687 -0.186882517817 0.973370988359 0.100355384714 1.21069433684 0.167587401076 -0.0380854182279 -0.234559003551 -0.0761708361753 -0.0259924280367 0.084023779095 -0.0320389233128 0.0 0.0297601844517 -6.83701764476 0.0595203367557 1.24481653522 6.48515428211 -12.1788126867 -3.20402522745 
2.33301403883 1.28031016339 -0.767230793007 -0.187649350851 0.973934704174 0.0999491502765 1.21081453637 0.16752730131 -0.0506013712559 -0.251553580753 -0.0770483855412 0.0566399614117 -0.0408168482176 0.0120771790311 -0.00603858953128 -1.25755403334 -1.70754868263 -0.0881727297979 8.30257946824 -12.5434982099 4.43261350645 -0.606733870268 
2.34296665534 1.27922337175 -0.768990796138 -0.188587655093 0.975111680546 0.101242732 1.2112864192 0.167145603204 -0.109196576037 -0.176838234491 -0.0942771422155 0.118257984883 0.129974034757 0.0474129421935 -0.0383515335796 -5.8874171182 7.50710591788 -1.7310781206 6.1911381235 17.1604002718 3.55039934928 -3.24667830138 
2.35291927184 1.27839728086 -0.771943747983 -0.190213617698 0.974402726891 0.101242732 1.21042797887 0.166820410683 -0.08300238287 -0.29670105781 -0.163370366434 -0.0712328918404 0.0 -0.0862527291492 -0.0326740732867 2.63189013208 -12.0433479237 -6.94221707272 -19.0393025423 -13.0592829226 -13.4302041355 0.570449016101 
2.36287188835 1.277255179 -0.774172177672 -0.190325165771 0.97402202627 0.101354280073 1.211022058 0.166764636646 -0.114753930387 -0.223903903794 -0.0112079143604 -0.0382513101624 0.0112079143604 0.059690749251 -0.00560395718022 -3.19027137254 7.31437345954 15.2886883564 3.3138603966 1.12612742136 14.6638301927 2.71989944487 
2.37282450485 1.27616272517 -0.776193299711 -0.191035253269 0.973748950287 0.102009722394 1.21085827237 0.166436915486 -0.109765490567 -0.203074441608 -0.0713468158896 -0.0274376073168 0.0658562821376 -0.0164565400847 -0.0329281410688 0.501218932487 2.09286293465 -6.04252173284 1.08651858939 5.49085436483 -7.65098196023 -2.74542718242 
2.38277712136 1.27513071479 -0.778816087287 -0.191364103289 0.973970854495 0.1020631953 1.21173787662 0.166276496769 -0.10369236842 -0.263527442699 -0.033041564497 0.0222960674236 0.00537274853672 0.0883791963875 -0.0161182456101 0.610203572491 -6.07408122898 3.84876191843 4.99704522084 -6.07714901618 10.5334849807 1.68899258305 
2.39272973786 1.27266849272 -0.780998975747 -0.191262725932 0.973209432556 0.102393217591 1.21097645468 0.165539873286 -0.247394448789 -0.219328099246 0.0101860004862 -0.0765046999108 0.0331593497123 -0.0765046996446 -0.0740130479215 -14.4386232804 4.44097724771 4.34333674588 -9.92711487338 2.79188906375 -16.5668893152 -5.81704341598 
2.40268235437 1.271427362 -0.782621455214 -0.190645655127 0.972543819519 0.102441759823 1.21026229941 0.16696119472 -0.124703962569 -0.163020394301 0.0620008622968 -0.0668781960119 0.00487733371505 -0.0717555302883 0.142808821454 12.3274604381 5.65757807682 5.20615476195 0.967233480186 -2.84166640837 0.477177971646 21.7854138427 
2.41263497087 1.26965813423 -0.784961793289 -0.190980608092 0.972543819519 0.102871175727 1.2098328835 0.165380892834 -0.177765089881 -0.235148020992 -0.033654764534 0.0 0.0431460313556 -0.0431460315693 -0.158782555848 -5.3313746476 -7.24710197114 -9.61110345045 6.71965969745 3.84508914031 2.87457059206 -30.3027226213 
2.42258758738 1.26886245473 -0.787397740748 -0.191062709458 0.972543819519 0.103502652499 1.20916035605 0.166094470972 -0.079946765731 -0.244754478146 -0.00824922427845 0.0 0.0634483175373 -0.0675729293241 0.0716975418157 9.82840282272 -0.965219261661 2.55264937046 0.0 2.03989435057 -2.45431919765 23.1577392288 
2.43254020388 1.26762207184 -0.788338288998 -0.191747598486 0.972586429389 0.103288037596 1.20903252644 0.166351695745 -0.124628824348 -0.0945026114821 -0.0688149722196 0.00428127321042 -0.0215636664786 -0.0128438196201 0.025844939689 -4.48947858031 15.0967202032 -6.0854095917 0.430165595985 -8.54167182814 5.498966998 -4.60709021636 
2.44249282039 1.26574779102 -0.790595918683 -0.191790062031 0.973012241806 0.104268230031 1.20805233401 0.165627461547 -0.188320409689 -0.226837805266 -0.00426657100687 0.0427839670523 0.098485904109 -0.0984859039863 -0.0727682210841 -6.39948151431 -13.2965229515 6.48557102359 3.8686001639 12.0621115592 -8.60498184818 -9.90826489948 
2.45244543689 1.26418644109 -0.792577189594 -0.192091649019 0.973536526452 0.103966643043 1.20843281032 0.165286429895 -0.156878337509 -0.19907035599 -0.0303022815594 0.0526780717534 -0.0303022815594 0.0382287731206 -0.0342655272422 3.15917650043 2.78996475574 -2.61596641846 0.994120962683 -12.9401334419 13.7365563156 3.8686001639 
2.4623980534 1.26231959031 -0.795205440495 -0.191747598486 0.972270272908 0.104274044047 1.20870356179 0.165323079424 -0.187573867944 -0.26407637627 0.0345688525663 -0.127228206107 0.0308864511803 0.0272040492018 0.00368240138597 -3.08416690419 -6.53155079857 6.51799796506 -18.0762795163 6.14800466891 -1.10772116192 3.81285952389 
2.4723506699 1.26072223998 -0.797426492943 -0.191747598486 0.973205826083 0.103997187599 1.20825483273 0.165634930482 -0.16049551724 -0.223162667503 0.0 0.0940007257772 -0.0278174536551 -0.0450865421255 0.0313335752591 2.72072682506 4.1108495185 -3.47334317055 22.2282182556 -5.89833887468 -7.26347602081 2.7782818578 
2.48230328641 1.25852368072 -0.798963902945 -0.191747598486 0.972196176235 0.10465833686 1.21051507727 0.165393985635 -0.220902640018 -0.154472947033 0.0 -0.101445669822 0.066429693177 0.227100535994 -0.0242091963058 -6.06947155539 6.90167459355 0.0 -19.6376897978 9.46958488616 27.3482935856 -5.58072056105 
2.49225590291 1.25726399711 -0.800509300193 -0.191778563309 0.972543819519 0.104341658399 1.20880782567 0.166313056195 -0.126568084754 -0.155275474279 -0.00311122434709 0.034929838136 -0.0318186137889 -0.171537966764 0.0923446170195 9.4783673436 -0.0806348005387 -0.31260366011 13.7024779254 -9.87160581521 -40.0536384139 11.710871535 
2.50220851942 1.25455557816 -0.802392305227 -0.192101005392 0.972603996101 0.104724277064 1.20919044434 0.164782581535 -0.272131348182 -0.189196984882 -0.0323977200589 0.00604630768611 0.038444027745 0.0384440280457 -0.15377611098 -14.6256276786 -3.40830078062 -2.94259260341 -2.90210422915 7.05971555315 21.0981699844 -24.7292486232 
2.51216113592 1.25160560805 -0.803990005143 -0.191747598486 0.973249452483 0.10507768397 1.20948249382 0.163215560335 -0.29640146501 -0.160530641809 0.035508944406 0.0648529340838 0.035508944406 0.0293439899073 -0.157448164444 -2.43856646305 2.88028209059 6.82299618716 5.9086599357 -0.294905700183 -0.914336258604 -0.368953577446 
2.52211375243 1.25007335704 -0.806207724942 -0.191787926849 0.972563983701 0.10507768397 1.20877686085 0.161411149562 -0.1539545917 -0.222827816024 -0.00405203628588 -0.0688732236269 0.0 -0.0708992423245 -0.181300140711 14.3125049821 -6.25937653535 -3.97493268957 -13.4362815693 -3.56779992363 -10.0720481074 -2.39655333394 
2.53206636893 1.24773909096 -0.808112540007 -0.19251458888 0.972949354713 0.10507768397 1.20875482085 0.16061836754 -0.234537930564 -0.191388371512 -0.0730121602122 0.0387205728515 0.0 -0.00221449270503 -0.0796556384486 -8.09669887561 3.15891248263 -6.9288436757 10.8106040684 0.0 6.90117514183 10.2128422423 
2.54201898544 1.24504455338 -0.809675754516 -0.192538067622 0.973310809913 0.105054205228 1.20848728063 0.159440086973 -0.270736603028 -0.157065682972 -0.00235905219274 0.0363176055036 -0.00235905219274 -0.0268813961189 -0.118389025282 -3.63710110262 3.44860957153 7.09894809922 -0.241440765529 -0.237028342405 -2.47843402806 -3.89177929384 
2.55197160194 1.24242394915 -0.811516032406 -0.192898084077 0.973310809913 0.104694188773 1.20988715083 0.15793972773 -0.263308068085 -0.184903928415 -0.0361730460563 0.0 -0.0361730460563 0.140653485264 -0.150750231567 0.74639015176 -2.79707807788 -3.39749791897 -3.64905102953 -3.39749791897 16.83324996 -3.2515275023 
2.56192421845 1.24049098753 -0.812358801859 -0.192917413189 0.973291480801 0.104694188773 1.20919901427 0.156849535561 -0.194216428007 -0.0846781801362 -0.00194211364435 -0.00194211364435 0.0 -0.0691412706208 -0.109538247405 6.94205790443 10.0702913882 3.43939027443 -0.195135986944 3.63452626138 -21.0793569492 4.14081906419 
2.57187683495 1.23817906196 -0.814670727424 -0.193281579274 0.972927314716 0.104694188773 1.20992734644 0.156849535561 -0.232293242941 -0.232293243127 -0.0365899846047 -0.0365899846047 0.0 0.0731799688277 0.0 -3.82580951607 -14.8317844779 -3.48128262989 -3.48128262989 0.0 14.2998817828 11.0059748963 
2.58182945146 1.23550234989 -0.81727933964 -0.193298604239 0.972910289751 0.104660138844 1.20992734644 0.156849535561 -0.268945565515 -0.262103157889 -0.00171060188158 -0.00171060188158 -0.00342120376315 0.0 0.0 -3.68268209228 -2.99518370337 3.5045440268 3.5045440268 -0.343749180075 -7.35283719533 0.0 
2.59178206796 1.23282577536 -0.818434391789 -0.193651164108 0.972543819519 0.103927198379 1.20991343608 0.156863445924 -0.268931745902 -0.11605512473 -0.0354238374605 -0.0368214963674 -0.0736429927349 -0.00139765888142 0.00139765890694 0.00138854071829 14.6743354461 -3.38737412041 -3.5278054237 -7.05561084741 -0.140431300728 0.140431303291 
2.60173468447 1.22981494804 -0.819966879777 -0.193292409004 0.972543819519 0.103916368649 1.20952219179 0.157233030758 -0.302516159022 -0.153978402221 0.0360463103716 0.0 -0.00108812897045 -0.0393106966222 0.0371344393421 -3.37443054337 -3.81038267395 7.18104106566 3.69968001374 7.29002908221 -3.80935382392 3.5906919972 
2.61168730097 1.22781471676 -0.821867544549 -0.193665074471 0.972531373706 0.103568594808 1.20877686085 0.157245476571 -0.200975420001 -0.190971366341 -0.0374439692786 -0.00125050664936 -0.0349429559799 -0.074887939143 0.00125050664936 10.2024165175 -3.71690842326 -7.38401601372 -0.125646019693 -3.40160067384 -3.57466225122 -3.6054772808 
2.62163991748 1.2236759612 -0.823012477333 -0.193671431397 0.972173038175 0.104297979723 1.20878321778 0.157610169029 -0.415845978874 -0.115038370323 -0.000638719105208 -0.0360041533893 0.0732857449889 0.000638719110206 0.0366428724945 -21.5893537914 7.62945060533 3.69804765967 -3.49191056673 10.8743967896 7.58862337521 3.55608656556 
2.63159253398 1.22022969384 -0.824924180144 -0.194048569668 0.972920811851 0.103537200317 1.20916035605 0.157239533623 -0.346267472357 -0.192080425311 -0.0378933791438 0.0751333758651 -0.0764401407102 0.0378933794402 -0.0372399967212 6.99097634113 -7.74088451511 -3.74320260611 11.1666644847 -15.043871692 3.74320263539 -7.42346187856 
2.64154515049 1.21715821646 -0.826459918837 -0.194041627327 0.972529934837 0.103153265644 1.20914647137 0.157616525955 -0.308610040398 -0.154305020492 0.000697539296457 -0.0392737944194 -0.0385762551229 -0.00139507858563 0.0378787158264 3.78367155414 3.79552500597 3.87746462666 -11.4951852338 3.80441520769 -3.94755067742 7.54763458544 
2.65149776699 1.21411780385 -0.827982924117 -0.193670672423 0.971776829125 0.102773913812 1.20839336566 0.157616525955 -0.30548877374 -0.153025616845 0.0372720986084 -0.0756691179052 -0.038115789125 -0.0756691175105 0.0 0.313612672281 0.128549477024 3.67486874373 -3.65685982857 0.0462658234309 -7.46276508179 -3.80590529214 
2.6614503835 1.21029598601 -0.830275590374 -0.194432064864 0.971774706892 0.102395339824 1.20839548789 0.157614403722 -0.384001316252 -0.230358143022 -0.0765017360535 -0.000213233640713 -0.0380376344359 0.000213233636819 -0.000213233640718 -7.88863335322 -7.77006992481 -11.4315501463 7.58151228148 0.00785267764455 7.62436200675 -0.0214248826541 
