-18.076667 -18.154600 -29.084714 -57.374753   5.682272  -9.202953  60.532072 -65.272501  23.278456  32.274024  58.967753
-18.242158 -18.281627 -28.595845 -55.522693   5.684859  -8.952944  59.503489 -64.295014  23.013387  31.926194  58.349770
-18.407648 -18.408654 -28.106977 -53.670633   5.687446  -8.702934  58.474906 -63.317527  22.748318  31.578365  57.731787
-18.573138 -18.535681 -27.618108 -51.818572   5.690032  -8.452924  57.446322 -62.340041  22.483248  31.230536  57.113804
-18.738629 -18.662708 -27.129239 -49.966512   5.692619  -8.202915  56.417739 -61.362554  22.218179  30.882706  56.495820
-18.904119 -18.789735 -26.640371 -48.114452   5.695205  -7.952905  55.389156 -60.385067  21.953110  30.534877  55.877837
-19.069609 -18.916762 -26.151502 -46.262392   5.697792  -7.702896  54.360573 -59.407580  21.688041  30.187047  55.259854
-19.235100 -19.043789 -25.662633 -44.410332   5.700379  -7.452886  53.331990 -58.430094  21.422972  29.839218  54.641871
-19.400590 -19.170816 -25.173765 -42.558272   5.702965  -7.202877  52.303406 -57.452607  21.157903  29.491389  54.023887
-19.566080 -19.297843 -24.684896 -40.706212   5.705552  -6.952867  51.274823 -56.475120  20.892833  29.143559  53.405904
-19.731571 -19.424870 -24.196027 -38.854151   5.708138  -6.702858  50.246240 -55.497633  20.627764  28.795730  52.787921
-19.897061 -19.551897 -23.707159 -37.002091   5.710725  -6.452848  49.217657 -54.520147  20.362695  28.447900  52.169938
-20.062552 -19.678924 -23.218290 -35.150031   5.713312  -6.202838  48.189074 -53.542660  20.097626  28.100071  51.551954
-20.228042 -19.805951 -22.729421 -33.297971   5.715898  -5.952829  47.160490 -52.565173  19.832557  27.752242  50.933971
-20.393532 -19.932978 -22.240552 -31.445911   5.718485  -5.702819  46.131907 -51.587686  19.567488  27.404412  50.315988
-20.559023 -20.060005 -21.751684 -29.593851   5.721071  -5.452810  45.103324 -50.610200  19.302418  27.056583  49.698005
-20.724513 -20.187032 -21.262815 -27.741791   5.723658  -5.202800  44.074741 -49.632713  19.037349  26.708754  49.080021
-20.890003 -20.314059 -20.773946 -25.889731   5.726245  -4.952791  43.046157 -48.655226  18.772280  26.360924  48.462038
-21.055494 -20.441086 -20.285078 -24.037670   5.728831  -4.702781  42.017574 -47.677739  18.507211  26.013095  47.844055
-21.220984 -20.568113 -19.796209 -22.185610   5.731418  -4.452772  40.988991 -46.700253  18.242142  25.665265  47.226072
-21.386474 -20.695140 -19.307340 -20.333550   5.734004  -4.202762  39.960408 -45.722766  17.977073  25.317436  46.608088
-21.551965 -20.822167 -18.818472 -18.481490   5.736591  -3.952752  38.931825 -44.745279  17.712003  24.969607  45.990105
-21.717455 -20.949194 -18.329603 -16.629430   5.739178  -3.702743  37.903241 -43.767792  17.446934  24.621777  45.372122
-21.882946 -21.076221 -17.840734 -14.777370   5.741764  -3.452733  36.874658 -42.790306  17.181865  24.273948  44.754139
-22.048436 -21.203249 -17.351866 -12.925310   5.744351  -3.202724  35.846075 -41.812819  16.916796  23.926119  44.136155
-22.213926 -21.330276 -16.862997 -11.073249   5.746937  -2.952714  34.817492 -40.835332  16.651727  23.578289  43.518172
-22.379417 -21.457303 -16.374128  -9.221189   5.749524  -2.702705  33.788908 -39.857845  16.386657  23.230460  42.900189
-22.544907 -21.584330 -15.885259  -7.369129   5.752111  -2.452695  32.760325 -38.880359  16.121588  22.882630  42.282206
-22.710397 -21.711357 -15.396391  -5.517069   5.754697  -2.202686  31.731742 -37.902872  15.856519  22.534801  41.664222
-22.875888 -21.838384 -14.907522  -3.665009   5.757284  -1.952676  30.703159 -36.925385  15.591450  22.186972  41.046239
-23.041378 -21.965411 -14.418653  -1.812949   5.759870  -1.702666  29.674576 -35.947898  15.326381  21.839142  40.428256
-23.206868 -22.092438 -13.929785   0.039111   5.762457  -1.452657  28.645992 -34.970412  15.061312  21.491313  39.810273
-23.372359 -22.219465 -13.440916   1.891171   5.765044  -1.202647  27.617409 -33.992925  14.796242  21.143484  39.192289
-23.537849 -22.346492 -12.952047   3.743232   5.767630  -0.952638  26.588826 -33.015438  14.531173  20.795654  38.574306
-23.703340 -22.473519 -12.463179   5.595292   5.770217  -0.702628  25.560243 -32.037951  14.266104  20.447825  37.956323
-23.868830 -22.600546 -11.974310   7.447352   5.772803  -0.452619  24.531660 -31.060465  14.001035  20.099995  37.338340
-24.034320 -22.727573 -11.485441   9.299412   5.775390  -0.202609  23.503076 -30.082978  13.735966  19.752166  36.720356
-24.199811 -22.854600 -10.996573  11.151472   5.777977   0.047400  22.474493 -29.105491  13.470897  19.404337  36.102373
-24.365301 -22.981627 -10.507704  13.003532   5.780563   0.297410  21.445910 -28.128004  13.205827  19.056507  35.484390
-24.530791 -23.108654 -10.018835  14.855592   5.783150   0.547420  20.417327 -27.150518  12.940758  18.708678  34.866407
-24.696282 -23.235681  -9.529967  16.707653   5.785737   0.797429  19.388743 -26.173031  12.675689  18.360849  34.248423
-24.861772 -23.362708  -9.041098  18.559713   5.788323   1.047439  18.360160 -25.195544  12.410620  18.013019  33.630440
-25.027262 -23.489735  -8.552229  20.411773   5.790910   1.297448  17.331577 -24.218057  12.145551  17.665190  33.012457
-25.192753 -23.616762  -8.063360  22.263833   5.793496   1.547458  16.302994 -23.240571  11.880482  17.317360  32.394474
-25.358243 -23.743789  -7.574492  24.115893   5.796083   1.797467  15.274411 -22.263084  11.615412  16.969531  31.776490
-25.523734 -23.870816  -7.085623  25.967953   5.798670   2.047477  14.245827 -21.285597  11.350343  16.621702  31.158507
-25.689224 -23.997843  -6.596754  27.820013   5.801256   2.297486  13.217244 -20.308110  11.085274  16.273872  30.540524
-25.854714 -24.124870  -6.107886  29.672073   5.803843   2.547496  12.188661 -19.330624  10.820205  15.926043  29.922541
-26.020205 -24.251897  -5.619017  31.524134   5.806429   2.797506  11.160078 -18.353137  10.555136  15.578214  29.304557
-26.185695 -24.378924  -5.130148  33.376194   5.809016   3.047515  10.131494 -17.375650  10.290067  15.230384  28.686574
-26.351185 -24.505951  -4.641280  35.228254   5.811603   3.297525   9.102911 -16.398163  10.024997  14.882555  28.068591
-26.516676 -24.632978  -4.152411  37.080314   5.814189   3.547534   8.074328 -15.420677   9.759928  14.534725  27.450608
-26.682166 -24.760006  -3.663542  38.932374   5.816776   3.797544   7.045745 -14.443190   9.494859  14.186896  26.832624
-26.847656 -24.887033  -3.174674  40.784434   5.819362   4.047553   6.017162 -13.465703   9.229790  13.839067  26.214641
-27.013147 -25.014060  -2.685805  42.636494   5.821949   4.297563   4.988578 -12.488216   8.964721  13.491237  25.596658
-27.178637 -25.141087  -2.196936  44.488555   5.824536   4.547572   3.959995 -11.510730   8.699651  13.143408  24.978675
-27.344128 -25.268114  -1.708068  46.340615   5.827122   4.797582   2.931412 -10.533243   8.434582  12.795579  24.360691
-27.509618 -25.395141  -1.219199  48.192675   5.829709   5.047591   1.902829  -9.555756   8.169513  12.447749  23.742708
-27.675108 -25.522168  -0.730330  50.044735   5.832295   5.297601   0.874246  -8.578269   7.904444  12.099920  23.124725
-27.840599 -25.649195  -0.241461  51.896795   5.834882   5.547611  -0.154338  -7.600783   7.639375  11.752090  22.506742
-28.006089 -25.776222   0.247407  53.748855   5.837469   5.797620  -1.182921  -6.623296   7.374306  11.404261  21.888759
-28.171579 -25.903249   0.736276  55.600915   5.840055   6.047630  -2.211504  -5.645809   7.109236  11.056432  21.270775
-28.337070 -26.030276   1.225145  57.452975   5.842642   6.297639  -3.240087  -4.668322   6.844167  10.708602  20.652792
-28.502560 -26.157303   1.714013  59.305036   5.845228   6.547649  -4.268671  -3.690836   6.579098  10.360773  20.034809
-28.668050 -26.284330   2.202882  61.157096   5.847815   6.797658  -5.297254  -2.713349   6.314029  10.012944  19.416826
-28.833541 -26.411357   2.691751  63.009156   5.850402   7.047668  -6.325837  -1.735862   6.048960   9.665114  18.798842
-28.999031 -26.538384   3.180619  64.861216   5.852988   7.297677  -7.354420  -0.758375   5.783891   9.317285  18.180859
-29.164522 -26.665411   3.669488  66.713276   5.855575   7.547687  -8.383003   0.219111   5.518821   8.969455  17.562876
-29.330012 -26.792438   4.158357  68.565336   5.858161   7.797697  -9.411587   1.196598   5.253752   8.621626  16.944893
-29.495502 -26.919465   4.647225  70.417396   5.860748   8.047706 -10.440170   2.174085   4.988683   8.273797  16.326909
-29.660993 -27.046492   5.136094  72.269457   5.863335   8.297716 -11.468753   3.151572   4.723614   7.925967  15.708926
-29.826483 -27.173519   5.624963  74.121517   5.865921   8.547725 -12.497336   4.129058   4.458545   7.578138  15.090943
-29.991973 -27.300546   6.113831  75.973577   5.868508   8.797735 -13.525920   5.106545   4.193476   7.230308  14.472960
-30.157464 -27.427573   6.602700  77.825637   5.871094   9.047744 -14.554503   6.084032   3.928406   6.882479  13.854976
-30.322954 -27.554600   7.091569  79.677697   5.873681   9.297754 -15.583086   7.061519   3.663337   6.534650  13.236993
-30.488444 -27.681627   7.580438  81.529757   5.876268   9.547763 -16.611669   8.039005   3.398268   6.186820  12.619010
-30.653935 -27.808654   8.069306  83.381817   5.878854   9.797773 -17.640252   9.016492   3.133199   5.838991  12.001027
-30.819425 -27.935681   8.558175  85.233877   5.881441  10.047783 -18.668836   9.993979   2.868130   5.491162  11.383043
-30.984916 -28.062708   9.047044  87.085938   5.884028  10.297792 -19.697419  10.971466   2.603060   5.143332  10.765060
-31.150406 -28.189735   9.535912  88.937998   5.886614  10.547802 -20.726002  11.948952   2.337991   4.795503  10.147077
-31.315896 -28.316763  10.024781  90.790058   5.889201  10.797811 -21.754585  12.926439   2.072922   4.447673   9.529094
-31.481387 -28.443790  10.513650  92.642118   5.891787  11.047821 -22.783169  13.903926   1.807853   4.099844   8.911110
-31.646877 -28.570817  11.002518  94.494178   5.894374  11.297830 -23.811752  14.881413   1.542784   3.752015   8.293127
-31.812367 -28.697844  11.491387  96.346238   5.896961  11.547840 -24.840335  15.858899   1.277715   3.404185   7.675144
-31.977858 -28.824871  11.980256  98.198298   5.899547  11.797849 -25.868918  16.836386   1.012645   3.056356   7.057161
-32.143348 -28.951898  12.469124 100.050359   5.902134  12.047859 -26.897501  17.813873   0.747576   2.708527   6.439177
-32.308838 -29.078925  12.957993 101.902419   5.904720  12.297869 -27.926085  18.791360   0.482507   2.360697   5.821194
-32.474329 -29.205952  13.446862 103.754479   5.907307  12.547878 -28.954668  19.768846   0.217438   2.012868   5.203211
-32.639819 -29.332979  13.935730 105.606539   5.909894  12.797888 -29.983251  20.746333  -0.047631   1.665038   4.585228
-32.805310 -29.460006  14.424599 107.458599   5.912480  13.047897 -31.011834  21.723820  -0.312700   1.317209   3.967244
-32.970800 -29.587033  14.913468 109.310659   5.915067  13.297907 -32.040417  22.701307  -0.577770   0.969380   3.349261
-33.136290 -29.714060  15.402337 111.162719   5.917653  13.547916 -33.069001  23.678793  -0.842839   0.621550   2.731278
-33.301781 -29.841087  15.891205 113.014779   5.920240  13.797926 -34.097584  24.656280  -1.107908   0.273721   2.113295
-33.467271 -29.968114  16.380074 114.866840   5.922827  14.047935 -35.126167  25.633767  -1.372977  -0.074108   1.495311
-33.632761 -30.095141  16.868943 116.718900   5.925413  14.297945 -36.154750  26.611254  -1.638046  -0.421938   0.877328
-33.798252 -30.222168  17.357811 118.570960   5.928000  14.547955 -37.183334  27.588740  -1.903115  -0.769767   0.259345
-33.963742 -30.349195  17.846680 120.423020   5.930586  14.797964 -38.211917  28.566227  -2.168185  -1.117597  -0.358638
-34.129232 -30.476222  18.335549 122.275080   5.933173  15.047974 -39.240500  29.543714  -2.433254  -1.465426  -0.976622
-34.294723 -30.603249  18.824417 124.127140   5.935760  15.297983 -40.269083  30.521201  -2.698323  -1.813255  -1.594605
-34.460213 -30.730276  19.313286 125.979200   5.938346  15.547993 -41.297666  31.498687  -2.963392  -2.161085  -2.212588