-18.081409
-18.106480
-18.131522
-18.156533
-18.181506
-18.206438
-18.231322
-18.256152
-18.280922
-18.305625
-18.330253
-18.354798
-18.379253
-18.403610
-18.427859
-18.451993
-18.476004
-18.499882
-18.523620
-18.547212
-18.570649
-18.593927
-18.617041
-18.639987
-18.662765
-18.685373
-18.707814
-18.730092
-18.752212
-18.774184
-18.796019
-18.817729
-18.839332
-18.860846
-18.882291
-18.903690
-18.925070
-18.946457
-18.967880
-18.989370
-19.010958
-19.032677
-19.054561
-19.076645
-19.098962
-19.121549
-19.144439
-19.167670
-19.191275
-19.215289
-19.239748
-19.264686
-19.290136
-19.316132
-19.342708
-19.369896
-19.397727
-19.426234
-19.455447
-19.485395
-19.516106
-19.547607
-19.579924
-19.613078
-19.647091
-19.681979
-19.717757
-19.754434
-19.792015
-19.830499
-19.869879
-19.910140
-19.951259
-19.993203
-20.035931
-20.079388
-20.123509
-20.168213
-20.213407
-20.258981
-20.304811
-20.350757
-20.396660
-20.442347
-20.487628
-20.532297
-20.576134
-20.618908
-20.660373
-20.700279
-20.738368
-20.774379
-20.808054
-20.839135
-20.867378
-20.892548
-20.914425
-20.932810
-20.947526
-20.958422
-20.965374
-20.968286
-20.967094
-20.961764
-20.952292
-20.938702
-20.921047
-20.899405
-20.873876
-20.844580
-20.811654
-20.775247
-20.735521
-20.692640
-20.646775
-20.598094
-20.546765
-20.492949
-20.436798
-20.378455
-20.318052
-20.255703
-20.191510
-20.125558
-20.057910
-19.988614
-19.917696
-19.845160
-19.770991
-19.695147
-19.617567
-19.538164
-19.456826
-19.373418
-19.287776
-19.199714
-19.109017
-19.015445
-18.918732
-18.818587
-18.714691
-18.606703
-18.494261
-18.376978
-18.254452
-18.126265
-17.991985
-17.851175
-17.703394
-17.548204
-17.385175
-17.213894
-17.033967
-16.845033
-16.646766
-16.438885
-16.221159
-15.993414
-15.755542
-15.507500
-15.249317
-14.981096
-14.703012
-14.415314
-14.118322
-13.812419
-13.498051
-13.175716
-12.845956
-12.509352
-12.166508
-11.818050
-11.464609
-11.106816
-10.745293
-10.380643
-10.013448
 -9.644257
 -9.273587
 -8.901917
 -8.529686
 -8.157291
 -7.785089
 -7.413394
 -7.042481
 -6.672587
 -6.303916
 -5.936636
 -5.570889
 -5.206791
 -4.844436
 -4.483901
 -4.125247
 -3.768527
 -3.413789
 -3.061077
 -2.710436
 -2.361920
 -2.015588
 -1.671514
 -1.329787
 -0.990516
 -0.653831
 -0.319887
  0.011132
  0.339014
  0.663513
  0.984353
  1.301219
  1.613765
  1.921609
  2.224335
  2.521494
  2.812610
  3.097177
  3.374670
  3.644546
  3.906252
  4.159233
  4.402938
  4.636828
  4.860390
  5.073141
  5.274640
  5.464495
  5.642375
  5.808016
  5.961225
  6.101888
  6.229975
  6.345535
  6.448704
  6.539699
  6.618812
  6.686410
  6.742923
  6.788841
  6.824700
  6.851077
  6.868577
  6.877824
  6.879453
  6.874100
  6.862391
  6.844941
  6.822339
  6.795152
  6.763911
  6.729115
  6.691222
  6.650655
  6.607794
  6.562980
  6.516512
  6.468652
  6.419626
  6.369619
  6.318788
  6.267255
  6.215113
  6.162429
  6.109244
  6.055579
  6.001434
  5.946792
  5.891622
  5.835881
  5.779516
  5.722466
  5.664668
  5.606054
  5.546556
  5.486111
  5.424659
  5.362148
  5.298537
  5.233797
  5.167914
  5.100888
  5.032744
  4.963522
  4.893288
  4.822132
  4.750166
  4.677531
  4.604389
  4.530930
  4.457367
  4.383932
  4.310878
  4.238477
  4.167009
  4.096767
  4.028047
  3.961148
  3.896362
  3.833975
  3.774261
  3.717476
  3.663857
  3.613620
  3.566952
  3.524018
  3.484951
  3.449857
  3.418817
  3.391879
  3.369068
  3.350385
  3.335807
  3.325290
  3.318772
  3.316176
  3.317410
  3.322372
  3.330947
  3.343017
  3.358454
  3.377128
  3.398905
  3.423646
  3.451214
  3.481467
  3.514263
  3.549457
  3.586902
  3.626448
  3.667943
  3.711227
  3.756136
  3.802498
  3.850132
  3.898849
  3.948443
  3.998700
  4.049386
  4.100255
  4.151039
  4.201453
  4.251190
  4.299923
  4.347305
  4.392966
  4.436515
  4.477544
  4.515625
  4.550317
  4.581165
  4.607708
  4.629480
  4.646017
  4.656863
  4.661575
  4.659730
  4.650930
  4.634813
  4.611053
  4.579371
  4.539535
  4.491371
  4.434758
  4.369637
  4.296007
  4.213927
  4.123515
  4.024940
  3.918425
  3.804237
  3.682685
  3.554109
  3.418881
  3.277390
  3.130045
  2.977259
  2.819452
  2.657042
  2.490440
  2.320048
  2.146253
  1.969431
  1.789939
  1.608115
  1.424283
  1.238745
  1.051790
  0.863690
  0.674703
  0.485075
  0.295044
  0.104839
 -0.085313
 -0.275189
 -0.464563
 -0.653204
 -0.840873
 -1.027323
 -1.212290
 -1.395496
 -1.576641
 -1.755406
 -1.931446
 -2.104390
 -2.273839
 -2.439365
 -2.600511
 -2.756790
 -2.907686
 -3.052656
 -3.191131
 -3.322522
 -3.446222
 -3.561610
 -3.668064
 -3.764960
 -3.851686
 -3.927646
 -3.992277
 -4.045050
 -4.085486
 -4.113165
 -4.127733
 -4.128912
 -4.116507
 -4.090411
 -4.050613
 -3.997195
 -3.930334
 -3.850304
 -3.757466
 -3.652267
 -3.535231
 -3.406949
 -3.268073
 -3.119299
 -2.961363
 -2.795022
 -2.621050
 -2.440223
 -2.253311
 -2.061070
 -1.864231
 -1.663500
 -1.459544
 -1.252997
 -1.044448
 -0.834448
 -0.623502
 -0.412074
 -0.200589
  0.010570
  0.221055
  0.430551
  0.638774
  0.845469
  1.050401
  1.253356
  1.454137
  1.652557
  1.848440
  2.041612
  2.231904
  2.419143
  2.603154
  2.783754
  2.960749
  3.133935
  3.303096
  3.468000
  3.628400
  3.784032
  3.934618
  4.079864
  4.219462
  4.353093
  4.480426
  4.601126
  4.714854
  4.821275
  4.920059
  5.010888
  5.093466
  5.167518
  5.232802
  5.289113
  5.336289
  5.374218
  5.402842
  5.422160
  5.432231
  5.433178
  5.425187
  5.408504
  5.383437
  5.350348
  5.309652
  5.261806
  5.207308
  5.146686
  5.080492
  5.009291
  4.933657
  4.854164
  4.771378
  4.685852
  4.598119
  4.508690
  4.418046
  4.326640
  4.234891
  4.143184
  4.051870
  3.961267
  3.871657
  3.783293
  3.696396
  3.611158
  3.527744
  3.446296
  3.366932
  3.289752
  3.214838
  3.142254
  3.072054
  3.004276
  2.938953
  2.876106
  2.815748
  2.757889
  2.702531
  2.649674
  2.599312
  2.551437
  2.506037
  2.463096
  2.422595
  2.384511
  2.348817
  2.315482
  2.284467
  2.255729
  2.229215
  2.204867
  2.182617
  2.162387
  2.144090
  2.127625
  2.112885
  2.099749
  2.088084
  2.077749
  2.068590
  2.060449
  2.053155
  2.046535
  2.040410
  2.034600
  2.028923
  2.023203
  2.017265
  2.010942
  2.004078
  1.996526
  1.988149
  1.978830
  1.968460
  1.956952
  1.944230
  1.930238
  1.914933
  1.898290
  1.880296
  1.860956
  1.840283
  1.818306
  1.795061
  1.770596
  1.744965
  1.718229
  1.690456
  1.661716
  1.632083
  1.601636
  1.570452
  1.538611
  1.506190
  1.473270
  1.439925
  1.406232
  1.372262
  1.338085
  1.303768
  1.269373
  1.234958
  1.200577
  1.166277
  1.132101
  1.098086
  1.064262
  1.030651
  0.997268
  0.964120
  0.931204
  0.898510
  0.866015
  0.833690
  0.801491
  0.769366
  0.737252
  0.705075
  0.672750
  0.640183
  0.607269
  0.573895
  0.539942
  0.505284
  0.469790
  0.433327
  0.395762
  0.356961
  0.316796
  0.275143
  0.231885
  0.186915
  0.140137
  0.091469
  0.040840
 -0.011804
 -0.066505
 -0.123285
 -0.182155
 -0.243109
 -0.306128
 -0.371179
 -0.438217
 -0.507189
 -0.578028
 -0.650664
 -0.725017
 -0.801006
 -0.878542
 -0.957539
 -1.037905
 -1.119551
 -1.202389
 -1.286333
 -1.371297
 -1.457201
 -1.543967
 -1.631520
 -1.719792
 -1.808716
 -1.898230
 -1.988278
 -2.078805
 -2.169762
 -2.209569
 -2.209569
 -2.209569
 -2.209569
 -2.209569
 -2.209569
 -2.209569
 -2.209569
 -2.209569
 -2.209569
 -2.209569
 -2.209569
 -2.209569
 -2.209569
 -2.209569
 -2.209569
 -2.209569
 -2.209569
 -2.209569
 -2.209569
 -2.209569
 -2.209569
 -2.209569
 -2.209569
 -2.209569
 -2.209569
 -2.209569
 -2.209569
 -2.209569
 -2.209569
 -2.209569
 -2.209569
 -2.209569
 -2.209569
 -2.209569
 -2.209569
 -2.209569
 -2.209569
 -2.209569
 -2.209569
 -2.209569
 -2.209569
 -2.209569
 -2.209569
 -2.209569
 -2.209569
 -2.209569
 -2.209569
 -2.209569
 -2.209569
 -2.209569
 -2.209569
 -2.209569
 -2.209569
 -2.209569
 -2.209569
 -2.209569
 -2.209569
 -2.209569
 -2.209569
 -2.209569
 -2.209569
 -2.209569
 -2.209569
 -2.209569
 -2.209569
 -2.209569
 -2.209569
 -2.209569
 -2.209569
 -2.209569
 -2.209569