-18.081409
-18.246487
-18.408977
-18.566709
-18.717678
-18.861969
-19.003665
-19.150752
-19.313081
-19.500475
-19.721554
-19.981173
-20.273882
-20.573361
-20.825378
-20.959777
-20.925511
-20.719676
-20.379143
-19.946336
-19.439541
-18.836898
-18.069258
-17.026445
-15.595166
-13.730951
-11.510049
 -9.094306
 -6.638212
 -4.231366
 -1.907292
  0.314373
  2.384027
  4.195265
  5.600075
  6.483441
  6.850569
  6.832254
  6.599076
  6.277187
  5.923758
  5.544806
  5.125172
  4.659278
  4.176907
  3.747133
  3.447175
  3.320358
  3.363767
  3.546300
  3.827282
  4.157815
  4.467317
  4.650540
  4.580607
  4.162883
  3.392999
  2.354984
  1.162787
 -0.088656
 -1.327578
 -2.478218
 -3.428060
 -4.018027
 -4.088073
 -3.573888
 -2.569126
 -1.273475
  0.118401
  1.478527
  2.735830
  3.836297
  4.709744
  5.265683
  5.432421
  5.219556
  4.737846
  4.142634
  3.559510
  3.056458
  2.658098
  2.368231
  2.181382
  2.081033
  2.033008
  1.989117
  1.906776
  1.767816
  1.579218
  1.360948
  1.134076
  0.913112
  0.699818
  0.477910
  0.214826
 -0.122963
 -0.549820
 -1.055383
 -1.616217
 -2.209569