 -16.001649
 147.559232
-427.321160
  96.292645
 205.777202
-286.376071
 340.130442
-403.090225
 563.048804
-774.997944
 515.922169
-114.754738
   2.636157
-266.963326
 403.624398
-460.846481
 276.818976
-320.132326
 369.513240
 -87.503154
-153.248427
 -97.337117
-102.916261
  22.559055
 351.004691
-148.282183
-175.539774
-214.224326
 508.018045
-295.997771
-395.756603
 471.431437
   4.162299
-102.067483
-108.388870
-281.038017
 442.317887
-416.768468
 286.030844
 211.542600
-299.858149
-258.489351
 218.419096
  47.150203
 -58.993924
-175.087967
-202.137308
 505.792062
-426.883616
 -15.701121
  94.552153
  75.701050
 156.197576
 -83.744722
-277.232914
 -69.838641
 185.652513
  13.150010
-248.574919
 259.381249
-379.144645
 253.888371
  61.470526
  -1.887480
-289.227571
 -82.106909
 322.265875
 -58.943272
 -41.770079
-263.491522
 106.853744
-107.929485
  93.510857
 -80.718205
 199.096747
 110.801518
-496.433714
 208.976297
 -16.376368
 -75.551215
 164.574044
-356.662296
  12.539407
 244.435497
-266.834732
 327.277736
-300.709172
  -0.164929
 190.931899
-559.713401
 186.502360
 139.341678
 141.543832
-104.806135
 -51.384410
 -57.455323
  -7.166972
-302.597582
 390.621976
-178.748512
-210.997440
 204.424333
 -30.717493
 114.263698
-118.686377
  98.814954
-206.337276
 -53.476480
  12.729142
  44.327125
-269.947083
 227.005485
-193.595782
  46.642437
  14.045205
 208.815396
-321.219871
  30.106986
 227.237918
-370.969149
 208.145497
 -90.000252
  33.670735
-174.760969
  34.264245
 -26.367274
 130.115738
-215.898241
  -8.634988
 -18.410449
  44.579786
  35.851063
-326.438426
 492.083255
-297.294202
-196.530786
 149.986018
 -72.650663
 -49.402068
 131.366125
 233.959263
-138.808716
-517.390585
 160.695527
 255.375906
-152.230852
  70.205021
-170.860049
  13.416770
  67.403771
 -40.133088
-244.104618
 250.601606
-193.586593
  41.456864
 -49.756108
 222.671365
-439.246148
 226.027602
  39.852473
 -13.104322
 -39.779737
-276.393449
 175.030015
 -57.633066
  80.394789
 -43.027896
-285.244375
 -47.634692
 391.431627
-151.540732
-382.812670
 468.954828
 -77.588472
 -80.188185
-328.262800
 275.859714
-147.048358
 -94.501606
 342.540606
  11.513204
-371.582953
  97.719207
  45.447438
 -54.054916
  69.056380
  79.418671
 -27.067638
 -58.898199
 -46.912730
 136.426482
 -81.775644
 -48.658231
 158.861579
 -35.457642
  59.951139
-111.123770
 118.753210
 -39.712221
 287.928145
-440.113192
 355.866260
-190.121649
  27.232900
 -19.248583
 -61.546991
 290.396516
-145.636143
-114.705845
 319.703233
 -15.801668
-310.862880
-176.219578
 454.537299
 226.536185
-315.677394
  57.216902
-198.475671
  97.534911
  42.557641
-313.508350
 262.068461
 303.098303
-664.703119
 101.556804
 570.694669
-280.031395
-245.532835
 -30.088582
 229.291827
 -79.423477
 -61.377405
 110.869710
 117.760320
-104.281181
-243.751922
 130.730039
 185.933304
   7.142649
-197.185970
 -20.538804
 219.344427
 -60.855049
-199.850140
 400.032340
  75.543251
-222.141332
 -15.340306
  40.184994
  18.505577
  57.474315
-127.954303
  48.056607
 145.770712
 -27.752248
 -59.147066
 119.881847
 138.370976
 -72.975794
 100.792501
-106.449205
  38.162025
-280.068603
  63.321043
 326.671415
 -40.661087
 -86.532891
-211.617596
 274.652694
 125.311270
-294.985290
 -96.106240
 325.696425
-212.638646
-222.211388
 153.089739
 164.272134
  10.092546
-176.145108
-111.832933
 150.850520
  81.305043
-149.688749
 119.932368
  40.989955
  29.669136
  22.321912
 -62.340770
 172.794400
 -43.072896
 -74.792206
  29.676684
   6.554802
 249.149786
 -80.353869
 -63.934668
 -12.919432
  20.894166
 106.756510
-176.945007
 -33.778475
 -38.033873
 219.921319
  86.881942
 -47.698924
-124.902241
   5.950255
 115.302110
 -55.905662
  57.400121
-203.761392
-153.964008
 334.032703
-161.340505
 -14.015662
  20.879562
-104.429001
 234.707790
-179.273496
 -76.768417
 245.877752
-317.861347
 -29.608281
 425.004217
-114.968430
-412.408419
 164.932493
 262.608482
-169.904129
-141.092497
 112.904010
 274.709576
-284.254788
 -61.799831
 157.254968
  36.331638
 102.478134
 -66.247812
  -2.987682
 -91.281852
 118.856231
 -74.083935
-108.992102
 150.643794
  11.076877
 -22.717482
 -25.376861
 -26.002144
  11.643492
 125.611940
 -77.746113
  -8.612271
  48.494587
  77.307960
  89.965547
-283.735516
 226.148379
 227.779611
-366.682223
 -59.561191
 210.686243
  28.312681
 -77.543936
 200.754644
  30.401413
-375.728119
 140.792584
 209.607468
-198.127610
 197.593583
  -9.172131
-190.621311
 105.895706
  41.017943
 -50.699947
  27.631505
 -71.812304
  59.498911
 -77.579518
 181.244565
-111.982600
 109.226726
 103.083450
-246.806872
 150.875970
 -89.878020
  -1.446919
  -8.736680
  22.058282
 109.900925
-207.298679
 156.619180
  61.358717
 -35.560061
  41.669195
-199.883250
 119.433529
 114.372551
-314.919808
 129.964276
  12.899742
-173.313689
 147.302787
 150.040703
-383.788708
 193.380110
   1.104908
  31.492726
 -51.792480
-178.884574
 163.111102
 124.557935
-117.230492
  -6.396259
  18.328574
 -88.864235
 112.566172
-163.517170
 123.656589
   9.916090
-190.506448
  33.765129
  50.374597
 221.796802
-266.107559
-195.001644
 478.728851
-163.698843
-220.064243
 144.777073
 -46.633783
   6.906174
  10.400584
-110.397094
   6.845613
  83.386100
  -4.551455
   7.931305
  -2.569945
-140.880951
  50.928653
 183.077389
-151.174955
 -56.843996
  36.999748
 112.577687
-210.703524
  70.113602
 111.759433
 -36.782663
  85.289746
-100.260185
 -94.892954
  84.846266
-133.567723
 304.702276
 -39.787881
  28.606266
 -34.884588
-121.294193
 170.929636
  49.608569
 -27.263793
 -78.001504
 -57.022630
 325.276402
-254.237554
 225.628118
-224.500899
 -51.127293
 226.592905
 -83.303897
-144.592236
  25.632581
 160.217004
-227.366347
 -20.912346
 311.692247
 -50.040008
-165.862605
 -69.101179
   9.354078
 269.365040
-272.747885
 310.662015
-219.102604
-107.329855
 110.364798
  67.737026
 219.363184
-165.302730
 110.741039
 -56.384375
  13.062013
 -75.803974
 164.911948
 172.211812
-605.655323
 350.118598
 321.979976
  51.859797
-388.822952
 221.989539
 -70.575024
 -24.233890
-109.837843
 130.116568
  99.894259
-101.110807
 -22.437809
 -87.086443
  72.321975
 107.404275
-126.530902
  79.865499
-128.832220
 114.817115
-335.928926
 229.757968
 -43.722010
 206.551539
 -42.898663
 -84.637578
-157.309157
 191.152000
 -41.333132
 113.811712
-181.029234
 -74.777471
 321.071930
-156.823889
-273.693707
 332.077811
  -5.804316
-304.869729
 114.933908
 -32.633412
 134.843608
-209.735512
 321.501026
-111.311010
  77.578204
  -6.843988
-257.910702
 241.990914
-233.493967
 175.676768
 -71.593216
  50.146067
 -30.846377
-143.310216
 277.886649
-119.296027
  69.899676
-236.797163
 386.132287
  11.615831
 -51.820975
-299.221476
 150.176154
  97.047505
  78.894832
-291.249334
 268.125819
 197.398268
-330.166865
 -89.822924
 538.102993
-346.409838
 -49.453124
 121.017651
-366.706557
 525.870950
 -72.725307
-137.288505
 -41.414395
 -48.061712
 252.519805
 -94.812736
  75.304103
 -27.839129
-219.551740
 313.772260
-133.314934
-141.416733
 125.158103
  86.909241
-326.389447
 395.752499
-205.996369
-135.284017
 272.833607
 -57.505824
-384.308820
 244.797655
  79.946424
  33.093024
-190.573944
 535.490441
-870.566553
 544.633817
-121.357189
 121.581955
-322.333996
 484.171608
-290.554461
 -84.114235
 -71.477323
 459.824953
-268.558292
 133.279218
-271.725038
 -83.070095
 112.991519
  54.220424
  62.516642
  28.074864
 104.305531
-120.726290
-117.987624
 -20.617518
 152.515594
  18.563836
 -16.734019
 119.393013
-169.599075
 299.769500
-514.042540
 -43.139293
 382.973925
  93.995277
-337.928873
 303.944923
 165.718456
-660.945752
 518.085866
-376.697228
 320.655969
-110.661524
 151.675608
-341.448899
 236.943757
-275.130193
 483.796289
-300.451888
  40.019101
 -66.705843
 315.573269
-158.594663
-300.232250
 380.649191
-171.840358
-119.590516
 353.907361
-226.748155
-106.850541
 365.804759
-282.930372
 165.378440
   8.086019
-271.625039
 142.089958
-229.878901
 470.143182
-227.103373
  43.016890
 239.295606
-492.978406
 284.365578
 -20.266892
 -10.098288
 200.665683
-502.273380
 365.600490
-239.270883
 391.131194
-387.010555
 241.452117
-570.614535
 423.470904
 141.966247
 -22.705391
-188.192632
  45.804230
  91.923058
 -74.963798
-193.431516
 460.129188
-694.117211
 315.340619
 -79.724632
 538.381432
-654.445121
 250.495640
-158.205599
 286.329187
-173.128109
 -74.226897
 193.956671
 -34.072966
-293.940952
-110.174230
 135.774150
 140.455589
  12.830367
 -71.141791
  90.776326
-158.695889
 206.103248
-429.041900
 351.252797
  66.806307
-610.559088
 562.274648
  -6.309782
-222.156432
-101.539157
 527.890819
-321.864339
  77.747696
-320.466320
  49.888715
 247.336688
 -38.831310
  89.361017
-217.912139
 185.579515