-111.371640 -111.371640 -111.371640 -111.371640
-106.984778 -106.984778 -106.984778 -106.984778
-102.597916 -102.597916 -102.597916 -102.597916
 -98.211054  -98.211054  -98.211054  -98.211054
 -93.824191  -93.824191  -93.824191  -93.824191
 -89.437329  -89.437329  -89.437329  -89.437329
 -85.050467  -85.050467  -85.050467  -85.050467
 -80.663605  -80.663605  -80.663605  -80.663605
 -76.276743  -76.276743  -76.276743  -76.276743
 -71.889881  -71.889881  -71.889881  -71.889881
 -67.503018  -67.503018  -67.503018  -67.503018
 -63.116156  -63.116156  -63.116156  -63.116156
 -58.729294  -58.729294  -58.729294  -58.729294
 -54.342432  -54.342432  -54.342432  -54.342432
 -49.955570  -49.955570  -49.955570  -49.955570
 -45.568708  -45.568708  -45.568708  -45.568708
 -41.181845  -41.181845  -41.181845  -41.181845
 -36.794983  -36.794983  -36.794983  -36.794983
 -32.408121  -32.408121  -32.408121  -32.408121
 -28.021259  -28.021259  -28.021259  -28.021259
 -23.634397  -23.634397  -23.634397  -23.634397
 -19.247535  -19.247535  -19.247535  -19.247535
 -14.860672  -14.860672  -14.860672  -14.860672
 -10.473810  -10.473810  -10.473810  -10.473810
  -6.086948   -6.086948   -6.086948   -6.086948
  -1.700086   -1.700086   -1.700086   -1.700086
   2.686776    2.686776    2.686776    2.686776
   7.073638    7.073638    7.073638    7.073638
  11.460500   11.460500   11.460500   11.460500
  15.847363   15.847363   15.847363   15.847363
  20.234225   20.234225   20.234225   20.234225
  24.621087   24.621087   24.621087   24.621087
  29.007949   29.007949   29.007949   29.007949
  33.394811   33.394811   33.394811   33.394811
  37.781673   37.781673   37.781673   37.781673
  42.168536   42.168536   42.168536   42.168536
  46.555398   46.555398   46.555398   46.555398
  50.942260   50.942260   50.942260   50.942260
  55.329122   55.329122   55.329122   55.329122
  59.715984   59.715984   59.715984   59.715984
  64.102846   64.102846   64.102846   64.102846
  68.489709   68.489709   68.489709   68.489709
  72.876571   72.876571   72.876571   72.876571
  77.263433   77.263433   77.263433   77.263433
  81.650295   81.650295   81.650295   81.650295
  86.037157   86.037157   86.037157   86.037157
  90.424019   90.424019   90.424019   90.424019
  94.810882   94.810882   94.810882   94.810882
  99.197744   99.197744   99.197744   99.197744
 103.584606  103.584606  103.584606  103.584606
 107.971468  107.971468  107.971468  107.971468
 112.358330  112.358330  112.358330  112.358330
 116.745192  116.745192  116.745192  116.745192
 121.132055  121.132055  121.132055  121.132055
 125.518917  125.518917  125.518917  125.518917
 129.905779  129.905779  129.905779  129.905779
 134.292641  134.292641  134.292641  134.292641
 138.679503  138.679503  138.679503  138.679503
 143.066365  143.066365  143.066365  143.066365
 147.453228  147.453228  147.453228  147.453228
 151.840090  151.840090  151.840090  151.840090
 156.226952  156.226952  156.226952  156.226952
 160.613814  160.613814  160.613814  160.613814
 165.000676  165.000676  165.000676  165.000676
 169.387538  169.387538  169.387538  169.387538
 173.774401  173.774401  173.774401  173.774401
 178.161263  178.161263  178.161263  178.161263
 182.548125  182.548125  182.548125  182.548125
 186.934987  186.934987  186.934987  186.934987
 191.321849  191.321849  191.321849  191.321849
 195.708711  195.708711  195.708711  195.708711
 200.095574  200.095574  200.095574  200.095574
 204.482436  204.482436  204.482436  204.482436
 208.869298  208.869298  208.869298  208.869298
 213.256160  213.256160  213.256160  213.256160
 217.643022  217.643022  217.643022  217.643022
 222.029884  222.029884  222.029884  222.029884
 226.416747  226.416747  226.416747  226.416747
 230.803609  230.803609  230.803609  230.803609
 235.190471  235.190471  235.190471  235.190471
 239.577333  239.577333  239.577333  239.577333
 243.964195  243.964195  243.964195  243.964195
 248.351057  248.351057  248.351057  248.351057
 252.737920  252.737920  252.737920  252.737920
 257.124782  257.124782  257.124782  257.124782
 261.511644  261.511644  261.511644  261.511644
 265.898506  265.898506  265.898506  265.898506
 270.285368  270.285368  270.285368  270.285368
 274.672230  274.672230  274.672230  274.672230
 279.059093  279.059093  279.059093  279.059093
 283.445955  283.445955  283.445955  283.445955
 287.832817  287.832817  287.832817  287.832817
 292.219679  292.219679  292.219679  292.219679
 296.606541  296.606541  296.606541  296.606541
 300.993403  300.993403  300.993403  300.993403
 305.380266  305.380266  305.380266  305.380266
 309.767128  309.767128  309.767128  309.767128
 314.153990  314.153990  314.153990  314.153990
 318.540852  318.540852  318.540852  318.540852
 322.927714  322.927714  322.927714  322.927714