-111.371640
-106.984778
-102.597916
 -98.211054
 -93.824191
 -89.437329
 -85.050467
 -80.663605
 -76.276743
 -71.889881
 -67.503018
 -63.116156
 -58.729294
 -54.342432
 -49.955570
 -45.568708
 -41.181845
 -36.794983
 -32.408121
 -28.021259
 -23.634397
 -19.247535
 -14.860672
 -10.473810
  -6.086948
  -1.700086
   2.686776
   7.073638
  11.460500
  15.847363
  20.234225
  24.621087
  29.007949
  33.394811
  37.781673
  42.168536
  46.555398
  50.942260
  55.329122
  59.715984
  64.102846
  68.489709
  72.876571
  77.263433
  81.650295
  86.037157
  90.424019
  94.810882
  99.197744
 103.584606
 107.971468
 112.358330
 116.745192
 121.132055
 125.518917
 129.905779
 134.292641
 138.679503
 143.066365
 147.453228
 151.840090
 156.226952
 160.613814
 165.000676
 169.387538
 173.774401
 178.161263
 182.548125
 186.934987
 191.321849
 195.708711
 200.095574
 204.482436
 208.869298
 213.256160
 217.643022
 222.029884
 226.416747
 230.803609
 235.190471
 239.577333
 243.964195
 248.351057
 252.737920
 257.124782
 261.511644
 265.898506
 270.285368
 274.672230
 279.059093
 283.445955
 287.832817
 292.219679
 296.606541
 300.993403
 305.380266
 309.767128
 314.153990
 318.540852
 322.927714