  0.500000   1.000000   0.000000   0.000000   0.000000   0.000000  18.000000 -54.000000   0.000000
  0.500234   0.999299   0.069177  -0.207530   0.115295  -0.345884  16.602442 -49.807325   0.004000
  0.500910   0.997269   0.132929  -0.398786   0.221548  -0.664644  15.286807 -45.860421   0.008000
  0.501995   0.994016   0.191575  -0.574724   0.319291  -0.957874  14.048820 -42.146460   0.012000
  0.503454   0.989638   0.245417  -0.736252   0.409029  -1.227087  12.884414 -38.653243   0.016000
  0.505257   0.984229   0.294743  -0.884229   0.491238  -1.473715  11.789723 -35.369170   0.020000
  0.507374   0.977877   0.339823  -1.019470   0.566372  -1.699116  10.761070 -32.283209   0.024000
  0.509779   0.970663   0.380915  -1.142745   0.634858  -1.904575   9.794958 -29.384873   0.028000
  0.512445   0.962665   0.418262  -1.254785   0.697103  -2.091309   8.888065 -26.664194   0.032000
  0.515348   0.953956   0.452094  -1.356283   0.753490  -2.260471   8.037232 -24.111696   0.036000
  0.518466   0.944603   0.482630  -1.447891   0.804384  -2.413152   7.239457 -21.718371   0.040000
  0.521776   0.934671   0.510077  -1.530230   0.850128  -2.550384   6.491888 -19.475663   0.044000
  0.525260   0.924219   0.534629  -1.603886   0.891048  -2.673144   5.791813 -17.375440   0.048000
  0.528899   0.913304   0.556471  -1.669414   0.927452  -2.782356   5.136658 -15.409975   0.052000
  0.532674   0.901978   0.575779  -1.727336   0.959631  -2.878893   4.523976 -13.571929   0.056000
  0.536570   0.890289   0.592717  -1.778150   0.987861  -2.963583   3.951444 -11.854333   0.060000
  0.540572   0.878284   0.607441  -1.822322   1.012401  -3.037204   3.416856 -10.250567   0.064000
  0.544665   0.866005   0.620099  -1.860297   1.033499  -3.100496   2.918115  -8.754344   0.068000
  0.548836   0.853492   0.630831  -1.892493   1.051385  -3.154154   2.453232  -7.359696   0.072000
  0.553072   0.840784   0.639768  -1.919303   1.066279  -3.198838   2.020320  -6.060959   0.076000
  0.557362   0.827913   0.647034  -1.941101   1.078389  -3.235168   1.617585  -4.852755   0.080000
  0.561696   0.814913   0.652746  -1.958239   1.087910  -3.263731   1.243327  -3.729981   0.084000
  0.566062   0.801813   0.657016  -1.971048   1.095027  -3.285080   0.895932  -2.687796   0.088000
  0.570453   0.788641   0.659947  -1.979842   1.099912  -3.299737   0.573868  -1.721604   0.092000
  0.574859   0.775423   0.661639  -1.984917   1.102731  -3.308194   0.275684  -0.827051   0.096000
  0.579272   0.762183   0.662183  -1.986549   1.103638  -3.310915   0.000001  -0.000002   0.100000
  0.583686   0.748943   0.661667  -1.985001   1.102779  -3.308336  -0.254487   0.763460   0.104000
  0.588092   0.735723   0.660174  -1.980521   1.100289  -3.300868  -0.489017   1.467051   0.108000
  0.592486   0.722542   0.657780  -1.973340   1.096300  -3.288900  -0.704764   2.114291   0.112000
  0.596861   0.709417   0.654559  -1.963677   1.090932  -3.272795  -0.902839   2.708518   0.116000
  0.601212   0.696365   0.650579  -1.951738   1.084299  -3.252897  -1.084298   3.252895   0.120000
  0.605534   0.683399   0.645906  -1.937717   1.076509  -3.229528  -1.250139   3.750417   0.124000
  0.609822   0.670533   0.640598  -1.921794   1.067663  -3.202989  -1.401307   4.203922   0.128000
  0.614074   0.657778   0.634713  -1.904140   1.057856  -3.173567  -1.538699   4.616096   0.132000
  0.618284   0.645147   0.628306  -1.884917   1.047176  -3.141528  -1.663161   4.989484   0.136000
  0.622450   0.632649   0.621424  -1.864273   1.035707  -3.107121  -1.775498   5.326493   0.140000
  0.626569   0.620293   0.614117  -1.842350   1.023528  -3.070584  -1.876467   5.629402   0.144000
  0.630638   0.608087   0.606427  -1.819280   1.010711  -3.032134  -1.966789   5.900367   0.148000
  0.634654   0.596039   0.598396  -1.795187   0.997326  -2.991978  -2.047143   6.141428   0.152000
  0.638616   0.584153   0.590062  -1.770186   0.983437  -2.950310  -2.118171   6.354513   0.156000
  0.642521   0.572438   0.581462  -1.744386   0.969103  -2.907310  -2.180482   6.541445   0.160000
  0.646368   0.560897   0.572629  -1.717887   0.954382  -2.863145  -2.234650   6.703949   0.164000
  0.650155   0.549534   0.563595  -1.690785   0.939325  -2.817974  -2.281217   6.843651   0.168000
  0.653882   0.538354   0.554389  -1.663166   0.923981  -2.771944  -2.320697   6.962090   0.172000
  0.657547   0.527359   0.545038  -1.635114   0.908397  -2.725190  -2.353573   7.060720   0.176000
  0.661149   0.516553   0.535568  -1.606705   0.892614  -2.677842  -2.380303   7.140910   0.180000
  0.664688   0.505937   0.526003  -1.578010   0.876672  -2.630016  -2.401319   7.203957   0.184000
  0.668162   0.495514   0.516365  -1.549095   0.860608  -2.581824  -2.417027   7.251080   0.188000
  0.671572   0.485283   0.506674  -1.520021   0.844456  -2.533368  -2.427811   7.283432   0.192000
  0.674918   0.475247   0.496948  -1.490845   0.828247  -2.484742  -2.434033   7.302099   0.196000
  0.678198   0.465405   0.487207  -1.461621   0.812012  -2.436035  -2.436035   7.308104   0.200000
  0.681414   0.455759   0.477465  -1.432396   0.795776  -2.387327  -2.434137   7.302411   0.204000
  0.684564   0.446307   0.467739  -1.403216   0.779564  -2.338693  -2.428643   7.285929   0.208000
  0.687650   0.437049   0.458041  -1.374122   0.763401  -2.290203  -2.419837   7.259512   0.212000
  0.690672   0.427985   0.448384  -1.345152   0.747307  -2.241920  -2.407988   7.223964   0.216000
  0.693629   0.419113   0.438780  -1.316341   0.731301  -2.193902  -2.393348   7.180044   0.220000
  0.696522   0.410433   0.429241  -1.287722   0.715401  -2.146203  -2.376153   7.128460   0.224000
  0.699352   0.401943   0.419774  -1.259323   0.699624  -2.098872  -2.356628   7.069883   0.228000
  0.702120   0.393641   0.410390  -1.231171   0.683984  -2.051952  -2.334980   7.004940   0.232000
  0.704824   0.385527   0.401097  -1.203291   0.668495  -2.005485  -2.311407   6.934220   0.236000
  0.707468   0.377597   0.391902  -1.175705   0.653169  -1.959508  -2.286092   6.858276   0.240000
  0.710050   0.369850   0.382810  -1.148431   0.638017  -1.914052  -2.259209   6.777627   0.244000
  0.712572   0.362284   0.373830  -1.121489   0.623050  -1.869149  -2.230919   6.692758   0.248000
  0.715035   0.354896   0.364965  -1.094894   0.608275  -1.824824  -2.201375   6.604124   0.252000
  0.717439   0.347684   0.356220  -1.068661   0.593700  -1.781101  -2.170717   6.512151   0.256000
  0.719785   0.340646   0.347600  -1.042801   0.579334  -1.738002  -2.139079   6.417236   0.260000
  0.722073   0.333780   0.339109  -1.017326   0.565181  -1.695544  -2.106584   6.319753   0.264000
  0.724306   0.327081   0.330749  -0.992246   0.551248  -1.653743  -2.073350   6.220049   0.268000
  0.726484   0.320549   0.322523  -0.967568   0.537538  -1.612614  -2.039482   6.118446   0.272000
  0.728607   0.314179   0.314433  -0.943300   0.524056  -1.572167  -2.005083   6.015249   0.276000
  0.730677   0.307970   0.306483  -0.919448   0.510805  -1.532414  -1.970246   5.910737   0.280000
  0.732694   0.301919   0.298672  -0.896016   0.497787  -1.493360  -1.935058   5.805174   0.284000
  0.734659   0.296023   0.291003  -0.873008   0.485004  -1.455013  -1.899600   5.698801   0.288000
  0.736574   0.290278   0.283475  -0.850426   0.472459  -1.417377  -1.863948   5.591844   0.292000
  0.738439   0.284683   0.276091  -0.828274   0.460152  -1.380456  -1.828171   5.484514   0.296000
  0.740256   0.279233   0.268850  -0.806550   0.448084  -1.344251  -1.792334   5.377003   0.300000
  0.742024   0.273928   0.261753  -0.785258   0.436254  -1.308763  -1.756497   5.269491   0.304000
  0.743746   0.268762   0.254798  -0.764394   0.424664  -1.273991  -1.720714   5.162143   0.308000
  0.745422   0.263735   0.247987  -0.743960   0.413311  -1.239933  -1.685037   5.055112   0.312000
  0.747053   0.258842   0.241318  -0.723953   0.402196  -1.206588  -1.649513   4.948538   0.316000
  0.748640   0.254081   0.234790  -0.704371   0.391317  -1.173951  -1.614183   4.842549   0.320000
  0.750184   0.249449   0.228404  -0.685211   0.380673  -1.142019  -1.579088   4.737264   0.324000
  0.751685   0.244944   0.222157  -0.666472   0.370262  -1.110786  -1.544264   4.632791   0.328000
  0.753146   0.240562   0.216049  -0.648148   0.360082  -1.080247  -1.509742   4.529226   0.332000
  0.754566   0.236301   0.210079  -0.630237   0.350131  -1.050394  -1.475554   4.426661   0.336000
  0.755947   0.232158   0.204244  -0.612733   0.340407  -1.021222  -1.441725   4.325175   0.340000
  0.757290   0.228130   0.198545  -0.595634   0.330908  -0.992723  -1.408281   4.224843   0.344000
  0.758595   0.224215   0.192978  -0.578933   0.321629  -0.964888  -1.375243   4.125728   0.348000
  0.759863   0.220411   0.187542  -0.562626   0.312570  -0.937710  -1.342630   4.027891   0.352000
  0.761096   0.216713   0.182236  -0.546708   0.303727  -0.911180  -1.310461   3.931383   0.356000
  0.762293   0.213120   0.177058  -0.531173   0.295096  -0.885289  -1.278750   3.836250   0.360000
  0.763457   0.209630   0.172005  -0.516016   0.286676  -0.860027  -1.247511   3.742534   0.364000
  0.764587   0.206239   0.167077  -0.501231   0.278462  -0.835385  -1.216756   3.650269   0.368000
  0.765685   0.202946   0.162271  -0.486812   0.270451  -0.811353  -1.186495   3.559485   0.372000
  0.766751   0.199748   0.157584  -0.472753   0.262641  -0.787922  -1.156736   3.470208   0.376000
  0.767786   0.196642   0.153016  -0.459048   0.255027  -0.765080  -1.127487   3.382460   0.380000
  0.768791   0.193626   0.148564  -0.445691   0.247606  -0.742819  -1.098753   3.296258   0.384000
  0.769767   0.190698   0.144225  -0.432676   0.240376  -0.721127  -1.070539   3.211616   0.388000
  0.770715   0.187856   0.139999  -0.419996   0.233331  -0.699994  -1.042848   3.128544   0.392000
  0.771634   0.185098   0.135882  -0.407646   0.226470  -0.679409  -1.015683   3.047048   0.396000
  0.772527   0.182420   0.131873  -0.395618   0.219788  -0.659363  -0.989044   2.967133   0.400000
  0.773393   0.179822   0.127969  -0.383906   0.213281  -0.639844  -0.962934   2.888801   0.404000
  0.774233   0.177301   0.124168  -0.372505   0.206947  -0.620842  -0.937350   2.812050   0.408000
  0.775048   0.174855   0.120469  -0.361408   0.200782  -0.602347  -0.912292   2.736876   0.412000
  0.775840   0.172481   0.116869  -0.350608   0.194782  -0.584347  -0.887758   2.663274   0.416000
  0.776607   0.170179   0.113367  -0.340100   0.188944  -0.566833  -0.863745   2.591236   0.420000
  0.777351   0.167946   0.109959  -0.329876   0.183265  -0.549794  -0.840251   2.520752   0.424000
  0.778073   0.165780   0.106644  -0.319932   0.177740  -0.533219  -0.817271   2.451812   0.428000
  0.778773   0.163680   0.103420  -0.310260   0.172366  -0.517099  -0.794801   2.384403   0.432000
  0.779452   0.161643   0.100285  -0.300854   0.167141  -0.501424  -0.772837   2.318511   0.436000
  0.780111   0.159668   0.097237  -0.291710   0.162061  -0.486183  -0.751373   2.254120   0.440000
  0.780749   0.157753   0.094273  -0.282819   0.157122  -0.471366  -0.730404   2.191213   0.444000
  0.781368   0.155896   0.091393  -0.274178   0.152321  -0.456963  -0.709925   2.129775   0.448000
  0.781968   0.154097   0.088593  -0.265779   0.147655  -0.442965  -0.689929   2.069786   0.452000
  0.782549   0.152352   0.085873  -0.257618   0.143121  -0.429363  -0.670409   2.011226   0.456000
  0.783113   0.150661   0.083229  -0.249688   0.138715  -0.416146  -0.651359   1.954077   0.460000
  0.783659   0.149022   0.080661  -0.241983   0.134435  -0.403305  -0.632772   1.898317   0.464000
  0.784189   0.147434   0.078166  -0.234499   0.130277  -0.390832  -0.614642   1.843926   0.468000
  0.784702   0.145895   0.075743  -0.227230   0.126239  -0.378717  -0.596960   1.790881   0.472000
  0.785199   0.144404   0.073390  -0.220170   0.122317  -0.366951  -0.579720   1.739161   0.476000
  0.785680   0.142959   0.071105  -0.213315   0.118508  -0.355525  -0.562915   1.688744   0.480000
  0.786147   0.141559   0.068886  -0.206659   0.114810  -0.344431  -0.546536   1.639607   0.484000
  0.786599   0.140203   0.066732  -0.200197   0.111220  -0.333661  -0.530575   1.591726   0.488000
  0.787037   0.138890   0.064641  -0.193923   0.107735  -0.323206  -0.515027   1.545080   0.492000
  0.787461   0.137617   0.062611  -0.187834   0.104352  -0.313057  -0.499881   1.499644   0.496000
  0.787872   0.136385   0.060642  -0.181925   0.101069  -0.303208  -0.485132   1.455397   0.500000
  0.788270   0.135191   0.058730  -0.176190   0.097883  -0.293649  -0.470771   1.412313   0.504000
  0.788655   0.134035   0.056875  -0.170625   0.094791  -0.284374  -0.456790   1.370370   0.508000
  0.789028   0.132916   0.055075  -0.165225   0.091792  -0.275375  -0.443182   1.329546   0.512000
  0.789389   0.131832   0.053329  -0.159987   0.088882  -0.266645  -0.429938   1.289815   0.516000
  0.789739   0.130782   0.051635  -0.154905   0.086058  -0.258175  -0.417052   1.251157   0.520000
  0.790078   0.129766   0.049992  -0.149976   0.083320  -0.249960  -0.404516   1.213547   0.524000
  0.790406   0.128782   0.048398  -0.145195   0.080664  -0.241992  -0.392321   1.176963   0.528000
  0.790723   0.127830   0.046853  -0.140559   0.078088  -0.234265  -0.380461   1.141382   0.532000
  0.791031   0.126908   0.045354  -0.136063   0.075591  -0.226772  -0.368927   1.106781   0.536000
  0.791328   0.126016   0.043901  -0.131704   0.073169  -0.219506  -0.357713   1.073140   0.540000
  0.791616   0.125152   0.042492  -0.127477   0.070820  -0.212461  -0.346811   1.040434   0.544000
  0.791895   0.124316   0.041126  -0.123379   0.068544  -0.205631  -0.336215   1.008644   0.548000
  0.792165   0.123506   0.039802  -0.119406   0.066337  -0.199011  -0.325916   0.977747   0.552000
  0.792426   0.122723   0.038519  -0.115556   0.064198  -0.192593  -0.315908   0.947723   0.556000
  0.792678   0.121965   0.037274  -0.111823   0.062124  -0.186372  -0.306183   0.918549   0.560000
  0.792923   0.121232   0.036069  -0.108206   0.060115  -0.180344  -0.296736   0.890207   0.564000
  0.793159   0.120522   0.034900  -0.104701   0.058167  -0.174501  -0.287558   0.862674   0.568000
  0.793388   0.119836   0.033768  -0.101304   0.056280  -0.168840  -0.278644   0.835933   0.572000
  0.793610   0.119171   0.032671  -0.098012   0.054451  -0.163354  -0.269987   0.809962   0.576000
  0.793824   0.118529   0.031608  -0.094823   0.052679  -0.158038  -0.261581   0.784742   0.580000
  0.794031   0.117907   0.030578  -0.091733   0.050963  -0.152889  -0.253418   0.760255   0.584000
  0.794232   0.117305   0.029580  -0.088740   0.049300  -0.147900  -0.245494   0.736482   0.588000
  0.794426   0.116723   0.028613  -0.085840   0.047689  -0.143067  -0.237801   0.713404   0.592000
  0.794613   0.116161   0.027677  -0.083032   0.046129  -0.138386  -0.230335   0.691004   0.596000
  0.794795   0.115616   0.026771  -0.080312   0.044618  -0.133853  -0.223088   0.669263   0.600000
  0.794970   0.115090   0.025892  -0.077677   0.043154  -0.129462  -0.216055   0.648165   0.604000
  0.795140   0.114580   0.025042  -0.075125   0.041736  -0.125209  -0.209231   0.627693   0.608000
  0.795304   0.114088   0.024218  -0.072655   0.040364  -0.121091  -0.202610   0.607829   0.612000
  0.795463   0.113611   0.023421  -0.070262   0.039034  -0.117103  -0.196186   0.588558   0.616000
  0.795616   0.113151   0.022648  -0.067945   0.037747  -0.113242  -0.189955   0.569864   0.620000
  0.795765   0.112705   0.021901  -0.065702   0.036501  -0.109504  -0.183910   0.551731   0.624000
  0.795908   0.112275   0.021177  -0.063531   0.035295  -0.105885  -0.178048   0.534144   0.628000
  0.796047   0.111858   0.020476  -0.061428   0.034127  -0.102381  -0.172363   0.517088   0.632000
  0.796182   0.111455   0.019798  -0.059393   0.032996  -0.098989  -0.166849   0.500548   0.636000
  0.796311   0.111066   0.019141  -0.057423   0.031902  -0.095706  -0.161503   0.484510   0.640000
  0.796437   0.110690   0.018506  -0.055517   0.030843  -0.092528  -0.156320   0.468960   0.644000
  0.796558   0.110326   0.017890  -0.053671   0.029817  -0.089452  -0.151295   0.453885   0.648000
  0.796675   0.109974   0.017295  -0.051885   0.028825  -0.086475  -0.146424   0.439271   0.652000
  0.796789   0.109634   0.016719  -0.050156   0.027865  -0.083594  -0.141702   0.425106   0.656000
  0.796898   0.109305   0.016161  -0.048484   0.026935  -0.080806  -0.137125   0.411375   0.660000
  0.797004   0.108987   0.015622  -0.046865   0.026036  -0.078108  -0.132689   0.398068   0.664000
  0.797107   0.108680   0.015099  -0.045298   0.025166  -0.075497  -0.128391   0.385172   0.668000
  0.797206   0.108383   0.014594  -0.043783   0.024324  -0.072971  -0.124225   0.372676   0.672000
  0.797301   0.108096   0.014106  -0.042317   0.023509  -0.070528  -0.120189   0.360567   0.676000
  0.797394   0.107819   0.013633  -0.040898   0.022721  -0.068163  -0.116278   0.348834   0.680000
  0.797483   0.107551   0.013175  -0.039525   0.021959  -0.065876  -0.112489   0.337468   0.684000
  0.797569   0.107292   0.012733  -0.038198   0.021221  -0.063663  -0.108819   0.326456   0.688000
  0.797653   0.107041   0.012304  -0.036913   0.020507  -0.061522  -0.105263   0.315789   0.692000
  0.797734   0.106799   0.011890  -0.035671   0.019817  -0.059451  -0.101819   0.305457   0.696000
  0.797811   0.106566   0.011490  -0.034469   0.019150  -0.057449  -0.098483   0.295450   0.700000
  0.797887   0.106340   0.011102  -0.033307   0.018504  -0.055511  -0.095252   0.285757   0.704000
  0.797960   0.106121   0.010728  -0.032183   0.017879  -0.053638  -0.092124   0.276371   0.708000
  0.798030   0.105910   0.010365  -0.031095   0.017275  -0.051826  -0.089094   0.267281   0.712000
  0.798098   0.105707   0.010015  -0.030044   0.016691  -0.050073  -0.086160   0.258479   0.716000
  0.798163   0.105510   0.009676  -0.029027   0.016126  -0.048379  -0.083319   0.249957   0.720000
  0.798227   0.105320   0.009348  -0.028044   0.015580  -0.046740  -0.080568   0.241705   0.724000
  0.798288   0.105136   0.009031  -0.027093   0.015052  -0.045155  -0.077906   0.233717   0.728000
  0.798347   0.104958   0.008725  -0.026174   0.014541  -0.043623  -0.075328   0.225983   0.732000
  0.798404   0.104787   0.008428  -0.025285   0.014047  -0.042142  -0.072832   0.218496   0.736000
  0.798460   0.104621   0.008142  -0.024426   0.013570  -0.040709  -0.070416   0.211249   0.740000
  0.798513   0.104461   0.007865  -0.023595   0.013108  -0.039325  -0.068078   0.204234   0.744000
  0.798565   0.104306   0.007597  -0.022791   0.012662  -0.037986  -0.065815   0.197445   0.748000
  0.798614   0.104157   0.007338  -0.022015   0.012231  -0.036692  -0.063625   0.190874   0.752000
  0.798662   0.104013   0.007088  -0.021264   0.011813  -0.035440  -0.061505   0.184515   0.756000
  0.798709   0.103873   0.006846  -0.020539   0.011410  -0.034231  -0.059454   0.178361   0.760000
  0.798754   0.103739   0.006612  -0.019837   0.011021  -0.033062  -0.057469   0.172406   0.764000
  0.798797   0.103609   0.006386  -0.019159   0.010644  -0.031932  -0.055548   0.166644   0.768000
  0.798839   0.103483   0.006168  -0.018504   0.010280  -0.030839  -0.053689   0.161068   0.772000
  0.798879   0.103362   0.005957  -0.017870   0.009928  -0.029784  -0.051891   0.155674   0.776000
  0.798918   0.103245   0.005753  -0.017258   0.009588  -0.028763  -0.050152   0.150455   0.780000
  0.798956   0.103132   0.005555  -0.016666   0.009259  -0.027777  -0.048469   0.145406   0.784000
  0.798992   0.103023   0.005365  -0.016095   0.008941  -0.026824  -0.046840   0.140521   0.788000
  0.799028   0.102917   0.005181  -0.015542   0.008634  -0.025903  -0.045265   0.135796   0.792000
  0.799061   0.102816   0.005003  -0.015008   0.008338  -0.025013  -0.043742   0.131226   0.796000
  0.799094   0.102717   0.004831  -0.014492   0.008051  -0.024153  -0.042268   0.126805   0.800000
  0.799126   0.102622   0.004664  -0.013993   0.007774  -0.023322  -0.040843   0.122529   0.804000
  0.799156   0.102531   0.004504  -0.013512   0.007506  -0.022519  -0.039464   0.118393   0.808000
  0.799186   0.102442   0.004349  -0.013046   0.007248  -0.021743  -0.038131   0.114394   0.812000
  0.799214   0.102357   0.004199  -0.012596   0.006998  -0.020994  -0.036842   0.110526   0.816000
  0.799242   0.102274   0.004054  -0.012162   0.006756  -0.020269  -0.035595   0.106785   0.820000
  0.799269   0.102194   0.003914  -0.011742   0.006523  -0.019570  -0.034389   0.103168   0.824000
  0.799294   0.102118   0.003779  -0.011336   0.006298  -0.018894  -0.033224   0.099671   0.828000
  0.799319   0.102043   0.003648  -0.010944   0.006080  -0.018240  -0.032096   0.096289   0.832000
  0.799343   0.101972   0.003522  -0.010566   0.005870  -0.017609  -0.031006   0.093019   0.836000
  0.799366   0.101902   0.003400  -0.010200   0.005667  -0.017000  -0.029952   0.089857   0.840000
  0.799388   0.101836   0.003282  -0.009847   0.005470  -0.016411  -0.028933   0.086800   0.844000
  0.799410   0.101771   0.003168  -0.009505   0.005281  -0.015842  -0.027948   0.083845   0.848000
  0.799430   0.101709   0.003059  -0.009176   0.005098  -0.015293  -0.026996   0.080988   0.852000
  0.799450   0.101649   0.002952  -0.008857   0.004921  -0.014762  -0.026076   0.078227   0.856000
  0.799470   0.101591   0.002850  -0.008550   0.004750  -0.014250  -0.025186   0.075557   0.860000
  0.799488   0.101535   0.002751  -0.008253   0.004585  -0.013755  -0.024325   0.072976   0.864000
  0.799506   0.101481   0.002655  -0.007966   0.004426  -0.013277  -0.023494   0.070482   0.868000
  0.799524   0.101428   0.002563  -0.007689   0.004272  -0.012815  -0.022690   0.068071   0.872000
  0.799541   0.101378   0.002474  -0.007421   0.004123  -0.012369  -0.021914   0.065741   0.876000
  0.799557   0.101329   0.002388  -0.007163   0.003979  -0.011938  -0.021163   0.063489   0.880000
  0.799572   0.101283   0.002304  -0.006913   0.003841  -0.011522  -0.020437   0.061312   0.884000
  0.799588   0.101237   0.002224  -0.006672   0.003707  -0.011120  -0.019736   0.059209   0.888000
  0.799602   0.101194   0.002146  -0.006439   0.003577  -0.010732  -0.019059   0.057176   0.892000
  0.799616   0.101151   0.002072  -0.006215   0.003453  -0.010358  -0.018404   0.055211   0.896000
  0.799630   0.101111   0.001999  -0.005998   0.003332  -0.009996  -0.017771   0.053313   0.900000