-380.489604 -380.489604 -380.489604 -380.489604
-376.296923 -376.296923 -376.296923 -376.296923
-372.104241 -372.104241 -372.104241 -372.104241
-367.911560 -367.911560 -367.911560 -367.911560
-363.718878 -363.718878 -363.718878 -363.718878
-359.526196 -359.526196 -359.526196 -359.526196
-355.333515 -355.333515 -355.333515 -355.333515
-351.140833 -351.140833 -351.140833 -351.140833
-346.948152 -346.948152 -346.948152 -346.948152
-342.755470 -342.755470 -342.755470 -342.755470
-338.562788 -338.562788 -338.562788 -338.562788
-334.370107 -334.370107 -334.370107 -334.370107
-330.177425 -330.177425 -330.177425 -330.177425
-325.984743 -325.984743 -325.984743 -325.984743
-321.792062 -321.792062 -321.792062 -321.792062
-317.599380 -317.599380 -317.599380 -317.599380
-313.406699 -313.406699 -313.406699 -313.406699
-309.214017 -309.214017 -309.214017 -309.214017
-305.021335 -305.021335 -305.021335 -305.021335
-300.828654 -300.828654 -300.828654 -300.828654
-296.635972 -296.635972 -296.635972 -296.635972
-292.443291 -292.443291 -292.443291 -292.443291
-288.250609 -288.250609 -288.250609 -288.250609
-284.057927 -284.057927 -284.057927 -284.057927
-279.865246 -279.865246 -279.865246 -279.865246
-275.672564 -275.672564 -275.672564 -275.672564
-271.479883 -271.479883 -271.479883 -271.479883
-267.287201 -267.287201 -267.287201 -267.287201
-263.094519 -263.094519 -263.094519 -263.094519
-258.901838 -258.901838 -258.901838 -258.901838
-254.709156 -254.709156 -254.709156 -254.709156
-250.516475 -250.516475 -250.516475 -250.516475
-246.323793 -246.323793 -246.323793 -246.323793
-242.131111 -242.131111 -242.131111 -242.131111
-237.938430 -237.938430 -237.938430 -237.938430
-233.745748 -233.745748 -233.745748 -233.745748
-229.553067 -229.553067 -229.553067 -229.553067
-225.360385 -225.360385 -225.360385 -225.360385
-221.167703 -221.167703 -221.167703 -221.167703
-216.975022 -216.975022 -216.975022 -216.975022
-212.782340 -212.782340 -212.782340 -212.782340
-208.589659 -208.589659 -208.589659 -208.589659
-204.396977 -204.396977 -204.396977 -204.396977
-200.204295 -200.204295 -200.204295 -200.204295
-196.011614 -196.011614 -196.011614 -196.011614
-191.818932 -191.818932 -191.818932 -191.818932
-187.626251 -187.626251 -187.626251 -187.626251
-183.433569 -183.433569 -183.433569 -183.433569
-179.240887 -179.240887 -179.240887 -179.240887
-175.048206 -175.048206 -175.048206 -175.048206
-170.855524 -170.855524 -170.855524 -170.855524
-166.662842 -166.662842 -166.662842 -166.662842
-162.470161 -162.470161 -162.470161 -162.470161
-158.277479 -158.277479 -158.277479 -158.277479
-154.084798 -154.084798 -154.084798 -154.084798
-149.892116 -149.892116 -149.892116 -149.892116
-145.699434 -145.699434 -145.699434 -145.699434
-141.506753 -141.506753 -141.506753 -141.506753
-137.314071 -137.314071 -137.314071 -137.314071
-133.121390 -133.121390 -133.121390 -133.121390
-128.928708 -128.928708 -128.928708 -128.928708
-124.736026 -124.736026 -124.736026 -124.736026
-120.543345 -120.543345 -120.543345 -120.543345
-116.350663 -116.350663 -116.350663 -116.350663
-112.157982 -112.157982 -112.157982 -112.157982
-107.965300 -107.965300 -107.965300 -107.965300
-103.772618 -103.772618 -103.772618 -103.772618
 -99.579937  -99.579937  -99.579937  -99.579937
 -95.387255  -95.387255  -95.387255  -95.387255
 -91.194574  -91.194574  -91.194574  -91.194574
 -87.001892  -87.001892  -87.001892  -87.001892
 -82.809210  -82.809210  -82.809210  -82.809210
 -78.616529  -78.616529  -78.616529  -78.616529
 -74.423847  -74.423847  -74.423847  -74.423847
 -70.231166  -70.231166  -70.231166  -70.231166
 -66.038484  -66.038484  -66.038484  -66.038484
 -61.845802  -61.845802  -61.845802  -61.845802
 -57.653121  -57.653121  -57.653121  -57.653121
 -53.460439  -53.460439  -53.460439  -53.460439
 -49.267758  -49.267758  -49.267758  -49.267758
 -45.075076  -45.075076  -45.075076  -45.075076
 -40.882394  -40.882394  -40.882394  -40.882394
 -36.689713  -36.689713  -36.689713  -36.689713
 -32.497031  -32.497031  -32.497031  -32.497031
 -28.304349  -28.304349  -28.304349  -28.304349
 -24.111668  -24.111668  -24.111668  -24.111668
 -19.918986  -19.918986  -19.918986  -19.918986
 -15.726305  -15.726305  -15.726305  -15.726305
 -11.533623  -11.533623  -11.533623  -11.533623
  -7.340941   -7.340941   -7.340941   -7.340941
  -3.148260   -3.148260   -3.148260   -3.148260
   1.044422    1.044422    1.044422    1.044422
   5.237103    5.237103    5.237103    5.237103
   9.429785    9.429785    9.429785    9.429785
  13.622467   13.622467   13.622467   13.622467
  17.815148   17.815148   17.815148   17.815148
  22.007830   22.007830   22.007830   22.007830
  26.200511   26.200511   26.200511   26.200511
  30.393193   30.393193   30.393193   30.393193
  34.585875   34.585875   34.585875   34.585875