-0.003168
 0.001505
 0.009866
 0.021998
 0.037884
 0.057423
 0.080440
 0.106709
 0.135971
 0.167953
 0.202387
 0.239020
 0.277627
 0.318010
 0.360005
 0.403467
 0.448271
 0.494291
 0.541398
 0.589438
 0.638230
 0.687553
 0.737147
 0.786706
 0.835890
 0.884324
 0.931616
 0.977363
 1.021164
 1.062634
 1.101412
 1.137168
 1.169609
 1.198480
 1.223558
 1.244651
 1.261588
 1.274213
 1.282374
 1.285919
 1.284688
 1.278514
 1.267222
 1.250633
 1.228576
 1.200895
 1.167463
 1.128196
 1.083065
 1.032112
 0.975453
 0.913292
 0.845920
 0.773718
 0.697148
 0.616752
 0.533139
 0.446979
 0.358985
 0.269909
 0.180528
 0.091638
 0.004047
-0.081431
-0.163977
-0.242774
-0.317005
-0.385863
-0.448555
-0.504312
-0.552401
-0.592145
-0.622939
-0.644274
-0.655761
-0.657156
-0.648378
-0.629533
-0.600928
-0.563072
-0.516685
-0.462682
-0.402156
-0.336358
-0.266656
-0.194499
-0.121373
-0.048755
 0.021934
 0.089368
 0.152358
 0.209882
 0.261109
 0.305412
 0.342376
 0.371794
 0.393659
 0.408143
 0.415580
 0.416435