time,x,y,z,w_x,w_y,w_z,w_w
0.632330,0.7300809678,0.339049209864,0.360756242448,0.0444769796368,0.998573304693,-0.0270514527576,0.0118900101046
0.632609,0.7300809678,0.339049209864,0.360756242448,0.0444769796368,0.998573304693,-0.0270514527576,0.0118900101046
0.642801,0.72972845232,0.339629826419,0.360017666934,0.043825062579,0.998615174343,-0.026907792021,0.0110936103837
0.652821,0.730214678827,0.338792155228,0.360637146731,0.0451823998723,0.998543424855,-0.0270042929616,0.0118468385218
0.662797,0.730190908136,0.33866666706,0.360769451332,0.0455602345319,0.998531907322,-0.026816567618,0.0117968975357
0.672833,0.73014423849,0.338206112557,0.360878579441,0.0452152621053,0.998543347875,-0.0269607736857,0.0118270524755
0.682815,0.729841103359,0.338689773739,0.360593848198,0.0451617818612,0.998547186802,-0.0270573195205,0.0114817529081
0.692796,0.730230771412,0.338814688466,0.360754475581,0.044993735765,0.998562503733,-0.0265548927418,0.0119719485071
0.702816,0.729981873364,0.337734244422,0.360444573606,0.0460642576551,0.998503280743,-0.0271577062523,0.0114778701884
0.712818,0.730237810907,0.337776027305,0.360358624389,0.045889274111,0.998511681418,-0.0270718251362,0.0116495870013
0.723018,0.73003018218,0.338098818401,0.360761786505,0.0456166638982,0.998530690669,-0.0268329949551,0.0116434594648
0.732759,0.729972517374,0.33756271323,0.360818022276,0.0455119911595,0.998534805596,-0.0268816576821,0.0115878019756
0.742811,0.730083147328,0.337466135062,0.360722990203,0.0458796445754,0.998524604875,-0.0266583747339,0.011532680901
0.752810,0.730052615306,0.336681235115,0.360728170944,0.0467033488961,0.998473958893,-0.0271570783226,0.0114474325159
0.762760,0.730365358946,0.336741906622,0.361188750352,0.0467013135097,0.998468269908,-0.0270409923183,0.0122018866182
0.772815,0.730245718927,0.336396017738,0.361167833502,0.0468384123865,0.998465864193,-0.0270004717454,0.0119605891116
0.782755,0.73068434051,0.336306055906,0.361919606679,0.0471241999284,0.99843997787,-0.0270059090311,0.0129460900877
0.792739,0.730358786978,0.336522998978,0.361574605001,0.0467458255902,0.998474663085,-0.0266710260698,0.0123219858465
0.802908,0.73055494106,0.335136784532,0.362229175618,0.0478406734613,0.998409132835,-0.0269152597087,0.0128857374319
0.812808,0.730735535606,0.335576612435,0.362307013742,0.0467856867233,0.998464239094,-0.0266515077346,0.0130368670941
0.822801,0.730511894107,0.335342160939,0.362413266816,0.047786670252,0.998413723939,-0.026821224416,0.012926403899
0.832735,0.730544265487,0.335182392637,0.362618382267,0.0479377020383,0.998399413374,-0.0269877498019,0.013124384129
0.842814,0.73053679286,0.334950906925,0.362570137905,0.0483538843871,0.998390959532,-0.0266243095235,0.0129822930445
0.852796,0.730148516659,0.334943495759,0.362902422018,0.0476421422903,0.998421054612,-0.0268466739739,0.0128405638999
0.862760,0.730239947824,0.334008371843,0.363198426556,0.0487552422503,0.998348610281,-0.0274657054373,0.0129851348578
0.872753,0.729606561469,0.334199521368,0.363206448652,0.0487848143529,0.998361976939,-0.0272896396174,0.0121934597257
0.882742,0.728875413849,0.334210294701,0.363195282881,0.0482549443764,0.998384239612,-0.0277931229035,0.0113098522151
0.892743,0.728101443355,0.333066398677,0.362951977008,0.0490281154372,0.998349881774,-0.0281775488148,0.00998915418101
0.902808,0.727465623022,0.333412250213,0.362959428342,0.0486902203442,0.998370896538,-0.0282713343607,0.00924916437096
0.912741,0.726759696386,0.332554267037,0.363810322196,0.0489729466398,0.99835153896,-0.0286454574534,0.00867714933412
0.922745,0.725967115802,0.332660363199,0.362810522904,0.0487545330019,0.998353431735,-0.0293279263559,0.00730024592778
0.932743,0.725391778323,0.332290756716,0.362357973136,0.0493418566549,0.998326073027,-0.0295337685277,0.00617977445951
0.942751,0.725235393353,0.333559501586,0.363006847119,0.048536581887,0.99837702499,-0.0290585545116,0.00656632327932
0.952746,0.725609457678,0.332088172289,0.362622899447,0.0492886522221,0.998313492153,-0.0299327042754,0.00669577189764
0.962791,0.725690303001,0.331659438528,0.361878496389,0.0495738937958,0.998298096255,-0.0300575192355,0.0063155050714
0.972817,0.726147184626,0.332630242992,0.362050249235,0.0490748433601,0.998331501736,-0.0295965778312,0.00706505286933
0.982831,0.726519773251,0.333291360871,0.361696223959,0.0484509205173,0.998373821464,-0.0291158341513,0.00738167449743
0.992823,0.727806161467,0.3330426539,0.361480584467,0.0487323950781,0.998359490876,-0.0287966911024,0.0086157547594
1.002742,0.728878225916,0.333562064984,0.361096106747,0.0486767710139,0.9983582814,-0.0284891901939,0.00998398549197
1.012791,0.730387129249,0.334155983261,0.361002106577,0.0483746152105,0.998378283713,-0.0276217723845,0.0117361366288
1.022802,0.731760999735,0.334069943709,0.361098914482,0.0480666318846,0.998386619596,-0.0270297485861,0.0135332701878
1.032802,0.732648174171,0.334259454999,0.360741898427,0.048569614125,0.998356298719,-0.0267604127527,0.014476660555
1.042814,0.733522901875,0.334044110268,0.360401154645,0.0486814095051,0.998339686811,-0.0267709005734,0.0152088457386
1.052793,0.733831575831,0.333844668295,0.360176893228,0.0490482336319,0.998321139556,-0.0266893019256,0.0153900700257
1.062744,0.735029394567,0.333598592456,0.360817743166,0.0496277797271,0.998282860492,-0.0259366414759,0.017196062224
1.072782,0.735892738546,0.333901881332,0.359868193459,0.0495029878673,0.998293355912,-0.0254321696795,0.0176927804528
1.082753,0.736934641223,0.333094160502,0.359644845923,0.049486508815,0.998279533746,-0.0251936276178,0.0188238964472
1.092816,0.738593858839,0.333517489462,0.359546676072,0.0499286342552,0.99824145154,-0.0243703218913,0.0206693811962
1.102753,0.739647500298,0.334399461585,0.359568793224,0.049037122516,0.998280968337,-0.0233731973433,0.022003693263
1.112714,0.740648045814,0.333680311749,0.358630595499,0.0499194796729,0.998225152501,-0.0233242611776,0.0225957806853
1.122824,0.741527585911,0.333548946111,0.35806588689,0.0498262120506,0.998233464715,-0.022548190228,0.0232137380298
1.132765,0.742583821457,0.333276410547,0.358265465023,0.0496870064392,0.998213550358,-0.0223296563923,0.0245417138598
1.142800,0.743355052399,0.333326496221,0.357212302575,0.0496246814816,0.998217935345,-0.021878603965,0.0248931964877
1.152814,0.744559715301,0.332189055432,0.357098282098,0.0508786994422,0.99811888138,-0.0219377007343,0.0262448825987
1.162825,0.745578721723,0.332059009817,0.356653053692,0.0505846719888,0.998118937896,-0.0215672921785,0.0271040344023
1.172756,0.746733226199,0.330852637359,0.356085491772,0.051431883459,0.998061567276,-0.0211254669647,0.0279568227017
1.182813,0.747657939432,0.331193431556,0.355359347364,0.0512711232138,0.998064741109,-0.0206549599368,0.028485384134
1.192768,0.74854765366,0.33139933093,0.354507576267,0.0505234350901,0.998098317059,-0.019986349389,0.0291149073453
1.202814,0.749917340216,0.330813933567,0.35411750111,0.0512604706646,0.998031751909,-0.0195182218479,0.0303977851963
1.212812,0.750994114077,0.329685201858,0.353288417458,0.0513789643876,0.997997332544,-0.0196868593907,0.0312082332289
1.222815,0.752453475156,0.329797820183,0.353374465169,0.0515122910688,0.997946084881,-0.0189702545443,0.0330185551137
1.232827,0.75391042605,0.328158802551,0.352264802739,0.0516894214517,0.997898227352,-0.0190010135005,0.034151032838
1.242800,0.755146084768,0.328406381317,0.351427773966,0.0512957129514,0.997904261865,-0.0181906727717,0.0349990486822
1.252817,0.756353361153,0.326921021613,0.350696903231,0.0520675463845,0.997831097086,-0.0182337020208,0.0359110625452
1.262811,0.757358179811,0.326710445773,0.349595676748,0.0521142443647,0.997802304935,-0.0181055387052,0.0366995268313
1.272814,0.758513594707,0.327034487026,0.348413995772,0.051357552949,0.997832350149,-0.0170020412189,0.0374690985333
1.282814,0.759484801003,0.32596350383,0.347144485447,0.0519256693035,0.997773148488,-0.0173075681156,0.0381171498061
1.292812,0.760971353605,0.324832688869,0.346759691592,0.0531799431708,0.997652395795,-0.0168704902321,0.0397111743485
1.302808,0.761968435423,0.325504018022,0.34538828676,0.0525904325948,0.997669376341,-0.0163147889203,0.0402975132348
1.312815,0.762812303418,0.324671308564,0.344386640203,0.052381179779,0.997670075229,-0.0158309155033,0.040743283016
1.322811,0.76446206239,0.323345399611,0.343192767507,0.0525472367105,0.997605649527,-0.0158737705709,0.0420687455796
1.332821,0.765901828065,0.321855664638,0.342364378941,0.0512647744592,0.997606508405,-0.0162397676127,0.0434677723854
1.342818,0.7669981924,0.321758905387,0.340868608483,0.050812370845,0.997605776743,-0.0158327516425,0.044160402553
1.352809,0.768309030108,0.321174105252,0.339666085787,0.0504358597568,0.99758218281,-0.0153999080066,0.0452642841952
1.362756,0.76943319359,0.320144138615,0.337821907595,0.0498165506668,0.997599073136,-0.0153362366954,0.0455982499916
1.372807,0.771645552862,0.318829850413,0.337085200727,0.0496346080761,0.99750535567,-0.0151526082662,0.0478525814626
1.382853,0.772678986348,0.319418324458,0.335494451248,0.0484738185244,0.99753906114,-0.0144593304704,0.048549337584
1.392821,0.773768405507,0.317904717183,0.334250837769,0.0478804575283,0.997529049924,-0.0145514165781,0.049310370306
1.402772,0.774909260026,0.317228350907,0.332774002034,0.0474699377753,0.997510256866,-0.014540899372,0.0500844756461
1.412752,0.77583141579,0.31738018745,0.331796785264,0.0463371218217,0.997532269684,-0.0137332714579,0.0509277854893
1.422769,0.776954080089,0.315741735256,0.329861732019,0.0467393830322,0.997497546477,-0.0140221221397,0.0511610685686
1.432734,0.778164775033,0.315422752315,0.328796428349,0.0463678919153,0.997472456708,-0.0132258263695,0.0521899820437
1.442747,0.779023751134,0.314060089903,0.326650641941,0.0468726811584,0.997440823658,-0.0135712219594,0.0522549231694
1.452789,0.779792691625,0.313353562976,0.324884383129,0.0464397668285,0.997458303228,-0.0132899979524,0.0523799325463
1.462811,0.781222130967,0.313568734981,0.323437564274,0.0463715007527,0.997411291593,-0.0122823727619,0.053568112148
1.472812,0.782093405088,0.312008712279,0.321933220774,0.0469261623321,0.997362700071,-0.0123650184706,0.053969307151
1.482799,0.783341001227,0.311421675511,0.320494027174,0.04655032795,0.99732496132,-0.0123930951762,0.0549763557192
1.492744,0.784181815145,0.310805830356,0.318701465325,0.0468450446926,0.997312840296,-0.0116432640649,0.0551096613104
1.502775,0.785440889073,0.310503532051,0.317051833098,0.0468883781043,0.99727470122,-0.0112304452439,0.0558437767753
1.512806,0.78652859479,0.309327532009,0.315546549356,0.0477637963086,0.997196817722,-0.010932889847,0.0565473112266
1.522807,0.787221683812,0.308672241823,0.313692477892,0.0481779334678,0.997180364203,-0.0106754531119,0.0565353223729
1.532810,0.788104115962,0.307632137108,0.311718772275,0.0487544349186,0.997141162551,-0.0105771447858,0.0567506037896
1.542745,0.788985219289,0.307158483995,0.310287744715,0.0490369489112,0.997101061106,-0.00998736404643,0.0573158280315
1.552777,0.790487217054,0.307018418636,0.308865029496,0.0490131415293,0.997045211872,-0.00919599821584,0.0584293681018
1.563551,0.791303628176,0.306092085572,0.306727031708,0.0487616778235,0.997054731111,-0.00942037951657,0.0584415810372
1.572741,0.792408354481,0.306299429847,0.305544996068,0.048245554026,0.997033396606,-0.00835447827042,0.059388342808
1.582770,0.793584842054,0.30468508529,0.30422002475,0.0497672298458,0.996915131008,-0.00828536289562,0.060123183243
1.592747,0.794866486646,0.304391829268,0.302931496926,0.0499787795813,0.996839497125,-0.00786068876305,0.0612482500601
1.602830,0.796242872142,0.303970583442,0.301491694344,0.0491762397864,0.996819405744,-0.0076210073734,0.0622470081107
1.612846,0.797046497343,0.303956274949,0.299663085973,0.0494383609631,0.996812770096,-0.00683224212918,0.0622372099865
1.622806,0.797822293373,0.303934671256,0.298224502516,0.0497300710107,0.996776760004,-0.00566363863011,0.0626971606306
1.632743,0.799408380039,0.302074573083,0.296647920499,0.0503771657459,0.996670271188,-0.006031129356,0.0638289681838
1.642812,0.800845406288,0.302963641652,0.295856647161,0.0500002651335,0.99660707286,-0.00494672523996,0.0651908407728
1.652809,0.801858236225,0.302006516248,0.293651666468,0.050379702722,0.996574607986,-0.00495538130678,0.0653940399954
1.662750,0.803017620818,0.301492389408,0.292426860264,0.0516886446259,0.996464282552,-0.00429213882877,0.0660968619452
1.672800,0.804776541013,0.301648100642,0.291457092617,0.0515248171169,0.996362707156,-0.00340209678222,0.0677862430545
1.682756,0.806106846587,0.302006661263,0.289970378378,0.0514410684703,0.996319142507,-0.00254290283786,0.0685238381465
1.692794,0.807366993311,0.300296072175,0.288581930969,0.0518782138345,0.996240044608,-0.00276839398736,0.0693308044303
1.702811,0.808621293892,0.299820431261,0.286982610617,0.0525871151961,0.996155474235,-0.00209668068183,0.0700319241294
1.712815,0.809932069092,0.298778062997,0.285844702777,0.0532272860657,0.996064657994,-0.00190670767652,0.0708407903585
1.722814,0.810711495793,0.298830348477,0.28403997801,0.0537269526524,0.996028772946,-0.00130237800419,0.0709817006953
1.732794,0.811940379594,0.298499350724,0.282767338825,0.053627214053,0.995984399661,-0.000472381014585,0.0716866403262
1.742744,0.813776917116,0.297649741711,0.281269413002,0.0549144571347,0.995815159741,-0.000269644584159,0.073051333448
1.752757,0.814929110681,0.298260539909,0.280562623546,0.0539462996802,0.995787905593,0.000330813823012,0.0741359183351
1.762814,0.816333402421,0.297120327645,0.279114815913,0.0554330874083,0.995644313447,0.000928871610329,0.0749580623982
1.772745,0.817606708473,0.297103455645,0.277403108804,0.0552177482171,0.995615838635,0.00124658873312,0.0754887286724
1.782797,0.818823009929,0.29631376358,0.275813915678,0.055954768601,0.995530416135,0.00144888054669,0.076066780959
1.792819,0.819575337357,0.295639736687,0.27375053123,0.0562695732368,0.995512821912,0.00180893412903,0.0760571120583
1.802798,0.82081767305,0.295403702225,0.272812630236,0.0564840535568,0.99543143867,0.00235420143152,0.0769432280104
1.812739,0.822112467619,0.295763873599,0.270711768786,0.0560918785016,0.995423214892,0.00326499577513,0.0773024205477
1.822812,0.822807957918,0.294083554309,0.269124948157,0.0579139396161,0.995317601752,0.00321379161683,0.0773208819417
1.832795,0.823965040893,0.293017641824,0.267386006366,0.0582677156874,0.995266861404,0.00325850034172,0.0777054057034
1.842739,0.824569134881,0.292846902322,0.265835828379,0.0588464880259,0.995232424154,0.00364690966055,0.0776930679608
1.852815,0.825804554388,0.292392241922,0.26384930372,0.0588177551122,0.995191909685,0.00421177264178,0.0782035520448
1.862818,0.826915880816,0.291325300865,0.262175796748,0.05950129217,0.995132408425,0.00432386435915,0.0784371731304
1.872814,0.827804095691,0.290989204746,0.260619510113,0.0603757638663,0.995050658374,0.00457520033305,0.0787910017065
1.882759,0.829006630954,0.290065394812,0.258510037461,0.060754477493,0.994997578805,0.00495621619907,0.0791463679439
1.892816,0.829473085724,0.289608180107,0.256168115287,0.0609351040007,0.995027057081,0.00496937741077,0.0786344330753
1.902820,0.830599408962,0.289214084784,0.254697397035,0.0615359672452,0.994945011884,0.00536943034338,0.0791764944929
1.912754,0.831365261379,0.288271082138,0.252489861742,0.0624202910309,0.994902406181,0.00523735164943,0.0790283467556
1.922814,0.83197353305,0.287048634067,0.249486529351,0.0623584457973,0.994963796445,0.00502677349297,0.0783147466936
1.932803,0.832986401584,0.286167040869,0.247877576688,0.0629180683088,0.994892140459,0.00493884728543,0.0787816813733
1.942814,0.833418194613,0.285067383322,0.24547125767,0.0634057403346,0.994905148134,0.00486705912987,0.078228959121
1.952735,0.834306221612,0.284522223773,0.242814419908,0.0642030964575,0.994866140487,0.00524407432443,0.0780501415885
1.962818,0.834990298382,0.283323939267,0.240933350578,0.0648049467405,0.994825350927,0.00490557705997,0.0780946563175
1.972713,0.835848146628,0.282682971146,0.238316764544,0.0652959708279,0.994816119975,0.00502063079326,0.0777953526725
1.982742,0.836934998592,0.282158256476,0.236688377526,0.065079873128,0.994783652554,0.00517481690954,0.0783793084656
1.992817,0.837534182655,0.281160292774,0.2338393542,0.0659724124098,0.994761424117,0.00494365060849,0.077928879162
2.002791,0.838662479929,0.280281079436,0.231788073663,0.0664383362976,0.994699226561,0.00476716718638,0.07833690233
2.012791,0.83843859501,0.279524873816,0.228667137558,0.0664450339177,0.994815906364,0.00501546641669,0.0768193661046
2.022798,0.839457822128,0.279089812817,0.226297169185,0.0670456311158,0.994768116747,0.00490639679827,0.0769233678544
2.032796,0.840038015708,0.278586464504,0.224040933615,0.0678437039079,0.994734317171,0.00566345113891,0.0766080635678
2.042810,0.840542997327,0.27752133033,0.221752114331,0.0683335219265,0.994717153736,0.00596712466867,0.0763721629139
2.052768,0.841700529656,0.278137096674,0.219987830199,0.0682461856112,0.994690044861,0.00683456107116,0.0767297959009
2.062807,0.842173360066,0.277185548519,0.216751210061,0.0685563112049,0.994709733511,0.00640548044792,0.0762335101679
2.072817,0.843246840881,0.27625575982,0.214326316364,0.0697319298269,0.994613918237,0.00677491978492,0.0763852870268
2.082793,0.844064627444,0.276076457215,0.212061436493,0.0702652728339,0.994572665718,0.00744858287041,0.076370954252
2.092612,0.843961158261,0.275712776465,0.209045326902,0.0707053258071,0.994624851829,0.0073508334018,0.0752869595298
2.102582,0.845265526463,0.275481652023,0.207195610007,0.071002365276,0.994545559708,0.0080205296019,0.0759833198442
2.112738,0.845677885125,0.274767416769,0.204930922865,0.0717869392229,0.994516871301,0.00832639535753,0.0755876920854
2.122752,0.846014082563,0.273720929878,0.201711191429,0.0720827958555,0.994551687402,0.00834301415482,0.0748425396627
2.132826,0.846849367627,0.273030938477,0.199758338583,0.072942329781,0.99447639696,0.00896197059815,0.0749386115361
2.142813,0.847435303485,0.272897602283,0.197177443856,0.0738042292645,0.994421404705,0.00964884498355,0.0747389148802
2.152811,0.847806173863,0.272099634874,0.194246863609,0.0739616939839,0.994449315137,0.00978942838409,0.0741916069278
2.162757,0.848528105391,0.272273449551,0.192802056788,0.0741654712769,0.994403776131,0.0101385232066,0.0745508097433
2.172815,0.849062566528,0.2709152826,0.190111209407,0.0750435053795,0.994366956885,0.010057455618,0.0741732764658
2.182772,0.849541362004,0.270920122937,0.18788066182,0.0753520812194,0.994354062376,0.0107187624442,0.0739403179824
2.192820,0.849674703011,0.270434360139,0.184777838477,0.0759308365428,0.994363607558,0.0112345914733,0.0731389634845
2.202796,0.850452117605,0.269581036242,0.183058899859,0.0760511140302,0.9943390535,0.0108889080315,0.073399635023
2.212808,0.851397282287,0.269912126682,0.181160369546,0.0766212980995,0.994248334579,0.0120233954814,0.0738570499443
2.222810,0.8516893509,0.269160473153,0.178182520052,0.0772983142206,0.994236629809,0.0120853600233,0.0732969210693
2.232841,0.852598900355,0.268614701779,0.176011498749,0.0771585213765,0.994213154746,0.0124200880873,0.0737055419991
2.242814,0.853669842462,0.2680333114,0.174152124076,0.0785329458615,0.994051365083,0.0132235374491,0.0742939973946
2.252768,0.85420947208,0.267586186675,0.171307151345,0.0788488491533,0.994046044273,0.0135492030888,0.073971210271
2.262820,0.855068663176,0.267832539939,0.169098206929,0.078885520042,0.994010177936,0.0140140414757,0.0743266273211
2.272778,0.85554725613,0.268123685463,0.16690991011,0.0788012715234,0.994005479457,0.0145927748588,0.0743674481059
2.282746,0.856377114089,0.267434939553,0.164498697232,0.0784540382664,0.994004439324,0.0145298588091,0.074759759808
2.292809,0.857069415747,0.266802237031,0.162234063349,0.0793870952103,0.993913785563,0.0148216485104,0.0749225915029
2.302756,0.857917921541,0.267429537479,0.160081438422,0.07874659604,0.993925986651,0.0153562483818,0.075327898604
2.312803,0.858765590317,0.266944854941,0.157965795871,0.0793577453464,0.993834559376,0.0161752608489,0.0757203920951
2.322708,0.859270071412,0.26612080935,0.155576373364,0.0801077117149,0.993780509652,0.0160217481315,0.0756726948481
2.332810,0.860246794788,0.264910283336,0.15345817166,0.0815854655423,0.993616291057,0.0162230017829,0.0762055914667
2.342787,0.860569494368,0.265308774388,0.150923866515,0.0810115421383,0.993670403217,0.0165386758807,0.0760442766527
2.352845,0.861599212032,0.265813848906,0.149141098133,0.0815612300231,0.993559472281,0.0174084504653,0.0767091040844
2.362812,0.862258985425,0.265726736811,0.146536497118,0.0810577655175,0.993592876122,0.0176061906753,0.0767649478483
2.372711,0.862510482479,0.265381578414,0.144325809959,0.0815768042322,0.993563240362,0.0177939752704,0.0765551230005
2.382774,0.862522838982,0.264184514202,0.141389995543,0.0821769620802,0.993574798986,0.0174692716732,0.0758346244852
2.392836,0.863147375389,0.265320999692,0.139273220265,0.0812091293475,0.993620211942,0.0185917959783,0.076015109379
2.402823,0.863583837993,0.264186535459,0.136866787333,0.082522820449,0.993518758279,0.0184361433419,0.0759642657569
2.412808,0.864225548082,0.265276542243,0.134993991432,0.0828080509364,0.993461152849,0.0198326861778,0.076055433984
2.422713,0.864564578759,0.265270855502,0.132299327262,0.0831205742888,0.993445135556,0.0199179344344,0.0759013086676
2.432803,0.86433640791,0.264918307828,0.129264080688,0.0839217573958,0.993444089428,0.020256675093,0.0749376202557
2.442810,0.864740108842,0.26453413087,0.127233769594,0.0838727433152,0.993445027059,0.0202181753397,0.0749904428981
2.452814,0.864800363114,0.264648035579,0.123980680217,0.0843237219972,0.993458179533,0.0205038295778,0.0742290266736
2.462810,0.865322455669,0.264215825957,0.12236005664,0.0837292294385,0.993491625973,0.0204002796822,0.0744824398697
2.472713,0.865460444394,0.264099548756,0.120531633022,0.0849576045001,0.993397375955,0.02093521528,0.0741995663314
2.482811,0.865227629933,0.264660901958,0.117269720754,0.0852684681337,0.993430693157,0.0214954979278,0.0732303885257
2.492807,0.866212561282,0.264094916823,0.115203116758,0.0857721784642,0.993338085657,0.0217903783669,0.0738089452201
2.502811,0.865733212331,0.264384004224,0.112642993518,0.0856158954644,0.993420464091,0.021684800757,0.0729072656546
2.512707,0.866420890576,0.264445400144,0.110537886514,0.0859648809855,0.993352446565,0.0223011816429,0.0732366946156
2.522844,0.866496068965,0.265003507466,0.107551101824,0.0858987287805,0.993392211686,0.0227388294679,0.0726379225276
2.532750,0.86673269264,0.263723093476,0.105234934224,0.0864253636922,0.993356942358,0.0226741207762,0.0725156936615
2.542738,0.866858264617,0.264204147597,0.102347090024,0.0863785657063,0.993386436798,0.0228059597508,0.0721250218192
2.552836,0.867777039175,0.264012326151,0.100125193924,0.0865430879589,0.99332662589,0.0227920032164,0.0727532323302
2.562789,0.867932314817,0.263938188407,0.0977101670999,0.0864632306623,0.993335835457,0.0232658857318,0.0725722143843
2.572738,0.868214645207,0.263814207254,0.0952397723106,0.0867471772309,0.993308785392,0.0233558367461,0.0725747131971
2.582766,0.868673139228,0.264268878098,0.0928561900544,0.0862998147828,0.993326756721,0.023425738429,0.0728390769424
2.592757,0.869029132809,0.263623017278,0.0906504610428,0.0865892934096,0.993302033755,0.0232849195505,0.0728778191735
2.602839,0.869734357553,0.263018348152,0.0882630480009,0.086458815123,0.993283517622,0.0230332793558,0.0733634442308
2.612765,0.870388733545,0.263278506652,0.0864380747667,0.0866252612394,0.993218027546,0.0232751977394,0.073974854133
2.622823,0.871467557659,0.264296409319,0.0841683918023,0.0865058646828,0.993139414998,0.0242097711964,0.0748647095175
2.632812,0.872001970218,0.263964310506,0.0816944740721,0.0861982466931,0.993142054753,0.0238378929602,0.0753025644183
2.642761,0.872768045211,0.264037579394,0.0796296007858,0.0863247588446,0.99307569442,0.0242805590577,0.0758891007639
2.652820,0.872999300853,0.264259959521,0.0762752399428,0.0863676967992,0.993077158625,0.0246460003912,0.0757030556326
2.662803,0.874390164283,0.263313290231,0.0750180851416,0.0868194633069,0.992918671389,0.0246077386191,0.0772615816428
2.672807,0.874959644637,0.264384830664,0.0727851703678,0.0860172291349,0.992950929156,0.0247389707223,0.0777011705751
2.682814,0.875804869683,0.263278461317,0.0702387925712,0.0861872375318,0.992877260208,0.024577334427,0.0785013431788
2.692817,0.876930794725,0.263924960807,0.0683569995416,0.0860693499597,0.992788763778,0.024647820986,0.0797183945753
2.702824,0.878206605149,0.264357023639,0.0660471454645,0.085635008353,0.992693197551,0.0257121027336,0.0810293073673
2.712744,0.878647006799,0.264629957757,0.0635142035014,0.0858163181648,0.992641515936,0.0257375872639,0.0814613833555
2.722799,0.879475695296,0.263830438444,0.0613419785578,0.0859821347096,0.992551073081,0.025737292896,0.0823834424597
2.732816,0.881007665018,0.265584114062,0.0593908259261,0.0855869642011,0.992428572669,0.0267561307767,0.0839315743621
2.742813,0.881868210238,0.264340054942,0.0572505397704,0.0858104612251,0.99233227221,0.0263887893314,0.084952092805
2.752812,0.883123605612,0.2650210747,0.0556465085679,0.0864137662334,0.992151278957,0.02717295539,0.0861982085934
2.762790,0.883847256726,0.265817757249,0.0530979639382,0.0858758332468,0.99211046617,0.0280425216309,0.0869239964596
2.772810,0.885373737147,0.265191288843,0.0510717239345,0.0861767870997,0.991934493689,0.0278781362838,0.0886697869227
2.782743,0.885820685333,0.265579764484,0.048859738946,0.085858344287,0.991909472183,0.0286061323907,0.0890260237158
2.792816,0.887303755197,0.265850818335,0.0468421249171,0.0861163214291,0.991729327319,0.02883809191,0.0906933568306
2.802795,0.887854687851,0.266506790107,0.0442673266159,0.0862732582001,0.991644063166,0.029569447033,0.0912393813477
2.812810,0.888595418032,0.266482578363,0.0420491935283,0.0863102423428,0.991546726456,0.0297746226276,0.0921905806921
2.822826,0.889239921304,0.267493970042,0.0395246951092,0.0861531847475,0.991479232112,0.0308192047012,0.0927185939824
2.832825,0.890286805603,0.26758962044,0.0378101808815,0.086674011304,0.991309660636,0.0313534018231,0.09386019757
2.842764,0.891178673131,0.268045070324,0.0360615118261,0.086611991807,0.991189802633,0.0320192740178,0.0949521148932
2.852738,0.891555173596,0.26749991761,0.0334701012597,0.0869167915937,0.99112470223,0.0321529157774,0.0953073238283
2.862813,0.892492026778,0.268205410051,0.0316005138476,0.0865361128122,0.991049081462,0.0326639745503,0.0962615399813
2.872811,0.892378761185,0.267285219558,0.0283787408876,0.0868540008226,0.99105362984,0.0318492215152,0.0962014158489
2.882812,0.8932176175,0.267759597493,0.0271562764766,0.0864866616749,0.990976323807,0.0323810829163,0.0971465309465
2.892796,0.894108817206,0.268348103853,0.0251983533646,0.0864645873412,0.990863032778,0.032928082136,0.0981329038465
2.902802,0.893993649924,0.268029302841,0.0224158390356,0.0858107561342,0.990940481904,0.0326218534316,0.0980269867648
2.912804,0.894718312552,0.267414918741,0.0206446452282,0.0859915365881,0.990855195455,0.0323878849488,0.0988051728546
2.922794,0.894589315903,0.268047999278,0.0178516028076,0.085799556614,0.990878316912,0.0324006478847,0.0987359872308
2.932727,0.895053816109,0.266882712567,0.015796300138,0.0860915647437,0.990800987599,0.032116525407,0.0993487506119
2.942743,0.89550407334,0.267411050603,0.0142972980299,0.0857789348847,0.990771885371,0.0323216538974,0.0998416555229
2.952814,0.89549066692,0.268320482138,0.0118421664083,0.0842506127353,0.990898800567,0.0322160753222,0.0999175949441
2.962814,0.895316220365,0.267476412053,0.00932315595663,0.0855555076898,0.990806146469,0.0321556933706,0.0997469127737
2.972794,0.896130554247,0.266908827254,0.00749068468311,0.0844778025026,0.990824320626,0.0315411203313,0.100676830844
2.982816,0.896321159825,0.26777710236,0.00579915840206,0.0847699581282,0.990763147705,0.0319866607679,0.100892481791
2.992810,0.896446207943,0.267555203334,0.00367953828855,0.0839041883779,0.990824142337,0.0316422002891,0.101125552142
3.002814,0.896839618994,0.266315908676,0.00179166341582,0.0846305725049,0.990724615882,0.0309246161706,0.101715632018
3.012764,0.897381919053,0.267672636992,7.00276465344e-05,0.0834633020374,0.990742270365,0.0313692907332,0.102369910252
3.022754,0.89758194337,0.267815381374,-0.00209177722102,0.0837890876613,0.990671400618,0.0318190340624,0.102650444994
3.032813,0.897279378955,0.267811684415,-0.00417149450419,0.0840746482571,0.990672734445,0.0319577322248,0.102360588602
3.042818,0.897414844863,0.267929901616,-0.00615542189531,0.0841750023149,0.990629881201,0.0323331626918,0.102574724214
3.052813,0.897770508647,0.268488285731,-0.00794306983001,0.0837581324286,0.990606943671,0.0327270057489,0.103011657091
3.062792,0.897769767487,0.268574542553,-0.0101801897809,0.0835981906755,0.990601977725,0.0327928750089,0.103168268341
3.072803,0.898105513288,0.268819583196,-0.0117538749628,0.0832548231618,0.990579926459,0.0329711311227,0.103599943195
3.082814,0.898729775986,0.268205761701,-0.0132131171662,0.0841575184668,0.990417468905,0.0333388222552,0.104303750192
3.092735,0.898184877383,0.269244496256,-0.0157071578509,0.0839450020482,0.990464305027,0.0337566919658,0.103895056887
3.102813,0.898896566512,0.269293801241,-0.017214808935,0.0845430878721,0.990298205525,0.0343687788955,0.104788918618
3.112818,0.899331572245,0.269482097012,-0.0185341345176,0.0842737307286,0.990251064495,0.0346682728947,0.10535121466
3.122739,0.898641278567,0.269093433238,-0.0212726050783,0.0851286296713,0.990238308177,0.0348526023411,0.104721084503
3.132811,0.89907501311,0.268662881272,-0.0221637952781,0.0849072131237,0.990187056303,0.034892246475,0.105370251141
3.142807,0.898825804826,0.269686774986,-0.0244567993337,0.0848398993436,0.990192129467,0.0356173058491,0.105133941926
3.152819,0.899502555435,0.269848017459,-0.0258063693739,0.084637874441,0.990113318168,0.0355475884703,0.10605855152
3.162744,0.899318595808,0.271248196668,-0.0277094660544,0.0847984235706,0.990081159894,0.036610084316,0.105868909082
3.172764,0.899738768399,0.270998001798,-0.0288202344422,0.0841225579927,0.990078933303,0.0364858316647,0.1064701139
3.182810,0.89975820829,0.27096874481,-0.0304175050612,0.0837844708356,0.990092383849,0.0364123655278,0.106636642518
3.192798,0.899821041079,0.270748032019,-0.0317162101615,0.0843958696767,0.990022105339,0.0363897455517,0.106814580188
3.202820,0.899960912181,0.271863301492,-0.0330473256446,0.0841554292571,0.989989041075,0.0370871194169,0.10707057416
3.212815,0.900041472771,0.271927729504,-0.0345089503385,0.0842464521942,0.989946560251,0.0373793439731,0.10728992396
3.222806,0.900236732669,0.270791185747,-0.0358791150092,0.0845207657882,0.989906316761,0.036536074116,0.107735042934
3.232815,0.900382462841,0.271730534205,-0.0371745614029,0.084381579489,0.989877234285,0.0370443006763,0.107937620289
3.242755,0.900452419381,0.270286802104,-0.0386963740532,0.0844296425111,0.989868773793,0.0365270594074,0.10815368725
3.252816,0.899965653591,0.270570300817,-0.0403381299939,0.0841024519929,0.98992869184,0.0363517591351,0.107919007815
3.262810,0.900329879969,0.271001203369,-0.0414960790827,0.0829240233733,0.989974595202,0.0361127735582,0.108488592897
3.272775,0.900279656277,0.270382857702,-0.0427918027395,0.0831468269301,0.989959348173,0.0357190262829,0.108587500649
3.282824,0.90019634115,0.272359333421,-0.0437549177057,0.0826733034835,0.989963184288,0.0366919436238,0.10858968606
3.292813,0.900851173106,0.270372218626,-0.0446808913967,0.0830572405847,0.989867039929,0.0360170492896,0.109396116061
3.302814,0.900737776248,0.270736950562,-0.0460529657977,0.0825968620791,0.989900565288,0.035849074737,0.10949645226
3.312795,0.901024408402,0.269943952388,-0.047174143526,0.0826427739329,0.989877377049,0.0351223096964,0.109906204036
3.322812,0.900706098685,0.270166887788,-0.0486084711386,0.0826629920095,0.989889819793,0.0353398960274,0.109709006792
3.333248,0.901186091115,0.270456427345,-0.0488917143356,0.0825436096,0.98981649892,0.0355831745486,0.110379747546
3.342764,0.900840505802,0.270461366225,-0.049988931367,0.0819874843513,0.989890710393,0.0352426594719,0.11023787389
3.352819,0.901003300105,0.269303679102,-0.0510953328396,0.0821430125315,0.98987254662,0.034599436954,0.110488668664
3.362817,0.901523260328,0.270097482489,-0.0512507042448,0.0818897052285,0.989806236969,0.0351361743028,0.111099679069
3.372799,0.901999282272,0.269071003919,-0.0513315036333,0.0820991399267,0.989731273541,0.0348521584373,0.111700780888
3.382801,0.901487420232,0.269560963175,-0.0531067662206,0.0817154030824,0.989808082909,0.0347924064724,0.111319541675
3.392821,0.90198475976,0.270137864872,-0.0529240304192,0.0808838780393,0.989801976243,0.0347719023776,0.11198553882
3.402855,0.902178268842,0.269263624234,-0.0537172761012,0.0813358413559,0.989732704885,0.0344585447973,0.1123666431
3.412771,0.901944258328,0.269870109615,-0.0543417515357,0.0813342521445,0.989746595529,0.0346286364515,0.112193019413
3.422797,0.902118067609,0.269006989148,-0.0543123102186,0.0811247517823,0.989745633714,0.0342600896443,0.112466001309
3.432779,0.902144383145,0.269757722786,-0.0549224929941,0.0805369910639,0.989788074902,0.0342778253228,0.11250951312
3.442765,0.90246544379,0.268834603477,-0.0548244967187,0.0810962551042,0.989712744374,0.0339593953107,0.112866471999
3.452791,0.902078894128,0.268934684803,-0.0552579036337,0.0806921892688,0.989767849987,0.0340765518869,0.112637304361
3.463253,0.902507075382,0.268277574345,-0.054772067408,0.0808196390837,0.989711839402,0.0338898023525,0.113093510785
3.472766,0.902112471804,0.269144270783,-0.0552602011043,0.0803136497498,0.989802949941,0.0339918558847,0.112625004705
3.482813,0.902148685154,0.268112506368,-0.0552233840879,0.0805797259489,0.989778209864,0.0335832197395,0.112774865974
3.492807,0.901798386979,0.26859774638,-0.0555924482007,0.0803848761561,0.989842745982,0.0335866099668,0.112345669891
3.502812,0.902094466829,0.268856168446,-0.0550974030068,0.0804419827442,0.989808103193,0.0336324617237,0.112596020284
3.512798,0.9019707727,0.268072032822,-0.0549501115865,0.0804730014991,0.989808866348,0.0332621152184,0.112677130864
3.522762,0.902089365751,0.267354776915,-0.0547548995334,0.0800505503759,0.989852190776,0.0329231866613,0.11269699899
3.532759,0.902684678626,0.26823564953,-0.0538792522348,0.080344571554,0.989741423446,0.0336369298119,0.113248494422
3.542811,0.90285506682,0.267423073432,-0.0538692591577,0.0803831366241,0.989741921896,0.0328366953574,0.113451446999
3.552809,0.902529519223,0.266575855228,-0.0538530533756,0.0803815858423,0.989797942859,0.0322380956111,0.113135043915
3.562793,0.902759241811,0.267336004222,-0.0533920536224,0.0803607878688,0.98976882552,0.0327128004549,0.11326821482
3.572789,0.903147811556,0.267390936373,-0.0531523947686,0.0808826843776,0.989658720688,0.0328552100677,0.113816269069
3.582796,0.903386646772,0.268036368702,-0.0529030470829,0.080128086311,0.989682577993,0.0332877111664,0.114016721959
3.592773,0.903597788806,0.266933144214,-0.0524024705829,0.0799492699388,0.989670994754,0.0325517054065,0.114454457551
3.602853,0.903177053705,0.266779317783,-0.0525098388333,0.0802218380546,0.989718916413,0.0323416155419,0.113907607729
3.612754,0.903674070113,0.267278747577,-0.0520243501934,0.0806516379223,0.989614513569,0.0327466169244,0.114394435681
3.622762,0.903542876338,0.265980549678,-0.0520550947314,0.080840678124,0.989621543646,0.0325611282066,0.114253043911
3.632819,0.903975061086,0.265776021831,-0.0515381079219,0.0799249902965,0.989662609604,0.0321250489979,0.114664276499
3.642806,0.903985773907,0.266376317372,-0.0514371021141,0.0810480705753,0.989551658271,0.0330201673897,0.114579205859
3.652763,0.903870649349,0.26657492823,-0.0516848752901,0.0794325979916,0.989684439949,0.0326474810313,0.114670456883
3.662811,0.904487115314,0.266034328919,-0.0510012820667,0.0801992579297,0.9895616025,0.0327555370921,0.115165049707
3.672740,0.904748772555,0.265926607256,-0.0508092240449,0.0802331383034,0.989535739132,0.0325106680853,0.115432755137
3.682791,0.904951641625,0.265917592518,-0.0508521616454,0.0800260676167,0.989501621759,0.0328270892354,0.115778889484
3.692833,0.904513182397,0.265158322415,-0.0512147107677,0.080688951514,0.989517167961,0.0326201915152,0.115243179927
3.702814,0.904314177245,0.265323168999,-0.0513663312904,0.0802528740965,0.989557707922,0.0324747690834,0.115240653699
3.712750,0.904823834684,0.265144969561,-0.0508883700195,0.080299875488,0.989504199047,0.0325934606685,0.115633197599
3.722814,0.904135049886,0.265746314144,-0.0516092830769,0.0806099959063,0.98955610469,0.0331001223973,0.114826504469
3.732813,0.904197994928,0.264883065618,-0.0515289368284,0.0810809980492,0.989508929645,0.0327557644357,0.115000042626
3.742817,0.90394994396,0.26516572093,-0.0521540462279,0.0810107799748,0.989543476796,0.0331161798485,0.114648504967
3.752812,0.904334775966,0.265302905579,-0.0519211091082,0.0803064892256,0.989551208809,0.0331077766755,0.115078877544
3.762800,0.904294202513,0.264731442582,-0.0520126467452,0.0813951494707,0.989476336369,0.0328615551425,0.115028377382
3.772798,0.903959836643,0.26556814597,-0.0521049699493,0.0814252735801,0.989500348515,0.0334958935095,0.114616797327
3.782745,0.903909287869,0.264862247383,-0.0520173483468,0.0809611764383,0.989547673651,0.0330525591514,0.114665678451
3.792812,0.903712840262,0.26387968683,-0.052610879041,0.0813268264239,0.989546770583,0.0327331168521,0.114506240852
3.802809,0.903284764491,0.264931488973,-0.052923974646,0.0810586121125,0.98961230172,0.0328319439974,0.114101082991
3.812811,0.903373532296,0.265361258699,-0.0529135342315,0.0809187060464,0.989598116366,0.0335918266033,0.114102236098
3.822771,0.903718515116,0.264925159792,-0.0525640332131,0.0815517728638,0.989519382152,0.033178545206,0.114454728281
3.832815,0.903366529753,0.26463572651,-0.052752869643,0.0807527122978,0.989629233652,0.0330101668743,0.114119710131
3.842818,0.903837225147,0.264391229218,-0.0521323196057,0.0814072341053,0.989507839822,0.0331923016354,0.114653252365
3.852812,0.90369809478,0.264639407018,-0.0526098088115,0.0814320608865,0.989536285954,0.0329783480456,0.114451678885
3.862813,0.904376686797,0.264672900266,-0.0518346104643,0.081556522034,0.989436347075,0.0331444624534,0.115176791974
3.872806,0.903831949608,0.26451684058,-0.0523955430896,0.0813977062639,0.989511404826,0.0329891537371,0.114687875862
3.882803,0.903845120463,0.264596126603,-0.0521365350572,0.0813021115822,0.989518565674,0.0330787536392,0.114668090138
3.892809,0.904127420153,0.263572310011,-0.0519040984997,0.0811378521883,0.98950356653,0.032515928256,0.11507412905
3.902813,0.904011831439,0.264571963759,-0.0520546487432,0.0818019124387,0.989447391981,0.033310575952,0.114859527919
3.912810,0.903976443727,0.264795128344,-0.0519232158692,0.081457401997,0.989478104783,0.0331554073132,0.114884684711
3.922765,0.904381617765,0.263776914687,-0.0514471920498,0.0810960529889,0.989479463446,0.0326535047835,0.115271723477
3.932808,0.904112234405,0.264628897534,-0.0512443793379,0.0814035835938,0.989479075889,0.0331714213949,0.114909841869
3.942838,0.90423558747,0.264354896888,-0.0512551905233,0.0810951233374,0.989488592666,0.0329807374103,0.115100725086
3.952810,0.905127183356,0.263700227705,-0.0503214333004,0.0820174267859,0.989300307658,0.0331517951626,0.116012936558
3.962811,0.904771266596,0.264054607426,-0.0505134202091,0.0810289638615,0.989426805589,0.0330483913176,0.115657715818
3.972768,0.904184391256,0.263647443062,-0.0509581566281,0.0814497493766,0.989476883999,0.0324453412907,0.11510314586
3.982774,0.904842185826,0.263075428848,-0.0506453471628,0.0819048724179,0.989339459736,0.0327924375432,0.115860611616
3.992747,0.905412382559,0.263526515016,-0.0503036014896,0.0809304846078,0.989354633073,0.0326543547175,0.116453251551
4.002806,0.905214683696,0.263917468702,-0.0499722065074,0.0817435637094,0.989295188443,0.0331642779703,0.116246077707
4.012756,0.905152604118,0.262793418054,-0.0505466264491,0.0818954310776,0.989309290053,0.0324950219766,0.116208177556
4.022804,0.905227088781,0.26321102909,-0.0502024169426,0.0816391122826,0.989319651984,0.0326478473388,0.116257471193
4.032763,0.904835514397,0.262548173904,-0.0506401969439,0.0823892477926,0.989297144355,0.0329056566542,0.115846405982
4.042815,0.905397636697,0.262793228121,-0.0502943896923,0.0817095256935,0.989286515978,0.0329027077435,0.116418016378
4.052762,0.90470707569,0.263788224303,-0.050632733565,0.0819389577509,0.989350701535,0.0331410739349,0.115641107716
4.062741,0.904985962531,0.263086962315,-0.0506100318771,0.0820951990213,0.989300638098,0.0328461242317,0.116042052201
4.072810,0.904004447486,0.261780666635,-0.0514988496109,0.0820398384755,0.989448028155,0.0323074196239,0.114970844655
4.082752,0.903968388627,0.262578071186,-0.0517537520745,0.0825352906071,0.989403770265,0.0326430933748,0.114902278672
4.092816,0.903668033686,0.262743951659,-0.0518545094593,0.0816805379576,0.989507111803,0.0326952671821,0.114607961828
4.102759,0.903764989171,0.263416745777,-0.0516860068291,0.0814419188347,0.989504326361,0.0327728295778,0.11477954352
4.112803,0.90374901487,0.26216635529,-0.0517286856025,0.0818916304356,0.989474007179,0.032506744525,0.114796609454
4.122789,0.903059778315,0.263091808822,-0.0524487973169,0.082391755791,0.989508886567,0.0330803162802,0.113971288745
4.132736,0.903759046032,0.262302312756,-0.0521170306063,0.0826264809352,0.989409470311,0.0327959751667,0.114744013874
4.142821,0.90261747117,0.262306905594,-0.0532403425285,0.0828939365784,0.989522558859,0.0327793391199,0.113574714238
4.152769,0.903207057933,0.262460597914,-0.0524119559673,0.0827719272027,0.989454317619,0.0330680075778,0.114172975294
4.162741,0.902710860575,0.261252485855,-0.0530703881179,0.0834312648803,0.989471167932,0.032822455531,0.113616540541
4.172745,0.902284147641,0.261785308289,-0.0534347783232,0.0820740792468,0.989638815954,0.0323193740412,0.113288646982
4.182757,0.90191756206,0.261940129454,-0.0540382662044,0.0822105208268,0.989652685255,0.0328238928117,0.112922915717
4.192815,0.902154259541,0.261534580486,-0.0534183824085,0.0821082880337,0.989649391964,0.0325369421174,0.113109051005
4.202816,0.902589202191,0.260923916188,-0.05310372428,0.0834979841784,0.9894736803,0.0325151879102,0.113633996616
4.212743,0.902295480401,0.261029098569,-0.0536448025885,0.082668292057,0.989582856197,0.0323427567348,0.113338741373
4.222798,0.901532343502,0.261483596777,-0.0542685730177,0.0831051676852,0.989626666064,0.0328102376891,0.112499249869
4.232811,0.902398903985,0.26066693496,-0.0536487091631,0.082949962755,0.989539714811,0.0324671019967,0.113473978419
4.242740,0.90215218991,0.260346803261,-0.0541077110526,0.0834556180778,0.989526320734,0.0322379587243,0.113285190577
4.252779,0.901801424169,0.26116829301,-0.0540161841092,0.0833663116236,0.989552865902,0.0329878046633,0.112902561597
4.262780,0.90182104052,0.260934943583,-0.0540226450932,0.0827758672853,0.989606508493,0.0326298576431,0.112970821601
4.272849,0.901712112733,0.260698871723,-0.0539797860559,0.0831791959298,0.989601223532,0.0325733068206,0.112736947946
4.282753,0.901824414729,0.260540949839,-0.0539879832416,0.0837351788244,0.989536888101,0.0326269966396,0.112874470121
4.292812,0.901804932729,0.260203235657,-0.0538044739891,0.0834255188009,0.989556097343,0.0326771427801,0.112920845569
4.302801,0.901670587887,0.260075478831,-0.0538420791504,0.0833193654189,0.98958950694,0.0324887271689,0.112760692212
4.312772,0.901604394022,0.259810621163,-0.0539609912816,0.0840398005748,0.989527437575,0.0325582794297,0.112750701315
4.322760,0.900933613568,0.259914760872,-0.0549115247696,0.0839505039432,0.989627622974,0.0324153809675,0.111976443105
4.332812,0.901215959132,0.259999029299,-0.0544018588785,0.0837368329869,0.989593502566,0.0326826299065,0.112359637699
4.342737,0.901870857775,0.260150019906,-0.0538931937763,0.0843533793179,0.989470089277,0.0329399778234,0.112908846796
4.352792,0.901459423807,0.259802510158,-0.0542040038212,0.0837899221273,0.989562647765,0.0326865660356,0.112590423657
4.362813,0.901804707335,0.25988512449,-0.0540120815716,0.0841251677136,0.989488360646,0.0329012989167,0.112930265352
4.372800,0.901283789517,0.259301994908,-0.0542799293142,0.084534220079,0.989526645985,0.0326564212562,0.112358981273
4.382800,0.9015591145,0.258600514644,-0.0542592622138,0.0846903104677,0.989477472118,0.0323614860382,0.112759113623
4.392843,0.901249338349,0.260097665147,-0.0545342502568,0.08389186293,0.98957808754,0.032859715807,0.112328104551
4.402784,0.901594378858,0.259609433658,-0.054165359847,0.0842756356173,0.989496855101,0.0328749328559,0.112751185254
4.412812,0.90165320538,0.260259844067,-0.0538143735108,0.0836598094177,0.989534106276,0.0332774606284,0.112764796894
4.422744,0.901204530636,0.259868668117,-0.0544310074537,0.0838314249685,0.989572219002,0.0328646715416,0.112423435865
4.432810,0.901581746909,0.258886275581,-0.0542134744402,0.0846199514234,0.989476488498,0.0325395636251,0.112769319102
4.442791,0.90087042164,0.259278493716,-0.0547998993954,0.0839113499572,0.989615793151,0.032627806307,0.112048621366
4.452847,0.900759002157,0.259753725376,-0.0545838518924,0.0834145264861,0.989683551123,0.0324362406946,0.111876609248
4.462826,0.900917239516,0.259205898052,-0.0544974389851,0.0840194963942,0.989600807094,0.0327382254572,0.112067726927
4.472775,0.901194646981,0.258751569721,-0.0544446022337,0.0847559159862,0.989513549371,0.0324831107585,0.112357544616
4.482791,0.900841698402,0.259375473751,-0.0544055329118,0.0843356711009,0.989579193352,0.032762123275,0.112014097073
4.492810,0.90107316977,0.259026526966,-0.0544330261025,0.083925730612,0.989599630428,0.0325441099645,0.112204831026
4.502803,0.900680561746,0.259336851419,-0.0549277544861,0.0842412739578,0.989624179596,0.0323479708627,0.11180786959
4.512814,0.900862400596,0.258751202921,-0.0545860444181,0.0850249626463,0.98952694963,0.0326254437152,0.111994428906
4.522795,0.90081453683,0.258573671919,-0.0547122981435,0.084775428816,0.989551334817,0.0323371617515,0.112051730911
4.532810,0.900995425605,0.259522742461,-0.0547591043462,0.083933548184,0.989587436628,0.0329517692882,0.112187546804
4.542811,0.901073017782,0.258695430027,-0.0544581027224,0.0845726718236,0.989515135664,0.0326500944685,0.112433228201
4.552808,0.900715296338,0.258140210019,-0.0548736881506,0.0849129548503,0.989543374779,0.0322998112702,0.112028664734
4.562799,0.900765997887,0.258586952811,-0.0545189714643,0.0847821867438,0.989537659625,0.0328598467883,0.112015317986
4.572809,0.900881970608,0.259077647726,-0.0547957417426,0.0844637699534,0.98955265431,0.0325517862401,0.112213177147
4.582759,0.900323536951,0.258804087595,-0.0551471650947,0.0840002973053,0.98967681423,0.0322731117015,0.111544608517
4.592811,0.900648496921,0.259510747818,-0.0547754769154,0.0845951437067,0.989574014019,0.032731366841,0.11187309804
4.602827,0.900369615107,0.258378178794,-0.0550658709932,0.084957196372,0.989585067677,0.0321711854843,0.11166325913
4.612778,0.900941360674,0.259728053349,-0.0544451226509,0.0842274983686,0.98955792917,0.0329974018689,0.112214102526
4.622842,0.899855487901,0.25800273945,-0.0555450643768,0.0844422493767,0.989695176268,0.031908014115,0.11115234243
4.632756,0.899896107185,0.259526804358,-0.0551904603112,0.0844171257833,0.989678721598,0.0327533474842,0.111072026716
4.642807,0.899812572252,0.258660772638,-0.055411449283,0.0845826306154,0.989683539886,0.0319947039646,0.111124292548
4.652766,0.900152811036,0.258739163421,-0.0551631408339,0.0847847464802,0.989607810627,0.0327306491374,0.11142994444
4.662755,0.9002940326,0.259464373162,-0.0551644560349,0.0842049105734,0.989624149959,0.0328508671036,0.111688832852
4.672749,0.900173907419,0.259072181244,-0.0551380851112,0.084774638001,0.989623981507,0.0324551633348,0.111374585749
4.682778,0.900187744832,0.260067822164,-0.0550697446692,0.0838003841987,0.989675491027,0.0332224026512,0.11142795893
4.692812,0.89995058406,0.25930778226,-0.0553221766589,0.0842604110621,0.989675892948,0.0326114059364,0.11125783679
4.702794,0.899451197174,0.259011119808,-0.0555424560361,0.0838399355781,0.989776731891,0.0324597658941,0.110721496596
4.712808,0.899893283417,0.258926933235,-0.0554441082365,0.0850650580112,0.989607963554,0.032544602795,0.111269327329
4.722725,0.900136846407,0.259050970011,-0.0552477682579,0.0841689752536,0.989658524126,0.032484685175,0.111518314456
4.732803,0.899572459149,0.259056063895,-0.0555554972935,0.084291052149,0.989723420482,0.0323977380491,0.110873603917
4.742813,0.899980659583,0.258247066298,-0.0555048324105,0.0844645263286,0.989667164853,0.0322320811465,0.111291237517
4.752767,0.899657507457,0.258770474587,-0.0556507658972,0.084438045208,0.989707694658,0.0322811558606,0.110936119603
4.762809,0.899646693701,0.258891105847,-0.0558559359869,0.0844841633907,0.989693342837,0.032620023617,0.110929920852
4.772810,0.900184414928,0.259548566869,-0.0551225430083,0.0842290393122,0.9896504406,0.0327940887092,0.111454125552
4.782814,0.89964807423,0.258567277751,-0.0556465186208,0.0841641384112,0.989728921684,0.0323533051768,0.11093386783
4.792811,0.900557900506,0.258047235254,-0.0549576527197,0.084687443137,0.989593957859,0.0319549962764,0.11185130199
4.802813,0.899661378866,0.258969845751,-0.0555973206148,0.084578718177,0.989684492058,0.0327310153961,0.110904135374
4.812812,0.900051594302,0.258456927577,-0.0549482639653,0.084182167769,0.989686836391,0.0322963719565,0.111311602549
4.822775,0.900695115916,0.258444094632,-0.0546922521495,0.0842237056129,0.989595505688,0.0323935606028,0.112061410691
4.832816,0.900306426656,0.258633177758,-0.0551323975685,0.0848696607993,0.989580404482,0.032625760338,0.111639256107
4.842758,0.89972637136,0.25863021415,-0.0555238365063,0.0839963352413,0.989728353004,0.032207685728,0.111108361099
4.852811,0.900427741407,0.25967256919,-0.054926059693,0.0842818916914,0.989619841068,0.0328409722359,0.11167185608
4.862775,0.900681757451,0.258041574432,-0.0547411996653,0.0841886413576,0.989607467426,0.0320583098232,0.112078534304
4.872810,0.899884916303,0.259039877759,-0.0552323925978,0.0842816100231,0.989681314304,0.0324136161396,0.111251354229
4.882786,0.900191878741,0.258201858151,-0.0553511260323,0.084503751696,0.989642729506,0.0322366343493,0.111477277013
4.892807,0.900315800479,0.258836698679,-0.0551366677126,0.0845742669245,0.989607812075,0.0324899414034,0.111660088489
4.902810,0.900175573377,0.259024959106,-0.0551171697369,0.0850936392838,0.98957423646,0.0329513565864,0.111427605143
4.912815,0.900129853148,0.259767529537,-0.054990787646,0.0845755220516,0.989637088895,0.0329574182477,0.111261951877
4.922809,0.900817389088,0.25973373897,-0.0546619999932,0.084157084043,0.989593155465,0.0328296871366,0.112005283379
4.932730,0.900317065864,0.258512924928,-0.054927070922,0.0844441103124,0.989627204868,0.0322443901326,0.111657901309
4.942821,0.900316027313,0.260070424846,-0.0551193653443,0.0837548445626,0.989655323627,0.0330288300133,0.111698535429
4.952808,0.900525625199,0.259115314459,-0.0551923062393,0.0847438331507,0.989563813095,0.0327402480611,0.11184819495
4.962810,0.900336027386,0.258212617616,-0.0553171064324,0.0841249717716,0.989652806699,0.032224703432,0.111677570735
4.972811,0.90039725981,0.258859563486,-0.054758266107,0.0847072808444,0.989596769293,0.0325747198246,0.111632425423
4.982808,0.900345502289,0.258095913805,-0.0553202801409,0.0843988136714,0.989631493425,0.0321103104556,0.111692772529
4.992801,0.900171660977,0.258825854308,-0.0551706990927,0.0841939768635,0.989662440052,0.0324161648792,0.111484623446
5.002807,0.900161003895,0.258946173269,-0.0553758374908,0.0846196704995,0.989615662366,0.0327975532407,0.111466015742
5.012742,0.900460369694,0.25952135206,-0.054882269274,0.0837261883174,0.989661957563,0.0327760682117,0.111735690333
5.022811,0.900190384306,0.25923273576,-0.0551791210747,0.0839827342489,0.989684549666,0.0321871911856,0.111514022546
5.032814,0.899609746128,0.259482542765,-0.0559549592524,0.0839503043609,0.989755054888,0.0322131158004,0.110903529663
5.042797,0.899661091826,0.25928981653,-0.0555983436972,0.0847685102749,0.989668323128,0.0327947810286,0.110884679732
5.052812,0.900403708129,0.259710525519,-0.055181419701,0.0841032991906,0.989633717538,0.0328657665937,0.111676235446
5.062813,0.899801466491,0.259101393464,-0.0556179195164,0.0840592808549,0.989717911746,0.0323121844768,0.111123423298
5.072713,0.899857791704,0.259165924177,-0.0557034217053,0.0847132493886,0.989652808324,0.0326885200882,0.111096557146
5.082757,0.899790225561,0.259541958425,-0.0558241004687,0.0846748064237,0.98965508543,0.0327574624801,0.111085272166
5.092818,0.900381501177,0.25910447368,-0.0552264042582,0.0839840107055,0.989650833415,0.0326235325062,0.111685357113
5.102761,0.90034091057,0.259048623016,-0.0550572835811,0.0847048044272,0.98960070773,0.0326214573324,0.111585733356
5.112752,0.899807578296,0.259293179312,-0.0551475793203,0.0843192815459,0.989701365685,0.0323988739118,0.111048541144
5.122845,0.900036883823,0.259018352215,-0.0552089068805,0.0837080608484,0.989727915607,0.0322279342511,0.111323734535
5.132813,0.899757235269,0.259123231536,-0.0556906907373,0.0847092236249,0.989654360762,0.0325592141319,0.111123765382
5.142794,0.90030250536,0.258754380301,-0.0551866679031,0.0837801177887,0.989684417091,0.0321118901857,0.111689180049
5.152814,0.899960172678,0.259191052954,-0.0553254288814,0.0843445096017,0.989670781424,0.0324755457884,0.111279319831
5.162794,0.899614522015,0.258788421841,-0.0555151198014,0.0838192068645,0.989760518064,0.0321974839391,0.110958458311
5.172849,0.9001063086,0.25948531758,-0.0552451172539,0.0843969436911,0.989650943385,0.0329396075133,0.11127959566
5.182765,0.900381829096,0.259741465272,-0.0550199855552,0.0840435427323,0.98965431077,0.0325277469796,0.111637689761
5.192822,0.899836101233,0.259196405133,-0.0555418130662,0.0840842981062,0.989721870964,0.0322863059831,0.11107674551
5.202821,0.900313206057,0.258567237777,-0.0553648718864,0.0843852691107,0.98963774508,0.0321536846802,0.111635121858
5.212809,0.900501853705,0.259790372649,-0.0552413017006,0.0832962942547,0.989693950044,0.0325192462373,0.111848608549
5.222842,0.899917116943,0.259209006755,-0.0551898058161,0.0839154677093,0.989707477089,0.0324130176473,0.111295554093
5.232795,0.900537245526,0.260225468776,-0.0547616536963,0.0829889030928,0.989709293324,0.0326520021848,0.111902651558
5.242798,0.900375035153,0.259807336692,-0.0547871279095,0.0839583254018,0.989645483761,0.0329355007878,0.111660507144
5.252814,0.899717892659,0.259063136386,-0.0553130502392,0.0835924646181,0.989768907903,0.0321620622371,0.111064893464
5.262764,0.900536508953,0.258674857129,-0.0549860301359,0.083938595061,0.98964279308,0.0322730337169,0.111892384273
5.272817,0.900625894736,0.259784914334,-0.0550245584743,0.0833668072862,0.989658858567,0.0326869854798,0.112057485618
5.282757,0.900017304654,0.2595719928,-0.0552034737933,0.0842988574042,0.989673765423,0.0326277423271,0.111242847432
5.292762,0.900436862218,0.25987611249,-0.0549303631525,0.0837967949694,0.989663173968,0.0326837137509,0.111699033564
5.302783,0.900739897336,0.259656461876,-0.0546024186525,0.0842723768407,0.989577428272,0.0328569212103,0.112049554593
5.312782,0.899834019698,0.258950463628,-0.0555742497213,0.0838829750088,0.989727847446,0.0322903792796,0.111174484032
5.322747,0.900184414928,0.259548566869,-0.0551225430083,0.0842290393122,0.9896504406,0.0327940887092,0.111454125552
5.332810,0.900369373215,0.259018663542,-0.0550679189413,0.0841982165256,0.989650073008,0.0321711344406,0.111662041165
5.342814,0.90033591187,0.258853076678,-0.055319154316,0.0845045402053,0.989620607424,0.0323531140923,0.111639204833
5.352812,0.899725935226,0.259270205513,-0.0555258828497,0.0841861591844,0.989712363046,0.032314143692,0.111076213268
5.362797,0.900115115753,0.259014831956,-0.055469694976,0.0840017346036,0.989682503845,0.0324414995221,0.111444153169
5.372812,0.900199853921,0.25904927605,-0.0555659844646,0.0839590842506,0.989682975278,0.0323463053411,0.111499762989
5.382811,0.89964730796,0.259527174606,-0.0556495878319,0.0843539864793,0.989712966369,0.0325020979126,0.110888515176
5.392753,0.900214427539,0.259128019955,-0.0553073705966,0.0836742048689,0.989706367848,0.0324145859413,0.111486445356
5.402818,0.900203216465,0.259635291254,-0.0551300984224,0.0840177952307,0.989672587826,0.0325223874746,0.111496517003
5.412815,0.899927965784,0.259021941313,-0.0553680156379,0.0839515004548,0.989709146802,0.0323907745311,0.111260001943
5.422812,0.899936379146,0.259865438817,-0.0553742995194,0.0832765461525,0.989768403106,0.0322975010886,0.111267230111
5.432812,0.900163253306,0.25893902684,-0.0549589141023,0.0839796960764,0.989686966088,0.0323492838529,0.111447941376
5.442810,0.900177243923,0.259150332703,-0.0552289533486,0.0833783449752,0.989744600462,0.031830578344,0.111536952301
5.452799,0.90014646133,0.259824291271,-0.0554291429659,0.0834459980728,0.989724697038,0.0325050126013,0.111468442328
5.462757,0.900277061165,0.260426785423,-0.0552250859967,0.0833219520466,0.989726359071,0.0325843710251,0.111523294573
5.472708,0.899743050662,0.26025027556,-0.0559199518268,0.0840568702902,0.989722046085,0.0324865109593,0.111037564168
5.482744,0.899979883977,0.25952743902,-0.0555089263579,0.0835157509243,0.989747958531,0.0322959939569,0.111270241775
5.492799,0.899955897763,0.260795213617,-0.0555389475743,0.0831464261,0.989764116594,0.0327423041141,0.11127266893
5.502811,0.90069010056,0.259847064755,-0.0547504575797,0.083513871523,0.989667022439,0.0320943079255,0.112047192556
