535.179982 535.179982 535.179982 535.179982
529.282706 529.282706 529.282706 529.282706
523.385430 523.385430 523.385430 523.385430
517.488154 517.488154 517.488154 517.488154
511.590878 511.590878 511.590878 511.590878
505.693602 505.693602 505.693602 505.693602
499.796326 499.796326 499.796326 499.796326
493.899050 493.899050 493.899050 493.899050
488.001774 488.001774 488.001774 488.001774
482.104498 482.104498 482.104498 482.104498
476.207222 476.207222 476.207222 476.207222
470.309946 470.309946 470.309946 470.309946
464.412670 464.412670 464.412670 464.412670
458.515394 458.515394 458.515394 458.515394
452.618118 452.618118 452.618118 452.618118
446.720842 446.720842 446.720842 446.720842
440.823566 440.823566 440.823566 440.823566
434.926290 434.926290 434.926290 434.926290
429.029013 429.029013 429.029013 429.029013
423.131737 423.131737 423.131737 423.131737
417.234461 417.234461 417.234461 417.234461
411.337185 411.337185 411.337185 411.337185
405.439909 405.439909 405.439909 405.439909
399.542633 399.542633 399.542633 399.542633
393.645357 393.645357 393.645357 393.645357
387.748081 387.748081 387.748081 387.748081
381.850805 381.850805 381.850805 381.850805
375.953529 375.953529 375.953529 375.953529
370.056253 370.056253 370.056253 370.056253
364.158977 364.158977 364.158977 364.158977
358.261701 358.261701 358.261701 358.261701
352.364425 352.364425 352.364425 352.364425
346.467149 346.467149 346.467149 346.467149
340.569873 340.569873 340.569873 340.569873
334.672597 334.672597 334.672597 334.672597
328.775321 328.775321 328.775321 328.775321
322.878045 322.878045 322.878045 322.878045
316.980769 316.980769 316.980769 316.980769
311.083493 311.083493 311.083493 311.083493
305.186217 305.186217 305.186217 305.186217
299.288941 299.288941 299.288941 299.288941
293.391665 293.391665 293.391665 293.391665
287.494389 287.494389 287.494389 287.494389
281.597113 281.597113 281.597113 281.597113
275.699837 275.699837 275.699837 275.699837
269.802561 269.802561 269.802561 269.802561
263.905285 263.905285 263.905285 263.905285
258.008009 258.008009 258.008009 258.008009
252.110733 252.110733 252.110733 252.110733
246.213457 246.213457 246.213457 246.213457
240.316181 240.316181 240.316181 240.316181
234.418905 234.418905 234.418905 234.418905
228.521629 228.521629 228.521629 228.521629
222.624353 222.624353 222.624353 222.624353
216.727077 216.727077 216.727077 216.727077
210.829801 210.829801 210.829801 210.829801
204.932525 204.932525 204.932525 204.932525
199.035249 199.035249 199.035249 199.035249
193.137972 193.137972 193.137972 193.137972
187.240696 187.240696 187.240696 187.240696
181.343420 181.343420 181.343420 181.343420
175.446144 175.446144 175.446144 175.446144
169.548868 169.548868 169.548868 169.548868
163.651592 163.651592 163.651592 163.651592
157.754316 157.754316 157.754316 157.754316
151.857040 151.857040 151.857040 151.857040
145.959764 145.959764 145.959764 145.959764
140.062488 140.062488 140.062488 140.062488
134.165212 134.165212 134.165212 134.165212
128.267936 128.267936 128.267936 128.267936
122.370660 122.370660 122.370660 122.370660
116.473384 116.473384 116.473384 116.473384
110.576108 110.576108 110.576108 110.576108
104.678832 104.678832 104.678832 104.678832
 98.781556  98.781556  98.781556  98.781556
 92.884280  92.884280  92.884280  92.884280
 86.987004  86.987004  86.987004  86.987004
 81.089728  81.089728  81.089728  81.089728
 75.192452  75.192452  75.192452  75.192452
 69.295176  69.295176  69.295176  69.295176
 63.397900  63.397900  63.397900  63.397900
 57.500624  57.500624  57.500624  57.500624
 51.603348  51.603348  51.603348  51.603348
 45.706072  45.706072  45.706072  45.706072
 39.808796  39.808796  39.808796  39.808796
 33.911520  33.911520  33.911520  33.911520
 28.014244  28.014244  28.014244  28.014244
 22.116968  22.116968  22.116968  22.116968
 16.219692  16.219692  16.219692  16.219692
 10.322416  10.322416  10.322416  10.322416
  4.425140   4.425140   4.425140   4.425140
 -1.472136  -1.472136  -1.472136  -1.472136
 -7.369412  -7.369412  -7.369412  -7.369412
-13.266688 -13.266688 -13.266688 -13.266688
-19.163964 -19.163964 -19.163964 -19.163964
-25.061240 -25.061240 -25.061240 -25.061240
-30.958516 -30.958516 -30.958516 -30.958516
-36.855792 -36.855792 -36.855792 -36.855792
-42.753069 -42.753069 -42.753069 -42.753069
-48.650345 -48.650345 -48.650345 -48.650345