 4.208331
 4.161863
 4.115394
 4.068926
 4.022458
 3.975989
 3.929521
 3.883053
 3.836584
 3.790116
 3.743648
 3.697179
 3.650711
 3.604243
 3.557774
 3.511306
 3.464838
 3.418369
 3.371901
 3.325433
 3.278964
 3.232496
 3.186028
 3.139559
 3.093091
 3.046622
 3.000154
 2.953686
 2.907217
 2.860749
 2.814281
 2.767812
 2.721344
 2.674876
 2.628407
 2.581939
 2.535471
 2.489002
 2.442534
 2.396066
 2.349597
 2.303129
 2.256661
 2.210192
 2.163724
 2.117256
 2.070787
 2.024319
 1.977851
 1.931382
 1.884914
 1.838446
 1.791977
 1.745509
 1.699041
 1.652572
 1.606104
 1.559636
 1.513167
 1.466699
 1.420230
 1.373762
 1.327294
 1.280825
 1.234357
 1.187889
 1.141420
 1.094952
 1.048484
 1.002015
 0.955547
 0.909079
 0.862610
 0.816142
 0.769674
 0.723205
 0.676737
 0.630269
 0.583800
 0.537332
 0.490864
 0.444395
 0.397927
 0.351459
 0.304990
 0.258522
 0.212054
 0.165585
 0.119117
 0.072649
 0.026180
-0.020288
-0.066756
-0.113225
-0.159693
-0.206162
-0.252630
-0.299098
-0.345567
-0.392035