0.059860 0.000039 0.059820 0.000000
0.059894 0.000080 0.059814 0.000000
0.059882 0.000070 0.059811 0.000000
0.059866 0.000047 0.059819 0.000000
0.059842 0.000027 0.059815 0.000000
0.059915 0.000101 0.059814 0.000000
0.059946 0.000131 0.059815 0.000000
0.059898 0.000081 0.059817 0.000000
0.059984 0.000169 0.059815 0.000000
0.059866 0.000052 0.059815 0.000000
0.059933 0.000114 0.059818 0.000000
0.059921 0.000104 0.059817 0.000000
0.059892 0.000077 0.059815 0.000000
0.059833 0.000016 0.059817 0.000000
0.059836 0.000018 0.059819 0.000000