-36.728848
-33.634643
-30.540438
-27.446234
-24.352029
-21.257824
-18.163620
-15.069415
-11.975210
 -8.881005
 -5.786801
 -2.692596
  0.401609
  3.495813
  6.590018
  9.684223
 12.778427
 15.872632
 18.966837
 22.061041
 25.155246
 28.249451
 31.343656
 34.437860
 37.532065
 40.626270
 43.720474
 46.814679
 49.908884
 53.003088
 56.097293
 59.191498
 62.285702
 65.379907
 68.474112
 71.568317
 74.662521
 77.756726
 80.850931
 83.945135
 87.039340
 90.133545
 93.227749
 96.321954
 99.416159
102.510364
105.604568
108.698773
111.792978
114.887182
117.981387
121.075592
124.169796
127.264001
130.358206
133.452410
136.546615
139.640820
142.735025
145.829229
148.923434
152.017639
155.111843
158.206048
161.300253
164.394457
167.488662
170.582867
173.677071
176.771276
179.865481
182.959686
186.053890
189.148095
192.242300
195.336504
198.430709
201.524914
204.619118
207.713323
210.807528
213.901732
216.995937
220.090142
223.184347
226.278551
229.372756
232.466961
235.561165
238.655370
241.749575
244.843779
247.937984
251.032189
254.126394
257.220598
260.314803
263.409008
266.503212
269.597417