426.127689
421.431762
416.735836
412.039910
407.343983
402.648057
397.952131
393.256204
388.560278
383.864351
379.168425
374.472499
369.776572
365.080646
360.384719
355.688793
350.992867
346.296940
341.601014
336.905087
332.209161
327.513235
322.817308
318.121382
313.425455
308.729529
304.033603
299.337676
294.641750
289.945823
285.249897
280.553971
275.858044
271.162118
266.466191
261.770265
257.074339
252.378412
247.682486
242.986559
238.290633
233.594707
228.898780
224.202854
219.506927
214.811001
210.115075
205.419148
200.723222
196.027295
191.331369
186.635443
181.939516
177.243590
172.547664
167.851737
163.155811
158.459884
153.763958
149.068032
144.372105
139.676179
134.980252
130.284326
125.588400
120.892473
116.196547
111.500620
106.804694
102.108768
 97.412841
 92.716915
 88.020988
 83.325062
 78.629136
 73.933209
 69.237283
 64.541356
 59.845430
 55.149504
 50.453577
 45.757651
 41.061724
 36.365798
 31.669872
 26.973945
 22.278019
 17.582092
 12.886166
  8.190240
  3.494313
 -1.201613
 -5.897540
-10.593466
-15.289392
-19.985319
-24.681245
-29.377172
-34.073098
-38.769024