0.383142 0.010849 0.372293 0.000000
0.384874 0.009915 0.374959 0.000000
0.376074 0.002902 0.373172 0.000000
0.385468 0.010510 0.374957 0.000000
0.375901 0.001321 0.374579 0.000000
0.377093 0.001709 0.375384 0.000000
0.374871 0.001339 0.373533 0.000000
0.378734 0.005458 0.373275 0.000000
0.386164 0.011881 0.374283 0.000000
0.386031 0.011949 0.374082 0.000000
0.386440 0.013010 0.373430 0.000000
0.385074 0.009185 0.375889 0.000000
0.377473 0.003130 0.374343 0.000000
0.381869 0.008605 0.373264 0.000000
0.379665 0.005371 0.374294 0.000000