-4.243950
-4.228052
-4.212154
-4.196257
-4.180359
-4.164462
-4.148564
-4.132667
-4.116769
-4.100871
-4.084974
-4.069076
-4.053179
-4.037281
-4.021384
-4.005486
-3.989588
-3.973691
-3.957793
-3.941896
-3.925998
-3.910100
-3.894203
-3.878305
-3.862408
-3.846510
-3.830613
-3.814715
-3.798817
-3.782920
-3.767022
-3.751125
-3.735227
-3.719329
-3.703432
-3.687534
-3.671637
-3.655739
-3.639842
-3.623944
-3.608046
-3.592149
-3.576251
-3.560354
-3.544456
-3.528558
-3.512661
-3.496763
-3.480866
-3.464968
-3.449071
-3.433173
-3.417275
-3.401378
-3.385480
-3.369583
-3.353685
-3.337788
-3.321890
-3.305992
-3.290095
-3.274197
-3.258300
-3.242402
-3.226504
-3.210607
-3.194709
-3.178812
-3.162914
-3.147017
-3.131119
-3.115221
-3.099324
-3.083426
-3.067529
-3.051631
-3.035733
-3.019836
-3.003938
-2.988041
-2.972143
-2.956246
-2.940348
-2.924450
-2.908553
-2.892655
-2.876758
-2.860860
-2.844962
-2.829065
-2.813167
-2.797270
-2.781372
-2.765475
-2.749577
-2.733679
-2.717782
-2.701884
-2.685987
-2.670089