-6.285309 -6.285309 -6.285309 -6.285309
-6.290517 -6.290517 -6.290517 -6.290517
-6.295726 -6.295726 -6.295726 -6.295726
-6.300934 -6.300934 -6.300934 -6.300934
-6.306142 -6.306142 -6.306142 -6.306142
-6.311351 -6.311351 -6.311351 -6.311351
-6.316559 -6.316559 -6.316559 -6.316559
-6.321767 -6.321767 -6.321767 -6.321767
-6.326975 -6.326975 -6.326975 -6.326975
-6.332184 -6.332184 -6.332184 -6.332184
-6.337392 -6.337392 -6.337392 -6.337392
-6.342600 -6.342600 -6.342600 -6.342600
-6.347808 -6.347808 -6.347808 -6.347808
-6.353017 -6.353017 -6.353017 -6.353017
-6.358225 -6.358225 -6.358225 -6.358225
-6.363433 -6.363433 -6.363433 -6.363433
-6.368642 -6.368642 -6.368642 -6.368642
-6.373850 -6.373850 -6.373850 -6.373850
-6.379058 -6.379058 -6.379058 -6.379058
-6.384266 -6.384266 -6.384266 -6.384266
-6.389475 -6.389475 -6.389475 -6.389475
-6.394683 -6.394683 -6.394683 -6.394683
-6.399891 -6.399891 -6.399891 -6.399891
-6.405100 -6.405100 -6.405100 -6.405100
-6.410308 -6.410308 -6.410308 -6.410308
-6.415516 -6.415516 -6.415516 -6.415516
-6.420724 -6.420724 -6.420724 -6.420724
-6.425933 -6.425933 -6.425933 -6.425933
-6.431141 -6.431141 -6.431141 -6.431141
-6.436349 -6.436349 -6.436349 -6.436349
-6.441558 -6.441558 -6.441558 -6.441558
-6.446766 -6.446766 -6.446766 -6.446766
-6.451974 -6.451974 -6.451974 -6.451974
-6.457182 -6.457182 -6.457182 -6.457182
-6.462391 -6.462391 -6.462391 -6.462391
-6.467599 -6.467599 -6.467599 -6.467599
-6.472807 -6.472807 -6.472807 -6.472807
-6.478016 -6.478016 -6.478016 -6.478016
-6.483224 -6.483224 -6.483224 -6.483224
-6.488432 -6.488432 -6.488432 -6.488432
-6.493640 -6.493640 -6.493640 -6.493640
-6.498849 -6.498849 -6.498849 -6.498849
-6.504057 -6.504057 -6.504057 -6.504057
-6.509265 -6.509265 -6.509265 -6.509265
-6.514473 -6.514473 -6.514473 -6.514473
-6.519682 -6.519682 -6.519682 -6.519682
-6.524890 -6.524890 -6.524890 -6.524890
-6.530098 -6.530098 -6.530098 -6.530098
-6.535307 -6.535307 -6.535307 -6.535307
-6.540515 -6.540515 -6.540515 -6.540515
-6.545723 -6.545723 -6.545723 -6.545723
-6.550931 -6.550931 -6.550931 -6.550931
-6.556140 -6.556140 -6.556140 -6.556140
-6.561348 -6.561348 -6.561348 -6.561348
-6.566556 -6.566556 -6.566556 -6.566556
-6.571765 -6.571765 -6.571765 -6.571765
-6.576973 -6.576973 -6.576973 -6.576973
-6.582181 -6.582181 -6.582181 -6.582181
-6.587389 -6.587389 -6.587389 -6.587389
-6.592598 -6.592598 -6.592598 -6.592598
-6.597806 -6.597806 -6.597806 -6.597806
-6.603014 -6.603014 -6.603014 -6.603014
-6.608223 -6.608223 -6.608223 -6.608223
-6.613431 -6.613431 -6.613431 -6.613431
-6.618639 -6.618639 -6.618639 -6.618639
-6.623847 -6.623847 -6.623847 -6.623847
-6.629056 -6.629056 -6.629056 -6.629056
-6.634264 -6.634264 -6.634264 -6.634264
-6.639472 -6.639472 -6.639472 -6.639472
-6.644680 -6.644680 -6.644680 -6.644680
-6.649889 -6.649889 -6.649889 -6.649889
-6.655097 -6.655097 -6.655097 -6.655097
-6.660305 -6.660305 -6.660305 -6.660305
-6.665514 -6.665514 -6.665514 -6.665514
-6.670722 -6.670722 -6.670722 -6.670722
-6.675930 -6.675930 -6.675930 -6.675930
-6.681138 -6.681138 -6.681138 -6.681138
-6.686347 -6.686347 -6.686347 -6.686347
-6.691555 -6.691555 -6.691555 -6.691555
-6.696763 -6.696763 -6.696763 -6.696763
-6.701972 -6.701972 -6.701972 -6.701972
-6.707180 -6.707180 -6.707180 -6.707180
-6.712388 -6.712388 -6.712388 -6.712388
-6.717596 -6.717596 -6.717596 -6.717596
-6.722805 -6.722805 -6.722805 -6.722805
-6.728013 -6.728013 -6.728013 -6.728013
-6.733221 -6.733221 -6.733221 -6.733221
-6.738430 -6.738430 -6.738430 -6.738430
-6.743638 -6.743638 -6.743638 -6.743638
-6.748846 -6.748846 -6.748846 -6.748846
-6.754054 -6.754054 -6.754054 -6.754054
-6.759263 -6.759263 -6.759263 -6.759263
-6.764471 -6.764471 -6.764471 -6.764471
-6.769679 -6.769679 -6.769679 -6.769679
-6.774888 -6.774888 -6.774888 -6.774888
-6.780096 -6.780096 -6.780096 -6.780096
-6.785304 -6.785304 -6.785304 -6.785304
-6.790512 -6.790512 -6.790512 -6.790512
-6.795721 -6.795721 -6.795721 -6.795721
-6.800929 -6.800929 -6.800929 -6.800929