  0.000000   0.000000   0.000000   0.000000   0.000000   0.000000   0.000000
  0.010000  -0.000301  -0.000482  -0.088474  -0.141558 -16.957440 -27.131904
  0.020000  -0.002263  -0.003620  -0.325018  -0.520028 -29.675520 -47.480832
  0.030000  -0.007159  -0.011455  -0.669082  -1.070531 -38.522880 -61.636608
  0.040000  -0.015879  -0.025407  -1.083802  -1.734083 -43.868160 -70.189056
  0.050000  -0.028960  -0.046336  -1.536000  -2.457600 -46.080000 -73.728000
  0.060000  -0.046626  -0.074601  -1.996186  -3.193897 -45.527040 -72.843264
  0.070000  -0.068824  -0.110118  -2.438554  -3.901686 -42.577920 -68.124672
  0.080000  -0.095263  -0.152421  -2.840986  -4.545577 -37.601280 -60.162048
  0.090000  -0.125449  -0.200718  -3.185050  -5.096079 -30.965760 -49.545216
  0.100000  -0.158720  -0.253952  -3.456000  -5.529600 -23.040000 -36.864000
  0.110000  -0.194288  -0.310860  -3.642778  -5.828444 -14.192640 -22.708224
  0.120000  -0.231270  -0.370032  -3.738010  -5.980815  -4.792320  -7.667712
  0.130000  -0.268730  -0.429968  -3.738010  -5.980815   4.792320   7.667712
  0.140000  -0.305712  -0.489140  -3.642778  -5.828444  14.192640  22.708224
  0.150000  -0.341280  -0.546048  -3.456000  -5.529600  23.040000  36.864000
  0.160000  -0.374551  -0.599282  -3.185050  -5.096079  30.965760  49.545216
  0.170000  -0.404737  -0.647579  -2.840986  -4.545577  37.601280  60.162048
  0.180000  -0.431176  -0.689882  -2.438554  -3.901686  42.577920  68.124672
  0.190000  -0.453374  -0.725399  -1.996186  -3.193897  45.527040  72.843264
  0.200000  -0.471040  -0.753664  -1.536000  -2.457600  46.080000  73.728000
  0.210000  -0.484121  -0.774593  -1.083802  -1.734083  43.868160  70.189056
  0.220000  -0.492841  -0.788545  -0.669082  -1.070531  38.522880  61.636608
  0.230000  -0.497737  -0.796380  -0.325018  -0.520028  29.675520  47.480832
  0.240000  -0.499699  -0.799518  -0.088474  -0.141558  16.957440  27.131904
  0.250000  -0.500000  -0.800000   0.000000  -0.000000   0.000000  -0.000000
  0.260000  -0.499639  -0.800000   0.106168   0.000000  20.348928   0.000000
  0.270000  -0.497285  -0.800000   0.390021   0.000000  35.610624   0.000000
  0.280000  -0.491409  -0.800000   0.802898   0.000000  46.227456   0.000000
  0.290000  -0.480945  -0.800000   1.300562   0.000000  52.641792   0.000000
  0.300000  -0.465248  -0.800000   1.843200   0.000000  55.296000   0.000000
  0.310000  -0.444049  -0.800000   2.395423   0.000000  54.632448   0.000000
  0.320000  -0.417411  -0.800000   2.926264   0.000000  51.093504   0.000000
  0.330000  -0.385684  -0.800000   3.409183   0.000000  45.121536   0.000000
  0.340000  -0.349462  -0.800000   3.822060   0.000000  37.158912   0.000000
  0.350000  -0.309536  -0.800000   4.147200   0.000000  27.648000   0.000000
  0.360000  -0.266855  -0.800000   4.371333   0.000000  17.031168   0.000000
  0.370000  -0.222476  -0.800000   4.485612   0.000000   5.750784   0.000000
  0.380000  -0.177524  -0.800000   4.485612   0.000000  -5.750784   0.000000
  0.390000  -0.133145  -0.800000   4.371333   0.000000 -17.031168   0.000000
  0.400000  -0.090464  -0.800000   4.147200   0.000000 -27.648000   0.000000
  0.410000  -0.050538  -0.800000   3.822060   0.000000 -37.158912   0.000000
  0.420000  -0.014316  -0.800000   3.409183   0.000000 -45.121536   0.000000
  0.430000   0.017411  -0.800000   2.926264   0.000000 -51.093504   0.000000
  0.440000   0.044049  -0.800000   2.395423   0.000000 -54.632448   0.000000
  0.450000   0.065248  -0.800000   1.843200   0.000000 -55.296000   0.000000
  0.460000   0.080945  -0.800000   1.300562   0.000000 -52.641792   0.000000
  0.470000   0.091409  -0.800000   0.802898   0.000000 -46.227456   0.000000
  0.480000   0.097285  -0.800000   0.390021   0.000000 -35.610624   0.000000
  0.490000   0.099639  -0.800000   0.106168   0.000000 -20.348928   0.000000
  0.500000   0.100000  -0.800000   0.000000   0.000000   0.000000   0.000000