-16.456535 -16.456535 -16.456535 -16.456535
-16.394374 -16.394374 -16.394374 -16.394374
-16.332213 -16.332213 -16.332213 -16.332213
-16.270052 -16.270052 -16.270052 -16.270052
-16.207891 -16.207891 -16.207891 -16.207891
-16.145731 -16.145731 -16.145731 -16.145731
-16.083570 -16.083570 -16.083570 -16.083570
-16.021409 -16.021409 -16.021409 -16.021409
-15.959248 -15.959248 -15.959248 -15.959248
-15.897087 -15.897087 -15.897087 -15.897087
-15.834927 -15.834927 -15.834927 -15.834927
-15.772766 -15.772766 -15.772766 -15.772766
-15.710605 -15.710605 -15.710605 -15.710605
-15.648444 -15.648444 -15.648444 -15.648444
-15.586283 -15.586283 -15.586283 -15.586283
-15.524123 -15.524123 -15.524123 -15.524123
-15.461962 -15.461962 -15.461962 -15.461962
-15.399801 -15.399801 -15.399801 -15.399801
-15.337640 -15.337640 -15.337640 -15.337640
-15.275479 -15.275479 -15.275479 -15.275479
-15.213319 -15.213319 -15.213319 -15.213319
-15.151158 -15.151158 -15.151158 -15.151158
-15.088997 -15.088997 -15.088997 -15.088997
-15.026836 -15.026836 -15.026836 -15.026836
-14.964675 -14.964675 -14.964675 -14.964675
-14.902515 -14.902515 -14.902515 -14.902515
-14.840354 -14.840354 -14.840354 -14.840354
-14.778193 -14.778193 -14.778193 -14.778193
-14.716032 -14.716032 -14.716032 -14.716032
-14.653871 -14.653871 -14.653871 -14.653871
-14.591711 -14.591711 -14.591711 -14.591711
-14.529550 -14.529550 -14.529550 -14.529550
-14.467389 -14.467389 -14.467389 -14.467389
-14.405228 -14.405228 -14.405228 -14.405228
-14.343067 -14.343067 -14.343067 -14.343067
-14.280907 -14.280907 -14.280907 -14.280907
-14.218746 -14.218746 -14.218746 -14.218746
-14.156585 -14.156585 -14.156585 -14.156585
-14.094424 -14.094424 -14.094424 -14.094424
-14.032263 -14.032263 -14.032263 -14.032263
-13.970103 -13.970103 -13.970103 -13.970103
-13.907942 -13.907942 -13.907942 -13.907942
-13.845781 -13.845781 -13.845781 -13.845781
-13.783620 -13.783620 -13.783620 -13.783620
-13.721459 -13.721459 -13.721459 -13.721459
-13.659299 -13.659299 -13.659299 -13.659299
-13.597138 -13.597138 -13.597138 -13.597138
-13.534977 -13.534977 -13.534977 -13.534977
-13.472816 -13.472816 -13.472816 -13.472816
-13.410655 -13.410655 -13.410655 -13.410655
-13.348495 -13.348495 -13.348495 -13.348495
-13.286334 -13.286334 -13.286334 -13.286334
-13.224173 -13.224173 -13.224173 -13.224173
-13.162012 -13.162012 -13.162012 -13.162012
-13.099851 -13.099851 -13.099851 -13.099851
-13.037691 -13.037691 -13.037691 -13.037691
-12.975530 -12.975530 -12.975530 -12.975530
-12.913369 -12.913369 -12.913369 -12.913369
-12.851208 -12.851208 -12.851208 -12.851208
-12.789047 -12.789047 -12.789047 -12.789047
-12.726887 -12.726887 -12.726887 -12.726887
-12.664726 -12.664726 -12.664726 -12.664726
-12.602565 -12.602565 -12.602565 -12.602565
-12.540404 -12.540404 -12.540404 -12.540404
-12.478243 -12.478243 -12.478243 -12.478243
-12.416083 -12.416083 -12.416083 -12.416083
-12.353922 -12.353922 -12.353922 -12.353922
-12.291761 -12.291761 -12.291761 -12.291761
-12.229600 -12.229600 -12.229600 -12.229600
-12.167439 -12.167439 -12.167439 -12.167439
-12.105279 -12.105279 -12.105279 -12.105279
-12.043118 -12.043118 -12.043118 -12.043118
-11.980957 -11.980957 -11.980957 -11.980957
-11.918796 -11.918796 -11.918796 -11.918796
-11.856635 -11.856635 -11.856635 -11.856635
-11.794475 -11.794475 -11.794475 -11.794475
-11.732314 -11.732314 -11.732314 -11.732314
-11.670153 -11.670153 -11.670153 -11.670153
-11.607992 -11.607992 -11.607992 -11.607992
-11.545831 -11.545831 -11.545831 -11.545831
-11.483671 -11.483671 -11.483671 -11.483671
-11.421510 -11.421510 -11.421510 -11.421510
-11.359349 -11.359349 -11.359349 -11.359349
-11.297188 -11.297188 -11.297188 -11.297188
-11.235027 -11.235027 -11.235027 -11.235027
-11.172867 -11.172867 -11.172867 -11.172867
-11.110706 -11.110706 -11.110706 -11.110706
-11.048545 -11.048545 -11.048545 -11.048545
-10.986384 -10.986384 -10.986384 -10.986384
-10.924223 -10.924223 -10.924223 -10.924223
-10.862063 -10.862063 -10.862063 -10.862063
-10.799902 -10.799902 -10.799902 -10.799902
-10.737741 -10.737741 -10.737741 -10.737741
-10.675580 -10.675580 -10.675580 -10.675580
-10.613419 -10.613419 -10.613419 -10.613419
-10.551259 -10.551259 -10.551259 -10.551259
-10.489098 -10.489098 -10.489098 -10.489098
-10.426937 -10.426937 -10.426937 -10.426937
-10.364776 -10.364776 -10.364776 -10.364776
-10.302615 -10.302615 -10.302615 -10.302615