0.411863 0.032280 0.379583 0.000000
0.408664 0.028103 0.380561 0.000000
0.386237 0.008046 0.378191 0.000000
0.407955 0.028614 0.379340 0.000000
0.379700 0.006815 0.372885 0.000000
0.394153 0.013552 0.380601 0.000000
0.416005 0.038426 0.377579 0.000000
0.405262 0.022312 0.382950 0.000000
0.378345 0.000387 0.377958 0.000000
0.405815 0.023112 0.382703 0.000000
0.404129 0.026943 0.377187 0.000000
0.416417 0.039754 0.376663 0.000000
0.396768 0.018243 0.378525 0.000000
0.399477 0.020115 0.379362 0.000000
0.383733 0.007730 0.376003 0.000000