  0.000000   0.500000
 15.000000   0.531237
 30.000000   0.596804
 45.000000   0.473677
 60.000000   0.388179
 75.000000   0.448343
 90.000000   0.349108
105.000000   0.297638
120.000000   0.316436
135.000000   0.316928
150.000000   0.242450
165.000000   0.208410
180.000000   0.163650
195.000000   0.135507
210.000000   0.108531
225.000000   0.088385
240.000000   0.074674
255.000000   0.064632
270.000000   0.060657
285.000000   0.053433
300.000000   0.047226
315.000000   0.048608
330.000000   0.053953
345.000000   0.054314
360.000000   0.046189
375.000000   0.044339
390.000000   0.043474
405.000000   0.042616
420.000000   0.042432
435.000000   0.035443
450.000000   0.036535
465.000000   0.037418
480.000000   0.039066
495.000000   0.036861
510.000000   0.040136
525.000000   0.037307
540.000000   0.034645
555.000000   0.032422
570.000000   0.032642
585.000000   0.033697