  0.000000  10.151934  10.144863   0.007071
 15.000000   5.342108   5.329990   0.012118
 30.000000   1.296917   1.280624   0.016293
 45.000000   0.731287   0.714208   0.017079
 60.000000   0.663366   0.646155   0.017211
 75.000000   0.287553   0.268896   0.018657
 90.000000   0.315494   0.296665   0.018829
105.000000   0.262374   0.243390   0.018984
120.000000   0.110901   0.090917   0.019983
135.000000   0.038226   0.016737   0.021488
150.000000   0.029030   0.007426   0.021604
165.000000   0.023225   0.001170   0.022055
180.000000   0.022521   0.000322   0.022199
195.000000   0.022755   0.000526   0.022228
210.000000   0.022799   0.000616   0.022183
225.000000   0.022696   0.000506   0.022190
240.000000   0.022354   0.000018   0.022336
255.000000   0.023111   0.000868   0.022243
270.000000   0.024552   0.002522   0.022030
285.000000   0.022504   0.000298   0.022206
300.000000   0.022398   0.000134   0.022264
315.000000   0.023423   0.001375   0.022048
330.000000   0.022465   0.000239   0.022226
345.000000   0.022362   0.000003   0.022359
360.000000   0.022377   0.000002   0.022375
375.000000   0.022483   0.000132   0.022352
390.000000   0.022908   0.000524   0.022384
405.000000   0.023146   0.000666   0.022480
420.000000   0.022370   0.000031   0.022340
435.000000   0.022379   0.000050   0.022330
450.000000   0.022639   0.000418   0.022222
465.000000   0.022572   0.000386   0.022186
480.000000   0.022584   0.000407   0.022177
495.000000   0.023134   0.001014   0.022120
510.000000   0.022484   0.000245   0.022239
525.000000   0.022453   0.000230   0.022222
540.000000   0.022838   0.000665   0.022173
555.000000   0.022693   0.000508   0.022185
570.000000   0.022492   0.000281   0.022211
585.000000   0.022937   0.000680   0.022257