 21.164650  21.836763  22.408884  20.967259  23.774336  20.612300  27.437932  51.331190  66.174388  87.182709 113.004206
 21.400684  21.883237  22.403847  21.012110  23.741200  20.646649  27.349248  50.877403  65.525321  86.278735 111.833560
 21.636719  21.929712  22.398811  21.056961  23.708064  20.680999  27.260564  50.423617  64.876254  85.374761 110.662914
 21.872754  21.976187  22.393774  21.101812  23.674928  20.715348  27.171881  49.969830  64.227187  84.470787 109.492268
 22.108789  22.022662  22.388737  21.146663  23.641792  20.749698  27.083197  49.516044  63.578120  83.566814 108.321623
 22.344824  22.069137  22.383701  21.191514  23.608656  20.784047  26.994513  49.062257  62.929053  82.662840 107.150977
 22.580859  22.115612  22.378664  21.236365  23.575520  20.818397  26.905829  48.608471  62.279985  81.758866 105.980331
 22.816894  22.162087  22.373627  21.281216  23.542384  20.852746  26.817145  48.154685  61.630918  80.854892 104.809685
 23.052929  22.208562  22.368591  21.326067  23.509248  20.887096  26.728461  47.700898  60.981851  79.950919 103.639039
 23.288963  22.255037  22.363554  21.370918  23.476112  20.921445  26.639777  47.247112  60.332784  79.046945 102.468393
 23.524998  22.301512  22.358517  21.415769  23.442976  20.955795  26.551093  46.793325  59.683717  78.142971 101.297747
 23.761033  22.347987  22.353481  21.460620  23.409840  20.990144  26.462409  46.339539  59.034650  77.238997 100.127102
 23.997068  22.394462  22.348444  21.505471  23.376704  21.024494  26.373725  45.885752  58.385583  76.335024  98.956456
 24.233103  22.440937  22.343407  21.550322  23.343568  21.058844  26.285042  45.431966  57.736516  75.431050  97.785810
 24.469138  22.487412  22.338371  21.595173  23.310432  21.093193  26.196358  44.978179  57.087448  74.527076  96.615164
 24.705173  22.533887  22.333334  21.640024  23.277296  21.127543  26.107674  44.524393  56.438381  73.623102  95.444518
 24.941207  22.580362  22.328297  21.684875  23.244160  21.161892  26.018990  44.070606  55.789314  72.719129  94.273872
 25.177242  22.626837  22.323260  21.729726  23.211024  21.196242  25.930306  43.616820  55.140247  71.815155  93.103226
 25.413277  22.673312  22.318224  21.774577  23.177888  21.230591  25.841622  43.163033  54.491180  70.911181  91.932581
 25.649312  22.719787  22.313187  21.819428  23.144752  21.264941  25.752938  42.709247  53.842113  70.007207  90.761935
 25.885347  22.766262  22.308150  21.864279  23.111616  21.299290  25.664254  42.255461  53.193046  69.103234  89.591289
 26.121382  22.812736  22.303114  21.909130  23.078480  21.333640  25.575570  41.801674  52.543979  68.199260  88.420643
 26.357417  22.859211  22.298077  21.953981  23.045344  21.367989  25.486887  41.347888  51.894912  67.295286  87.249997
 26.593452  22.905686  22.293040  21.998832  23.012208  21.402339  25.398203  40.894101  51.245844  66.391312  86.079351
 26.829486  22.952161  22.288004  22.043683  22.979072  21.436688  25.309519  40.440315  50.596777  65.487339  84.908705
 27.065521  22.998636  22.282967  22.088534  22.945936  21.471038  25.220835  39.986528  49.947710  64.583365  83.738060
 27.301556  23.045111  22.277930  22.133385  22.912800  21.505387  25.132151  39.532742  49.298643  63.679391  82.567414
 27.537591  23.091586  22.272894  22.178236  22.879664  21.539737  25.043467  39.078955  48.649576  62.775417  81.396768
 27.773626  23.138061  22.267857  22.223087  22.846528  21.574087  24.954783  38.625169  48.000509  61.871444  80.226122
 28.009661  23.184536  22.262820  22.267938  22.813392  21.608436  24.866099  38.171382  47.351442  60.967470  79.055476
 28.245696  23.231011  22.257784  22.312789  22.780256  21.642786  24.777415  37.717596  46.702375  60.063496  77.884830
 28.481731  23.277486  22.252747  22.357640  22.747120  21.677135  24.688731  37.263809  46.053308  59.159522  76.714185
 28.717765  23.323961  22.247710  22.402491  22.713984  21.711485  24.600048  36.810023  45.404240  58.255549  75.543539
 28.953800  23.370436  22.242674  22.447342  22.680848  21.745834  24.511364  36.356237  44.755173  57.351575  74.372893
 29.189835  23.416911  22.237637  22.492193  22.647712  21.780184  24.422680  35.902450  44.106106  56.447601  73.202247
 29.425870  23.463386  22.232600  22.537044  22.614576  21.814533  24.333996  35.448664  43.457039  55.543628  72.031601
 29.661905  23.509861  22.227564  22.581895  22.581440  21.848883  24.245312  34.994877  42.807972  54.639654  70.860955
 29.897940  23.556336  22.222527  22.626746  22.548304  21.883232  24.156628  34.541091  42.158905  53.735680  69.690309
 30.133975  23.602811  22.217490  22.671597  22.515168  21.917582  24.067944  34.087304  41.509838  52.831706  68.519664
 30.370009  23.649286  22.212454  22.716448  22.482032  21.951931  23.979260  33.633518  40.860771  51.927733  67.349018
 30.606044  23.695761  22.207417  22.761299  22.448896  21.986281  23.890576  33.179731  40.211703  51.023759  66.178372
 30.842079  23.742236  22.202380  22.806150  22.415760  22.020630  23.801893  32.725945  39.562636  50.119785  65.007726
 31.078114  23.788710  22.197343  22.851001  22.382624  22.054980  23.713209  32.272158  38.913569  49.215811  63.837080
 31.314149  23.835185  22.192307  22.895852  22.349488  22.089330  23.624525  31.818372  38.264502  48.311838  62.666434
 31.550184  23.881660  22.187270  22.940703  22.316352  22.123679  23.535841  31.364585  37.615435  47.407864  61.495788
 31.786219  23.928135  22.182233  22.985554  22.283216  22.158029  23.447157  30.910799  36.966368  46.503890  60.325143
 32.022254  23.974610  22.177197  23.030405  22.250080  22.192378  23.358473  30.457013  36.317301  45.599916  59.154497
 32.258288  24.021085  22.172160  23.075256  22.216944  22.226728  23.269789  30.003226  35.668234  44.695943  57.983851
 32.494323  24.067560  22.167123  23.120107  22.183808  22.261077  23.181105  29.549440  35.019167  43.791969  56.813205
 32.730358  24.114035  22.162087  23.164958  22.150672  22.295427  23.092421  29.095653  34.370099  42.887995  55.642559
 32.966393  24.160510  22.157050  23.209809  22.117536  22.329776  23.003737  28.641867  33.721032  41.984021  54.471913
 33.202428  24.206985  22.152013  23.254660  22.084400  22.364126  22.915054  28.188080  33.071965  41.080048  53.301267
 33.438463  24.253460  22.146977  23.299511  22.051264  22.398475  22.826370  27.734294  32.422898  40.176074  52.130622
 33.674498  24.299935  22.141940  23.344362  22.018128  22.432825  22.737686  27.280507  31.773831  39.272100  50.959976
 33.910533  24.346410  22.136903  23.389213  21.984992  22.467174  22.649002  26.826721  31.124764  38.368126  49.789330
 34.146567  24.392885  22.131867  23.434064  21.951856  22.501524  22.560318  26.372934  30.475697  37.464153  48.618684
 34.382602  24.439360  22.126830  23.478915  21.918720  22.535874  22.471634  25.919148  29.826630  36.560179  47.448038
 34.618637  24.485835  22.121793  23.523766  21.885584  22.570223  22.382950  25.465361  29.177562  35.656205  46.277392
 34.854672  24.532310  22.116757  23.568617  21.852448  22.604573  22.294266  25.011575  28.528495  34.752231  45.106746
 35.090707  24.578785  22.111720  23.613468  21.819312  22.638922  22.205582  24.557789  27.879428  33.848258  43.936101
 35.326742  24.625260  22.106683  23.658319  21.786176  22.673272  22.116899  24.104002  27.230361  32.944284  42.765455
 35.562777  24.671735  22.101647  23.703170  21.753040  22.707621  22.028215  23.650216  26.581294  32.040310  41.594809
 35.798811  24.718210  22.096610  23.748021  21.719904  22.741971  21.939531  23.196429  25.932227  31.136336  40.424163
 36.034846  24.764684  22.091573  23.792872  21.686768  22.776320  21.850847  22.742643  25.283160  30.232363  39.253517
 36.270881  24.811159  22.086537  23.837723  21.653632  22.810670  21.762163  22.288856  24.634093  29.328389  38.082871
 36.506916  24.857634  22.081500  23.882574  21.620495  22.845019  21.673479  21.835070  23.985026  28.424415  36.912225
 36.742951  24.904109  22.076463  23.927425  21.587359  22.879369  21.584795  21.381283  23.335958  27.520441  35.741580
 36.978986  24.950584  22.071426  23.972276  21.554223  22.913718  21.496111  20.927497  22.686891  26.616468  34.570934
 37.215021  24.997059  22.066390  24.017127  21.521087  22.948068  21.407427  20.473710  22.037824  25.712494  33.400288
 37.451056  25.043534  22.061353  24.061978  21.487951  22.982417  21.318743  20.019924  21.388757  24.808520  32.229642
 37.687090  25.090009  22.056316  24.106829  21.454815  23.016767  21.230060  19.566137  20.739690  23.904547  31.058996
 37.923125  25.136484  22.051280  24.151680  21.421679  23.051117  21.141376  19.112351  20.090623  23.000573  29.888350
 38.159160  25.182959  22.046243  24.196531  21.388543  23.085466  21.052692  18.658564  19.441556  22.096599  28.717704
 38.395195  25.229434  22.041206  24.241382  21.355407  23.119816  20.964008  18.204778  18.792489  21.192625  27.547059
 38.631230  25.275909  22.036170  24.286233  21.322271  23.154165  20.875324  17.750992  18.143421  20.288652  26.376413
 38.867265  25.322384  22.031133  24.331084  21.289135  23.188515  20.786640  17.297205  17.494354  19.384678  25.205767
 39.103300  25.368859  22.026096  24.375935  21.255999  23.222864  20.697956  16.843419  16.845287  18.480704  24.035121
 39.339335  25.415334  22.021060  24.420786  21.222863  23.257214  20.609272  16.389632  16.196220  17.576730  22.864475
 39.575369  25.461809  22.016023  24.465637  21.189727  23.291563  20.520588  15.935846  15.547153  16.672757  21.693829
 39.811404  25.508284  22.010986  24.510489  21.156591  23.325913  20.431905  15.482059  14.898086  15.768783  20.523183
 40.047439  25.554759  22.005950  24.555340  21.123455  23.360262  20.343221  15.028273  14.249019  14.864809  19.352538
 40.283474  25.601234  22.000913  24.600191  21.090319  23.394612  20.254537  14.574486  13.599952  13.960835  18.181892
 40.519509  25.647709  21.995876  24.645042  21.057183  23.428961  20.165853  14.120700  12.950885  13.056862  17.011246
 40.755544  25.694183  21.990840  24.689893  21.024047  23.463311  20.077169  13.666913  12.301817  12.152888  15.840600
 40.991579  25.740658  21.985803  24.734744  20.990911  23.497660  19.988485  13.213127  11.652750  11.248914  14.669954
 41.227613  25.787133  21.980766  24.779595  20.957775  23.532010  19.899801  12.759340  11.003683  10.344940  13.499308
 41.463648  25.833608  21.975730  24.824446  20.924639  23.566360  19.811117  12.305554  10.354616   9.440967  12.328662
 41.699683  25.880083  21.970693  24.869297  20.891503  23.600709  19.722433  11.851768   9.705549   8.536993  11.158017
 41.935718  25.926558  21.965656  24.914148  20.858367  23.635059  19.633749  11.397981   9.056482   7.633019   9.987371
 42.171753  25.973033  21.960620  24.958999  20.825231  23.669408  19.545066  10.944195   8.407415   6.729045   8.816725
 42.407788  26.019508  21.955583  25.003850  20.792095  23.703758  19.456382  10.490408   7.758348   5.825072   7.646079
 42.643823  26.065983  21.950546  25.048701  20.758959  23.738107  19.367698  10.036622   7.109281   4.921098   6.475433
 42.879858  26.112458  21.945509  25.093552  20.725823  23.772457  19.279014   9.582835   6.460213   4.017124   5.304787
 43.115892  26.158933  21.940473  25.138403  20.692687  23.806806  19.190330   9.129049   5.811146   3.113150   4.134141
 43.351927  26.205408  21.935436  25.183254  20.659551  23.841156  19.101646   8.675262   5.162079   2.209177   2.963496
 43.587962  26.251883  21.930399  25.228105  20.626415  23.875505  19.012962   8.221476   4.513012   1.305203   1.792850
 43.823997  26.298358  21.925363  25.272956  20.593279  23.909855  18.924278   7.767689   3.863945   0.401229   0.622204
 44.060032  26.344833  21.920326  25.317807  20.560143  23.944204  18.835594   7.313903   3.214878  -0.502745  -0.548442
 44.296067  26.391308  21.915289  25.362658  20.527007  23.978554  18.746911   6.860116   2.565811  -1.406718  -1.719088
 44.532102  26.437783  21.910253  25.407509  20.493871  24.012904  18.658227   6.406330   1.916744  -2.310692  -2.889734