21.204203
21.374193
21.541431
21.702733
21.853595
21.988535
22.102141
22.190712
22.253782
22.294542
22.318807
22.333133
22.343154
22.352744
22.363959
22.377361
22.392414
22.407812
22.421735
22.432141
22.437181
22.435695
22.427623
22.414025
22.396670
22.377395
22.357592
22.337998
22.318764
22.299656
22.280308
22.260485
22.240344
22.220673
22.202996
22.189411
22.182105
22.182699
22.191778
22.208877
22.232837
22.262286
22.295971
22.332866
22.372093
22.412705
22.453415
22.492370
22.527089
22.554752
22.572846
22.579918
22.576015
22.562507
22.541465
22.514973
22.484699
22.451784
22.416973
22.380871
22.344255
22.308381
22.275162
22.247078
22.226720
22.216074
22.215921
22.225723
22.244018
22.269030
22.299143
22.333088
22.369854
22.408414
22.447360
22.484540
22.516883
22.540630
22.552136
22.549049
22.531273
22.501118
22.462564
22.420125
22.377893
22.338955
22.305055
22.276239
22.250314
22.222165
22.183313
22.122375
22.027074
21.887641
21.700151
21.467830
21.199547
20.906636
20.599901
20.287898
19.976439
19.668742
19.365678
19.065849
18.765551
18.458956
18.138965
17.798909
17.434595
17.045610
16.635123
16.208389
15.770950
15.327283
14.880110
14.430128
13.975892
13.513735
13.037889
12.541166
12.016510
11.459297
10.869418
10.251870
 9.615331
 8.969601
 8.323355
 7.683027
 7.052702
 6.434444
 5.828515
 5.233231
 4.644466
 4.055163
 3.455494
 2.834315
 2.181896
 1.492785
 0.767163
 0.009973
-0.771378
-1.569328
-2.377572
-2.855604
-2.855604
-2.855604
-2.855604
-2.855604
-2.855604
-2.855604
-2.855604
-2.855604
-2.855604
-2.855604
-2.855604
-2.855604
-2.855604
-2.855604
-2.855604
-2.855604
-2.855604
-2.855604
-2.855604
-2.855604
-2.855604
-2.855604
-2.855604
-2.855604
-2.855604
-2.855604
-2.855604
-2.855604
-2.855604
-2.855604
-2.855604
-2.855604
-2.855604
-2.855604
-2.855604
-2.855604
-2.855604
-2.855604
-2.855604
-2.855604
-2.855604
-2.855604
-2.855604
-2.855604
-2.855604
-2.855604
-2.855604
-2.855604
-2.855604
-2.855604
-2.855604
-2.855604
-2.855604
-2.855604
-2.855604
-2.855604
-2.855604
-2.855604
-2.855604
-2.855604
-2.855604
-2.855604