21.204203
21.448322
21.683916
21.898899
22.077185
22.205414
22.282172
22.320270
22.338614
22.352363
22.369104
22.389988
22.411994
22.429732
22.437401
22.431560
22.413318
22.387466
22.359074
22.330935
22.303377
22.275480
22.246665
22.218288
22.194648
22.182081
22.185717
22.206588
22.241954
22.287842
22.340879
22.398352
22.456986
22.511451
22.554041
22.577110
22.577256
22.557075
22.522540
22.479234
22.430693
22.378988
22.326416
22.277285
22.238467
22.217274
22.217506
22.237609
22.272787
22.318220
22.370387
22.426170
22.480790
22.525987
22.550768
22.546416
22.512670
22.458586
22.397225
22.339812
22.292492
22.253998
22.212196
22.141195
22.005686
21.777333
21.453000
21.055789
20.618792
20.169431
19.723871
19.287524
18.855919
18.414957
17.944239
17.426631
16.858594
16.250907
15.619758
14.977717
14.329513
13.670776
12.987778
12.259932
11.468679
10.610556
 9.702520
 8.772535
 7.845630
 6.937349
 6.054150
 5.194459
 4.346966
 3.488216
 2.586301
 1.614869
 0.567780
-0.540642
-1.688098
-2.855604