 22.202175
-12.397544
 86.885232
-40.668290
 84.274980
-22.163434
 18.142527
 87.717164
-69.879283
 78.761313
 11.193001
 21.231812
 22.300076
 22.306912
-10.026299
 64.588445
 12.194664
 20.769092
 22.296156
 22.300563
  6.797313
 65.252157
 15.895956
 -8.549307
 31.585907
  9.506912
 33.527800
 -5.517976
 29.547612
125.319598
-80.028736
 51.191097
 34.521824
-33.344175
 63.079323
 21.524128
 47.960513
-10.898436
 25.553725
 25.569053
-19.235169
 62.454185
 24.036006
 18.814828
 49.584639
  5.755447
 14.951750
 -4.108506
 24.315206
 90.387582
-55.260024
 73.633378
  5.108068
 16.382195
 39.474381
-22.029363
 49.301241
 30.085682
 42.449894
 22.694162
-17.351938
 52.790290
-14.787658
 64.390841
 10.329689
 -0.091520
 44.289017
 -0.016896
 59.818413
 -1.704206
 25.082257
 18.316374
 43.057842
 -1.554954
 17.660767
 23.363163
 36.438901
 25.476007
 26.571226
  9.548159
 28.817085
 16.014529
  7.622396
 72.324638
-19.643822
  2.624385
 59.610955
 30.893183
  4.199246
 16.427353
 29.511848
 31.992195
 21.713830
  5.650550
 22.572965
 20.684246
 31.466447
  2.864692
 13.601685
 63.632519
 14.642599
  5.586517
 30.325283
  4.966289
 19.847941
 13.304361
 25.874276
 40.646330
-29.222513
 12.221291
 38.634119
  7.746941
 35.100925
 36.697360
  0.168450
-21.709292
 22.669145
 33.410138
 19.973340
 13.783142
  5.830171
 -8.421021
 30.719273
 18.582251
-16.295168
-20.537081
 41.930986
 46.849774
-24.427676
 -1.710939
  4.034033
  3.928395
 25.281116
  8.957694
-20.276697
  0.652636
 17.476647
 -4.815906
-13.798085
 19.164844
  6.159008
 -8.587337
 21.030096
-13.400489
 -0.141872
 15.839252
-22.555891
 -5.532240
  2.762757
 31.616496
-20.627629
-25.513026
  3.574239
 24.138675
-17.762864
-34.401967
 55.998338
-13.886309
 -5.576227
-21.101968
 -6.715496
 33.972214
-15.470483
  6.084080
-25.247713
 -2.539655
 -2.764235
 42.705726
-49.465173
-18.409638
 74.609053
-31.477432
-11.068478
 30.162810
-56.407589
 26.921823
  5.833732
-30.892473
 14.464579
 21.664435
-35.232015
 -9.717584
 63.181634
-60.638662
  7.260606
-34.458148
 11.291109
 25.557861
 -3.695164
-19.119960
  8.067936
-32.742200
  7.556385
 10.006567
-17.312772
 40.256616
-69.659694
-21.863942
 57.534268
-21.114071
-22.424550
 27.791724
-39.526351
  9.884930
 -5.479933
-41.744934