-182.687317 -182.687317 -182.687317 -182.687317
-177.647540 -177.647540 -177.647540 -177.647540
-172.607763 -172.607763 -172.607763 -172.607763
-167.567987 -167.567987 -167.567987 -167.567987
-162.528210 -162.528210 -162.528210 -162.528210
-157.488433 -157.488433 -157.488433 -157.488433
-152.448657 -152.448657 -152.448657 -152.448657
-147.408880 -147.408880 -147.408880 -147.408880
-142.369103 -142.369103 -142.369103 -142.369103
-137.329327 -137.329327 -137.329327 -137.329327
-132.289550 -132.289550 -132.289550 -132.289550
-127.249773 -127.249773 -127.249773 -127.249773
-122.209996 -122.209996 -122.209996 -122.209996
-117.170220 -117.170220 -117.170220 -117.170220
-112.130443 -112.130443 -112.130443 -112.130443
-107.090666 -107.090666 -107.090666 -107.090666
-102.050890 -102.050890 -102.050890 -102.050890
 -97.011113  -97.011113  -97.011113  -97.011113
 -91.971336  -91.971336  -91.971336  -91.971336
 -86.931560  -86.931560  -86.931560  -86.931560
 -81.891783  -81.891783  -81.891783  -81.891783
 -76.852006  -76.852006  -76.852006  -76.852006
 -71.812230  -71.812230  -71.812230  -71.812230
 -66.772453  -66.772453  -66.772453  -66.772453
 -61.732676  -61.732676  -61.732676  -61.732676
 -56.692899  -56.692899  -56.692899  -56.692899
 -51.653123  -51.653123  -51.653123  -51.653123
 -46.613346  -46.613346  -46.613346  -46.613346
 -41.573569  -41.573569  -41.573569  -41.573569
 -36.533793  -36.533793  -36.533793  -36.533793
 -31.494016  -31.494016  -31.494016  -31.494016
 -26.454239  -26.454239  -26.454239  -26.454239
 -21.414463  -21.414463  -21.414463  -21.414463
 -16.374686  -16.374686  -16.374686  -16.374686
 -11.334909  -11.334909  -11.334909  -11.334909
  -6.295133   -6.295133   -6.295133   -6.295133
  -1.255356   -1.255356   -1.255356   -1.255356
   3.784421    3.784421    3.784421    3.784421
   8.824198    8.824198    8.824198    8.824198
  13.863974   13.863974   13.863974   13.863974
  18.903751   18.903751   18.903751   18.903751
  23.943528   23.943528   23.943528   23.943528
  28.983304   28.983304   28.983304   28.983304
  34.023081   34.023081   34.023081   34.023081
  39.062858   39.062858   39.062858   39.062858
  44.102634   44.102634   44.102634   44.102634
  49.142411   49.142411   49.142411   49.142411
  54.182188   54.182188   54.182188   54.182188
  59.221964   59.221964   59.221964   59.221964
  64.261741   64.261741   64.261741   64.261741
  69.301518   69.301518   69.301518   69.301518
  74.341295   74.341295   74.341295   74.341295
  79.381071   79.381071   79.381071   79.381071
  84.420848   84.420848   84.420848   84.420848
  89.460625   89.460625   89.460625   89.460625
  94.500401   94.500401   94.500401   94.500401
  99.540178   99.540178   99.540178   99.540178
 104.579955  104.579955  104.579955  104.579955
 109.619731  109.619731  109.619731  109.619731
 114.659508  114.659508  114.659508  114.659508
 119.699285  119.699285  119.699285  119.699285
 124.739061  124.739061  124.739061  124.739061
 129.778838  129.778838  129.778838  129.778838
 134.818615  134.818615  134.818615  134.818615
 139.858392  139.858392  139.858392  139.858392
 144.898168  144.898168  144.898168  144.898168
 149.937945  149.937945  149.937945  149.937945
 154.977722  154.977722  154.977722  154.977722
 160.017498  160.017498  160.017498  160.017498
 165.057275  165.057275  165.057275  165.057275
 170.097052  170.097052  170.097052  170.097052
 175.136828  175.136828  175.136828  175.136828
 180.176605  180.176605  180.176605  180.176605
 185.216382  185.216382  185.216382  185.216382
 190.256158  190.256158  190.256158  190.256158
 195.295935  195.295935  195.295935  195.295935
 200.335712  200.335712  200.335712  200.335712
 205.375489  205.375489  205.375489  205.375489
 210.415265  210.415265  210.415265  210.415265
 215.455042  215.455042  215.455042  215.455042
 220.494819  220.494819  220.494819  220.494819
 225.534595  225.534595  225.534595  225.534595
 230.574372  230.574372  230.574372  230.574372
 235.614149  235.614149  235.614149  235.614149
 240.653925  240.653925  240.653925  240.653925
 245.693702  245.693702  245.693702  245.693702
 250.733479  250.733479  250.733479  250.733479
 255.773255  255.773255  255.773255  255.773255
 260.813032  260.813032  260.813032  260.813032
 265.852809  265.852809  265.852809  265.852809
 270.892586  270.892586  270.892586  270.892586
 275.932362  275.932362  275.932362  275.932362
 280.972139  280.972139  280.972139  280.972139
 286.011916  286.011916  286.011916  286.011916
 291.051692  291.051692  291.051692  291.051692
 296.091469  296.091469  296.091469  296.091469
 301.131246  301.131246  301.131246  301.131246
 306.171022  306.171022  306.171022  306.171022
 311.210799  311.210799  311.210799  311.210799
 316.250576  316.250576  316.250576  316.250576