0.422209 0.039267 0.382941 0.000000
0.404928 0.026713 0.378214 0.000000
0.412345 0.037798 0.374548 0.000000
0.386694 0.015410 0.371284 0.000000
0.420200 0.042328 0.377872 0.000000
0.413329 0.042452 0.370877 0.000000
0.416242 0.048154 0.368087 0.000000
0.442094 0.057393 0.384701 0.000000
0.446448 0.069247 0.377201 0.000000
0.389954 0.011355 0.378599 0.000000
0.388841 0.010848 0.377992 0.000000
0.411504 0.037998 0.373506 0.000000
0.413286 0.036977 0.376308 0.000000
0.411675 0.027344 0.384331 0.000000
0.411584 0.030931 0.380652 0.000000