0.069631 0.009368 0.060263 0.000000
0.063113 0.003159 0.059954 0.000000
0.072070 0.011963 0.060107 0.000000
0.074098 0.013890 0.060208 0.000000
0.066979 0.007190 0.059788 0.000000
0.067587 0.007867 0.059720 0.000000
0.065765 0.005567 0.060198 0.000000
0.062339 0.002436 0.059903 0.000000
0.068313 0.008510 0.059803 0.000000
0.074457 0.014566 0.059891 0.000000
0.066742 0.006812 0.059931 0.000000
0.060710 0.001054 0.059656 0.000000
0.061637 0.001893 0.059745 0.000000
0.062320 0.002367 0.059953 0.000000
0.062285 0.002359 0.059925 0.000000