0.411875 0.036737 0.375138 0.000000
0.396248 0.019987 0.376260 0.000000
0.403815 0.020479 0.383336 0.000000
0.380619 0.005912 0.374707 0.000000
0.382583 0.006447 0.376136 0.000000
0.390492 0.016419 0.374072 0.000000
0.394229 0.012341 0.381888 0.000000
0.395136 0.016928 0.378208 0.000000
0.388267 0.012293 0.375975 0.000000
0.390243 0.015101 0.375142 0.000000
0.388330 0.012555 0.375774 0.000000
0.401006 0.026835 0.374171 0.000000
0.407946 0.026693 0.381253 0.000000
0.385879 0.010427 0.375453 0.000000
0.397846 0.020849 0.376997 0.000000