 -67.024115
 -68.505824
 -69.987533
 -71.469242
 -72.950951
 -74.432661
 -75.914370
 -77.396079
 -78.877788
 -80.359497
 -81.841207
 -83.322916
 -84.804625
 -86.286334
 -87.768043
 -89.249753
 -90.731462
 -92.213171
 -93.694880
 -95.176589
 -96.658299
 -98.140008
 -99.621717
-101.103426
-102.585135
-104.066845
-105.548554
-107.030263
-108.511972
-109.993681
-111.475391
-112.957100
-114.438809
-115.920518
-117.402227
-118.883937
-120.365646
-121.847355
-123.329064
-124.810774
-126.292483
-127.774192
-129.255901
-130.737610
-132.219320
-133.701029
-135.182738
-136.664447
-138.146156
-139.627866
-141.109575
-142.591284
-144.072993
-145.554702
-147.036412
-148.518121
-149.999830
-151.481539
-152.963248
-154.444958
-155.926667
-157.408376
-158.890085
-160.371794
-161.853504
-163.335213
-164.816922
-166.298631
-167.780340
-169.262050
-170.743759
-172.225468
-173.707177
-175.188886
-176.670596
-178.152305
-179.634014
-181.115723
-182.597432
-184.079142
-185.560851
-187.042560
-188.524269
-190.005979
-191.487688
-192.969397
-194.451106
-195.932815
-197.414525
-198.896234
-200.377943
-201.859652
-203.341361
-204.823071
-206.304780
-207.786489
-209.268198
-210.749907
-212.231617
-213.713326