403.585670
400.527902
397.470134
394.412367
391.354599
388.296831
385.239063
382.181296
379.123528
376.065760
373.007993
369.950225
366.892457
363.834689
360.776922
357.719154
354.661386
351.603618
348.545851
345.488083
342.430315
339.372548
336.314780
333.257012
330.199244
327.141477
324.083709
321.025941
317.968173
314.910406
311.852638
308.794870
305.737103
302.679335
299.621567
296.563799
293.506032
290.448264
287.390496
284.332728
281.274961
278.217193
275.159425
272.101658
269.043890
265.986122
262.928354
259.870587
256.812819
253.755051
250.697283
247.639516
244.581748
241.523980
238.466213
235.408445
232.350677
229.292909
226.235142
223.177374
220.119606
217.061838
214.004071
210.946303
207.888535
204.830767
201.773000
198.715232
195.657464
192.599697
189.541929
186.484161
183.426393
180.368626
177.310858
174.253090
171.195322
168.137555
165.079787
162.022019
158.964252
155.906484
152.848716
149.790948
146.733181
143.675413
140.617645
137.559877
134.502110
131.444342
128.386574
125.328807
122.271039
119.213271
116.155503
113.097736
110.039968
106.982200
103.924432
100.866665