  -6.285309  -38.189614  -68.439203  -59.377708  -90.811316 -293.352328 -273.165890  -18.787416  275.862429  -40.355855
 -13.426591  -40.447907  -68.628180  -59.879264  -90.566946 -289.011900 -269.089267  -18.241314  272.797780  -40.046728
 -20.567873  -42.706201  -68.817157  -60.380820  -90.322575 -284.671472 -265.012644  -17.695212  269.733132  -39.737601
 -27.709155  -44.964495  -69.006134  -60.882376  -90.078205 -280.331045 -260.936021  -17.149110  266.668483  -39.428474
 -34.850438  -47.222788  -69.195111  -61.383932  -89.833834 -275.990617 -256.859398  -16.603009  263.603835  -39.119347
 -41.991720  -49.481082  -69.384088  -61.885488  -89.589464 -271.650189 -252.782775  -16.056907  260.539187  -38.810220
 -49.133002  -51.739376  -69.573065  -62.387044  -89.345094 -267.309761 -248.706152  -15.510805  257.474538  -38.501093
 -56.274284  -53.997669  -69.762042  -62.888600  -89.100723 -262.969333 -244.629530  -14.964703  254.409890  -38.191966
 -63.415566  -56.255963  -69.951019  -63.390156  -88.856353 -258.628905 -240.552907  -14.418601  251.345241  -37.882840
 -70.556848  -58.514257  -70.139995  -63.891712  -88.611983 -254.288477 -236.476284  -13.872499  248.280593  -37.573713
 -77.698130  -60.772550  -70.328972  -64.393268  -88.367612 -249.948049 -232.399661  -13.326397  245.215945  -37.264586
 -84.839412  -63.030844  -70.517949  -64.894824  -88.123242 -245.607621 -228.323038  -12.780295  242.151296  -36.955459
 -91.980695  -65.289138  -70.706926  -65.396380  -87.878872 -241.267193 -224.246415  -12.234193  239.086648  -36.646332
 -99.121977  -67.547432  -70.895903  -65.897936  -87.634501 -236.926765 -220.169792  -11.688091  236.021999  -36.337205
-106.263259  -69.805725  -71.084880  -66.399492  -87.390131 -232.586337 -216.093169  -11.141989  232.957351  -36.028078
-113.404541  -72.064019  -71.273857  -66.901048  -87.145760 -228.245909 -212.016546  -10.595887  229.892702  -35.718951
-120.545823  -74.322313  -71.462834  -67.402604  -86.901390 -223.905481 -207.939923  -10.049785  226.828054  -35.409824
-127.687105  -76.580606  -71.651811  -67.904160  -86.657020 -219.565053 -203.863300   -9.503683  223.763406  -35.100697
-134.828387  -78.838900  -71.840788  -68.405716  -86.412649 -215.224625 -199.786677   -8.957581  220.698757  -34.791570
-141.969669  -81.097194  -72.029765  -68.907272  -86.168279 -210.884198 -195.710054   -8.411480  217.634109  -34.482443
-149.110952  -83.355487  -72.218741  -69.408828  -85.923909 -206.543770 -191.633431   -7.865378  214.569460  -34.173316
-156.252234  -85.613781  -72.407718  -69.910384  -85.679538 -202.203342 -187.556809   -7.319276  211.504812  -33.864189
-163.393516  -87.872075  -72.596695  -70.411940  -85.435168 -197.862914 -183.480186   -6.773174  208.440164  -33.555062
-170.534798  -90.130368  -72.785672  -70.913496  -85.190797 -193.522486 -179.403563   -6.227072  205.375515  -33.245935
-177.676080  -92.388662  -72.974649  -71.415052  -84.946427 -189.182058 -175.326940   -5.680970  202.310867  -32.936808
-184.817362  -94.646956  -73.163626  -71.916607  -84.702057 -184.841630 -171.250317   -5.134868  199.246218  -32.627681
-191.958644  -96.905249  -73.352603  -72.418163  -84.457686 -180.501202 -167.173694   -4.588766  196.181570  -32.318554
-199.099926  -99.163543  -73.541580  -72.919719  -84.213316 -176.160774 -163.097071   -4.042664  193.116921  -32.009427
-206.241209 -101.421837  -73.730557  -73.421275  -83.968946 -171.820346 -159.020448   -3.496562  190.052273  -31.700300
-213.382491 -103.680130  -73.919534  -73.922831  -83.724575 -167.479918 -154.943825   -2.950460  186.987625  -31.391173
-220.523773 -105.938424  -74.108510  -74.424387  -83.480205 -163.139490 -150.867202   -2.404358  183.922976  -31.082046
-227.665055 -108.196718  -74.297487  -74.925943  -83.235835 -158.799062 -146.790579   -1.858256  180.858328  -30.772919
-234.806337 -110.455012  -74.486464  -75.427499  -82.991464 -154.458634 -142.713956   -1.312154  177.793679  -30.463792
-241.947619 -112.713305  -74.675441  -75.929055  -82.747094 -150.118206 -138.637333   -0.766052  174.729031  -30.154666
-249.088901 -114.971599  -74.864418  -76.430611  -82.502723 -145.777779 -134.560711   -0.219950  171.664382  -29.845539
-256.230183 -117.229893  -75.053395  -76.932167  -82.258353 -141.437351 -130.484088    0.326151  168.599734  -29.536412
-263.371466 -119.488186  -75.242372  -77.433723  -82.013983 -137.096923 -126.407465    0.872253  165.535086  -29.227285
-270.512748 -121.746480  -75.431349  -77.935279  -81.769612 -132.756495 -122.330842    1.418355  162.470437  -28.918158
-277.654030 -124.004774  -75.620326  -78.436835  -81.525242 -128.416067 -118.254219    1.964457  159.405789  -28.609031
-284.795312 -126.263067  -75.809303  -78.938391  -81.280872 -124.075639 -114.177596    2.510559  156.341140  -28.299904
-291.936594 -128.521361  -75.998280  -79.439947  -81.036501 -119.735211 -110.100973    3.056661  153.276492  -27.990777
-299.077876 -130.779655  -76.187256  -79.941503  -80.792131 -115.394783 -106.024350    3.602763  150.211844  -27.681650
-306.219158 -133.037948  -76.376233  -80.443059  -80.547761 -111.054355 -101.947727    4.148865  147.147195  -27.372523
-313.360440 -135.296242  -76.565210  -80.944615  -80.303390 -106.713927  -97.871104    4.694967  144.082547  -27.063396
-320.501722 -137.554536  -76.754187  -81.446171  -80.059020 -102.373499  -93.794481    5.241069  141.017898  -26.754269
-327.643005 -139.812829  -76.943164  -81.947727  -79.814649  -98.033071  -89.717858    5.787171  137.953250  -26.445142
-334.784287 -142.071123  -77.132141  -82.449283  -79.570279  -93.692643  -85.641235    6.333273  134.888601  -26.136015
-341.925569 -144.329417  -77.321118  -82.950839  -79.325909  -89.352215  -81.564612    6.879375  131.823953  -25.826888
-349.066851 -146.587710  -77.510095  -83.452395  -79.081538  -85.011787  -77.487990    7.425477  128.759305  -25.517761
-356.208133 -148.846004  -77.699072  -83.953951  -78.837168  -80.671360  -73.411367    7.971579  125.694656  -25.208634
-363.349415 -151.104298  -77.888049  -84.455507  -78.592798  -76.330932  -69.334744    8.517681  122.630008  -24.899507
-370.490697 -153.362592  -78.077025  -84.957063  -78.348427  -71.990504  -65.258121    9.063782  119.565359  -24.590380
-377.631979 -155.620885  -78.266002  -85.458619  -78.104057  -67.650076  -61.181498    9.609884  116.500711  -24.281253
-384.773262 -157.879179  -78.454979  -85.960175  -77.859687  -63.309648  -57.104875   10.155986  113.436063  -23.972126
-391.914544 -160.137473  -78.643956  -86.461731  -77.615316  -58.969220  -53.028252   10.702088  110.371414  -23.662999
-399.055826 -162.395766  -78.832933  -86.963287  -77.370946  -54.628792  -48.951629   11.248190  107.306766  -23.353872
-406.197108 -164.654060  -79.021910  -87.464843  -77.126575  -50.288364  -44.875006   11.794292  104.242117  -23.044745
-413.338390 -166.912354  -79.210887  -87.966399  -76.882205  -45.947936  -40.798383   12.340394  101.177469  -22.735618
-420.479672 -169.170647  -79.399864  -88.467955  -76.637835  -41.607508  -36.721760   12.886496   98.112820  -22.426492
-427.620954 -171.428941  -79.588841  -88.969511  -76.393464  -37.267080  -32.645137   13.432598   95.048172  -22.117365
-434.762236 -173.687235  -79.777818  -89.471067  -76.149094  -32.926652  -28.568514   13.978700   91.983524  -21.808238
-441.903519 -175.945528  -79.966794  -89.972623  -75.904724  -28.586224  -24.491891   14.524802   88.918875  -21.499111
-449.044801 -178.203822  -80.155771  -90.474179  -75.660353  -24.245796  -20.415269   15.070904   85.854227  -21.189984
-456.186083 -180.462116  -80.344748  -90.975735  -75.415983  -19.905368  -16.338646   15.617006   82.789578  -20.880857
-463.327365 -182.720409  -80.533725  -91.477291  -75.171612  -15.564941  -12.262023   16.163108   79.724930  -20.571730
-470.468647 -184.978703  -80.722702  -91.978847  -74.927242  -11.224513   -8.185400   16.709210   76.660282  -20.262603
-477.609929 -187.236997  -80.911679  -92.480403  -74.682872   -6.884085   -4.108777   17.255312   73.595633  -19.953476
-484.751211 -189.495290  -81.100656  -92.981959  -74.438501   -2.543657   -0.032154   17.801413   70.530985  -19.644349
-491.892493 -191.753584  -81.289633  -93.483515  -74.194131    1.796771    4.044469   18.347515   67.466336  -19.335222
-499.033776 -194.011878  -81.478610  -93.985071  -73.949761    6.137199    8.121092   18.893617   64.401688  -19.026095
-506.175058 -196.270172  -81.667587  -94.486627  -73.705390   10.477627   12.197715   19.439719   61.337039  -18.716968
-513.316340 -198.528465  -81.856564  -94.988183  -73.461020   14.818055   16.274338   19.985821   58.272391  -18.407841
-520.457622 -200.786759  -82.045540  -95.489739  -73.216650   19.158483   20.350961   20.531923   55.207743  -18.098714
-527.598904 -203.045053  -82.234517  -95.991295  -72.972279   23.498911   24.427584   21.078025   52.143094  -17.789587
-534.740186 -205.303346  -82.423494  -96.492851  -72.727909   27.839339   28.504207   21.624127   49.078446  -17.480460
-541.881468 -207.561640  -82.612471  -96.994407  -72.483538   32.179767   32.580830   22.170229   46.013797  -17.171333
-549.022750 -209.819934  -82.801448  -97.495963  -72.239168   36.520195   36.657452   22.716331   42.949149  -16.862206
-556.164033 -212.078227  -82.990425  -97.997519  -71.994798   40.860623   40.734075   23.262433   39.884501  -16.553079
-563.305315 -214.336521  -83.179402  -98.499075  -71.750427   45.201051   44.810698   23.808535   36.819852  -16.243952
-570.446597 -216.594815  -83.368379  -99.000631  -71.506057   49.541478   48.887321   24.354637   33.755204  -15.934825
-577.587879 -218.853108  -83.557356  -99.502187  -71.261687   53.881906   52.963944   24.900739   30.690555  -15.625698
-584.729161 -221.111402  -83.746333 -100.003743  -71.017316   58.222334   57.040567   25.446841   27.625907  -15.316571
-591.870443 -223.369696  -83.935309 -100.505299  -70.772946   62.562762   61.117190   25.992943   24.561258  -15.007444
-599.011725 -225.627989  -84.124286 -101.006855  -70.528576   66.903190   65.193813   26.539044   21.496610  -14.698318
-606.153007 -227.886283  -84.313263 -101.508411  -70.284205   71.243618   69.270436   27.085146   18.431962  -14.389191
-613.294289 -230.144577  -84.502240 -102.009967  -70.039835   75.584046   73.347059   27.631248   15.367313  -14.080064
-620.435572 -232.402870  -84.691217 -102.511523  -69.795464   79.924474   77.423682   28.177350   12.302665  -13.770937
-627.576854 -234.661164  -84.880194 -103.013079  -69.551094   84.264902   81.500305   28.723452    9.238016  -13.461810
-634.718136 -236.919458  -85.069171 -103.514635  -69.306724   88.605330   85.576928   29.269554    6.173368  -13.152683
-641.859418 -239.177751  -85.258148 -104.016191  -69.062353   92.945758   89.653551   29.815656    3.108720  -12.843556
-649.000700 -241.436045  -85.447125 -104.517747  -68.817983   97.286186   93.730173   30.361758    0.044071  -12.534429
-656.141982 -243.694339  -85.636102 -105.019303  -68.573613  101.626614   97.806796   30.907860   -3.020577  -12.225302
-663.283264 -245.952633  -85.825079 -105.520859  -68.329242  105.967042  101.883419   31.453962   -6.085226  -11.916175
-670.424546 -248.210926  -86.014055 -106.022415  -68.084872  110.307470  105.960042   32.000064   -9.149874  -11.607048
-677.565829 -250.469220  -86.203032 -106.523971  -67.840502  114.647898  110.036665   32.546166  -12.214523  -11.297921
-684.707111 -252.727514  -86.392009 -107.025527  -67.596131  118.988325  114.113288   33.092268  -15.279171  -10.988794
-691.848393 -254.985807  -86.580986 -107.527083  -67.351761  123.328753  118.189911   33.638370  -18.343819  -10.679667
-698.989675 -257.244101  -86.769963 -108.028639  -67.107390  127.669181  122.266534   34.184472  -21.408468  -10.370540
-706.130957 -259.502395  -86.958940 -108.530195  -66.863020  132.009609  126.343157   34.730574  -24.473116  -10.061413
-713.272239 -261.760688  -87.147917 -109.031751  -66.618650  136.350037  130.419780   35.276675  -27.537765   -9.752286