 -8.162899
-23.653358
-38.542372
-50.366291
-57.742816
-62.415455
-66.423706
-70.226314
-73.045584
-74.068005
-73.819481
-73.364051
-73.133218
-73.168106
-73.537440
-74.311055
-75.397661
-76.691530
-78.151578
-79.598672
-80.615608
-81.061242
-81.310159
-81.612705
-81.339160
-78.604874
-72.085862
-63.081001
-53.422645
-43.739750
-34.026825
-24.409209
-15.132336
 -6.089744
  2.968141
 11.731772
 18.759389
 22.658431
 24.255183
 25.270580
 26.247821
 26.194551
 23.282555
 17.253697
  9.792002
  2.167078
 -4.935789
-10.222198
-12.345160
-11.970085
-10.797829