 -8.162899
-15.962299
-23.809859
-31.530511
-38.820957
-45.298931
-50.653069
-54.809670
-57.966337
-60.463801
-62.623257
-64.658385
-66.663281
-68.630506
-70.471434
-72.042770
-73.198019
-73.861877
-74.080011
-73.995054
-73.769902
-73.525526
-73.325338
-73.190626
-73.122997
-73.122021
-73.194945
-73.357034
-73.622705
-73.994284
-74.459167
-74.997819
-75.594066
-76.239687
-76.932038
-77.666519
-78.425848
-79.170504
-79.840014
-80.373996
-80.744438
-80.972454
-81.114924
-81.235125
-81.375883
-81.537269
-81.651495
-81.555968
-80.988039
-79.643209
-77.307027
-73.978773
-69.870177
-65.280217
-60.463845
-55.576366
-50.683286
-45.794492
-40.898516
-35.990290
-31.088361
-26.233094
-21.463907
-16.793110
-12.198865
 -7.639457
 -3.075998
  1.503807
  6.059079
 10.467720
 14.515942
 17.942142
 20.548952
 22.317710
 23.420537
 24.119691
 24.649861
 25.156175
 25.681541
 26.167665
 26.454082
 26.292743
 25.414147
 23.648470
 21.024228
 17.748789
 14.088032
 10.256345
  6.383894
  2.546321
 -1.181164
 -4.672266
 -7.726228
-10.105358
-11.640101
-12.332871
-12.361634
-11.980246
-11.411009
-10.797829