  0.000000
-23.857147
-40.763182
-52.533370
-60.532534
-65.790530
-69.087415
-71.016157
-72.028726
-72.469856
-72.601685
-72.621644
-72.675332
-72.865694
-73.259454
-73.891510
-74.767830
-75.867221
-77.142251
-78.519533
-79.899486
-81.155659
-82.133645
-82.649542
-82.487885
-81.398884
-73.307508
-64.237955
-54.470178
-44.283704
-33.952284
-23.739037
-13.892270
 -4.642177
  3.801365
 11.249732
 17.535077
 22.508493
 26.037134
 28.001091
 28.291662
 26.813857
 23.497984
 18.328020
 11.398843
  3.020701
 -6.101521
-14.573590
-19.842385
-17.465872
  0.000114