 -1.403731  -3.360328  -2.701381  -2.512150  -0.799394  -3.655047  -5.722617   6.671755 -10.131362 -17.400975  -6.102259
 -1.763554  -3.298268  -2.711363  -2.520178  -0.848183  -3.639351  -5.673110   6.538202 -10.033056 -17.219704  -6.033196
 -2.123377  -3.236208  -2.721345  -2.528207  -0.896972  -3.623656  -5.623603   6.404650  -9.934749 -17.038432  -5.964133
 -2.483200  -3.174148  -2.731327  -2.536235  -0.945761  -3.607960  -5.574097   6.271097  -9.836443 -16.857161  -5.895070
 -2.843023  -3.112087  -2.741310  -2.544264  -0.994550  -3.592264  -5.524590   6.137545  -9.738136 -16.675890  -5.826008
 -3.202845  -3.050027  -2.751292  -2.552292  -1.043339  -3.576569  -5.475083   6.003992  -9.639830 -16.494618  -5.756945
 -3.562668  -2.987967  -2.761274  -2.560321  -1.092128  -3.560873  -5.425576   5.870440  -9.541523 -16.313347  -5.687882
 -3.922491  -2.925907  -2.771256  -2.568349  -1.140917  -3.545177  -5.376069   5.736887  -9.443216 -16.132076  -5.618819
 -4.282314  -2.863847  -2.781238  -2.576378  -1.189706  -3.529481  -5.326562   5.603335  -9.344910 -15.950805  -5.549756
 -4.642137  -2.801787  -2.791220  -2.584406  -1.238495  -3.513786  -5.277055   5.469782  -9.246603 -15.769533  -5.480694
 -5.001960  -2.739727  -2.801202  -2.592435  -1.287284  -3.498090  -5.227548   5.336230  -9.148297 -15.588262  -5.411631
 -5.361783  -2.677666  -2.811184  -2.600463  -1.336073  -3.482394  -5.178041   5.202677  -9.049990 -15.406991  -5.342568
 -5.721606  -2.615606  -2.821167  -2.608492  -1.384862  -3.466698  -5.128534   5.069125  -8.951684 -15.225720  -5.273505
 -6.081428  -2.553546  -2.831149  -2.616521  -1.433650  -3.451003  -5.079027   4.935572  -8.853377 -15.044448  -5.204442
 -6.441251  -2.491486  -2.841131  -2.624549  -1.482439  -3.435307  -5.029521   4.802019  -8.755071 -14.863177  -5.135380
 -6.801074  -2.429426  -2.851113  -2.632578  -1.531228  -3.419611  -4.980014   4.668467  -8.656764 -14.681906  -5.066317
 -7.160897  -2.367366  -2.861095  -2.640606  -1.580017  -3.403915  -4.930507   4.534914  -8.558458 -14.500635  -4.997254
 -7.520720  -2.305306  -2.871077  -2.648635  -1.628806  -3.388220  -4.881000   4.401362  -8.460151 -14.319363  -4.928191
 -7.880543  -2.243245  -2.881059  -2.656663  -1.677595  -3.372524  -4.831493   4.267809  -8.361845 -14.138092  -4.859128
 -8.240366  -2.181185  -2.891042  -2.664692  -1.726384  -3.356828  -4.781986   4.134257  -8.263538 -13.956821  -4.790065
 -8.600189  -2.119125  -2.901024  -2.672720  -1.775173  -3.341133  -4.732479   4.000704  -8.165232 -13.775549  -4.721003
 -8.960012  -2.057065  -2.911006  -2.680749  -1.823962  -3.325437  -4.682972   3.867152  -8.066925 -13.594278  -4.651940
 -9.319834  -1.995005  -2.920988  -2.688777  -1.872751  -3.309741  -4.633465   3.733599  -7.968618 -13.413007  -4.582877
 -9.679657  -1.932945  -2.930970  -2.696806  -1.921540  -3.294045  -4.583958   3.600047  -7.870312 -13.231736  -4.513814
-10.039480  -1.870885  -2.940952  -2.704835  -1.970329  -3.278350  -4.534452   3.466494  -7.772005 -13.050464  -4.444751
-10.399303  -1.808824  -2.950934  -2.712863  -2.019118  -3.262654  -4.484945   3.332942  -7.673699 -12.869193  -4.375689
-10.759126  -1.746764  -2.960916  -2.720892  -2.067907  -3.246958  -4.435438   3.199389  -7.575392 -12.687922  -4.306626
-11.118949  -1.684704  -2.970899  -2.728920  -2.116695  -3.231262  -4.385931   3.065837  -7.477086 -12.506651  -4.237563
-11.478772  -1.622644  -2.980881  -2.736949  -2.165484  -3.215567  -4.336424   2.932284  -7.378779 -12.325379  -4.168500
-11.838595  -1.560584  -2.990863  -2.744977  -2.214273  -3.199871  -4.286917   2.798731  -7.280473 -12.144108  -4.099437
-12.198417  -1.498524  -3.000845  -2.753006  -2.263062  -3.184175  -4.237410   2.665179  -7.182166 -11.962837  -4.030375
-12.558240  -1.436464  -3.010827  -2.761034  -2.311851  -3.168479  -4.187903   2.531626  -7.083860 -11.781566  -3.961312
-12.918063  -1.374404  -3.020809  -2.769063  -2.360640  -3.152784  -4.138396   2.398074  -6.985553 -11.600294  -3.892249
-13.277886  -1.312343  -3.030791  -2.777091  -2.409429  -3.137088  -4.088889   2.264521  -6.887247 -11.419023  -3.823186
-13.637709  -1.250283  -3.040774  -2.785120  -2.458218  -3.121392  -4.039383   2.130969  -6.788940 -11.237752  -3.754123
-13.997532  -1.188223  -3.050756  -2.793148  -2.507007  -3.105697  -3.989876   1.997416  -6.690634 -11.056480  -3.685061
-14.357355  -1.126163  -3.060738  -2.801177  -2.555796  -3.090001  -3.940369   1.863864  -6.592327 -10.875209  -3.615998
-14.717178  -1.064103  -3.070720  -2.809206  -2.604585  -3.074305  -3.890862   1.730311  -6.494020 -10.693938  -3.546935
-15.077001  -1.002043  -3.080702  -2.817234  -2.653374  -3.058609  -3.841355   1.596759  -6.395714 -10.512667  -3.477872
-15.436823  -0.939983  -3.090684  -2.825263  -2.702163  -3.042914  -3.791848   1.463206  -6.297407 -10.331395  -3.408809
-15.796646  -0.877922  -3.100666  -2.833291  -2.750952  -3.027218  -3.742341   1.329654  -6.199101 -10.150124  -3.339746
-16.156469  -0.815862  -3.110648  -2.841320  -2.799740  -3.011522  -3.692834   1.196101  -6.100794  -9.968853  -3.270684
-16.516292  -0.753802  -3.120631  -2.849348  -2.848529  -2.995826  -3.643327   1.062549  -6.002488  -9.787582  -3.201621
-16.876115  -0.691742  -3.130613  -2.857377  -2.897318  -2.980131  -3.593820   0.928996  -5.904181  -9.606310  -3.132558
-17.235938  -0.629682  -3.140595  -2.865405  -2.946107  -2.964435  -3.544313   0.795443  -5.805875  -9.425039  -3.063495
-17.595761  -0.567622  -3.150577  -2.873434  -2.994896  -2.948739  -3.494807   0.661891  -5.707568  -9.243768  -2.994432
-17.955584  -0.505562  -3.160559  -2.881462  -3.043685  -2.933043  -3.445300   0.528338  -5.609262  -9.062496  -2.925370
-18.315406  -0.443501  -3.170541  -2.889491  -3.092474  -2.917348  -3.395793   0.394786  -5.510955  -8.881225  -2.856307
-18.675229  -0.381441  -3.180523  -2.897520  -3.141263  -2.901652  -3.346286   0.261233  -5.412649  -8.699954  -2.787244
-19.035052  -0.319381  -3.190506  -2.905548  -3.190052  -2.885956  -3.296779   0.127681  -5.314342  -8.518683  -2.718181
-19.394875  -0.257321  -3.200488  -2.913577  -3.238841  -2.870261  -3.247272  -0.005872  -5.216036  -8.337411  -2.649118
-19.754698  -0.195261  -3.210470  -2.921605  -3.287630  -2.854565  -3.197765  -0.139424  -5.117729  -8.156140  -2.580056
-20.114521  -0.133201  -3.220452  -2.929634  -3.336419  -2.838869  -3.148258  -0.272977  -5.019422  -7.974869  -2.510993
-20.474344  -0.071141  -3.230434  -2.937662  -3.385208  -2.823173  -3.098751  -0.406529  -4.921116  -7.793598  -2.441930
-20.834167  -0.009080  -3.240416  -2.945691  -3.433996  -2.807478  -3.049244  -0.540082  -4.822809  -7.612326  -2.372867
-21.193990   0.052980  -3.250398  -2.953719  -3.482785  -2.791782  -2.999738  -0.673634  -4.724503  -7.431055  -2.303804
-21.553812   0.115040  -3.260380  -2.961748  -3.531574  -2.776086  -2.950231  -0.807187  -4.626196  -7.249784  -2.234742
-21.913635   0.177100  -3.270363  -2.969776  -3.580363  -2.760390  -2.900724  -0.940739  -4.527890  -7.068513  -2.165679
-22.273458   0.239160  -3.280345  -2.977805  -3.629152  -2.744695  -2.851217  -1.074292  -4.429583  -6.887241  -2.096616
-22.633281   0.301220  -3.290327  -2.985833  -3.677941  -2.728999  -2.801710  -1.207845  -4.331277  -6.705970  -2.027553
-22.993104   0.363280  -3.300309  -2.993862  -3.726730  -2.713303  -2.752203  -1.341397  -4.232970  -6.524699  -1.958490
-23.352927   0.425341  -3.310291  -3.001891  -3.775519  -2.697607  -2.702696  -1.474950  -4.134664  -6.343427  -1.889428
-23.712750   0.487401  -3.320273  -3.009919  -3.824308  -2.681912  -2.653189  -1.608502  -4.036357  -6.162156  -1.820365
-24.072573   0.549461  -3.330255  -3.017948  -3.873097  -2.666216  -2.603682  -1.742055  -3.938051  -5.980885  -1.751302
-24.432395   0.611521  -3.340238  -3.025976  -3.921886  -2.650520  -2.554175  -1.875607  -3.839744  -5.799614  -1.682239
-24.792218   0.673581  -3.350220  -3.034005  -3.970675  -2.634824  -2.504668  -2.009160  -3.741438  -5.618342  -1.613176
-25.152041   0.735641  -3.360202  -3.042033  -4.019464  -2.619129  -2.455162  -2.142712  -3.643131  -5.437071  -1.544113
-25.511864   0.797701  -3.370184  -3.050062  -4.068253  -2.603433  -2.405655  -2.276265  -3.544824  -5.255800  -1.475051
-25.871687   0.859762  -3.380166  -3.058090  -4.117041  -2.587737  -2.356148  -2.409817  -3.446518  -5.074529  -1.405988
-26.231510   0.921822  -3.390148  -3.066119  -4.165830  -2.572042  -2.306641  -2.543370  -3.348211  -4.893257  -1.336925
-26.591333   0.983882  -3.400130  -3.074147  -4.214619  -2.556346  -2.257134  -2.676922  -3.249905  -4.711986  -1.267862
-26.951156   1.045942  -3.410112  -3.082176  -4.263408  -2.540650  -2.207627  -2.810475  -3.151598  -4.530715  -1.198799
-27.310979   1.108002  -3.420095  -3.090205  -4.312197  -2.524954  -2.158120  -2.944027  -3.053292  -4.349443  -1.129737
-27.670801   1.170062  -3.430077  -3.098233  -4.360986  -2.509259  -2.108613  -3.077580  -2.954985  -4.168172  -1.060674
-28.030624   1.232122  -3.440059  -3.106262  -4.409775  -2.493563  -2.059106  -3.211133  -2.856679  -3.986901  -0.991611
-28.390447   1.294183  -3.450041  -3.114290  -4.458564  -2.477867  -2.009599  -3.344685  -2.758372  -3.805630  -0.922548
-28.750270   1.356243  -3.460023  -3.122319  -4.507353  -2.462171  -1.960093  -3.478238  -2.660066  -3.624358  -0.853485
-29.110093   1.418303  -3.470005  -3.130347  -4.556142  -2.446476  -1.910586  -3.611790  -2.561759  -3.443087  -0.784423
-29.469916   1.480363  -3.479987  -3.138376  -4.604931  -2.430780  -1.861079  -3.745343  -2.463453  -3.261816  -0.715360
-29.829739   1.542423  -3.489970  -3.146404  -4.653720  -2.415084  -1.811572  -3.878895  -2.365146  -3.080545  -0.646297
-30.189562   1.604483  -3.499952  -3.154433  -4.702509  -2.399388  -1.762065  -4.012448  -2.266840  -2.899273  -0.577234
-30.549384   1.666543  -3.509934  -3.162461  -4.751297  -2.383693  -1.712558  -4.146000  -2.168533  -2.718002  -0.508171
-30.909207   1.728604  -3.519916  -3.170490  -4.800086  -2.367997  -1.663051  -4.279553  -2.070226  -2.536731  -0.439109
-31.269030   1.790664  -3.529898  -3.178518  -4.848875  -2.352301  -1.613544  -4.413105  -1.971920  -2.355460  -0.370046
-31.628853   1.852724  -3.539880  -3.186547  -4.897664  -2.336606  -1.564037  -4.546658  -1.873613  -2.174188  -0.300983
-31.988676   1.914784  -3.549862  -3.194576  -4.946453  -2.320910  -1.514530  -4.680210  -1.775307  -1.992917  -0.231920
-32.348499   1.976844  -3.559844  -3.202604  -4.995242  -2.305214  -1.465023  -4.813763  -1.677000  -1.811646  -0.162857
-32.708322   2.038904  -3.569827  -3.210633  -5.044031  -2.289518  -1.415517  -4.947315  -1.578694  -1.630374  -0.093794
-33.068145   2.100964  -3.579809  -3.218661  -5.092820  -2.273823  -1.366010  -5.080868  -1.480387  -1.449103  -0.024732
-33.427968   2.163025  -3.589791  -3.226690  -5.141609  -2.258127  -1.316503  -5.214421  -1.382081  -1.267832   0.044331
-33.787790   2.225085  -3.599773  -3.234718  -5.190398  -2.242431  -1.266996  -5.347973  -1.283774  -1.086561   0.113394
-34.147613   2.287145  -3.609755  -3.242747  -5.239187  -2.226735  -1.217489  -5.481526  -1.185468  -0.905289   0.182457
-34.507436   2.349205  -3.619737  -3.250775  -5.287976  -2.211040  -1.167982  -5.615078  -1.087161  -0.724018   0.251520
-34.867259   2.411265  -3.629719  -3.258804  -5.336765  -2.195344  -1.118475  -5.748631  -0.988855  -0.542747   0.320582
-35.227082   2.473325  -3.639702  -3.266832  -5.385554  -2.179648  -1.068968  -5.882183  -0.890548  -0.361476   0.389645
-35.586905   2.535385  -3.649684  -3.274861  -5.434342  -2.163952  -1.019461  -6.015736  -0.792242  -0.180204   0.458708
-35.946728   2.597446  -3.659666  -3.282890  -5.483131  -2.148257  -0.969954  -6.149288  -0.693935   0.001067   0.527771
-36.306551   2.659506  -3.669648  -3.290918  -5.531920  -2.132561  -0.920448  -6.282841  -0.595628   0.182338   0.596834
-36.666373   2.721566  -3.679630  -3.298947  -5.580709  -2.116865  -0.870941  -6.416393  -0.497322   0.363609   0.665896
-37.026196   2.783626  -3.689612  -3.306975  -5.629498  -2.101170  -0.821434  -6.549946  -0.399015   0.544881   0.734959