-1.518842
-1.794043
-2.067578
-2.333437
-2.582410
-2.802431
-2.980496
-3.106152
-3.175222
-3.191594
-3.165809
-3.111409
-3.041261
-2.965438
-2.890818
-2.821749
-2.761029
-2.710763
-2.672845
-2.648969
-2.640185
-2.646200
-2.664916
-2.692621
-2.724880
-2.757632
-2.787903
-2.813948
-2.834972
-2.850731
-2.861190
-2.866336
-2.866149
-2.860731
-2.850523
-2.836500
-2.820175
-2.803311
-2.787467
-2.773602
-2.761939
-2.752080
-2.743227
-2.734402
-2.724636
-2.713141
-2.699516
-2.683994
-2.667662
-2.652486
-2.640986
-2.635578
-2.637868
-2.648298
-2.666264
-2.690549
-2.719747
-2.752514
-2.787616
-2.823821
-2.859737
-2.893658
-2.923564
-2.947369
-2.963426
-2.971087
-2.970979
-2.964805
-2.954782
-2.943076
-2.931463
-2.921241
-2.913286
-2.908119
-2.905904
-2.906356
-2.908578
-2.910965
-2.911309
-2.907195
-2.896576
-2.878191
-2.851624
-2.817018
-2.774692
-2.724878
-2.667695
-2.603384
-2.532786
-2.458003
-2.383067
-2.314191
-2.259133
-2.225484
-2.218466
-2.239461
-2.286080
-2.353516
-2.436185
-2.528819
-2.626787
-2.725802
-2.821321
-2.907957
-2.979235
-3.028090
-3.048306
-3.036553
-2.993957
-2.926086
-2.841217
-2.747910
-2.653196
-2.561872
-2.476668
-2.398745
-2.328130
-2.263916
-2.204237
-2.146176
-2.085872
-2.019059
-1.942003
-1.852414
-1.749801
-1.635096
-1.509852
-1.375502
-1.232940
-1.082460
-0.924005
-0.757653
-0.584303
-0.406401
-0.228392
-0.056419
 0.102949
 0.244552
 0.366041
 0.468098
 0.553564
 0.626177
 0.689565
 0.723762
 0.723762
 0.723762
 0.723762
 0.723762
 0.723762
 0.723762
 0.723762
 0.723762
 0.723762
 0.723762
 0.723762
 0.723762
 0.723762
 0.723762
 0.723762
 0.723762
 0.723762
 0.723762
 0.723762
 0.723762
 0.723762
 0.723762
 0.723762
 0.723762
 0.723762
 0.723762
 0.723762
 0.723762
 0.723762
 0.723762
 0.723762
 0.723762
 0.723762
 0.723762
 0.723762
 0.723762
 0.723762
 0.723762
 0.723762
 0.723762
 0.723762
 0.723762
 0.723762
 0.723762
 0.723762
 0.723762
 0.723762
 0.723762
 0.723762
 0.723762
 0.723762
 0.723762
 0.723762
 0.723762
 0.723762
 0.723762
 0.723762
 0.723762
 0.723762
 0.723762
 0.723762
 0.723762