-1.518842
-1.914966
-2.302361
-2.656789
-2.942412
-3.124606
-3.191229
-3.162239
-3.076024
-2.968291
-2.862147
-2.769914
-2.698684
-2.654084
-2.640189
-2.656200
-2.693992
-2.740910
-2.785766
-2.822232
-2.848082
-2.862949
-2.866780
-2.859690
-2.842957
-2.820056
-2.796024
-2.775048
-2.758541
-2.745240
-2.732474
-2.717412
-2.698202
-2.675345
-2.652907
-2.637917
-2.637004
-2.652785
-2.683467
-2.725132
-2.773770
-2.825693
-2.876789
-2.921704
-2.954316
-2.970279
-2.969907
-2.958130
-2.941487
-2.925362
-2.913193
-2.906752
-2.906204
-2.909459
-2.911536
-2.905514
-2.885437
-2.848644
-2.795259
-2.726127
-2.641723
-2.543192
-2.435489
-2.331248
-2.251384
-2.217823
-2.241524
-2.317467
-2.430819
-2.565597
-2.708068
-2.844943
-2.959902
-3.032778
-3.045410
-2.992759
-2.888503
-2.757244
-2.621409
-2.494622
-2.382417
-2.284948
-2.198236
-2.113960
-2.020226
-1.905623
-1.764476
-1.598002
-1.410597
-1.205689
-0.984312
-0.746476
-0.494641
-0.237879
 0.006998
 0.221434
 0.395105
 0.530051
 0.636032
 0.723762