 -2.808164
 14.497840
 -1.044619
-51.977657
 42.998220
-16.023706
 13.140701
-33.663108
 10.621211
 14.614189
-49.641804
 23.674998
 15.757163
 -0.068196
-33.409301
 -7.065837
 11.510505
 -1.306831
 -2.829752
 44.060774
-70.084528
-15.843294
 71.456214
-49.342346
-12.987756
 41.237501
 -7.898717
-48.601104
 16.958222
 31.195528
-37.737515
  1.917202
-29.027952
 31.500883
-21.168564
 18.392644
 -9.492075
-20.107581
 20.610069
 -8.642650
  7.697371
-25.408988
 16.231865
 -7.794484
-20.013283
  5.518223
-12.459125
 18.237825
-19.574349
 13.627903
 -6.016659
 -6.964696
 -2.798646
 -2.798693
 -2.798736
 -2.798776
  9.737256
-21.523114
 -1.283268
  1.912005
 21.549939
-13.777573
-37.056478
 -3.938214
 48.256321
-36.269928
  2.885217
 -8.299816
  7.504913
 -1.273462
-19.893652
  1.305086
  2.927577
  8.331467
-17.393651
  5.662915
-21.704644
 18.249477
-16.232971
 -0.687389
 -2.654083
 13.956135
-10.978176
 -3.663502
-18.521291
 14.390720
 -2.556150
-15.104011
 -5.663817
  8.047771
 -6.299996
 -9.251085
  4.456287
 -2.837620
 -2.837622
  6.417616
-11.945662
 -1.589127
 23.326181
 -9.622962
-18.529057
 -2.722585
-11.489233
 -3.731864
 13.916208
 -1.302044
  5.776234
-24.500330
-24.902839
 22.785818
 -2.760944
 -2.760944
-10.641097
  2.234436
 16.808887
  6.560761
-20.647513
-27.588212
 15.726354
 11.837103
 -9.418447
-29.664199
  9.440092
 13.560698
 20.750140
-25.458278
  8.943350
-14.275513
-17.716838
 13.978998
  9.155326
-19.776467
-11.968492
 42.191580
-11.290271
-23.588775
 -2.454156
  3.232131
 15.594645
  0.799504
-18.838675
 26.447657
 32.179702
-29.438777
-38.499838
 27.431044
 17.661049
  9.535417
-20.165237
-10.719133
 38.366318
 -1.617633
 -5.259122
 10.748114
-14.618314
  9.485611
 52.872821
-38.599579
 21.836974
-22.091620
 10.210574
 19.343729
-21.585373
 36.856740
-66.593257
 59.424306
  3.518582
 -5.409395
-26.718262
 44.420845
-67.913678
  4.280871
 37.088951
 30.931576
-81.900117
 12.458693
  3.600738
 21.930965
-44.302639
  1.374267
 28.049299
  0.076911
  2.046553
 17.973671
  6.464045
-80.389450
 96.509807
-85.844574
 58.542493
-11.751135
 27.390229
-58.663624
 46.699528
  0.630515
-15.036544
 -0.739878
-15.869594
 14.632362
-16.111054
 15.477823
 -0.498396
-15.965358
 49.664722
-49.378868
-18.310182
 31.551380