   0.000000    0.000000    0.000000    0.000000    0.000000   -0.059870    3.537370
   0.010000   -0.000220   -0.001107   -0.064763   -0.337526  -12.776400  -61.741092
   0.020000   -0.001700   -0.008239   -0.249475   -1.153247  -23.849544  -97.061849
   0.030000   -0.005547   -0.024817   -0.534852   -2.179766  -32.811022 -105.156092
   0.040000   -0.012646   -0.051970   -0.894397   -3.263654  -38.623925 -110.956344
   0.050000   -0.023592   -0.090084   -1.300976   -4.349727  -42.325722 -104.191988
   0.060000   -0.038735   -0.138627   -1.727746   -5.344399  -42.465232  -94.669763
   0.070000   -0.058119   -0.196593   -2.147049   -6.226885  -41.255776  -80.974683
   0.080000   -0.081593   -0.262642   -2.539853   -6.956310  -36.623041  -64.693972
   0.090000   -0.108733   -0.335163   -2.879430   -7.520885  -31.465911  -48.276258
   0.100000   -0.138990   -0.412491   -3.158663   -7.913727  -23.579801  -29.686790
   0.110000   -0.171613   -0.492808   -3.352703   -8.120938  -15.705822  -12.469899
   0.120000   -0.205792   -0.574362   -3.466879   -8.158946   -6.288521    5.765579
   0.130000   -0.240605   -0.655358   -3.480237   -8.012225    2.924799   22.460001
   0.140000   -0.275127   -0.734117   -3.408311   -7.712559   12.183989   38.366146
   0.150000   -0.308433   -0.809051   -3.237492   -7.249244   21.218687   53.054551
   0.160000   -0.339633   -0.878708   -2.989484   -6.661808   28.794705   64.954349
   0.170000   -0.367953   -0.941874   -2.662349   -5.953127   35.967339   75.697120
   0.180000   -0.392701   -0.997512   -2.279403   -5.163311   40.557018   82.105986
   0.190000   -0.413400   -1.044952   -1.854428   -4.317014   44.007888   86.451129
   0.200000   -0.429721   -1.083782   -1.408732   -3.449662   44.523799   86.039096
   0.210000   -0.441617   -1.114054   -0.974312   -2.612907   42.213293   81.074583
   0.220000   -0.449299   -1.136229   -0.569970   -1.836642   37.524460   72.435117
   0.230000   -0.453309   -1.151280   -0.252342   -1.205631   25.525664   53.401439
   0.240000   -0.454764   -1.160969   -0.058284   -0.764534   13.845310   34.335160
   0.250000   -0.454742   -1.167247    0.057864   -0.523782   10.904590   14.893873
   0.260000   -0.453592   -1.171958    0.180936   -0.435090   15.883149    4.855741
   0.270000   -0.450692   -1.176077    0.430376   -0.388019   34.238132    5.193603
   0.280000   -0.444452   -1.179691    0.837070   -0.334804   45.761526    5.203634
   0.290000   -0.433668   -1.182789    1.331300   -0.285887   52.472840    4.563429
   0.300000   -0.417671   -1.185431    1.872782   -0.243472   55.171875    3.930299
   0.310000   -0.396188   -1.187678    2.422336   -0.207045   54.208901    3.367675
   0.320000   -0.369298   -1.189589    2.950441   -0.175862   51.102345    2.881095
   0.330000   -0.337331   -1.191211    3.431967   -0.149205   44.594408    2.460512
   0.340000   -0.300906   -1.192586    3.840740   -0.126456   37.219411    2.098650
   0.350000   -0.260786   -1.193751    4.166205   -0.107064   27.161858    1.787402
   0.360000   -0.217944   -1.194737    4.385256   -0.090560   17.050501    1.520437
   0.370000   -0.173412   -1.195570    4.501332   -0.076528    5.402786    1.291750
   0.380000   -0.128331   -1.196275    4.495742   -0.064615   -5.841213    1.096178
   0.390000   -0.083835   -1.196869    4.384120   -0.054510  -17.195702    0.929225
   0.400000   -0.041052   -1.197370    4.154343   -0.045948  -27.888697    0.786846
   0.410000   -0.001042   -1.197792    3.831890   -0.038702  -37.139435    0.665657
   0.420000    0.035258   -1.198148    3.413794   -0.032575  -45.531486    0.562575
   0.430000    0.067036   -1.198447    2.932370   -0.027399  -50.948125    0.475056
   0.440000    0.093722   -1.198698    2.397588   -0.023030  -55.168475    0.400791
   0.450000    0.114929   -1.198910    1.843636   -0.019345  -55.231077    0.337877
   0.460000    0.130630   -1.199087    1.300158   -0.016240  -53.021298    0.284608
   0.470000    0.141055   -1.199236    0.795705   -0.013626  -46.571814    0.239569
   0.480000    0.146897   -1.199361    0.394746   -0.011426  -33.514890    0.201509
   0.490000    0.149372   -1.199466    0.123805   -0.009576  -19.741642    0.169386
   0.500000    0.149935   -1.199553    0.018206   -0.008021   -4.344867    0.142289
   0.510000    0.150010   -1.199627    0.017941   -0.006716    1.507907    0.119452
   0.520000    0.150249   -1.199688    0.028524   -0.005620    0.664608    0.100220
   0.530000    0.150558   -1.199740    0.032180   -0.004701    0.107730    0.084040
   0.540000    0.150878   -1.199783    0.031370   -0.003931   -0.239841    0.070436
   0.550000    0.151176   -1.199819    0.027878   -0.003285   -0.437463    0.059005
   0.560000    0.151431   -1.199849    0.022966   -0.002745   -0.530358    0.049405
   0.570000    0.151634   -1.199874    0.017503   -0.002292   -0.552546    0.041348
   0.580000    0.151782   -1.199895    0.012064   -0.001913   -0.529227    0.034589
   0.590000    0.151876   -1.199913    0.007007   -0.001597   -0.478726    0.028922
   0.600000    0.151924   -1.199927    0.002535   -0.001332   -0.414064    0.024173
   0.610000    0.151929   -1.199939   -0.001258   -0.001111   -0.344223    0.020196
   0.620000    0.151901   -1.199950   -0.004352   -0.000926   -0.275161    0.016866
   0.630000    0.151845   -1.199958   -0.006777   -0.000772   -0.210610    0.014080
   0.640000    0.151767   -1.199965   -0.008587   -0.000643   -0.152691    0.011750
   0.650000    0.151675   -1.199971   -0.009856   -0.000535   -0.102395    0.009801
   0.660000    0.151572   -1.199976   -0.010661   -0.000446   -0.059948    0.008173
   0.670000    0.151463   -1.199980   -0.011080   -0.000371   -0.025070    0.006813
   0.680000    0.151351   -1.199983   -0.011186   -0.000309    0.002820    0.005678
   0.690000    0.151240   -1.199986   -0.011045   -0.000257    0.024468    0.004730
   0.700000    0.151131   -1.199989   -0.010715   -0.000214    0.040687    0.003939