   0.000000    0.000000    0.000000    0.000000    0.000000   -0.059870    3.537370
   0.010000    0.000000    0.000000   -0.000599    0.035374  -15.429787  -77.109148
   0.020000   -0.000006    0.000354   -0.154897   -0.735718  -28.308567 -117.213658
   0.030000   -0.001555   -0.007003   -0.437982   -1.907854  -38.280930 -123.173353
   0.040000   -0.005935   -0.026082   -0.820792   -3.139588  -44.250620 -126.289429
   0.050000   -0.014143   -0.057478   -1.263298   -4.402482  -47.610731 -115.138296
   0.060000   -0.026776   -0.101503   -1.739405   -5.553865  -46.780940 -101.153139
   0.070000   -0.044170   -0.157041   -2.207214   -6.565397  -44.427476  -83.265544
   0.080000   -0.066242   -0.222695   -2.651489   -7.398052  -38.296863  -63.011965
   0.090000   -0.092757   -0.296676   -3.034458   -8.028172  -31.654213  -43.387229
   0.100000   -0.123101   -0.376958   -3.351000   -8.462044  -22.241123  -21.973846
   0.110000   -0.156611   -0.461578   -3.573411   -8.681782  -12.877699   -2.533327
   0.120000   -0.192345   -0.548396   -3.702188   -8.707116   -2.254184   17.301864
   0.130000   -0.229367   -0.635467   -3.724730   -8.534097    8.209788   35.375181
   0.140000   -0.266615   -0.720808   -3.642632   -8.180345   18.152133   51.751156
   0.150000   -0.303041   -0.802611   -3.461111   -7.662834   28.006993   67.020327
   0.160000   -0.337652   -0.879240   -3.181041   -6.992630   35.664960   78.398280
   0.170000   -0.369462   -0.949166   -2.824391   -6.208648   43.053040   88.833362
   0.180000   -0.397706   -1.011252   -2.393861   -5.320314   47.137505   93.881258
   0.190000   -0.421645   -1.064456   -1.922486   -4.381501   50.028228   96.831464
   0.200000   -0.440870   -1.108271   -1.422204   -3.413187   49.522365   94.374799
   0.210000   -0.455092   -1.142403   -0.926980   -2.469439   45.709965   86.674608
   0.220000   -0.464362   -1.167097   -0.469880   -1.602693   39.546138   75.423862
   0.230000   -0.469060   -1.183124   -0.074419   -0.848454   24.709555   51.851619
   0.240000   -0.469805   -1.191608    0.172677   -0.329938   10.623496   29.206660
   0.250000   -0.468078   -1.194908    0.278912   -0.037871    7.397299    6.521472
   0.260000   -0.465289   -1.195286    0.352885    0.027343   13.684249   -4.310316
   0.270000   -0.461760   -1.195013    0.489727   -0.015760   36.291691   -2.122373
   0.280000   -0.456863   -1.195171    0.852644   -0.036983   50.103104   -0.517372
   0.290000   -0.448336   -1.195540    1.353675   -0.042157   57.445596   -0.085267
   0.300000   -0.434799   -1.195962    1.928131   -0.043010   59.809734    0.124355
   0.310000   -0.415518   -1.196392    2.526228   -0.041766   57.785683    0.241961
   0.320000   -0.390256   -1.196810    3.104085   -0.039347   53.339850    0.308792
   0.330000   -0.359215   -1.197203    3.637484   -0.036259   45.127292    0.339649
   0.340000   -0.322840   -1.197566    4.088757   -0.032862   36.072342    0.346827
   0.350000   -0.281953   -1.197894    4.449480   -0.029394   24.297198    0.337963
   0.360000   -0.237458   -1.198188    4.692452   -0.026014   12.567816    0.319205
   0.370000   -0.190533   -1.198449    4.818130   -0.022822   -0.421219    0.294750
   0.380000   -0.142352   -1.198677    4.813918   -0.019875  -12.960977    0.267482
   0.390000   -0.094213   -1.198876    4.684308   -0.017200  -25.053353    0.239551
   0.400000   -0.047370   -1.199048    4.433775   -0.014804  -36.540327    0.212158
   0.410000   -0.003032   -1.199196    4.068371   -0.012683  -45.803992    0.186280
   0.420000    0.037652   -1.199322    3.610332   -0.010820  -54.351801    0.162291
   0.430000    0.073755   -1.199431    3.066814   -0.009197  -59.014656    0.140529
   0.440000    0.104423   -1.199523    2.476667   -0.007792  -62.612853    0.120991
   0.450000    0.129190   -1.199600    1.850538   -0.006582  -61.211604    0.103693
   0.460000    0.147695   -1.199666    1.238422   -0.005545  -57.377520    0.088481
   0.470000    0.160079   -1.199722    0.664647   -0.004660  -48.938521    0.075230
   0.480000    0.166726   -1.199768    0.175262   -0.003908  -32.666175    0.063745
   0.490000    0.168479   -1.199807   -0.151400   -0.003270  -16.375031    0.053857
   0.500000    0.166965   -1.199840   -0.315150   -0.002732    4.296884    0.045379
   0.510000    0.163813   -1.199867   -0.272181   -0.002278    4.050944    0.038131
   0.520000    0.161091   -1.199890   -0.231672   -0.001897    3.709940    0.031975
   0.530000    0.158775   -1.199909   -0.194572   -0.001577    3.321637    0.026762
   0.540000    0.156829   -1.199925   -0.161356   -0.001309    2.919277    0.022359
   0.550000    0.155215   -1.199938   -0.132163   -0.001086    2.525271    0.018650
   0.560000    0.153894   -1.199949   -0.106911   -0.000899    2.153995    0.015532
   0.570000    0.152824   -1.199958   -0.085371   -0.000744    1.813937    0.012916
   0.580000    0.151971   -1.199965   -0.067231   -0.000615    1.509335    0.010726
   0.590000    0.151298   -1.199972   -0.052138   -0.000508    1.241442    0.008896
   0.600000    0.150777   -1.199977   -0.039723   -0.000419    1.009481    0.007369
   0.610000    0.150380   -1.199981   -0.029629   -0.000345    0.811368    0.006097
   0.620000    0.150084   -1.199984   -0.021515   -0.000284    0.644249    0.005039
   0.630000    0.149868   -1.199987   -0.015072   -0.000234    0.504885    0.004160
   0.640000    0.149718   -1.199989   -0.010024   -0.000192    0.389931    0.003431
   0.650000    0.149617   -1.199991   -0.006124   -0.000158    0.296115    0.002828
   0.660000    0.149556   -1.199993   -0.003163   -0.000129    0.220360    0.002328
   0.670000    0.149525   -1.199994   -0.000960   -0.000106    0.159853    0.001915
   0.680000    0.149515   -1.199995    0.000639   -0.000087    0.112079    0.001574
   0.690000    0.149521   -1.199996    0.001760   -0.000071    0.074826    0.001293
   0.700000    0.149539   -1.199997    0.002508   -0.000058    0.046181    0.001061