  0.000000   0.000000   0.000000   0.000000   0.000000  -0.059870   3.537370
  0.010000  -0.000715   0.002853  -0.207713   0.806074 -37.959900 139.726908
  0.020000  -0.005086   0.018854  -0.701991   2.466875 -58.533504 180.409831
  0.030000  -0.015224   0.052595  -1.341836   4.276105 -67.868897 175.306904
  0.040000  -0.032082   0.103517  -2.032363   5.840071 -69.183876 133.523264
  0.050000  -0.055828   0.167803  -2.712233   6.940334 -66.201946  86.817804
  0.060000  -0.086156   0.240740  -3.341627   7.566647 -59.102691  38.429903
  0.070000  -0.122393   0.317599  -3.892472   7.736496 -51.031844  -2.766139
  0.080000  -0.163705   0.394259  -4.352214   7.542580 -40.395132 -34.517246
  0.090000  -0.209070   0.467539  -4.703866   7.074605 -30.286823 -57.708965
  0.100000  -0.257445   0.535142  -4.951067   6.425507 -18.525945 -70.117645
  0.110000  -0.307687   0.595782  -5.079425   5.692839  -7.780159 -75.875208
  0.120000  -0.358700   0.648905  -5.103715   4.935743   3.628114 -73.567506
  0.130000  -0.409362   0.694700  -5.011097   4.234654  14.091966 -66.877335
  0.140000  -0.458622   0.733839  -4.823803   3.611372  24.001604 -56.174777
  0.150000  -0.505487   0.767381  -4.533563   3.119321  33.216709 -42.929626
  0.160000  -0.549049   0.796624  -4.166195   2.751881  40.617737 -29.629902
  0.170000  -0.588552   0.822917  -3.722814   2.530594  47.357421 -15.423536
  0.180000  -0.623345   0.847637  -3.228900   2.432663  51.336586  -4.130559
  0.190000  -0.653012   0.871939  -2.699674   2.444955  54.063994   6.002282
  0.200000  -0.677295   0.896809  -2.157311   2.538968  53.794143  11.876344
  0.210000  -0.696227   0.922823  -1.634227   2.666413  50.674258  13.386864
  0.220000  -0.710098   0.950165  -1.149310   2.798078  45.181124  11.181808
  0.230000  -0.719532   0.978504  -0.759036   2.847923  32.403645  -1.622413
  0.240000  -0.725722   1.006699  -0.499931   2.768639  19.984248 -14.776343
  0.250000  -0.729822   1.033391  -0.325888   2.546237  16.353027 -28.693618
  0.260000  -0.732248   1.057288  -0.151562   2.224898  20.694599 -33.635854
  0.270000  -0.732442   1.077924   0.143038   1.910682  38.468127 -28.646362
  0.280000  -0.728873   1.095677   0.589356   1.646904  49.465458 -24.427826
  0.290000  -0.720389   1.110979   1.118221   1.418749  55.704427 -21.289273
  0.300000  -0.706368   1.124149   1.689871   1.219819  57.982131 -18.551751
  0.310000  -0.686580   1.135461   2.265620   1.046678  56.645482 -16.124977
  0.320000  -0.661142   1.145159   2.816407   0.896404  53.209193 -13.973684
  0.330000  -0.630415   1.153457   3.317522   0.766354  46.411600 -12.077027
  0.340000  -0.595047   1.160545   3.743172   0.654094  38.783176 -10.411471
  0.350000  -0.555829   1.166591   4.083144   0.557426  28.504692  -8.955271
  0.360000  -0.513753   1.171739   4.314641   0.474364  18.201361  -7.686446
  0.370000  -0.469873   1.176117   4.441374   0.403141   6.387328  -6.584584
  0.380000  -0.425345   1.179836   4.444893   0.342181  -5.000375  -5.630529
  0.390000  -0.381318   1.182990   4.341044   0.290097 -16.478720  -4.806629
  0.400000  -0.338932   1.185663   4.117891   0.245668 -27.278224  -4.096936
  0.410000  -0.299257   1.187926   3.801074   0.207826 -36.620362  -3.486927
  0.420000  -0.263240   1.189839   3.387767   0.175640 -45.090695  -2.963747
  0.430000  -0.231702   1.191455   2.910408   0.148301 -50.574263  -2.515841
  0.440000  -0.205218   1.192818   2.379071   0.125106 -54.851739  -2.133100
  0.450000  -0.184181   1.193968   1.828037   0.105452 -54.963024  -1.806545
  0.460000  -0.168623   1.194937   1.287026   0.088815 -52.794674  -1.528381
  0.470000  -0.158319   1.195753   0.784658   0.074746 -46.380398  -1.291754
  0.480000  -0.152578   1.196440   0.385461   0.062861 -33.353359  -1.090743
  0.490000  -0.150188   1.197017   0.116005   0.052830 -19.605445  -0.920190
  0.500000  -0.149697   1.197501   0.011657   0.044371  -4.230124  -0.775657
  0.510000  -0.149682   1.197909   0.012446   0.037243   1.604502  -0.653307
  0.520000  -0.149493   1.198250   0.023916   0.031242   0.745866  -0.549842
  0.530000  -0.149227   1.198537   0.028318   0.026193   0.176039  -0.462427
  0.540000  -0.148942   1.198777   0.028135   0.021948  -0.182456  -0.388642
  0.550000  -0.148673   1.198978   0.025169   0.018381  -0.389286  -0.326417
  0.560000  -0.148443   1.199146   0.020699   0.015387  -0.489935  -0.273984
  0.570000  -0.148261   1.199287   0.015607   0.012874  -0.518648  -0.229836
  0.580000  -0.148131   1.199405   0.010479   0.010767  -0.500817  -0.192694
  0.590000  -0.148051   1.199504   0.005683   0.009001  -0.454928  -0.161466
  0.600000  -0.148016   1.199586   0.001429   0.007521  -0.394138  -0.135230
  0.610000  -0.148020   1.199655  -0.002182   0.006282  -0.327548  -0.113200
  0.620000  -0.148057   1.199712  -0.005124   0.005245  -0.261214  -0.094715
  0.630000  -0.148120   1.199760  -0.007420   0.004378  -0.198948  -0.079212
  0.640000  -0.148203   1.199800  -0.009124   0.003653  -0.142945  -0.066218
  0.650000  -0.148301   1.199834  -0.010304   0.003046  -0.094254  -0.055332
  0.660000  -0.148408   1.199862  -0.011035   0.002540  -0.053149  -0.046217
  0.670000  -0.148520   1.199885  -0.011391   0.002117  -0.019394  -0.038589
  0.680000  -0.148635   1.199904  -0.011445   0.001764   0.007556  -0.032208
  0.690000  -0.148748   1.199920  -0.011261   0.001470   0.028419  -0.026873
  0.700000  -0.148859   1.199934  -0.010895   0.001224   0.043981  -0.022413