  0.000000   0.000000   0.000000   0.000000   0.000000  -0.059870   3.537370
  0.010000   0.000000   0.000000  -0.000599   0.035374 -30.980694  47.298106
  0.020000  -0.000006   0.000354  -0.310406   0.508355 -49.159506  49.593856
  0.030000  -0.003110   0.005437  -0.802001   1.004293 -58.703976  40.211013
  0.040000  -0.011130   0.015480  -1.389040   1.406403 -61.370900  10.672816
  0.050000  -0.025020   0.029544  -2.002749   1.513132 -60.293746 -13.674170
  0.060000  -0.045048   0.044676  -2.605687   1.376390 -54.902819 -36.178108
  0.070000  -0.071105   0.058439  -3.154715   1.014609 -48.406023 -51.437165
  0.080000  -0.102652   0.068586  -3.638775   0.500237 -38.798297 -59.000491
  0.090000  -0.139040   0.073588  -4.026758  -0.089768 -29.416675 -61.287529
  0.100000  -0.179307   0.072690  -4.320925  -0.702643 -17.974505 -56.106788
  0.110000  -0.222517   0.065664  -4.500670  -1.263711  -7.212262 -47.856823
  0.120000  -0.267523   0.053027  -4.572793  -1.742279   4.280547 -34.975986
  0.130000  -0.313251   0.035604  -4.529987  -2.092039  15.188137 -20.451606
  0.140000  -0.358551   0.014684  -4.378106  -2.296555  25.245391  -4.994907
  0.150000  -0.402332  -0.008282  -4.125652  -2.346504  34.971648  11.303087
  0.160000  -0.443589  -0.031747  -3.775936  -2.233473  42.329163  25.084658
  0.170000  -0.481348  -0.054082  -3.352644  -1.982627  49.303160  38.832400
  0.180000  -0.514874  -0.073908  -2.859612  -1.594303  52.905778  47.735077
  0.190000  -0.543471  -0.089851  -2.330555  -1.116952  55.281960  54.801606
  0.200000  -0.566776  -0.101021  -1.777735  -0.568936  54.254847  56.514949
  0.210000  -0.584553  -0.106710  -1.235186  -0.003786  49.933032  52.890069
  0.220000  -0.596905  -0.106748  -0.735856   0.525114  43.284249  45.518979
  0.230000  -0.604264  -0.101497  -0.303014   0.980304  27.995170  25.566701
  0.240000  -0.607294  -0.091694  -0.023062   1.235971  13.493572   6.246053
  0.250000  -0.607525  -0.079334   0.111874   1.298432   9.890689 -13.425648
  0.260000  -0.606406  -0.066350   0.210781   1.164175  15.839834 -21.554992
  0.270000  -0.604298  -0.054708   0.369179   0.948625  38.147086 -16.965532
  0.280000  -0.600606  -0.045222   0.750650   0.778970  51.693813 -13.243045
  0.290000  -0.593100  -0.037432   1.267588   0.646539  58.804502 -10.956509
  0.300000  -0.580424  -0.030967   1.855633   0.536974  60.966835  -9.132452
  0.310000  -0.561868  -0.025597   2.465301   0.445650  58.768017  -7.616707
  0.320000  -0.537215  -0.021140   3.052982   0.369483  54.171537  -6.344700
  0.330000  -0.506685  -0.017445   3.594697   0.306036  45.829665  -5.279338
  0.340000  -0.470738  -0.014385   4.052994   0.253242  36.664133  -4.387501
  0.350000  -0.430208  -0.011853   4.419635   0.209367  24.794747  -3.642428
  0.360000  -0.386012  -0.009759   4.667582   0.172943  12.985298  -3.020650
  0.370000  -0.339336  -0.008030   4.797435   0.142737  -0.071569  -2.502455
  0.380000  -0.291361  -0.006602   4.796720   0.117712 -12.668642  -2.071196
  0.390000  -0.243394  -0.005425   4.670033   0.097000 -24.809333  -1.712611
  0.400000  -0.196694  -0.004455   4.421940   0.079874 -36.336944  -1.414907
  0.410000  -0.152474  -0.003656   4.058570   0.065725 -45.634718  -1.167909
  0.420000  -0.111889  -0.002999   3.602223   0.054046 -54.211103  -0.963287
  0.430000  -0.075866  -0.002459   3.060112   0.044413 -58.897857  -0.793862
  0.440000  -0.045265  -0.002014   2.471134   0.036474 -62.516008  -0.653773
  0.450000  -0.020554  -0.001650   1.845974   0.029937 -61.131392  -0.538000
  0.460000  -0.002094  -0.001350   1.234660   0.024557 -57.311155  -0.442439
  0.470000   0.010252  -0.001105   0.661548   0.020132 -48.883667  -0.363602
  0.480000   0.016868  -0.000903   0.172711   0.016496 -32.620878  -0.298631
  0.490000   0.018595  -0.000739  -0.153497   0.013510 -16.337659  -0.245116
  0.500000   0.017060  -0.000603  -0.316874   0.011059   4.327690  -0.201074
  0.510000   0.013891  -0.000493  -0.273597   0.009048   4.076319  -0.164866
  0.520000   0.011155  -0.000402  -0.232834   0.007399   3.730824  -0.135100
  0.530000   0.008827  -0.000328  -0.195526   0.006048   3.338813  -0.110646
  0.540000   0.006872  -0.000268  -0.162137   0.004942   2.933393  -0.090572
  0.550000   0.005250  -0.000218  -0.132804   0.004036   2.536865  -0.074102
  0.560000   0.003922  -0.000178  -0.107435   0.003295   2.163512  -0.060599
  0.570000   0.002848  -0.000145  -0.085800   0.002689   1.821743  -0.049534
  0.580000   0.001990  -0.000118  -0.067582   0.002194   1.515735  -0.040472
  0.590000   0.001314  -0.000096  -0.052425   0.001789   1.246686  -0.033054
  0.600000   0.000790  -0.000078  -0.039958   0.001459   1.013776  -0.026985
  0.610000   0.000390  -0.000064  -0.029820   0.001189   0.814883  -0.022022
  0.620000   0.000092  -0.000052  -0.021672   0.000968   0.647125  -0.017966
  0.630000  -0.000125  -0.000042  -0.015200   0.000789   0.507237  -0.014651
  0.640000  -0.000277  -0.000034  -0.010128   0.000642   0.391853  -0.011944
  0.650000  -0.000378  -0.000028  -0.006209   0.000523   0.297685  -0.009734
  0.660000  -0.000440  -0.000023  -0.003233   0.000426   0.221642  -0.007931
  0.670000  -0.000472  -0.000018  -0.001016   0.000346   0.160900  -0.006460
  0.680000  -0.000483  -0.000015   0.000593   0.000282   0.112933  -0.005260
  0.690000  -0.000477  -0.000012   0.001722   0.000229   0.075522  -0.004282
  0.700000  -0.000459  -0.000010   0.002477   0.000186   0.046749  -0.003485