  0.000000   0.000000   0.000000   0.000000   0.000000  -0.059870   3.537370
  0.010000   0.000000   0.000000  -0.000599   0.035374 -41.347965 130.236276
  0.020000  -0.000006   0.000354  -0.414078   1.337736 -63.060132 160.798864
  0.030000  -0.004147   0.013731  -1.044680   2.945725 -72.319340 149.133924
  0.040000  -0.014594   0.043188  -1.767873   4.437064 -72.784420 101.980978
  0.050000  -0.032272   0.087559  -2.495717   5.456874 -68.749090  53.968581
  0.060000  -0.057229   0.142128  -3.183208   5.996560 -60.317405   7.138579
  0.070000  -0.089062   0.202093  -3.786382   6.067946 -51.058388 -30.218245
  0.080000  -0.126925   0.262773  -4.296966   5.765763 -39.132587 -56.326175
  0.090000  -0.169895   0.320430  -4.688292   5.202502 -27.924984 -73.221063
  0.100000  -0.216778   0.372455  -4.967542   4.470291 -15.130093 -78.862083
  0.110000  -0.266453   0.417158  -5.118843   3.681670  -3.435304 -78.072487
  0.120000  -0.317642   0.453975  -5.153196   2.900945   8.637035 -69.827886
  0.130000  -0.369174   0.482985  -5.066825   2.202666  19.840369 -57.669464
  0.140000  -0.419842   0.505011  -4.868422   1.625972  29.974229 -42.825616
  0.150000  -0.468526   0.521271  -4.568679   1.197716  39.614752 -25.841739
  0.160000  -0.514213   0.533248  -4.172532   0.939298  46.771964 -10.457757
  0.170000  -0.555938   0.542641  -3.704812   0.834721  53.469907   5.498426
  0.180000  -0.592986   0.550988  -3.170113   0.889705  56.751293  16.970957
  0.190000  -0.624688   0.559885  -2.602600   1.059414  58.784448  26.781701
  0.200000  -0.650714   0.570479  -2.014756   1.327231  57.409834  31.275049
  0.210000  -0.670861   0.583752  -1.440657   1.639982  52.748410  30.367043
  0.220000  -0.685268   0.600152  -0.913173   1.943652  45.776322  25.582391
  0.230000  -0.694399   0.619588  -0.455410   2.199476  30.185580   8.043422
  0.240000  -0.698954   0.641583  -0.153554   2.279910  15.406956  -9.061019
  0.250000  -0.700489   0.664382   0.000515   2.189300  11.552949 -26.723727
  0.260000  -0.700484   0.686275   0.116045   1.922063  17.276890 -33.051442
  0.270000  -0.699324   0.705496   0.288814   1.591549  39.384015 -26.860970
  0.280000  -0.696435   0.721411   0.682654   1.322939  52.754285 -21.726826
  0.290000  -0.689609   0.734640   1.210197   1.105671  59.710438 -18.204003
  0.300000  -0.677507   0.745697   1.807301   0.923631  61.738236 -15.303656
  0.310000  -0.659434   0.754933   2.424683   0.770594  59.422906 -12.855819
  0.320000  -0.635187   0.762639   3.018912   0.642036  54.725995 -10.780361
  0.330000  -0.604998   0.769060   3.566172   0.534232  46.297914  -9.025329
  0.340000  -0.569336   0.774402   4.029151   0.443979  37.058661  -7.543720
  0.350000  -0.529045   0.778842   4.399738   0.368542  25.126446  -6.296022
  0.360000  -0.485047   0.782527   4.651003   0.305581  13.263619  -5.247220
  0.370000  -0.438537   0.785583   4.783639   0.253109   0.161532  -4.367258
  0.380000  -0.390701   0.788114   4.785254   0.209437 -12.473752  -3.630315
  0.390000  -0.342848   0.790209   4.660517   0.173134 -24.646653  -3.014052
  0.400000  -0.296243   0.791940   4.414050   0.142993 -36.201355  -2.499618
  0.410000  -0.252103   0.793370   4.052036   0.117997 -45.521869  -2.070702
  0.420000  -0.211582   0.794550   3.596818   0.097290 -54.117305  -1.713673
  0.430000  -0.175614   0.795523   3.055645   0.080153 -58.819991  -1.416790
  0.440000  -0.145058   0.796324   2.467445   0.065985 -62.451444  -1.170283
  0.450000  -0.120383   0.796984   1.842930   0.054282 -61.077917  -0.965796
  0.460000  -0.101954   0.797527   1.232151   0.044624 -57.266912  -0.796386
  0.470000  -0.089632   0.797973   0.659482   0.036661 -48.847097  -0.656157
  0.480000  -0.083038   0.798340   0.171011   0.030099 -32.590680  -0.540214
  0.490000  -0.081327   0.798641  -0.154896   0.024697 -16.312745  -0.444431
  0.500000  -0.082876   0.798888  -0.318023   0.020253   4.348228  -0.365377
  0.510000  -0.086057   0.799090  -0.274541   0.016599   4.093235  -0.300197
  0.520000  -0.088802   0.799256  -0.233609   0.013597   3.744747  -0.246482
  0.530000  -0.091138   0.799392  -0.196161   0.011132   3.350263  -0.202252
  0.540000  -0.093100   0.799504  -0.162658   0.009109   2.942804  -0.165859
  0.550000  -0.094726   0.799595  -0.133230   0.007451   2.544594  -0.135938
  0.560000  -0.096059   0.799669  -0.107784   0.006091   2.169856  -0.111353
  0.570000  -0.097137   0.799730  -0.086086   0.004978   1.826947  -0.091168
  0.580000  -0.097997   0.799780  -0.067816   0.004066   1.520002  -0.074604
  0.590000  -0.098676   0.799820  -0.052616   0.003320   1.250182  -0.061021
  0.600000  -0.099202   0.799854  -0.040115   0.002710   1.016639  -0.049888
  0.610000  -0.099603   0.799881  -0.029948   0.002211   0.817227  -0.040769
  0.620000  -0.099902   0.799903  -0.021776   0.001803   0.649042  -0.033302
  0.630000  -0.100120   0.799921  -0.015285   0.001470   0.508805  -0.027192
  0.640000  -0.100273   0.799936  -0.010197   0.001198   0.393134  -0.022195
  0.650000  -0.100375   0.799948  -0.006266   0.000977   0.298732  -0.018109
  0.660000  -0.100438   0.799957  -0.003279   0.000795   0.222497  -0.014770
  0.670000  -0.100470   0.799965  -0.001054   0.000648   0.161598  -0.012043
  0.680000  -0.100481   0.799972   0.000562   0.000527   0.113502  -0.009816
  0.690000  -0.100475   0.799977   0.001697   0.000429   0.075987  -0.007998
  0.700000  -0.100458   0.799981   0.002457   0.000349   0.047128  -0.006515