  0.000000   0.000000   0.000000   0.000000   0.000000  -0.059870   3.537370
  0.010000  -0.000550   0.001533  -0.160063   0.424874 -29.565400  72.570908
  0.020000  -0.003958   0.009823  -0.551152   1.260168 -46.972184  87.919271
  0.030000  -0.011998   0.026791  -1.072841   2.124148 -56.182938  81.819239
  0.040000  -0.025603   0.051688  -1.653041   2.805496 -58.997226  52.030061
  0.050000  -0.045082   0.081841  -2.241814   3.176980 -58.243205  23.147873
  0.060000  -0.070349   0.114285  -2.803667   3.262965 -53.556871  -5.936652
  0.070000  -0.100968   0.146202  -3.310664   3.082036 -47.773155 -28.835654
  0.080000  -0.136335   0.175292  -3.748094   2.709617 -39.137768 -44.576155
  0.090000  -0.175624   0.199971  -4.095721   2.209442 -30.679852 -54.564729
  0.100000  -0.217960   0.219264  -4.353599   1.645763 -20.210564 -56.640693
  0.110000  -0.262329   0.232919  -4.503851   1.088246 -10.422047 -54.740105
  0.120000  -0.307731   0.241149  -4.558103   0.570847   0.322569 -47.123145
  0.130000  -0.353110   0.244681  -4.500811   0.152361  10.369577 -37.098223
  0.140000  -0.397457   0.244520  -4.351972  -0.163272  20.062399 -24.661136
  0.150000  -0.439802   0.241904  -4.101539  -0.336867  29.217368 -10.934900
  0.160000  -0.479244   0.238180  -3.773958  -0.386015  36.676726   1.898182
  0.170000  -0.515019   0.234653  -3.369325  -0.297313  43.560727  14.950016
  0.180000  -0.546464   0.232587  -2.912401  -0.099328  47.743397  24.614956
  0.190000  -0.573141   0.232976  -2.417925   0.190966  50.711959  32.818564
  0.200000  -0.594770   0.236612  -1.907784   0.542758  50.704028  36.597261
  0.210000  -0.611357   0.243864  -1.414256   0.906640  47.853936  35.949437
  0.220000  -0.623165   0.254701  -0.956196   1.253171  42.628902  31.599577
  0.230000  -0.630791   0.268576  -0.590138   1.496738  30.110985  16.718871
  0.240000  -0.635403   0.284143  -0.352715   1.590915  17.937935   1.594158
  0.250000  -0.638129   0.299845  -0.197971   1.522897  14.536881 -14.164454
  0.260000  -0.639362   0.314206  -0.040729   1.338235  19.090782 -20.805322
  0.270000  -0.638525   0.326590   0.238818   1.144448  37.058129 -17.366374
  0.280000  -0.634066   0.337221   0.671927   0.986335  48.230814 -14.550673
  0.290000  -0.624815   0.346390   1.189247   0.850537  54.627231 -12.671706
  0.300000  -0.610136   0.354289   1.750841   0.732056  57.045379 -11.057734
  0.310000  -0.589783   0.361081   2.317859   0.628770  55.833288  -9.627427
  0.320000  -0.563860   0.366910   2.861085   0.538982  52.506910  -8.355424
  0.330000  -0.532720   0.371901   3.355670   0.461167  45.805869  -7.231180
  0.340000  -0.497000   0.376168   3.775695   0.393911  38.261921  -6.241431
  0.350000  -0.457481   0.379810   4.110831   0.335929  28.057081  -5.374380
  0.360000  -0.415150   0.382914   4.338179   0.286056  17.817741  -4.617485
  0.370000  -0.371052   0.385555   4.461360   0.243251   6.059147  -3.959139
  0.380000  -0.326341   0.387799   4.461843   0.206582  -5.280654  -3.388293
  0.390000  -0.282157   0.389704   4.355403   0.175228 -16.717714  -2.894678
  0.400000  -0.239639   0.391319   4.130042   0.148462 -27.481715  -2.469009
  0.410000  -0.199852   0.392686   3.811346   0.125650 -36.793386  -2.102732
  0.420000  -0.163741   0.393843   3.396442   0.106235 -45.237625  -1.788306
  0.430000  -0.132123   0.394821   2.917729   0.089734 -50.698884  -1.518875
  0.440000  -0.105571   0.395646   2.385244   0.075728 -54.957318  -1.288469
  0.450000  -0.084477   0.396342   1.833237   0.063853 -55.052375  -1.091738
  0.460000  -0.068872   0.396929   1.291404   0.053796 -52.870215  -0.924051
  0.470000  -0.058528   0.397424   0.788340   0.045289 -46.444204  -0.781313
  0.480000  -0.052753   0.397839   0.388556   0.038099 -33.407202  -0.659992
  0.490000  -0.050334   0.398189   0.118605   0.032028 -19.650844  -0.556998
  0.500000  -0.049820   0.398483   0.013840   0.026907  -4.268372  -0.469675
  0.510000  -0.049785   0.398730   0.014277   0.022590   1.572304  -0.395721
  0.520000  -0.049579   0.398937   0.025452   0.018954   0.718780  -0.333155
  0.530000  -0.049299   0.399111   0.029605   0.015895   0.153269  -0.280272
  0.540000  -0.049002   0.399257   0.029213   0.013322  -0.201585  -0.235616
  0.550000  -0.048723   0.399379   0.026072   0.011159  -0.405345  -0.197943
  0.560000  -0.048485   0.399481   0.021455   0.009343  -0.503409  -0.166187
  0.570000  -0.048296   0.399567   0.016239   0.007819  -0.529947  -0.139442
  0.580000  -0.048160   0.399638   0.011008   0.006540  -0.510287  -0.116933
  0.590000  -0.048075   0.399698   0.006124   0.005468  -0.462861  -0.098004
  0.600000  -0.048036   0.399748   0.001798   0.004570  -0.400780  -0.082095
  0.610000  -0.048037   0.399790  -0.001874   0.003818  -0.333106  -0.068735
  0.620000  -0.048071   0.399825  -0.004867   0.003188  -0.265863  -0.057521
  0.630000  -0.048132   0.399854  -0.007206   0.002661  -0.202836  -0.048115
  0.640000  -0.048213   0.399878  -0.008945   0.002221  -0.146193  -0.040229
  0.650000  -0.048309   0.399899  -0.010155   0.001853  -0.096968  -0.033621
  0.660000  -0.048415   0.399916  -0.010910   0.001545  -0.055415  -0.028087
  0.670000  -0.048526   0.399930  -0.011288   0.001288  -0.021286  -0.023455
  0.680000  -0.048639   0.399942  -0.011359   0.001073   0.005977  -0.019579
  0.690000  -0.048752   0.399951  -0.011189   0.000894   0.027102  -0.016338
  0.700000  -0.048863   0.399960  -0.010835   0.000745   0.042883  -0.013629