  0.000000   0.000000   0.000000   0.000000   0.000000  -0.059870   3.537370
  0.010000  -0.000632   0.002193  -0.183888   0.615474 -33.762650 106.148908
  0.020000  -0.004522   0.014338  -0.626571   1.863522 -52.752844 134.164551
  0.030000  -0.013611   0.039693  -1.207339   3.200127 -62.025918 128.563071
  0.040000  -0.028842   0.077602  -1.842702   4.322783 -64.090551  92.776663
  0.050000  -0.050455   0.124822  -2.477023   5.058657 -62.222575  54.982839
  0.060000  -0.078252   0.177512  -3.072647   5.414806 -56.329781  16.246625
  0.070000  -0.111680   0.231900  -3.601568   5.409266 -49.402499 -15.800896
  0.080000  -0.150020   0.284775  -4.050154   5.126098 -39.766450 -39.546701
  0.090000  -0.192347   0.333755  -4.399794   4.642023 -30.483337 -56.136847
  0.100000  -0.237702   0.377203  -4.652333   4.035635 -19.368254 -63.379169
  0.110000  -0.285008   0.414351  -4.791638   3.390542  -9.101103 -65.307656
  0.120000  -0.333215   0.445027  -4.830909   2.753295   1.975342 -60.345326
  0.130000  -0.381236   0.469691  -4.755954   2.193507  12.230771 -51.987779
  0.140000  -0.428039   0.489180  -4.587888   1.724050  22.032002 -40.417957
  0.150000  -0.472644   0.504643  -4.317551   1.391227  31.217039 -26.932263
  0.160000  -0.514147   0.517402  -3.970076   1.182933  38.647232 -13.865860
  0.170000  -0.551785   0.528785  -3.546070   1.116641  45.459074  -0.236760
  0.180000  -0.584904   0.540112  -3.070650   1.166667  49.539991  10.242199
  0.190000  -0.613076   0.552458  -2.558799   1.317960  52.387976  19.410423
  0.200000  -0.636033   0.566711  -2.032547   1.540863  52.249086  24.236803
  0.210000  -0.653792   0.583344  -1.524242   1.786526  49.264097  24.668150
  0.220000  -0.666632   0.602433  -1.052753   2.025624  43.905013  21.390693
  0.230000  -0.675161   0.623540  -0.674587   2.172330  31.257315   7.548229
  0.240000  -0.680562   0.645421  -0.426323   2.179777  18.961091  -6.591093
  0.250000  -0.683975   0.666618  -0.261930   2.034567  15.444954 -21.429036
  0.260000  -0.685805   0.685747  -0.096146   1.781566  19.892691 -27.220588
  0.270000  -0.685483   0.702257   0.190928   1.527565  37.763128 -23.006368
  0.280000  -0.681470   0.716449   0.630642   1.316620  48.848136 -19.489250
  0.290000  -0.672602   0.728684   1.153734   1.134643  55.165829 -16.980490
  0.300000  -0.658252   0.739219   1.720356   0.975937  57.513755 -14.804742
  0.310000  -0.638181   0.748271   2.291740   0.837724  56.239385 -12.876202
  0.320000  -0.612501   0.756034   2.838746   0.717693  52.858052 -11.164554
  0.330000  -0.581568   0.762679   3.336596   0.613761  46.108735  -9.654103
  0.340000  -0.546024   0.768357   3.759433   0.524002  38.522549  -8.326451
  0.350000  -0.506655   0.773200   4.096987   0.446678  28.280887  -7.164826
  0.360000  -0.464452   0.777326   4.326410   0.380210  18.009551  -6.151965
  0.370000  -0.420463   0.780836   4.451367   0.323196   6.223237  -5.271862
  0.380000  -0.375843   0.783817   4.453368   0.274381  -5.140514  -4.509411
  0.390000  -0.331737   0.786347   4.348223   0.232662 -16.598217  -3.850654
  0.400000  -0.289285   0.788491   4.123966   0.197065 -27.379970  -3.282973
  0.410000  -0.249554   0.790306   3.806210   0.166738 -36.706874  -2.794830
  0.420000  -0.213491   0.791841   3.392105   0.140938 -45.164160  -2.376027
  0.430000  -0.181912   0.793138   2.914068   0.119017 -50.636574  -2.017358
  0.440000  -0.155395   0.794232   2.382157   0.100417 -54.904529  -1.710785
  0.450000  -0.134329   0.795155   1.830637   0.084652 -55.007699  -1.449142
  0.460000  -0.118747   0.795933   1.289215   0.071305 -52.832445  -1.226216
  0.470000  -0.108423   0.796588   0.786499   0.060017 -46.412301  -1.036533
  0.480000  -0.102666   0.797140   0.387008   0.050480 -33.380281  -0.875367
  0.490000  -0.100261   0.797603   0.117305   0.042429 -19.628145  -0.738594
  0.500000  -0.099759   0.797992   0.012749   0.035639  -4.249248  -0.622666
  0.510000  -0.099733   0.798319   0.013362   0.029916   1.588403  -0.524514
  0.520000  -0.099536   0.798594   0.024684   0.025098   0.732323  -0.441498
  0.530000  -0.099263   0.798824   0.028962   0.021044   0.164654  -0.371349
  0.540000  -0.098972   0.799017   0.028674   0.017635  -0.192021  -0.312129
  0.550000  -0.098698   0.799178   0.025621   0.014770  -0.397315  -0.262180
  0.560000  -0.098464   0.799314   0.021077   0.012365  -0.496672  -0.220085
  0.570000  -0.098279   0.799427   0.015923   0.010346  -0.524298  -0.184639
  0.580000  -0.098146   0.799522   0.010743   0.008653  -0.505552  -0.154813
  0.590000  -0.098063   0.799601   0.005903   0.007234  -0.458894  -0.129735
  0.600000  -0.098026   0.799667   0.001613   0.006045  -0.397459  -0.108662
  0.610000  -0.098028   0.799722  -0.002028   0.005050  -0.330327  -0.090967
  0.620000  -0.098064   0.799769  -0.004995   0.004217  -0.263538  -0.076118
  0.630000  -0.098126   0.799807  -0.007313   0.003520  -0.200892  -0.063663
  0.640000  -0.098208   0.799839  -0.009035   0.002937  -0.144569  -0.053223
  0.650000  -0.098305   0.799866  -0.010229   0.002449  -0.095611  -0.044476
  0.660000  -0.098411   0.799889  -0.010972   0.002042  -0.054282  -0.037152
  0.670000  -0.098523   0.799907  -0.011340   0.001702  -0.020340  -0.031022
  0.680000  -0.098637   0.799923  -0.011402   0.001419   0.006767  -0.025894
  0.690000  -0.098750   0.799936  -0.011225   0.001182   0.027760  -0.021606
  0.700000  -0.098861   0.799947  -0.010865   0.000984   0.043432  -0.018021