0.059881 0.000062 0.059819 0.000000
0.059885 0.000069 0.059816 0.000000
0.059854 0.000040 0.059813 0.000000
0.060032 0.000209 0.059823 0.000000
0.060018 0.000204 0.059814 0.000000
0.059867 0.000052 0.059815 0.000000
0.059888 0.000068 0.059820 0.000000
0.060002 0.000194 0.059809 0.000000
0.059913 0.000095 0.059818 0.000000
0.059862 0.000045 0.059817 0.000000
0.059941 0.000126 0.059815 0.000000
0.059875 0.000058 0.059818 0.000000
0.059988 0.000170 0.059818 0.000000
0.059990 0.000176 0.059813 0.000000
0.059967 0.000149 0.059818 0.000000