0.410300 0.021700 0.388601 0.000000
0.387153 0.008855 0.378298 0.000000
0.396283 0.023061 0.373221 0.000000
0.410642 0.026206 0.384436 0.000000
0.405155 0.020107 0.385048 0.000000
0.397604 0.026730 0.370874 0.000000
0.393011 0.015805 0.377207 0.000000
0.415004 0.045519 0.369485 0.000000
0.424714 0.037319 0.387395 0.000000
0.377871 0.002699 0.375171 0.000000
0.416016 0.042737 0.373279 0.000000
0.416136 0.028419 0.387717 0.000000
0.429157 0.042541 0.386615 0.000000
0.405192 0.026740 0.378452 0.000000
0.422406 0.046342 0.376064 0.000000