0.074943 0.015138 0.059805 0.000000
0.068486 0.009014 0.059472 0.000000
0.072047 0.012009 0.060038 0.000000
0.076665 0.016604 0.060060 0.000000
0.074625 0.015011 0.059614 0.000000
0.085310 0.024438 0.060872 0.000000
0.071240 0.010588 0.060652 0.000000
0.090928 0.030678 0.060251 0.000000
0.074282 0.013543 0.060739 0.000000
0.080691 0.020315 0.060376 0.000000
0.081534 0.021101 0.060433 0.000000
0.117036 0.055715 0.061321 0.000000
0.073004 0.014022 0.058983 0.000000
0.075244 0.014431 0.060813 0.000000
0.096663 0.036053 0.060610 0.000000