-451.504774 -451.504774 -451.504774 -451.504774
-446.528819 -446.528819 -446.528819 -446.528819
-441.552863 -441.552863 -441.552863 -441.552863
-436.576908 -436.576908 -436.576908 -436.576908
-431.600953 -431.600953 -431.600953 -431.600953
-426.624998 -426.624998 -426.624998 -426.624998
-421.649043 -421.649043 -421.649043 -421.649043
-416.673087 -416.673087 -416.673087 -416.673087
-411.697132 -411.697132 -411.697132 -411.697132
-406.721177 -406.721177 -406.721177 -406.721177
-401.745222 -401.745222 -401.745222 -401.745222
-396.769266 -396.769266 -396.769266 -396.769266
-391.793311 -391.793311 -391.793311 -391.793311
-386.817356 -386.817356 -386.817356 -386.817356
-381.841401 -381.841401 -381.841401 -381.841401
-376.865446 -376.865446 -376.865446 -376.865446
-371.889490 -371.889490 -371.889490 -371.889490
-366.913535 -366.913535 -366.913535 -366.913535
-361.937580 -361.937580 -361.937580 -361.937580
-356.961625 -356.961625 -356.961625 -356.961625
-351.985669 -351.985669 -351.985669 -351.985669
-347.009714 -347.009714 -347.009714 -347.009714
-342.033759 -342.033759 -342.033759 -342.033759
-337.057804 -337.057804 -337.057804 -337.057804
-332.081849 -332.081849 -332.081849 -332.081849
-327.105893 -327.105893 -327.105893 -327.105893
-322.129938 -322.129938 -322.129938 -322.129938
-317.153983 -317.153983 -317.153983 -317.153983
-312.178028 -312.178028 -312.178028 -312.178028
-307.202072 -307.202072 -307.202072 -307.202072
-302.226117 -302.226117 -302.226117 -302.226117
-297.250162 -297.250162 -297.250162 -297.250162
-292.274207 -292.274207 -292.274207 -292.274207
-287.298252 -287.298252 -287.298252 -287.298252
-282.322296 -282.322296 -282.322296 -282.322296
-277.346341 -277.346341 -277.346341 -277.346341
-272.370386 -272.370386 -272.370386 -272.370386
-267.394431 -267.394431 -267.394431 -267.394431
-262.418476 -262.418476 -262.418476 -262.418476
-257.442520 -257.442520 -257.442520 -257.442520
-252.466565 -252.466565 -252.466565 -252.466565
-247.490610 -247.490610 -247.490610 -247.490610
-242.514655 -242.514655 -242.514655 -242.514655
-237.538699 -237.538699 -237.538699 -237.538699
-232.562744 -232.562744 -232.562744 -232.562744
-227.586789 -227.586789 -227.586789 -227.586789
-222.610834 -222.610834 -222.610834 -222.610834
-217.634879 -217.634879 -217.634879 -217.634879
-212.658923 -212.658923 -212.658923 -212.658923
-207.682968 -207.682968 -207.682968 -207.682968
-202.707013 -202.707013 -202.707013 -202.707013
-197.731058 -197.731058 -197.731058 -197.731058
-192.755102 -192.755102 -192.755102 -192.755102
-187.779147 -187.779147 -187.779147 -187.779147
-182.803192 -182.803192 -182.803192 -182.803192
-177.827237 -177.827237 -177.827237 -177.827237
-172.851282 -172.851282 -172.851282 -172.851282
-167.875326 -167.875326 -167.875326 -167.875326
-162.899371 -162.899371 -162.899371 -162.899371
-157.923416 -157.923416 -157.923416 -157.923416
-152.947461 -152.947461 -152.947461 -152.947461
-147.971505 -147.971505 -147.971505 -147.971505
-142.995550 -142.995550 -142.995550 -142.995550
-138.019595 -138.019595 -138.019595 -138.019595
-133.043640 -133.043640 -133.043640 -133.043640
-128.067685 -128.067685 -128.067685 -128.067685
-123.091729 -123.091729 -123.091729 -123.091729
-118.115774 -118.115774 -118.115774 -118.115774
-113.139819 -113.139819 -113.139819 -113.139819
-108.163864 -108.163864 -108.163864 -108.163864
-103.187908 -103.187908 -103.187908 -103.187908
 -98.211953  -98.211953  -98.211953  -98.211953
 -93.235998  -93.235998  -93.235998  -93.235998
 -88.260043  -88.260043  -88.260043  -88.260043
 -83.284088  -83.284088  -83.284088  -83.284088
 -78.308132  -78.308132  -78.308132  -78.308132
 -73.332177  -73.332177  -73.332177  -73.332177
 -68.356222  -68.356222  -68.356222  -68.356222
 -63.380267  -63.380267  -63.380267  -63.380267
 -58.404312  -58.404312  -58.404312  -58.404312
 -53.428356  -53.428356  -53.428356  -53.428356
 -48.452401  -48.452401  -48.452401  -48.452401
 -43.476446  -43.476446  -43.476446  -43.476446
 -38.500491  -38.500491  -38.500491  -38.500491
 -33.524535  -33.524535  -33.524535  -33.524535
 -28.548580  -28.548580  -28.548580  -28.548580
 -23.572625  -23.572625  -23.572625  -23.572625
 -18.596670  -18.596670  -18.596670  -18.596670
 -13.620715  -13.620715  -13.620715  -13.620715
  -8.644759   -8.644759   -8.644759   -8.644759
  -3.668804   -3.668804   -3.668804   -3.668804
   1.307151    1.307151    1.307151    1.307151
   6.283106    6.283106    6.283106    6.283106
  11.259062   11.259062   11.259062   11.259062
  16.235017   16.235017   16.235017   16.235017
  21.210972   21.210972   21.210972   21.210972
  26.186927   26.186927   26.186927   26.186927
  31.162882   31.162882   31.162882   31.162882
  36.138838   36.138838   36.138838   36.138838
  41.114793   41.114793   41.114793   41.114793