644.855704 644.855704 644.855704 644.855704
637.749847 637.749847 637.749847 637.749847
630.643990 630.643990 630.643990 630.643990
623.538133 623.538133 623.538133 623.538133
616.432276 616.432276 616.432276 616.432276
609.326419 609.326419 609.326419 609.326419
602.220562 602.220562 602.220562 602.220562
595.114705 595.114705 595.114705 595.114705
588.008848 588.008848 588.008848 588.008848
580.902991 580.902991 580.902991 580.902991
573.797134 573.797134 573.797134 573.797134
566.691277 566.691277 566.691277 566.691277
559.585420 559.585420 559.585420 559.585420
552.479563 552.479563 552.479563 552.479563
545.373706 545.373706 545.373706 545.373706
538.267849 538.267849 538.267849 538.267849
531.161992 531.161992 531.161992 531.161992
524.056135 524.056135 524.056135 524.056135
516.950277 516.950277 516.950277 516.950277
509.844420 509.844420 509.844420 509.844420
502.738563 502.738563 502.738563 502.738563
495.632706 495.632706 495.632706 495.632706
488.526849 488.526849 488.526849 488.526849
481.420992 481.420992 481.420992 481.420992
474.315135 474.315135 474.315135 474.315135
467.209278 467.209278 467.209278 467.209278
460.103421 460.103421 460.103421 460.103421
452.997564 452.997564 452.997564 452.997564
445.891707 445.891707 445.891707 445.891707
438.785850 438.785850 438.785850 438.785850
431.679993 431.679993 431.679993 431.679993
424.574136 424.574136 424.574136 424.574136
417.468279 417.468279 417.468279 417.468279
410.362422 410.362422 410.362422 410.362422
403.256565 403.256565 403.256565 403.256565
396.150708 396.150708 396.150708 396.150708
389.044851 389.044851 389.044851 389.044851
381.938993 381.938993 381.938993 381.938993
374.833136 374.833136 374.833136 374.833136
367.727279 367.727279 367.727279 367.727279
360.621422 360.621422 360.621422 360.621422
353.515565 353.515565 353.515565 353.515565
346.409708 346.409708 346.409708 346.409708
339.303851 339.303851 339.303851 339.303851
332.197994 332.197994 332.197994 332.197994
325.092137 325.092137 325.092137 325.092137
317.986280 317.986280 317.986280 317.986280
310.880423 310.880423 310.880423 310.880423
303.774566 303.774566 303.774566 303.774566
296.668709 296.668709 296.668709 296.668709
289.562852 289.562852 289.562852 289.562852
282.456995 282.456995 282.456995 282.456995
275.351138 275.351138 275.351138 275.351138
268.245281 268.245281 268.245281 268.245281
261.139424 261.139424 261.139424 261.139424
254.033567 254.033567 254.033567 254.033567
246.927710 246.927710 246.927710 246.927710
239.821852 239.821852 239.821852 239.821852
232.715995 232.715995 232.715995 232.715995
225.610138 225.610138 225.610138 225.610138
218.504281 218.504281 218.504281 218.504281
211.398424 211.398424 211.398424 211.398424
204.292567 204.292567 204.292567 204.292567
197.186710 197.186710 197.186710 197.186710
190.080853 190.080853 190.080853 190.080853
182.974996 182.974996 182.974996 182.974996
175.869139 175.869139 175.869139 175.869139
168.763282 168.763282 168.763282 168.763282
161.657425 161.657425 161.657425 161.657425
154.551568 154.551568 154.551568 154.551568
147.445711 147.445711 147.445711 147.445711
140.339854 140.339854 140.339854 140.339854
133.233997 133.233997 133.233997 133.233997
126.128140 126.128140 126.128140 126.128140
119.022283 119.022283 119.022283 119.022283
111.916426 111.916426 111.916426 111.916426
104.810569 104.810569 104.810569 104.810569
 97.704711  97.704711  97.704711  97.704711
 90.598854  90.598854  90.598854  90.598854
 83.492997  83.492997  83.492997  83.492997
 76.387140  76.387140  76.387140  76.387140
 69.281283  69.281283  69.281283  69.281283
 62.175426  62.175426  62.175426  62.175426
 55.069569  55.069569  55.069569  55.069569
 47.963712  47.963712  47.963712  47.963712
 40.857855  40.857855  40.857855  40.857855
 33.751998  33.751998  33.751998  33.751998
 26.646141  26.646141  26.646141  26.646141
 19.540284  19.540284  19.540284  19.540284
 12.434427  12.434427  12.434427  12.434427
  5.328570   5.328570   5.328570   5.328570
 -1.777287  -1.777287  -1.777287  -1.777287
 -8.883144  -8.883144  -8.883144  -8.883144
-15.989001 -15.989001 -15.989001 -15.989001
-23.094858 -23.094858 -23.094858 -23.094858
-30.200715 -30.200715 -30.200715 -30.200715
-37.306572 -37.306572 -37.306572 -37.306572
-44.412430 -44.412430 -44.412430 -44.412430
-51.518287 -51.518287 -51.518287 -51.518287
-58.624144 -58.624144 -58.624144 -58.624144