-64.829805
-61.086896
-57.343986
-53.601077
-49.858167
-46.115257
-42.372348
-38.629438
-34.886528
-31.143619
-27.400709
-23.657800
-19.914890
-16.171980
-12.429071
 -8.686161
 -4.943252
 -1.200342
  2.542568
  6.285477
 10.028387
 13.771296
 17.514206
 21.257116
 25.000025
 28.742935
 32.485844
 36.228754
 39.971664
 43.714573
 47.457483
 51.200393
 54.943302
 58.686212
 62.429121
 66.172031
 69.914941
 73.657850
 77.400760
 81.143669
 84.886579
 88.629489
 92.372398
 96.115308
 99.858217
103.601127
107.344037
111.086946
114.829856
118.572765
122.315675
126.058585
129.801494
133.544404
137.287314
141.030223
144.773133
148.516042
152.258952
156.001862
159.744771
163.487681
167.230590
170.973500
174.716410
178.459319
182.202229
185.945138
189.688048
193.430958
197.173867
200.916777
204.659686
208.402596
212.145506
215.888415
219.631325
223.374235
227.117144
230.860054
234.602963
238.345873
242.088783
245.831692
249.574602
253.317511
257.060421
260.803331
264.546240
268.289150
272.032059
275.774969
279.517879
283.260788
287.003698
290.746607
294.489517
298.232427
301.975336
305.718246