-654.674557
-647.460502
-640.246447
-633.032393
-625.818338
-618.604283
-611.390229
-604.176174
-596.962119
-589.748064
-582.534010
-575.319955
-568.105900
-560.891846
-553.677791
-546.463736
-539.249682
-532.035627
-524.821572
-517.607518
-510.393463
-503.179408
-495.965353
-488.751299
-481.537244
-474.323189
-467.109135
-459.895080
-452.681025
-445.466971
-438.252916
-431.038861
-423.824807
-416.610752
-409.396697
-402.182642
-394.968588
-387.754533
-380.540478
-373.326424
-366.112369
-358.898314
-351.684260
-344.470205
-337.256150
-330.042096
-322.828041
-315.613986
-308.399931
-301.185877
-293.971822
-286.757767
-279.543713
-272.329658
-265.115603
-257.901549
-250.687494
-243.473439
-236.259385
-229.045330
-221.831275
-214.617220
-207.403166
-200.189111
-192.975056
-185.761002
-178.546947
-171.332892
-164.118838
-156.904783
-149.690728
-142.476674
-135.262619
-128.048564
-120.834509
-113.620455
-106.406400
 -99.192345
 -91.978291
 -84.764236
 -77.550181
 -70.336127
 -63.122072
 -55.908017
 -48.693963
 -41.479908
 -34.265853
 -27.051798
 -19.837744
 -12.623689
  -5.409634
   1.804420
   9.018475
  16.232530
  23.446584
  30.660639
  37.874694
  45.088748
  52.302803
  59.516858