 -58.697733
 -59.832112
 -60.966490
 -62.100869
 -63.235247
 -64.369626
 -65.504004
 -66.638383
 -67.772761
 -68.907140
 -70.041518
 -71.175897
 -72.310275
 -73.444654
 -74.579032
 -75.713411
 -76.847789
 -77.982168
 -79.116546
 -80.250925
 -81.385304
 -82.519682
 -83.654061
 -84.788439
 -85.922818
 -87.057196
 -88.191575
 -89.325953
 -90.460332
 -91.594710
 -92.729089
 -93.863467
 -94.997846
 -96.132224
 -97.266603
 -98.400981
 -99.535360
-100.669738
-101.804117
-102.938495
-104.072874
-105.207252
-106.341631
-107.476009
-108.610388
-109.744767
-110.879145
-112.013524
-113.147902
-114.282281
-115.416659
-116.551038
-117.685416
-118.819795
-119.954173
-121.088552
-122.222930
-123.357309
-124.491687
-125.626066
-126.760444
-127.894823
-129.029201
-130.163580
-131.297958
-132.432337
-133.566715
-134.701094
-135.835472
-136.969851
-138.104229
-139.238608
-140.372987
-141.507365
-142.641744
-143.776122
-144.910501
-146.044879
-147.179258
-148.313636
-149.448015
-150.582393
-151.716772
-152.851150
-153.985529
-155.119907
-156.254286
-157.388664
-158.523043
-159.657421
-160.791800
-161.926178
-163.060557
-164.194935
-165.329314
-166.463692
-167.598071
-168.732450
-169.866828
-171.001207