0.606531
0.618782
0.631023
0.643244
0.655435
0.667583
0.679679
0.691713
0.703671
0.715545
0.727322
0.738991
0.750541
0.761961
0.773239
0.784363
0.795323
0.806107
0.816703
0.827102
0.837291
0.847259
0.856997
0.866493
0.875736
0.884717
0.893425
0.901851
0.909985
0.917818
0.925340
0.932543
0.939419
0.945959
0.952157
0.958004
0.963493
0.968618
0.973374
0.977753
0.981752
0.985365
0.988587
0.991415
0.993846
0.995876
0.997503
0.998725
0.999541
0.999949
0.999949
0.999541
0.998725
0.997503
0.995876
0.993846
0.991415
0.988587
0.985365
0.981752
0.977753
0.973374
0.968618
0.963493
0.958004
0.952157
0.945959
0.939419
0.932543
0.925340
0.917818
0.909985
0.901851
0.893425
0.884717
0.875736
0.866493
0.856997
0.847259
0.837291
0.827102
0.816703
0.806107
0.795323
0.784363
0.773239
0.761961
0.750541
0.738991
0.727322
0.715545
0.703671
0.691713
0.679679
0.667583
0.655435
0.643244
0.631023
0.618782
0.606531