0.721689
0.714406
0.707123
0.699840
0.692557
0.685274
0.677991
0.670708
0.663425
0.656142
0.648859
0.641576
0.634293
0.627010
0.619727
0.612444
0.605161
0.597878
0.590595
0.583312
0.576029
0.568745
0.561462
0.554179
0.546896
0.539613
0.532330
0.525047
0.517764
0.510481
0.503198
0.495915
0.488632
0.481349
0.474066
0.466783
0.459500
0.452217
0.444934
0.437651
0.430368
0.423085
0.415802
0.408519
0.401236
0.393952
0.386669
0.379386
0.372103
0.364820
0.357537
0.350254
0.342971
0.335688
0.328405
0.321122
0.313839
0.306556
0.299273
0.291990
0.284707
0.277424
0.270141
0.262858
0.255575
0.248292
0.241009
0.233726
0.226443
0.219160
0.211876
0.204593
0.197310
0.190027
0.182744
0.175461
0.168178
0.160895
0.153612
0.146329
0.139046
0.131763
0.124480
0.117197
0.109914
0.102631
0.095348
0.088065
0.080782
0.073499
0.066216
0.058933
0.051650
0.044367
0.037083
0.029800
0.022517
0.015234
0.007951
0.000668