0.375698 0.002418 0.373280 0.000000
0.383523 0.009017 0.374506 0.000000
0.379695 0.006231 0.373465 0.000000
0.380198 0.008362 0.371836 0.000000
0.380632 0.005024 0.375608 0.000000
0.375977 0.001896 0.374081 0.000000
0.380416 0.007932 0.372484 0.000000
0.377995 0.004117 0.373878 0.000000
0.378664 0.005201 0.373463 0.000000
0.375867 0.002130 0.373736 0.000000
0.379052 0.005494 0.373558 0.000000
0.378953 0.005569 0.373384 0.000000
0.378281 0.004912 0.373369 0.000000
0.378152 0.005223 0.372929 0.000000
0.378212 0.003918 0.374293 0.000000